9	108	0.9444472496964286
9	109	0.9231008969403375
9	112	0.8128932467573772
9	11	0.8099900177068188
9	70	0.73141341078451
9	113	0.718085007170228
9	106	0.715649652949783
9	103	0.7044752546842029
9	3	0.7000864206230739
9	139	0.6505144240031563
9	95	0.6376360634931177
9	6	0.6191712733588135
9	12	0.6020968667281487
9	176	0.5986625314607819
9	156	0.5967535814826178
108	109	0.8921981852038703
108	112	0.8177872030881536
108	11	0.786160903075338
108	103	0.7490907411142549
108	113	0.7488273049063466
108	3	0.7426891947061509
108	70	0.7183125766923326
108	106	0.6951534470436835
108	6	0.6901907798838497
108	12	0.6836845818875034
108	139	0.656603800163058
108	105	0.6332060447348019
108	95	0.6327925195538551
108	0	0.6185974800684084
108	176	0.5947861569298303
108	111	0.5919482970963154
19	121	0.9377304407195793
19	119	0.7446869542345522
19	17	0.6073552038159596
121	119	0.7361810250757821
121	115	0.6249947993242626
12	111	0.9240125529969895
12	113	0.8393589469975042
12	13	0.8689067486292169
12	3	0.8142456603505106
12	1	0.7928279676352815
12	110	0.7922329352277309
12	103	0.7852424895059309
12	102	0.7688463106489329
12	10	0.7634358595985365
12	114	0.7556601210566692
12	112	0.7516033535228257
12	6	0.7447003171762179
12	105	0.7285734070119563
12	2	0.7153714675251152
12	139	0.6975126877081672
12	70	0.6629788295136735
12	104	0.6584260305458055
12	36	0.6483402318175449
12	11	0.6260782918759719
12	32	0.625701169434312
12	141	0.6252141273066965
12	0	0.6099426322186265
12	7	0.6059775410746293
12	109	0.5923573907245037
111	13	0.9003945576167958
111	6	0.7536108311168843
111	110	0.8544467927096285
111	102	0.807499338852785
111	1	0.79126278495432
111	10	0.7684780681231003
111	114	0.7660513890607366
111	105	0.7522943241109723
111	2	0.7386037108493757
111	113	0.7324765570509665
111	3	0.73190596521134
111	104	0.7219663514280004
111	103	0.7085520236728086
111	32	0.6437667578891381
111	112	0.6281048533423844
111	36	0.6033448519220607
111	139	0.5951220923008158
111	141	0.594611646963689
111	7	0.5930061189509556
109	112	0.8474966110424677
109	106	0.7168087490020139
109	11	0.8088520567404266
109	70	0.7470826802293533
109	113	0.7442144135823795
109	103	0.717425642309351
109	3	0.6785328429553759
109	139	0.6707250893808502
109	95	0.6526033785113737
109	176	0.6301410177259832
110	114	0.9041676543523045
110	102	0.9019726181146411
110	10	0.8694691261771998
110	100	0.6513039783029384
110	13	0.8590479474835081
110	104	0.8460818804636564
110	1	0.842027328478536
110	32	0.8288026879677619
110	2	0.8203543239358742
110	141	0.7767006285903469
110	134	0.7472063772420824
110	135	0.7392483739550918
110	7	0.7127149125865614
110	3	0.7026015850280098
110	103	0.6938178093991011
110	36	0.6854858308300219
110	113	0.6710220508364727
110	140	0.6502143704200601
110	30	0.6462369537322744
110	37	0.6415538199286708
110	0	0.6411299699564456
110	6	0.6239943891479243
110	105	0.6219996814690382
114	32	0.8630047925513478
114	102	0.8859123526387234
114	1	0.8335935928407783
114	13	0.8300197835491728
114	141	0.8081941055146941
114	10	0.8051906323366375
114	104	0.8031059113300993
114	2	0.7729842450791697
114	134	0.7581798268871178
114	3	0.7371414176625962
114	103	0.7336608376909134
114	135	0.7306824679861699
114	7	0.7145453377478419
114	140	0.6967107931625787
114	0	0.6884904005476616
114	113	0.686274886996569
114	36	0.6784626896540656
114	37	0.6744216604221952
114	112	0.6239394292713456
114	100	0.6085907259747796
114	30	0.6031476627999401
102	1	0.874689069227601
102	104	0.8575734645541703
102	13	0.8225333404881996
102	32	0.7731854149902493
102	2	0.758897432780018
102	10	0.7479078186791648
102	103	0.7405652568018043
102	3	0.7381443591299945
102	134	0.7262331235623207
102	141	0.7036784994095474
102	135	0.6935636007407373
102	7	0.6508142746581633
102	100	0.6495385076765005
102	36	0.627183638424434
102	113	0.6166986549118596
102	30	0.6073741370606698
102	0	0.6051162357197292
102	140	0.5964766398152512
102	112	0.590119892416505
13	1	0.8817770944752819
13	10	0.8115320095777538
13	2	0.7640192676285121
13	3	0.7405381618118754
13	104	0.7335777131949344
13	32	0.6882167925129961
13	6	0.6783763301395296
13	103	0.6745633759794591
13	105	0.6426293439300379
13	113	0.6421183444176097
13	8	0.6157806872419817
13	7	0.6145810917638499
13	141	0.6076075903497483
13	135	0.5871922940657425
23	25	0.8963238129633933
23	22	0.8055069042989824
23	34	0.7650579678937452
23	33	0.7544693631787572
23	27	0.7039156941325837
23	21	0.6286797202251476
23	18	0.6122233692203705
23	26	0.5972684437064697
23	136	0.595767537662129
25	27	0.8266933294094176
25	34	0.784051070988576
25	33	0.7832020272124862
25	22	0.7577117570215519
25	18	0.6709285861762693
25	138	0.6665116621682361
25	136	0.6508373316891132
25	26	0.626376133207355
25	21	0.6213186523530152
126	128	0.888845505308738
126	123	0.8488714631666877
126	124	0.7296039512689456
126	129	0.6947915378155378
128	129	0.7537058709156353
128	123	0.8012878741372781
128	124	0.6792121492301476
128	132	0.6416891339598122
128	133	0.5992909336927122
128	130	0.5960512901196662
1	10	0.7948619089912051
1	104	0.7943089583083127
1	2	0.7713692788911974
1	3	0.7504131120011568
1	32	0.7179929673685086
1	103	0.6922535105441792
1	141	0.6492667178519621
1	134	0.6402102851839065
1	7	0.6354709982370309
1	113	0.6175407167127842
1	135	0.615227859824503
1	0	0.6141639857200829
1	6	0.5997969658093447
112	113	0.8815321409089668
112	11	0.853553539028773
112	103	0.8401255114221858
112	70	0.8045214400833298
112	3	0.7740286316882281
112	139	0.7352865690487521
112	36	0.6514594178093202
112	176	0.6475686258471989
112	141	0.6436672010531179
112	106	0.6042344648856074
112	0	0.6026575513468463
113	139	0.7749090662984006
113	103	0.8028217120809016
113	70	0.7966590483414219
113	3	0.763477572982676
113	11	0.718946055658159
113	36	0.6923264133890872
113	10	0.6779010176262146
113	141	0.6580916803533711
113	7	0.656199713120922
113	0	0.6480735110163266
113	176	0.6412300809456506
113	6	0.6373333207413484
113	2	0.6299058202408165
113	106	0.6216378100377286
113	105	0.6102502455498765
113	135	0.5869104846880947
10	2	0.8309506642850026
10	7	0.7712477539419846
10	32	0.7720568586269155
10	141	0.7445800292047969
10	104	0.7432849948083194
10	135	0.733970052638593
10	30	0.6968342750896879
10	6	0.6916749948138557
10	134	0.6894989495650675
10	36	0.687510822636394
10	37	0.658341050879174
10	8	0.6527354037232047
10	3	0.6396847694868042
10	0	0.6209071258042828
10	140	0.6149854187403627
10	103	0.6017525159459939
10	105	0.5931292903827534
10	100	0.5896178103188031
10	139	0.5861495451132033
8	107	0.8641488441560801
8	4	0.8143130501761575
8	6	0.6629171745196893
107	4	0.7871899840051358
28	132	0.8634380351578899
28	29	0.7476124460031465
28	133	0.7627257570123043
28	129	0.7122570143806147
28	131	0.6929507153892933
28	125	0.6409002211004985
28	130	0.6051922903176918
132	129	0.7701921796911393
132	133	0.7699072633249859
132	131	0.7653895139460661
132	29	0.7381853192702369
132	125	0.6204460554234758
132	130	0.6093645756202914
3	103	0.8632088298221325
3	0	0.7034209403496747
3	11	0.7375566655029
3	70	0.7158739880472531
3	139	0.6420301833220281
3	2	0.6335054749617903
3	141	0.6146806483863649
3	32	0.609930072665708
3	7	0.5951672984961853
103	11	0.7619718738602599
103	70	0.7223300129053857
103	0	0.679793487089093
103	139	0.6545281563864613
103	141	0.6409768168161967
103	32	0.6140518688590729
103	36	0.6041963694618522
103	7	0.596347781321122
103	2	0.5948830826957164
103	104	0.5890565041144382
32	141	0.816824372492372
32	134	0.7921956955799734
32	140	0.7902135340690539
32	2	0.7725411235868245
32	37	0.7583328439213497
32	36	0.7509587001480432
32	135	0.7335130456305227
32	104	0.7183125766923326
32	30	0.7163952397208396
32	7	0.7078591856502896
32	0	0.6401394640485069
32	166	0.6240798700201475
32	100	0.5896308571817032
104	2	0.7855490122709198
104	134	0.7664642379289894
104	135	0.7088606195648405
104	141	0.6944292763840973
104	7	0.6587488002169868
104	30	0.6274322971493946
104	140	0.6224715550019004
104	100	0.6148983602345088
11	70	0.7463216910757554
11	139	0.6201138189291178
24	39	0.8506776836640555
24	26	0.7145698081215769
24	35	0.697907851952247
24	62	0.694087392873686
24	22	0.6884956603211319
24	44	0.6522645238695488
24	34	0.6490179137314871
24	33	0.6481952945924544
24	138	0.6384542629548524
24	27	0.6347610115063809
24	45	0.6160661808599761
24	143	0.610338101292637
39	143	0.7376706470248607
39	35	0.7160689419851692
39	26	0.6563705000756432
39	44	0.6545510195035669
39	62	0.6394247428220398
39	45	0.5996112628692295
39	138	0.5984379232966824
123	129	0.6485140944788238
123	124	0.6395902312683557
140	141	0.8475247836041858
140	134	0.8262178729723475
140	137	0.7782432189796487
140	143	0.7132213392185028
140	2	0.6879851250110004
140	166	0.6709395831253496
140	135	0.6672279791249539
140	35	0.6648075595812467
140	30	0.6294169638089074
140	36	0.626704154811887
140	37	0.6119982538979603
140	138	0.5872250533644042
140	144	0.5863595629008931
141	36	0.8074645415612468
141	166	0.7217316737785641
141	134	0.815287739051662
141	37	0.7570594157452869
141	135	0.7377344583167159
141	2	0.7368673229493283
141	139	0.7213865400489966
141	7	0.6903007276507434
141	142	0.6594444777082017
141	30	0.6568256032188365
141	143	0.6159544852320964
141	0	0.6000594011333164
95	197	0.8435050188513166
95	98	0.6908343063728356
95	176	0.6864811522237959
95	106	0.6746233175991276
95	96	0.6618620440291346
95	198	0.6403931894230542
95	70	0.6190602681402241
197	176	0.7304866445870895
197	198	0.7134227196011428
197	181	0.6142885309399135
197	98	0.6657384368468546
197	96	0.6253359335330808
70	176	0.8427532737470014
70	156	0.6633317712665644
70	139	0.7323792116791168
176	139	0.7238330419928437
176	98	0.6962473680381244
176	198	0.664271507957222
176	156	0.6288429781977285
176	199	0.599342199264907
88	90	0.8333493326243062
88	85	0.6866133154460627
88	193	0.6771165943170562
88	74	0.5921171663779472
88	94	0.5888344354193656
90	194	0.6815109637402792
90	92	0.6767590359195332
90	85	0.6734665121030722
90	193	0.6588280399111514
90	93	0.6462253060257398
90	65	0.6398678822219286
90	94	0.6274262338242266
90	74	0.5947150670419283
90	91	0.5946245755497235
90	87	0.5877882122162811
2	135	0.7550417205659783
2	134	0.7495643298947783
2	30	0.7394659824063368
2	7	0.7189605488426315
2	36	0.6859732237613122
2	37	0.6470747975029526
2	6	0.6189122226950354
51	155	0.8304547718190469
51	53	0.6693640214793057
51	17	0.6481315073299778
51	152	0.6294048869711681
51	52	0.6258289372338762
51	48	0.6091193341731076
51	154	0.601841813569838
51	21	0.5948636989262523
51	18	0.5888997589734386
155	152	0.7047823885769674
155	157	0.6977539423433918
155	122	0.6030204048712005
155	53	0.6825538849043608
155	154	0.6784141147340452
155	17	0.6693364229653186
155	149	0.6494691303019948
155	52	0.6431280447994654
27	53	0.7466006523541522
27	130	0.718060788604575
27	33	0.7383900383476268
27	34	0.7056570254139201
27	26	0.6906356099959828
27	18	0.6900284177771109
27	21	0.6698218869964421
27	138	0.6516032945305982
27	125	0.59603839550876
27	136	0.5932977957808012
27	22	0.5888540332933926
134	30	0.7450386459189756
134	135	0.7513204052711858
134	7	0.661029559993055
134	36	0.6565013911996533
134	166	0.6312551239244403
134	37	0.6248363343872827
134	100	0.6182207622966005
134	137	0.5934792050028926
170	175	0.8247204582776189
170	174	0.7763035842045237
170	183	0.7193516285493476
170	169	0.6629171745196893
170	187	0.6028103621718821
175	183	0.7898752872883983
175	169	0.7457274718992141
175	165	0.7123998649543616
175	187	0.6912836025739107
175	174	0.7821560124255267
175	172	0.6742744416536732
175	196	0.6542136671141529
175	145	0.626953060022029
175	180	0.6220180746177043
175	182	0.5863726863962495
83	87	0.8205177662735397
83	190	0.7876459513816276
83	191	0.7187672549729907
83	89	0.6106141216068387
83	93	0.608004850429074
83	193	0.6034148045280311
87	191	0.7982971692997743
87	89	0.7462375083922179
87	190	0.6879693243908543
87	193	0.6743398788359247
87	97	0.6165127156861877
87	50	0.6107144558666192
87	94	0.6080300630199595
87	82	0.6070395481565118
87	93	0.6028421921958451
15	115	0.8191406761779213
15	43	0.7107955752862873
15	116	0.6121733521670538
15	14	0.5805487279668993
15	17	0.710107165763297
15	149	0.6673722038759057
15	18	0.6590939519906129
15	16	0.6458174465963014
15	117	0.6390935881184606
15	152	0.6163453115651507
15	46	0.6030713117265669
115	117	0.723552043242584
115	17	0.7212666180590086
115	120	0.6801859452571947
115	16	0.6311047209497817
115	149	0.6305267323889355
115	152	0.6296161877356232
115	18	0.6208702559702949
195	196	0.819009029629073
195	182	0.6671669458950354
195	93	0.645852420430597
195	194	0.6446150337855774
195	183	0.6136405616270202
195	193	0.611891914952184
196	194	0.781417274731799
196	182	0.717265455243044
196	183	0.7167358133778237
196	174	0.6709230875910555
196	191	0.6352921111560121
196	193	0.6148610448574489
196	93	0.5949089266454544
81	92	0.8184155517784406
81	63	0.7212234355540655
81	183	0.6874897289015681
81	93	0.7763035842045237
81	65	0.7152689209519305
81	60	0.6577513968274008
81	80	0.624439946741896
81	182	0.6193500630613132
81	66	0.6016504430937211
81	96	0.6014845327907332
92	65	0.8007503218250772
92	93	0.7881389443207019
92	66	0.694962196037883
92	60	0.6652871918222035
92	194	0.6526837464043281
92	91	0.623585095321595
92	63	0.6146619830111582
150	157	0.817886545939919
150	146	0.8100931674900005
150	149	0.654379516942699
150	20	0.605756017173297
157	53	0.6313573708356427
7	135	0.8148849781226681
7	30	0.7082331885540888
7	36	0.6831996367041132
7	37	0.6700423633686035
7	0	0.6035801101390205
7	78	0.5902958391766099
135	30	0.701369050159393
135	36	0.6627153316634727
135	166	0.6036818108847282
35	62	0.8100931674900005
35	44	0.7252439199714856
35	137	0.6898345397972871
35	45	0.6525115115068658
35	42	0.6340021104869975
35	138	0.6255611947421339
35	61	0.6218279789788842
62	44	0.6926282889369638
62	137	0.6393774495230388
62	138	0.6385608784090053
62	45	0.6357213255868558
62	61	0.6321985697684626
62	34	0.611735493956153
62	33	0.6028358263445561
62	42	0.5948572375160189
36	37	0.8098524066602424
36	139	0.7591009144914809
36	30	0.6514997080158202
36	166	0.620851820023153
36	142	0.6155198778637461
37	30	0.6603759327804685
98	198	0.8090594110943309
98	199	0.7117689073129626
98	96	0.7226646112141735
98	97	0.6695240564335008
98	71	0.6558522388951381
98	38	0.6340559311349867
98	177	0.6007245116871637
198	96	0.7811835329442752
198	97	0.6890317768392661
198	199	0.6766343571572324
198	177	0.6716702180135674
198	71	0.5885338479787731
22	34	0.7478681589591804
22	33	0.707659554987461
22	26	0.6432804797495589
65	60	0.6919565459047269
65	63	0.623114290298408
65	91	0.5935180705648858
136	138	0.7996352808432042
136	33	0.75835833863918
136	44	0.6538760541975672
136	18	0.618949238180067
136	34	0.6118856590310604
136	144	0.5954126378345392
136	120	0.5953287184465538
138	144	0.6534465090468305
138	34	0.7312226894885552
138	33	0.6922795488967574
138	137	0.6411064112578256
138	127	0.6198737319254819
138	44	0.6025365447560477
138	130	0.6006989458704144
191	89	0.7220525178551358
191	179	0.6761623950718536
191	194	0.6458465916464416
191	193	0.6365666808185652
191	190	0.6353696372642065
191	82	0.6078535491294721
191	177	0.5945793241532752
174	183	0.7913749292918073
174	173	0.6872892805532589
174	165	0.6158924214022415
174	145	0.5880695782415367
183	182	0.7414535390335274
183	167	0.6407882505548231
183	187	0.6496541126023979
183	60	0.6453158570855609
183	194	0.6256524871538455
183	169	0.5937835778237968
183	165	0.5908689060667422
93	64	0.6009992666241137
93	60	0.6131727624734864
93	194	0.5974356680400686
93	41	0.5919223125925271
190	193	0.6993361268805544
190	55	0.4709652588499677
190	194	0.6331281618105302
68	69	0.7862372812721045
68	84	0.6890527856686449
68	42	0.6866186010313216
68	61	0.6774954738556269
69	86	0.6998313918714136
69	91	0.6315377530256312
69	84	0.6765855592505092
69	76	0.6232488521376778
69	80	0.6184122445508022
6	105	0.7852424895059309
6	30	0.5874674123877864
6	106	0.5861758016460096
34	33	0.7770574415910063
34	26	0.5875132522454088
33	18	0.7535503348344569
33	44	0.7169254133816875
33	26	0.5915584003357298
193	194	0.7819618205114095
194	173	0.5932718752566505
96	78	0.6552192361284225
96	97	0.6300023254989374
56	163	0.780637282687772
56	57	0.6132289210988927
56	58	0.5326159395927905
50	173	0.7790699753209684
50	66	0.7458384238463376
50	89	0.6866080297882203
173	179	0.6418479299085386
173	89	0.5926494135876809
137	143	0.6771003485935227
139	142	0.7405742879300488
139	106	0.6569734088070661
139	166	0.6008651017180353
129	127	0.6795728944847996
129	133	0.7314785089373255
129	29	0.7029659733599289
129	131	0.6512118402016831
129	130	0.6208456745548232
133	29	0.7239187226595061
133	131	0.6372739363329528
76	77	0.7665054880243773
76	75	0.6603026190154152
76	86	0.6470050367816667
76	78	0.6231081729744781
76	74	0.5908103242974013
77	78	0.7069049300836455
77	75	0.6858990949396628
77	73	0.6322405906565924
77	74	0.5955481724817966
131	143	0.668612683516055
45	164	0.7550159246773785
45	44	0.7351808998381542
45	67	0.6813020465284593
45	149	0.634211378505089
45	171	0.620003023970044
45	49	0.5936087461118205
164	171	0.7502077058949186
164	149	0.7134521800214328
164	165	0.6305869721944284
18	44	0.7008758757819273
18	149	0.679831136954486
18	17	0.6796482326119739
18	16	0.6300566011576377
18	120	0.6148734836223952
18	26	0.6008075921065354
44	149	0.7521032774550822
44	17	0.6310445464692229
149	152	0.6988350732421389
149	17	0.6885482540724716
149	154	0.6356676952628885
149	52	0.6065151365767341
149	120	0.5957352836493077
149	127	0.5946504317992852
149	143	0.5871988460793672
171	165	0.7046414418666278
171	180	0.6403518948125807
171	67	0.6046977379770039
29	26	0.6646345343462547
29	127	0.6453917144891729
29	130	0.607178460259874
53	130	0.6594388263411259
53	21	0.6190911054049126
89	179	0.695545978467881
89	192	0.6396375027963874
125	130	0.7458650461576798
125	21	0.7133490575153908
130	127	0.6447377561771723
130	144	0.6234750774805952
130	21	0.5985470304445092
169	187	0.6674165706543983
169	165	0.6051352504047787
30	100	0.6105576749694465
119	17	0.643468022009429
74	78	0.7440716132094259
74	73	0.6898502633211148
74	185	0.6839561006412074
74	63	0.669176315153331
78	73	0.6653317808851377
78	185	0.6453100213734565
78	75	0.618492521715033
78	63	0.6105576749694465
152	154	0.742460417564093
152	46	0.6827354436293648
152	17	0.6695681930723918
152	43	0.6065088151445027
154	48	0.6704939705883478
154	17	0.614456618449391
154	46	0.586254563856959
182	147	0.6118043250895641
182	187	0.640746991374946
182	80	0.6259688348669561
182	60	0.6085277604101378
142	38	0.657972611678467
142	166	0.6149978544461002
143	127	0.6519886530435417
143	26	0.6295377154638032
71	177	0.7376387364359912
71	97	0.6406762527410522
177	97	0.7105877099905579
124	20	0.7126115692554613
124	144	0.6130417015748829
16	117	0.7269553762162001
16	118	0.558499628725734
16	17	0.6750535460879988
117	17	0.6417067806717565
117	120	0.6392177989173278
180	189	0.7238616046959708
180	179	0.6956646891071075
180	165	0.6162336778592281
180	168	0.6122608787952419
189	159	0.6001745758606907
189	172	0.6101560977368529
26	127	0.7237521008600417
166	172	0.6890580376950411
166	61	0.6339243587070059
166	167	0.6310204745504027
17	120	0.6437609022078269
17	46	0.609791897359516
17	48	0.5912137612254285
63	185	0.6450064605498962
63	167	0.6287099573651173
63	31	0.6023963972439379
63	64	0.599963403186099
52	156	0.718172179607833
52	178	0.518151863544118
106	5	0.5269982243931446
73	184	0.715053961551023
73	86	0.6396788614150545
73	75	0.6269166428605298
165	145	0.701231842186723
199	38	0.7050188526701966
199	181	0.5969016547439467
199	79	0.5967535814826178
38	61	0.68159128694945
0	101	0.6886534198490897
86	94	0.6932157295551022
86	84	0.6146308725227304
86	82	0.5962704514687893
179	168	0.6411947501473854
179	192	0.640528845649274
41	67	0.6950345728519802
41	60	0.6014717683100459
67	49	0.6425354098682627
67	60	0.6688559130597153
67	64	0.5941330731004274
187	185	0.5884096447888303
79	181	0.6891315584650464
79	31	0.612735761560571
79	80	0.6126982868897014
79	61	0.5936022697868114
101	99	0.6256281441860363
40	144	0.6883957122398222
40	42	0.6055850631123415
85	160	0.4914422100151391
75	186	0.6334935013938217
75	59	0.29223662859950594
46	151	0.6236400949813199
55	158	0.6513615548655465
57	162	0.6510447909485126
80	91	0.6498563489467468
91	82	0.6274262338242266
49	47	0.5815158337944397
167	31	0.6185110453813426
147	148	0.6296101518630592
148	188	0.6028421921958451
151	161	0.43019015906199193
64	54	0.5732834136042297
47	153	0.5941136625777167
58	161	0.5700858362353007
178	72	0.37166192070474047
