9	108	0.9430366924350488
9	109	0.9202106396089338
9	106	0.8635143578134679
9	12	0.8342028197770841
9	3	0.7807544368776421
9	103	0.7638110508256928
9	112	0.7628930057452539
9	5	0.7253481880098958
9	113	0.7017296083842872
9	70	0.6920607707072464
9	11	0.6696729986405974
9	95	0.6355961786181893
9	111	0.598514942411609
9	0	0.591083652585052
9	13	0.5866875579435425
9	6	0.5864186162060208
9	105	0.5827191065613081
9	139	0.5295790810646696
9	114	0.47491674804293743
9	102	0.4681746392566455
9	1	0.4558498980717146
9	36	0.43938628198925495
9	133	0.42351700079627086
9	8	0.41368588624371777
9	131	0.40854211211439856
9	176	0.40425940504827995
9	104	0.3977472900853117
108	12	0.8537976531552436
108	109	0.8774326688687545
108	106	0.8227596173996781
108	112	0.7374791340543154
108	103	0.7225164737157566
108	113	0.7108104180592824
108	3	0.7054611727406034
108	70	0.6861108538029084
108	5	0.6623394231883641
108	6	0.6502028258444829
108	105	0.6289578302104755
108	11	0.606925865198275
108	139	0.6055153991315545
108	95	0.6028676548334857
108	111	0.5782635800199215
108	13	0.569295556976292
108	0	0.5542811282853851
108	114	0.48187233922367056
108	36	0.47418068479573744
108	102	0.4559291145474111
108	176	0.42903224277750973
108	1	0.42717827624835225
108	133	0.4121264109345448
108	131	0.40134403673027813
108	8	0.39320875358666435
109	112	0.8526279388172341
109	106	0.8532546675446109
109	103	0.8519164967176155
109	3	0.8305478520881573
109	11	0.7892350632681202
109	12	0.7854724176883172
109	113	0.7578692858211471
109	70	0.6719226152074206
109	111	0.6581540365265782
109	0	0.6547281680710204
109	5	0.6490179137314871
109	13	0.6458640777730374
109	95	0.615376996524226
109	102	0.5808999903362627
109	114	0.557680271539775
109	1	0.5487702938094068
109	104	0.5339898677953837
109	131	0.5221128264390446
109	36	0.5165113604535851
109	133	0.5029520552042333
109	105	0.49812555620137877
109	139	0.48403458857190496
109	6	0.46694786290581575
109	7	0.4526912245592361
109	32	0.42566467217182047
109	132	0.4220222976309486
109	23	0.4212082795899627
109	28	0.41654964516223436
109	110	0.41573935798204076
109	126	0.38881226302118327
3	103	0.9136368714626961
3	112	0.838054039304712
3	11	0.8042743793109889
3	113	0.7916363924132521
3	13	0.7721376317949524
3	111	0.766670425180218
3	106	0.7655551347882272
3	1	0.7369587147890517
3	0	0.7228174577378922
3	102	0.7065745876308601
3	12	0.6866503130186441
3	70	0.6620305921477995
3	5	0.6415361673280393
3	104	0.6393005875927644
3	114	0.608918023377088
3	95	0.5761697657945155
3	110	0.5612389417440808
3	36	0.5324511657506208
3	131	0.5083557339123344
3	7	0.4932831254288097
3	10	0.4910552859491183
3	32	0.4772831312141168
3	2	0.467487241224141
3	139	0.4598886016389182
3	8	0.4572035050996061
3	105	0.40132725813631687
3	133	0.3948053463503025
103	112	0.8776625789730832
103	11	0.8264715964346372
103	113	0.7924190449792547
103	106	0.7750688231466556
103	13	0.7392982562011765
103	0	0.7387899848989405
103	102	0.7345277155377293
103	1	0.7254571599295946
103	111	0.7147459432002322
103	12	0.6755648660264799
103	104	0.6679873698377387
103	70	0.6614685047210295
103	114	0.6426410843296682
103	95	0.6028803856917986
103	5	0.5937900519959811
103	110	0.5601762513211652
103	7	0.5506056192781897
103	131	0.5298308754825327
103	36	0.5201825550152539
103	2	0.5018605772205236
103	32	0.49862162785338143
103	10	0.4861374880335718
103	139	0.44374143071539185
103	133	0.42623766805616287
103	28	0.4003788302601249
103	132	0.39846257561484355
103	75	0.39767152563496616
103	8	0.3975957557611409
103	101	0.38851513384025826
193	194	0.9135541998701259
193	191	0.7317945103576653
193	158	0.6268255879702032
193	87	0.6993974332132088
193	88	0.6837964066631785
193	80	0.6489484552325245
193	195	0.6440184808671606
193	147	0.6322946120477373
193	182	0.6311588714887236
193	173	0.6249216680597163
193	170	0.6083262191023641
193	90	0.6043360391786213
193	172	0.5894742745179345
193	169	0.570976168555188
193	196	0.5665043073164091
193	183	0.5576251496634831
193	91	0.5545581758180522
193	175	0.537696786277497
193	180	0.5314975516458902
193	189	0.5269259932996709
193	167	0.5199855866264164
193	83	0.5186856701482919
193	159	0.5183347195150944
193	84	0.5107618670884025
193	179	0.5042805942500449
193	82	0.4846086629481746
193	187	0.4842259930355887
193	198	0.4692904533552197
193	148	0.4661655381683988
193	190	0.4656801303283083
193	64	0.4586892404116928
193	89	0.45451004767384545
193	192	0.4540973714563751
193	97	0.44057171681754137
193	86	0.4328024886271556
193	81	0.432583038846741
193	65	0.42280278680279676
193	185	0.4164256644575791
193	54	0.4163843341137638
193	50	0.4083504826425699
193	60	0.39897559967572843
193	168	0.39483066991251337
193	184	0.3940453606490785
193	55	0.39290437123752714
193	4	0.38791213785425294
194	173	0.682900909020991
194	80	0.6771382542551004
194	147	0.643385981772676
194	189	0.6303640469662312
194	87	0.7190185153287842
194	88	0.7134619996010519
194	191	0.6985177254680214
194	90	0.6889897557062035
194	182	0.6227103833845339
194	170	0.5905303476279189
194	172	0.5855190189452463
194	91	0.580084465151579
194	158	0.5670405347896047
194	84	0.566314136752753
194	82	0.5660831342613675
194	195	0.5640614781032788
194	175	0.5540801919872708
194	169	0.5467824637979465
194	180	0.5413264786802999
194	196	0.5308873923396809
194	183	0.5264996749039987
194	86	0.5262683405471624
194	159	0.5221782892004447
194	187	0.5219309531541229
194	167	0.5110796198770403
194	50	0.47605440049805575
194	64	0.47338188768231987
194	83	0.472085094698431
194	148	0.4602512360365624
194	65	0.4586734481832059
194	184	0.45548540926702147
194	179	0.45503354816685077
194	89	0.44027348648810066
194	168	0.4197182689631719
194	81	0.4190672223322291
194	78	0.41450612539524656
194	185	0.41424107115193615
194	190	0.4075585882897197
194	60	0.4074751952915332
194	192	0.4024173061779071
194	97	0.39999249861057906
194	198	0.39259990276914053
194	153	0.3918129609252534
194	54	0.391067799498155
194	94	0.3864755015512576
11	112	0.8845710146353303
11	0	0.7137760782090329
11	102	0.7063892608185652
11	104	0.6893520356701599
11	113	0.6755811740593146
11	106	0.6492262243206148
11	7	0.6419772785132541
11	1	0.6391172498889897
11	13	0.6282440946119998
11	114	0.605534399319444
11	70	0.6012036432735539
11	111	0.5947473817804501
11	110	0.5876245619173663
11	95	0.5827917501333408
11	2	0.5768841155131692
11	12	0.5611156273347713
11	75	0.5275036288775495
11	186	0.5058151421927759
11	131	0.5015238400129809
11	10	0.49229124503900423
11	101	0.4891710106381895
11	5	0.47827865676988296
11	32	0.46521794960762525
11	36	0.46088153886375505
11	132	0.4604324956695602
11	133	0.4590365961243339
11	100	0.45440689689947517
11	28	0.44007998782395347
11	121	0.42933408944183665
11	76	0.42212092029759585
11	20	0.4089835559600056
11	23	0.3968883088575073
112	70	0.7141241735766426
112	113	0.7891973494902516
112	106	0.7345507381439285
112	0	0.703031726399918
112	102	0.7006315825722261
112	12	0.6921441297785519
112	13	0.6762709412745326
112	104	0.662041826308952
112	111	0.6562452628845654
112	95	0.6478414505820873
112	1	0.642652824427508
112	114	0.6219628931123663
112	7	0.5865695018899706
112	131	0.5439299696288983
112	110	0.5422872440437743
112	2	0.5233337832986764
112	36	0.5164233690784393
112	5	0.514705357961749
112	133	0.4745216808068874
112	32	0.47001531960298976
112	75	0.4681668310950182
112	10	0.4640103841398854
112	139	0.4412806307612654
112	101	0.43173727186155525
112	197	0.4272191513112863
112	132	0.42595121282594106
112	100	0.41340403285523947
112	186	0.4109967720003931
112	28	0.40780872649755645
112	121	0.39228688714711246
13	111	0.87341449863666
13	113	0.869347061402283
13	1	0.7862372812721045
13	12	0.7495949990176092
13	114	0.7287704026515935
13	104	0.6974407940410245
13	102	0.6958658942578206
13	0	0.6798849162607448
13	36	0.6444104226201545
13	10	0.6391823135200637
13	110	0.6315978652357681
13	8	0.6180168456830013
13	106	0.5809463673144458
13	70	0.5658248497574692
13	139	0.5586165909076416
13	32	0.5556029226676665
13	2	0.5333175669998683
13	7	0.5162546884580824
13	105	0.500362803948773
13	5	0.4909566272397812
13	131	0.48758712097062684
13	6	0.46018818021099694
13	95	0.41377705713320545
111	8	0.6596704712763924
111	113	0.8684896310836974
111	1	0.7540770878218538
111	12	0.7266156926475311
111	102	0.6423768523381246
111	104	0.6320304490217139
111	105	0.6213554887676761
111	114	0.6077211242742958
111	106	0.6076454377508899
111	110	0.6014015581767816
111	0	0.5765103601669961
111	70	0.5642659938839772
111	36	0.5555890964061838
111	10	0.5545720249690399
111	139	0.5435496222478094
111	131	0.5392872440570619
111	5	0.500610143330444
111	6	0.489475235783656
111	95	0.4487787627996064
111	7	0.419190871958151
111	32	0.40889195126964073
111	132	0.39760417490381644
111	2	0.39418050864781473
113	12	0.8398900018863265
113	139	0.6979591408356028
113	106	0.7178863635895225
113	114	0.6989629582819384
113	1	0.6834608359877329
113	102	0.6784464986731589
113	70	0.6643050312228918
113	36	0.6630853033239218
113	0	0.6601954454852308
113	104	0.6600487433938251
113	105	0.5782835480104733
113	95	0.5666333172740247
113	131	0.5595171426105211
113	5	0.5556029226676665
113	110	0.5448236098686948
113	6	0.540066867452803
113	32	0.5148376598139623
113	8	0.5008274347291262
113	10	0.48530464637547976
113	7	0.46512391568740097
113	2	0.435845093710406
113	133	0.4238698088643495
106	5	0.7700701102878287
106	95	0.662041826308952
106	12	0.7519990168791411
106	0	0.6290847399762644
106	70	0.5982453271098136
106	105	0.5204378020718684
106	139	0.5042209357568216
106	102	0.49816314881156826
106	1	0.4969291348412827
106	114	0.4868626397437547
106	6	0.4634059536437544
106	104	0.43803770439931033
106	36	0.4276931744034382
106	131	0.4235744434277245
106	32	0.3899490955737317
10	110	0.8554959817787986
10	2	0.7871139056427088
10	104	0.7310830648502196
10	7	0.6900336563487899
10	114	0.683535432229534
10	1	0.6831623082410302
10	102	0.6301229297151152
10	0	0.5401518612775548
10	32	0.5147788620176593
10	8	0.5083112380883376
10	36	0.5062094365048612
10	141	0.4329406344025453
10	31	0.4231394359255199
10	100	0.4137853449843819
10	140	0.39530326626518597
110	104	0.8141782485725398
110	114	0.7718952374404182
110	2	0.7752284809675752
110	102	0.7290235056199761
110	7	0.7215112130420156
110	1	0.709804628586183
110	0	0.6258532701503863
110	32	0.5529495898048213
110	36	0.5145436224034166
110	100	0.5032508107764744
110	141	0.4902352775022639
110	75	0.44916998957171383
110	140	0.4412162067746849
110	135	0.4285017395427498
110	101	0.4219236649747642
110	131	0.40489500613904617
110	30	0.39725051327888794
110	31	0.39606235779091975
12	6	0.7287844691550583
12	105	0.7227362668251448
12	139	0.6791475034587139
12	70	0.6785706126840264
12	5	0.6294531924978269
12	36	0.5724906892837582
12	0	0.56485188876686
12	8	0.557618259083135
12	95	0.5473150243797079
12	114	0.5115818276483463
12	1	0.48450918660411885
12	131	0.4667132421381563
12	102	0.45615880147822147
12	104	0.4367599868629314
12	176	0.39933708957888997
12	133	0.38950807754121103
88	90	0.8536078190330736
88	87	0.7687236197482993
88	80	0.6112596802720225
88	74	0.6023135653422351
88	191	0.590725695187019
88	78	0.5895395226794738
88	55	0.5868383710635929
88	84	0.5815092153626021
88	83	0.5804559055787734
88	73	0.5752136981068625
88	82	0.5633997366363868
88	185	0.5546412661158008
88	91	0.5509191166344047
88	81	0.5458564377766466
88	96	0.5429998372973317
88	184	0.5422519468594956
88	173	0.517968960193424
88	190	0.5134988120108097
88	94	0.5028101041872444
88	86	0.49141945514303836
88	187	0.4892622906862471
88	66	0.46257317466858355
88	198	0.45756727244798867
88	64	0.45239699914872916
88	97	0.44141751662991824
88	147	0.4326724505023994
88	158	0.4190012695082231
88	85	0.41762349536285254
88	189	0.41551599950328183
88	50	0.4003788302601249
90	78	0.708342820735526
90	74	0.6740235010084827
90	87	0.65235069808628
90	81	0.651165763950215
90	73	0.6324086370173435
90	84	0.6228878985385473
90	91	0.5962704514687893
90	55	0.5863136282431627
90	185	0.5819657065793904
90	80	0.5804559055787734
90	94	0.5605123982845582
90	86	0.5583275851665738
90	64	0.5417505202885323
90	65	0.5375759252627182
90	66	0.5232175940905486
90	96	0.5105179156148993
90	92	0.5064771384308313
90	184	0.5028773475240276
90	82	0.479211328488605
90	187	0.47481606279656474
90	191	0.4657506101556827
90	190	0.4641437716585374
90	85	0.456182558727537
90	83	0.45541407836932263
90	76	0.43186743933723404
90	147	0.419091953501196
90	158	0.411470377540844
90	97	0.3987485542360031
90	173	0.3985214599026328
19	121	0.8526552390492439
19	120	0.6678655175004012
19	20	0.6378377826385694
19	17	0.6237317473617072
19	28	0.5483438519004966
19	124	0.528606999587475
19	119	0.5078067624072881
19	117	0.49424349640216453
19	16	0.46842446182301956
19	15	0.4676513308053253
19	132	0.4674012766791594
19	21	0.4656409723157746
19	133	0.4608027764132881
19	116	0.45729050686877043
19	126	0.44533817475998494
19	23	0.44210968319502286
19	118	0.43084188377214894
19	115	0.420023041152074
19	14	0.4177390712909433
19	128	0.4160205528912328
121	120	0.7086864455414549
121	20	0.6919669696832412
121	119	0.6444279643372438
121	17	0.636501250122523
121	28	0.5570874536327999
121	124	0.5479940965264968
121	116	0.5280879884022487
121	186	0.5031537284048507
121	14	0.4996728204214447
121	117	0.4853658023530234
121	132	0.4835060718829579
121	15	0.48158052216415775
121	133	0.4803814171774784
121	118	0.4633823956685906
121	16	0.4553982262645947
121	115	0.45332705068143414
121	21	0.4463877546642447
121	75	0.44071676669431886
121	128	0.43418303095349564
121	53	0.4324123202387105
121	126	0.42671217713703247
121	150	0.4168801846274129
121	188	0.4168801846274129
121	136	0.40110911190645715
121	23	0.39762943193014283
121	29	0.3966186811283472
121	187	0.3920330239791192
182	183	0.8443683294903336
182	175	0.7018970695328176
182	169	0.6849394327876837
182	167	0.6803632299935446
182	60	0.6290424404463394
182	196	0.6282804118044476
182	172	0.59933579133722
182	170	0.5569839969530621
182	80	0.5525815311967186
182	191	0.5470067538061114
182	180	0.5373127984518952
182	158	0.5297157810476796
182	147	0.5244293605479954
182	195	0.5213049465698311
182	65	0.5148523585062924
182	198	0.4957383638334336
182	97	0.49549696763559975
182	174	0.46734656736600544
182	199	0.4571164945789486
182	87	0.4502868313781479
182	91	0.43337931550137887
182	187	0.42296702047361057
182	179	0.4187703998064189
182	81	0.41654964516223436
182	171	0.41610324214087163
182	159	0.40845879937673724
182	63	0.3960286318722855
182	189	0.38724930858027035
183	167	0.7652237916612884
183	169	0.7557501920961993
183	175	0.7325321695337231
183	172	0.688947729940545
183	60	0.6196458497444617
183	199	0.6077148174856171
183	196	0.5917338881403466
183	166	0.5800579244552276
183	170	0.5785630271324073
183	195	0.5660219716557924
183	158	0.550222244819764
183	61	0.5322361826898487
183	63	0.5200731349618954
183	65	0.5103774214118875
183	80	0.4816112447803517
183	198	0.47530388312342364
183	174	0.469991946705448
183	147	0.4540179882941474
183	98	0.43345240906343074
183	180	0.42726002462799667
183	97	0.42489468329531593
183	81	0.4232051099436596
183	148	0.39100850325669867
28	132	0.8383217362068952
28	133	0.7038198257997695
28	21	0.6079859401810983
28	131	0.623860031885184
28	29	0.5630105406730297
28	16	0.5224255374379703
28	20	0.4861756706225771
28	27	0.47153314346694497
28	53	0.4709263483474776
28	129	0.47002311042236494
28	128	0.4524447180707077
28	117	0.43487253865206543
28	17	0.43243671050986277
28	120	0.431069881337471
28	119	0.420023041152074
28	75	0.4120350900946277
28	25	0.409349892291549
28	126	0.40193950225434716
28	23	0.40142792565958435
28	186	0.4009412761485355
28	95	0.40000929859620055
132	131	0.6957111307569085
132	133	0.6922014284312363
132	21	0.5381302821605061
132	128	0.4933436567806063
132	29	0.45558843246157094
132	20	0.4394024206413348
132	53	0.433858380549479
132	76	0.407241658742476
132	25	0.40489500613904617
132	104	0.40046279657723943
132	27	0.3909746182327281
132	75	0.38898201482342826
87	191	0.8273569903733742
87	82	0.6880272568094475
87	83	0.683087640603618
87	54	0.4837971826962963
87	91	0.6452108027438868
87	173	0.62504354740684
87	89	0.6202738124312344
87	84	0.6097353604110769
87	80	0.6086977498468172
87	189	0.5908298522460972
87	190	0.5827125021383947
87	159	0.5202336118637108
87	97	0.5133368035379545
87	86	0.504116521812114
87	179	0.5001978656408819
87	55	0.49662785039656543
87	184	0.4936840566036287
87	192	0.4885698161739468
87	81	0.48306153858126333
87	147	0.47732174033334346
87	50	0.47056828575478393
87	78	0.46860397553989264
87	198	0.4659306984258782
87	64	0.4497126312439122
87	168	0.44664395421010633
87	74	0.44237514233515635
87	187	0.433249357312074
87	180	0.4320301233864443
87	96	0.4204676738088836
87	185	0.41966883752391265
87	195	0.4073917954969542
87	66	0.4050287670778835
87	94	0.39831955724045964
87	73	0.39591058274275653
87	170	0.39348769505051834
191	159	0.5975064011598306
191	192	0.5141170531287458
191	83	0.6691707930857865
191	173	0.6664949889687286
191	89	0.6370482065467415
191	179	0.6337089791972783
191	82	0.6030967633123072
191	189	0.5779373381019691
191	190	0.5547312681244161
191	168	0.5519768919947313
191	91	0.5321501702392886
191	180	0.531755805947517
191	80	0.5296366423056403
191	198	0.4914801333109628
191	97	0.48984014873692716
191	147	0.477993243950572
191	84	0.4620856987692076
191	50	0.4615349869610265
191	195	0.4603300492888827
191	170	0.45935225230977006
191	196	0.44534619146338417
191	54	0.43705935753474573
191	158	0.43128154408685315
191	172	0.43128154408685315
191	175	0.4162603327569147
191	55	0.40405860773030317
104	102	0.7917856698647883
104	7	0.7723394555990397
104	2	0.7851657986162295
104	1	0.7363916509831062
104	114	0.7350705982075924
104	0	0.6717305880559661
104	32	0.5655528513148259
104	75	0.5292768045304277
104	100	0.5216835293094341
104	36	0.5131526585781614
104	76	0.5084224725590285
104	131	0.46968024509516065
104	135	0.43851437370453455
104	141	0.43752844645915173
104	186	0.42705564058313294
104	30	0.4214385758270508
104	101	0.41668187417121294
104	116	0.3931580291774421
23	126	0.8140096230512005
23	25	0.7274877741916984
23	22	0.628256200647039
23	128	0.69851260470238
23	124	0.63407386998604
23	20	0.5379100165249423
23	21	0.5372132096671732
23	123	0.5076880115931782
23	133	0.5031985372315887
23	125	0.4911918695221333
23	29	0.46342165859663953
23	16	0.43050793093851863
23	117	0.4224413749579808
23	120	0.42170992662300766
23	53	0.401956271012275
126	128	0.7915243722661831
126	124	0.701932581623216
126	123	0.6083451169338115
126	25	0.592097684114041
126	22	0.5898852095053368
126	29	0.5575079993464793
126	133	0.5371278359278318
126	21	0.4933360906229164
126	125	0.4888590562839045
126	20	0.48225614624303914
126	120	0.46811217191655635
126	129	0.44742810972012487
126	16	0.4231394359255199
126	118	0.42149614139560854
126	117	0.4166074975227714
126	131	0.4089002793093098
68	69	0.80809003359838
68	61	0.7088009124916043
68	37	0.6823829291083577
68	65	0.6487573885741551
68	92	0.6039931472181422
68	62	0.5746848458272587
68	93	0.559152956146703
68	91	0.5157851054687147
68	35	0.507962593568584
68	42	0.49317718406708627
68	63	0.48732791001690384
68	86	0.46219579839890224
68	60	0.46134608953139333
68	81	0.4554695584617885
68	172	0.4337772003371153
68	66	0.4172766864935506
68	67	0.40900853762701406
68	94	0.407800389543132
69	42	0.6068942821901665
69	62	0.604856299164724
69	37	0.5565423875435889
69	86	0.5525537444365002
69	65	0.548462725051594
69	93	0.5252263716832649
69	92	0.5233918706067291
69	67	0.5148670568959193
69	61	0.5016884860883972
69	91	0.4872440292548312
69	94	0.4840575595538476
69	40	0.46029064356964755
69	51	0.441876336965695
69	60	0.41516845336035896
69	35	0.4130723391812811
69	47	0.39576721977734175
69	63	0.39502479729086054
1	102	0.8025015512697492
1	0	0.6816287654934642
1	114	0.6515572590792238
1	2	0.6462602482420965
1	7	0.6046723637374404
1	36	0.5184955935735246
1	32	0.5042433082558327
1	70	0.4585549972343587
1	131	0.44976049546530394
1	8	0.44892249875900847
1	95	0.4232789878987052
1	75	0.41198527523808753
1	76	0.41123775695035436
102	0	0.7583328439213497
102	2	0.7321983479593465
102	114	0.7165704345599035
102	7	0.633397701927114
102	32	0.5420824937317693
102	100	0.5269332167515843
102	70	0.49939514808151003
102	101	0.48738890855931993
102	36	0.4858930755104525
102	75	0.46650202726516327
102	95	0.42902408342915715
102	131	0.42806895657831784
102	76	0.4107058515850074
102	186	0.40135242592625014
102	30	0.39746946058767424
102	141	0.39306502821171857
89	179	0.7995631526253862
89	180	0.6526665259493327
89	173	0.6285103571099041
89	91	0.6028612892892026
89	82	0.5683349994598091
89	50	0.534032757710431
89	83	0.5291256158548326
89	189	0.5143450787128321
89	51	0.5066406860047235
89	168	0.5005726729183518
89	155	0.4794115962224334
89	47	0.46646290755979686
89	159	0.4243864814874144
89	192	0.4039330896275161
89	54	0.40131886873832945
89	171	0.39466183483409173
89	178	0.3876657481334082
179	180	0.7485328545832942
179	173	0.6576152081872381
179	171	0.5646135118295967
179	189	0.5239144374750527
179	168	0.5184297858940631
179	155	0.5067967655916222
179	91	0.5015238400129809
179	50	0.48396567162331827
179	175	0.4829235293037086
179	159	0.48171876461530894
179	164	0.46614205714929374
179	196	0.457962498089486
179	82	0.4401606172357773
179	67	0.4391441681735116
179	51	0.43553722789550914
179	172	0.42757877655758103
179	83	0.41745836344923676
179	47	0.41419136565649406
179	165	0.4068328416230091
179	45	0.39746946058767424
179	145	0.3913642320038965
70	176	0.7930878200496706
70	139	0.6504394296335979
70	0	0.5516917456597035
70	95	0.5458072930464556
70	5	0.4940016266796039
70	98	0.48458570798114237
70	105	0.4394427660305448
70	6	0.42600032550456335
70	114	0.4240010534639511
70	8	0.4016124575963374
176	98	0.6426997818010051
176	71	0.5218290833799106
176	199	0.6134784399968345
176	139	0.5917468850066435
176	198	0.5486444881742204
176	97	0.38623729750839886
128	25	0.7218657956205622
128	124	0.6679818318720084
128	123	0.5714343012344024
128	125	0.5605741194974192
128	20	0.5388119289763474
128	22	0.5327520266691146
128	21	0.5116851800101311
128	27	0.49031124071529525
128	133	0.45789927414525766
128	131	0.4227370855563656
128	29	0.41303916378344113
128	53	0.40395819446506154
128	120	0.39278597706412954
32	114	0.7900632615498875
32	36	0.7160786867510159
32	141	0.6386023333562515
32	2	0.5509748332288131
32	0	0.5465160174530921
32	30	0.5422801847600434
32	7	0.49793756506193276
32	79	0.47572951923221113
32	166	0.4663533626768832
32	35	0.4537480316258436
32	134	0.4297010710239383
32	135	0.4076086208260149
32	139	0.3988999232961824
114	141	0.663824275694739
114	2	0.6913358116626893
114	0	0.6835460876701229
114	36	0.6817572362086096
114	7	0.6458407627869956
114	135	0.4980729234011045
114	139	0.4900301396238492
114	100	0.46645508339974157
114	30	0.44533817475998494
114	131	0.423689318471558
114	101	0.41375219316815903
114	134	0.39573348451099727
2	100	0.5612868906197671
2	7	0.7627675787642711
2	0	0.6250740124829068
2	30	0.5560452007905163
2	135	0.5050035704277197
2	75	0.45819164605172163
2	31	0.454446571716619
2	141	0.4460193395731335
2	134	0.44395021094422693
2	101	0.4418280509673967
2	140	0.43818315506393624
2	76	0.4151353474043813
2	36	0.40346435433430705
2	116	0.3861096670025049
84	86	0.7840895943598267
84	91	0.6804330475817651
84	78	0.6451816166513511
84	80	0.620679718064782
84	65	0.6103255513914029
84	189	0.604151921309747
84	81	0.6028485579703824
84	82	0.5530120689029535
84	64	0.5239507122078899
84	55	0.516012598461546
84	54	0.472590077851736
84	159	0.4571560459004569
84	83	0.45365273291045294
84	172	0.45227769051011935
84	94	0.4456748148165924
84	147	0.441876336965695
84	74	0.44024123954993527
84	187	0.4304183137736272
84	184	0.4141416576904802
84	167	0.4072249755219683
84	47	0.3991269361305299
86	91	0.6843603655036352
86	65	0.6382053982514906
86	80	0.6355484947938606
86	94	0.5884946289193284
86	189	0.5551949187875305
86	78	0.5548627861728018
86	82	0.5325514676789953
86	81	0.5165186925758588
86	172	0.485839600137366
86	47	0.4847616790043122
86	187	0.45230950773012024
86	64	0.45032669256914054
86	60	0.4310535976219367
86	55	0.41806096151947814
86	180	0.41635953508140433
86	63	0.41049800007201104
86	153	0.40631532918970054
86	167	0.39882424148272705
86	175	0.3967197995498208
86	92	0.394619621899329
86	61	0.39407070219711193
86	147	0.3905509660254535
86	76	0.38754678154000577
7	0	0.6570245605170607
7	75	0.5944888100595528
7	135	0.5815555427690109
7	76	0.5557619025892645
7	100	0.5151903448789483
7	186	0.49270783933138207
7	73	0.4884860687246525
7	101	0.47596159053165815
7	31	0.45851550996331175
7	185	0.4514181905310939
7	30	0.4400396704566278
7	74	0.42466520593800433
7	36	0.4242306886654564
7	99	0.4210602033194538
7	116	0.40716658211016404
96	198	0.7710856331757044
96	81	0.6128856326909183
96	97	0.5923768637600977
96	98	0.5646339478309051
96	74	0.5344257871884924
96	78	0.49557241217260073
96	190	0.4810887993482207
96	55	0.4782169544470239
96	85	0.46914228451612655
96	185	0.46819025536056535
96	95	0.41370246338631145
96	83	0.41117128408302334
96	66	0.40052156899801067
198	97	0.6796858962996417
198	199	0.6747649624297718
198	98	0.6329363953711701
198	81	0.5316338648457177
198	177	0.49525549487453496
198	190	0.49431906500361006
198	197	0.4676278914095044
198	195	0.4642300700136716
198	83	0.4343372004016365
198	185	0.4312001409533845
198	80	0.40850045659640016
198	181	0.4076336361764801
5	95	0.5571357275000577
5	0	0.553019010641081
5	105	0.4722249672306131
5	6	0.4264258635367396
5	139	0.4141250878194897
5	8	0.4014111484124795
66	92	0.7658447272865299
66	85	0.5734512260816277
66	65	0.5945728593605641
66	94	0.5850653901874013
66	93	0.5788490198390771
66	91	0.5594347042077776
66	81	0.5299459504052529
66	50	0.5181226021918083
66	74	0.44873883202253245
66	64	0.4456668010412828
66	60	0.44488912542913545
66	55	0.428779270426548
92	93	0.7210458485728864
92	65	0.6939837299466312
92	81	0.5929023741095668
92	94	0.5878667472785756
92	60	0.5704097486015308
92	91	0.5485256489229289
92	61	0.5209188721259249
92	63	0.5176615759153459
92	85	0.49424349640216453
92	64	0.4415382812192736
92	74	0.4199900973728098
92	78	0.39168598107280533
92	37	0.3893893113814798
167	169	0.7006824905438335
167	172	0.6675884471753655
167	63	0.6366023664271986
167	175	0.6077337376216883
167	65	0.5562662218508051
167	147	0.5430844499247718
167	158	0.5297733307040646
167	60	0.5149993287805223
167	61	0.5082667395501305
167	187	0.5005726729183518
167	81	0.4996803236546783
167	166	0.4996803236546783
167	80	0.481396161611268
167	195	0.4780781069586571
167	170	0.4676747695434675
167	181	0.45209471915510413
167	78	0.44090207471558784
167	148	0.4350914521291759
167	185	0.43487253865206543
167	196	0.41247501433819794
167	199	0.41227582717667666
29	133	0.7593635256588408
29	129	0.6920503495252128
29	131	0.47811667810280634
29	117	0.4623766454308703
29	16	0.42350879442801553
29	118	0.42205517296317824
29	119	0.4091750664056848
29	17	0.403665266839349
29	21	0.3895420083508412
29	120	0.38677318411299144
133	131	0.6938178093991011
133	129	0.6241287095269301
133	117	0.4070748143092227
133	21	0.3943578645266456
133	20	0.3884472072499003
0	95	0.5080738811887874
0	36	0.5004002848642601
0	101	0.4902656636813003
0	75	0.46360224462959404
0	100	0.450183183881455
0	186	0.4107058515850074
0	76	0.4001436888036464
0	30	0.3879970869760208
17	120	0.7582308418474635
17	14	0.7161079193738723
17	48	0.6334635661464727
17	119	0.7354932098093441
17	15	0.6583807101457076
17	16	0.635399451588228
17	18	0.6294713058161305
17	117	0.618362836802896
17	115	0.5712793844233791
17	118	0.5700723360385906
17	154	0.5355892268666018
17	49	0.5351540667998401
17	20	0.5104365801873141
17	116	0.4970496150906226
17	136	0.482110321371267
17	43	0.4730481786519908
17	152	0.4460754124947803
17	188	0.44492120780483724
17	52	0.43819123498375734
17	21	0.4350752380795204
17	46	0.4249848201779892
120	119	0.7513160500619783
120	117	0.6616484536386379
120	16	0.6419596422183803
120	14	0.632342625900809
120	118	0.5835836204898017
120	18	0.5738135368452382
120	15	0.5729409269744321
120	20	0.570639079240825
120	136	0.5568115307346398
120	115	0.5507380037830665
120	116	0.5386273858843105
120	124	0.5369072361596725
120	48	0.529953141940038
120	154	0.46599332877797345
120	21	0.46352373369419375
120	188	0.4606137169160242
120	186	0.41925681206772036
120	95	0.40360667137907363
120	152	0.40089931300267856
120	43	0.40024447016731685
75	186	0.7563242582000165
75	76	0.7489370987667557
75	73	0.6437316226703608
75	185	0.613203962475079
75	188	0.5703827626770759
75	184	0.5592766663291361
75	116	0.5411072825542761
75	101	0.5093783885772546
75	77	0.5092821128270523
75	74	0.5087486624667101
75	187	0.504832207106164
75	15	0.49548187783096154
75	14	0.47784664137091803
75	135	0.4722871251687039
75	115	0.45318402998733015
75	78	0.4298804326029381
75	99	0.42872213832823947
75	95	0.4260739898151129
75	119	0.41342890545992755
75	20	0.4112045210633677
186	188	0.6371313828695274
186	76	0.6342293114417067
186	116	0.6115852847813448
186	101	0.5363518538016224
186	73	0.5177054961407136
186	15	0.5119508752353826
186	77	0.5003178243745953
186	20	0.4973582582636871
186	187	0.4922230535781778
186	14	0.4878233854790376
186	135	0.4805967736392711
186	115	0.4749554698275454
186	185	0.4701243844094864
186	43	0.4540973714563751
186	119	0.4453061072323621
186	184	0.4106809116566215
186	30	0.3981512755306602
169	170	0.7334668463807126
169	175	0.7046917863628186
169	172	0.6341336612273745
169	158	0.5925715560502788
169	63	0.5806879332602431
169	65	0.5250090962766046
169	195	0.49643948681928746
169	196	0.4886611667619384
169	60	0.46774508181167684
169	166	0.44674001016268816
169	187	0.40776704104547695
169	174	0.4072082920297056
169	180	0.4019730395005926
169	148	0.39783988371401846
169	64	0.3961888204682166
15	115	0.7547836564873355
15	116	0.7268138845987203
15	14	0.6736795688467627
15	188	0.6068500627585651
15	16	0.6060091796769744
15	18	0.5702748066651507
15	119	0.5429575268483067
15	43	0.5073242172095974
15	118	0.5023093236184175
15	117	0.49661278303134576
15	48	0.45984917560866784
15	148	0.44315498256453867
15	152	0.42014657046510906
15	184	0.41620246015722834
15	20	0.40862541804498576
15	161	0.40613163304446265
15	187	0.4028111200109771
15	77	0.3990260475762708
15	76	0.3927014018247925
115	116	0.679707416797838
115	14	0.6158303499269875
115	16	0.5749526791762581
115	119	0.5511489159296767
115	117	0.532042639227251
115	188	0.5040643093124458
115	118	0.4762554523825197
115	148	0.4480277644458786
115	18	0.42302449569477957
115	43	0.39879901300415055
115	152	0.38847268021606096
195	196	0.7518295131590899
195	181	0.5977185447354613
195	170	0.6303098061840018
195	147	0.5524425851124872
195	175	0.5512254971224989
195	158	0.47725224259192217
195	172	0.4699685731487926
195	190	0.46674452870404987
195	185	0.4546925153377587
195	81	0.4291546246009282
195	93	0.42499301402219253
195	63	0.41659923310641145
195	80	0.4123920244790956
195	199	0.4047194186046382
195	60	0.38764875369629276
196	175	0.7178912099464207
196	174	0.6936881326969612
196	170	0.5916948956956668
196	180	0.5332603187676531
196	173	0.4961229307434188
196	60	0.4793037659528294
196	171	0.47262114360919727
196	147	0.4697737678796994
196	67	0.4655626508205759
196	50	0.45599248252737207
196	145	0.4296113775158947
196	172	0.41254140129642325
196	165	0.4022832078950261
44	149	0.7515946515440385
44	136	0.6747976426413737
44	49	0.6301410177259832
44	33	0.607948117615616
44	137	0.5951672984961853
44	18	0.57657044427173
44	146	0.5450134370932616
44	154	0.5422731253997498
44	164	0.5276984709010596
44	45	0.5106879510817884
44	46	0.4659385274752426
44	41	0.4625888950443065
44	43	0.44836339514131807
44	42	0.4376012147907845
44	138	0.42942380915066525
44	52	0.4225153110423769
44	48	0.41138730491008757
44	145	0.3990680856481893
149	154	0.6922170538222282
149	164	0.6317060480801435
149	52	0.441940714314038
149	146	0.622942976410665
149	49	0.6017971666387828
149	136	0.5787891726783155
149	18	0.5444015716170194
149	155	0.5414183777462728
149	46	0.5178226034024652
149	145	0.5092450802976053
149	137	0.49488559136028276
149	43	0.45967567953756905
149	45	0.45610336536782675
149	14	0.40785874679612905
149	41	0.40214070955369186
149	130	0.3999756983561608
119	14	0.6307556032355307
119	117	0.5483158785261469
119	118	0.5307868426663285
119	20	0.5240377638123234
119	16	0.5166579885075234
119	116	0.5102738819300944
119	18	0.5083853962870691
119	48	0.48942200498033284
119	154	0.47485478936245823
119	136	0.4520708505204374
119	188	0.43695418427429467
119	124	0.43334682764345783
119	52	0.41395108760345384
119	21	0.39831955724045964
119	152	0.38677318411299144
98	199	0.7509674212376721
98	97	0.6369353006613852
98	61	0.5214287365940945
98	71	0.485709716231051
98	177	0.44059589339485883
98	80	0.3994547571840998
199	166	0.504459540848921
199	61	0.47686603531649147
199	97	0.47670377332494196
199	38	0.46684620197510973
199	172	0.4465398819747104
199	181	0.4320789231197576
199	177	0.4126409735176915
172	175	0.7498271036729447
172	148	0.6486357580964605
172	147	0.5509678689231103
172	153	0.548364831125978
172	180	0.5475741370135885
172	65	0.5303701205324556
172	189	0.5261164850237914
172	170	0.5260803240003666
172	91	0.5245380980702766
172	187	0.5108727269413925
172	80	0.5050855127287863
172	60	0.49279870263686565
172	159	0.4855950949702778
172	61	0.47068506233447116
172	63	0.4503984381894361
172	158	0.44520989779520254
172	166	0.4359746909204969
172	47	0.4145392522328582
172	165	0.4124086229985544
172	81	0.40353970108445847
172	192	0.3958431202213326
172	82	0.3863138687139744
175	180	0.6675551863032192
175	174	0.6828528778977146
175	165	0.6342412663536722
175	170	0.6290243109359742
175	171	0.5872709131507972
175	60	0.5815555427690109
175	67	0.5542049186717309
175	65	0.5000628891125074
175	62	0.49962029568929056
175	91	0.4630525152491989
175	164	0.4603773337575815
175	63	0.46014088529485236
175	189	0.44249577996420497
175	158	0.4376173847527987
175	45	0.43594229331277773
175	147	0.43546429737786946
175	166	0.43338743728986934
175	80	0.4208462757450665
175	148	0.416747982064654
175	173	0.41579725755200286
175	159	0.3869517549722689
76	187	0.6575357449585709
76	77	0.6080867868655458
76	73	0.633008316890545
76	188	0.6224715550019004
76	184	0.5536989285104517
76	185	0.553400687997065
76	78	0.5154033409337369
76	74	0.4978397911698263
76	116	0.4820949698304859
76	135	0.4669947791729121
76	20	0.45082082218295316
76	63	0.4476120466481401
76	148	0.4203112519967025
76	55	0.39400312340425675
180	91	0.6707250893808502
180	171	0.6126795485210006
180	173	0.5815423067520495
180	189	0.5796331058100627
180	67	0.5728334389307898
180	168	0.548294897690109
180	47	0.5365156687288251
180	153	0.5186052593914324
180	60	0.5108209944574862
180	174	0.500137879072981
180	165	0.48453214379586573
180	65	0.4696178907149747
180	50	0.46673670717209437
180	164	0.4600384040176341
180	51	0.4540576807763746
180	155	0.4331112569929397
180	45	0.42549270678919326
180	94	0.41867968617933765
180	159	0.4106892250343677
180	82	0.4056388313306309
180	145	0.3860926484845859
67	171	0.7479386614370197
67	62	0.675477878686841
67	45	0.6586242511647508
67	174	0.6424003458136287
67	165	0.642106590586029
67	60	0.5792478415640184
67	164	0.5725310231629046
67	145	0.5261020208427126
67	137	0.4876633431338247
67	146	0.43129782387102206
67	50	0.42700658191735436
67	93	0.42027008420900036
67	51	0.4169049706447715
67	41	0.41105494604238235
67	65	0.40640716494861895
171	165	0.7358373072375777
171	174	0.733827020830878
171	164	0.649203083507296
171	173	0.4916545564650878
171	145	0.4844862287449841
171	45	0.48301553815505965
171	137	0.47199183313598786
171	62	0.4174913920382881
171	146	0.41635953508140433
171	50	0.40146986759874126
171	60	0.40131886873832945
45	164	0.7447582163574993
45	165	0.6636620366408129
45	62	0.5875263486550896
45	145	0.5242408416474763
45	137	0.5082964055438439
45	146	0.4590129172361542
45	43	0.44415091571686466
45	189	0.42157014927819636
45	49	0.42003127692393066
164	165	0.7347670679926851
164	145	0.6049387320339114
164	137	0.6005391316795824
164	146	0.592539112141491
164	189	0.497599063054407
164	174	0.4510996443821695
164	154	0.435196836573516
164	173	0.4110632563465355
164	49	0.4016627788297332
22	123	0.7442054905514354
22	34	0.6996170297470943
22	26	0.6277838398330658
22	25	0.5591117138848104
22	124	0.5482389454195474
22	138	0.5379313357653247
22	33	0.5102738819300944
22	136	0.4089002793093098
22	20	0.40527952211081214
123	124	0.6140954728059104
123	34	0.5707469687559477
123	138	0.566341307669188
123	25	0.4871525127136491
123	26	0.485709716231051
123	136	0.4543354776853789
123	33	0.4291954150410331
123	144	0.41748313499444023
123	125	0.4113789972710577
123	130	0.39094073214888636
123	27	0.3864414755577991
60	65	0.7439644682935856
60	93	0.5904521892206809
60	91	0.5888213697853442
60	63	0.5605741194974192
60	61	0.5435637131707881
60	81	0.5435003016047438
60	62	0.526730931323592
60	64	0.5046906160826161
60	174	0.4551366248499403
60	80	0.43766589294053265
60	158	0.4119520639654836
65	91	0.7258595668158091
65	63	0.651672338709124
65	64	0.6061420408704207
65	81	0.6561142944233288
65	61	0.6188320130460543
65	93	0.5476301475650326
65	80	0.5097189542362468
65	94	0.502653179400027
65	78	0.4576384264148077
65	55	0.45220609755596197
65	158	0.42276172404458506
65	62	0.401578908760054
65	85	0.3937074160994091
83	190	0.743352116436715
83	55	0.5398826763708666
83	81	0.49635659203092286
83	91	0.48784624599481125
83	192	0.47065392352534097
83	82	0.4619677190715339
83	189	0.4546687173716484
83	173	0.4453542080953796
83	159	0.4434362037159612
83	54	0.4178463796917214
83	184	0.41533396664603994
83	147	0.41102170414257677
83	185	0.39150818421153744
83	97	0.3898134167571786
190	55	0.636215627124625
190	81	0.5414749245881313
190	185	0.5060234749732665
190	74	0.4550176891331242
190	158	0.41133745805064403
190	97	0.41113804600937354
190	64	0.4098825095876917
190	192	0.40712487049229934
190	54	0.38679869601208566
39	143	0.7392256975248547
39	24	0.6592522894113748
39	41	0.5378247326826531
39	31	0.48612221447821846
39	26	0.469228069695637
39	127	0.46600115724366836
39	134	0.449042260982033
39	141	0.44504150654324287
39	140	0.4357802883265924
39	137	0.41902600233540765
143	127	0.7311435763806122
143	26	0.597795667108348
143	140	0.5735586008194522
143	141	0.5083334863396167
143	142	0.46193625505707486
143	156	0.46052705067479455
143	138	0.45803361948944077
143	24	0.4506614556986749
143	134	0.43683281566419996
143	41	0.4361042700514961
143	131	0.42874662393314966
143	31	0.4227863619078397
143	137	0.4163926003202073
165	137	0.7309946042286574
165	62	0.6548766888518247
165	174	0.5819855457105045
165	146	0.5294927300578938
165	145	0.4834907472972003
174	50	0.4916166417432165
174	170	0.461889056855202
174	145	0.4549463199094017
174	137	0.45378773636120306
174	173	0.431012887104751
174	62	0.4188693505956941
170	158	0.5217053643565553
170	63	0.4616608953351028
170	80	0.44825153228309367
170	173	0.44533817475998494
170	147	0.44399838415359083
170	148	0.4339476706474195
170	187	0.4241650841732576
170	160	0.42321331888326785
170	159	0.38718980430924815
127	26	0.611435031504518
127	137	0.6008075921065354
127	140	0.5161226495922894
127	138	0.4662359772851347
127	134	0.45495425011178325
127	41	0.43725349215573156
127	156	0.4262867660874779
127	142	0.4208380468263138
127	31	0.39790721944492163
137	41	0.6016121607071506
137	138	0.5606701178947188
137	33	0.5461161403907233
137	62	0.5132336881823625
137	146	0.5058449076322047
137	145	0.4999428895752516
137	140	0.4698361105451713
137	134	0.453716266540375
137	31	0.4170619343561177
137	136	0.3879376232828612
6	105	0.7251965144079295
6	139	0.5325872861719194
6	8	0.44983228695380706
6	36	0.43141177449594303
25	125	0.588396569153157
25	21	0.5561280929072683
25	20	0.5478821343154839
25	27	0.5405978980932038
25	53	0.535753229822335
25	124	0.5050855127287863
50	173	0.726879921699555
50	94	0.48948283988637104
50	91	0.42286027174761026
50	145	0.4050872820376198
173	189	0.5470558067805602
173	168	0.500070388446075
173	82	0.4794886089822365
173	159	0.47923443885143513
173	91	0.4695633267887997
173	80	0.39155898629861224
116	188	0.6729142293418359
116	14	0.5553263390572235
116	135	0.4813884789969285
116	148	0.4502868313781479
116	18	0.4417636656538849
116	43	0.4374314131020105
116	20	0.4359584922578774
116	16	0.43494551552442245
116	150	0.43303001201049224
116	187	0.42165237367251096
116	118	0.4036401549046816
116	161	0.39752840020966196
116	77	0.39442542094516403
116	152	0.39440008778779095
91	94	0.6445858092707627
91	178	0.45398623301081337
91	81	0.6134722035165385
91	80	0.5880041569774146
91	64	0.5536018425356706
91	47	0.5344114992542179
91	93	0.5327377030109359
91	82	0.5281528863944924
91	189	0.4954441520109329
91	55	0.45251629159597695
91	61	0.4442793433834171
91	78	0.4418521942865749
91	97	0.42253995515435205
91	153	0.40749187443490864
91	54	0.40433469399882144
91	51	0.4020065756683699
91	192	0.3940115709863601
105	139	0.554495850836899
105	8	0.4951045355248988
105	95	0.41701236955530707
105	36	0.3945014168200934
78	81	0.7213865400489966
78	74	0.7001017166719224
78	185	0.6565298405619451
78	73	0.607765269648716
78	80	0.5804161199366916
78	55	0.5061053038448354
78	184	0.49530832358262483
78	147	0.4946741373546474
78	77	0.49226093846903174
78	181	0.4856027369072061
78	187	0.4843484675757136
78	63	0.4410390173612452
78	61	0.4116198910486741
78	64	0.39466183483409173
81	61	0.6519081581851423
81	74	0.6450006208455714
81	93	0.592986668292644
81	55	0.5799782949763316
81	80	0.5676169521037192
81	185	0.5473080198787305
81	64	0.5325299756676054
81	63	0.5110870078155033
81	97	0.5065291802492642
81	181	0.49941016002129185
81	85	0.4986892487011506
81	147	0.40726668306368147
81	187	0.4033052710033667
93	94	0.5095412877242146
93	61	0.47835577803372836
93	85	0.43053237051051035
93	64	0.4247225803947658
93	63	0.41977593582903794
34	138	0.7195879865033428
34	33	0.6360548875044985
34	40	0.5452945599333333
34	144	0.5339255277695364
34	140	0.5292696058316851
34	24	0.5159538975585805
34	26	0.5106362053848962
34	136	0.43948310964684484
34	31	0.40759194358581674
138	140	0.6310385286034441
138	144	0.579971658686069
138	136	0.5781903581271233
138	26	0.5313755638649691
138	33	0.5279076838327094
138	40	0.49986037875621975
138	41	0.44331569105092816
138	130	0.4276032915348063
138	31	0.4087003875617783
14	152	0.6977282844764722
14	154	0.5699643233824387
14	18	0.5620877640371305
14	43	0.5527760041246212
14	16	0.5520533727168854
14	48	0.5517682609999328
14	118	0.5439229281887165
14	188	0.5190364460732583
14	46	0.5016959691374846
14	117	0.4919123271365687
14	136	0.4743434506478709
14	187	0.4714787057155669
14	49	0.45636467603503156
14	20	0.43487253865206543
14	148	0.4167975600920687
14	52	0.41048137010764324
14	21	0.4000764958505781
14	161	0.3937496649912141
14	77	0.39052554162928743
36	141	0.6533433555362238
36	139	0.5755882897572119
36	131	0.4785562587898191
36	142	0.4237221374097956
61	37	0.6525804135586915
61	63	0.5769575033747805
61	35	0.5507171028082082
61	166	0.486595556573667
61	62	0.46851812598044806
124	20	0.6482184877054981
124	21	0.4535653666392996
124	125	0.4508925277261536
124	118	0.4007314435970042
124	144	0.3981260309622793
74	185	0.6777983188597694
74	73	0.6332958937159271
74	55	0.553095364693122
74	184	0.5089117026715092
74	187	0.4578834674354076
74	64	0.41381849570320395
74	85	0.4078337369528422
74	80	0.402517868558662
95	197	0.698901579040061
95	101	0.43410187892071944
95	99	0.41360299641620674
95	131	0.3959696089435564
197	101	0.46726840499477723
197	181	0.44785990171916207
197	185	0.4320057225710203
197	99	0.42576292430307733
31	134	0.6981847268797136
31	140	0.5586441081929368
31	141	0.45418468460816486
31	135	0.43720496231958345
31	30	0.4292280461326394
31	24	0.40704978530070324
134	140	0.5873888210030525
134	30	0.5744637905948103
134	141	0.5653895931651247
134	166	0.5075989358209354
134	100	0.5037211069393066
134	135	0.46294252658810675
134	24	0.4224495903561226
139	142	0.607247902396493
139	38	0.48297720242975906
139	141	0.43246922988699876
152	122	0.4079254367193943
152	46	0.5289311810395237
152	154	0.4748780244193235
152	118	0.4248291239063404
152	43	0.41326307644241067
152	136	0.39961442788416957
152	155	0.38623729750839886
38	142	0.6958194719914669
38	35	0.4335904591211618
38	141	0.43293250874329553
38	156	0.4303694281066985
142	156	0.646824771441803
142	141	0.549692109069754
131	129	0.5315334262101278
49	154	0.6945328155986047
49	146	0.629229738655114
49	42	0.592156128829357
49	18	0.5684568461526501
49	43	0.5562247863944804
49	46	0.5417081285282116
49	155	0.5287366906812604
49	48	0.5251104999854762
49	157	0.4963189095890804
49	136	0.4834064567779343
49	145	0.4559528780816446
49	51	0.43529410393900736
49	33	0.41707845540516775
49	47	0.40832548483984166
49	130	0.4071916082656945
49	144	0.4006307090361735
154	146	0.6764608264868265
154	155	0.6489310889173611
154	157	0.6150662453594882
154	46	0.5802304169659843
154	18	0.5848351485783422
154	48	0.5390177045115341
154	136	0.5145877357331083
154	150	0.4872516551502338
154	43	0.4856256622726779
154	145	0.4688458675905288
154	130	0.44997585249223243
154	51	0.4446805621558972
154	118	0.4336229385303844
154	168	0.415582185019382
154	144	0.4149532449944129
154	47	0.41337086842261994
154	42	0.39857192953453824
20	53	0.6038216173344436
20	21	0.5026681260453902
20	40	0.44302639526235077
20	27	0.42731724433755947
20	188	0.4158220706216976
20	144	0.411486991246689
20	125	0.4054132332006457
20	16	0.3941974009491722
82	168	0.6042027188909602
82	189	0.6188258425384732
82	159	0.5431479021584301
82	153	0.5185613951114942
82	47	0.5092895191066287
82	80	0.5061573720196112
82	184	0.4867787091244958
82	16	0.46342165859663953
82	187	0.43175354377961095
82	73	0.3997404665745464
82	151	0.39081364989600303
73	184	0.6879324537406944
73	185	0.6527239248434983
73	187	0.5399039318274693
73	188	0.5175078336409553
73	101	0.42025361660945937
73	58	0.40889195126964073
73	55	0.40654907678944113
73	161	0.4040084023147164
73	99	0.39938752016383444
184	161	0.4284364264032089
184	185	0.6480155071850132
184	187	0.5861167227157507
184	188	0.49254880269155116
184	147	0.4682683314933351
184	55	0.4189600467478306
51	155	0.6849765910641802
51	47	0.5633587804077467
51	157	0.43524547152631715
155	157	0.5564457435341905
155	146	0.495776075072388
155	145	0.4945608343236103
155	46	0.48757187564597126
155	130	0.4496727424195549
155	150	0.3937834629069323
155	47	0.3886849318423311
37	35	0.6089683584322513
37	24	0.5440567024533138
37	62	0.4906226120073854
37	166	0.4489065292438269
37	42	0.3942480762550921
97	177	0.5640273854093424
97	71	0.47813981990412857
97	54	0.4291546246009282
97	80	0.42688392425508
97	55	0.3862628218351382
185	187	0.5834978880655931
185	147	0.5453086128569299
185	181	0.53317443726051
185	55	0.4999953917353015
185	77	0.45652300783800565
185	101	0.45531103452707394
185	135	0.45339060794313
185	99	0.4441990782311654
185	148	0.4104065318890412
185	80	0.38966075785727855
80	187	0.610093322953181
80	147	0.5832208174903032
80	189	0.49181377794092723
80	148	0.4593759218488322
80	63	0.4323960597063815
80	64	0.4167810343584353
80	158	0.41175277334646754
80	159	0.399664845173802
146	145	0.5827389193682286
146	42	0.5426965514958647
146	150	0.5015238400129809
146	157	0.4899465493675457
146	18	0.4535733093878556
146	43	0.44640376928071773
146	46	0.4268512128919308
146	189	0.4248700990467087
146	144	0.40948307279413354
62	35	0.6099363524804698
62	42	0.537056682737446
62	63	0.45497011030007406
62	24	0.4210108395740957
62	33	0.4199159698224247
62	166	0.38662860550244343
40	144	0.6753528014409137
40	42	0.5741689198856693
40	53	0.5297085869976588
40	41	0.47331981256456035
40	27	0.4730947508553216
40	24	0.4477319851127095
40	130	0.4352211543674209
40	33	0.40908347894961733
144	130	0.5838209654725588
144	53	0.5508007025637501
144	27	0.5195111766037804
144	42	0.5111682701543904
144	136	0.4439421818264799
144	125	0.4309721748328518
144	33	0.4304590499006729
144	157	0.40548008224121196
144	41	0.40293677389805643
136	18	0.6495789728174707
136	33	0.5584445800130994
136	130	0.4741729332321996
136	48	0.46207783396479574
136	118	0.4530568808913104
136	26	0.41326307644241067
136	43	0.39769678105438877
188	187	0.5745039886904189
188	43	0.5324153400090732
188	77	0.5218727436773297
188	148	0.4694152066221346
188	135	0.4555250350166382
188	150	0.4490662114908177
188	16	0.4156070034533764
188	161	0.4053798070541937
188	18	0.40320478475764754
16	117	0.6685905646413307
16	118	0.5662054407769475
16	21	0.5233628275607176
16	18	0.48436377555866267
16	48	0.4500237025042244
16	43	0.4447768281222395
117	118	0.5984122478000099
117	21	0.48353672016533444
117	48	0.45385920034448646
117	18	0.4224413749579808
141	166	0.6050908817324075
141	140	0.5025111712809422
141	24	0.4650612205752106
141	35	0.4149780790993897
141	30	0.3930227523867166
27	53	0.6600261693715851
27	130	0.6475453990505807
27	125	0.5307437453741927
27	21	0.44636373220337744
53	125	0.533560817489105
53	130	0.5098447750522892
53	157	0.4912222181477297
53	21	0.4810042539820551
53	42	0.4309966024065519
24	35	0.5637818612472397
24	140	0.5192555922935156
187	148	0.6267466598803142
187	147	0.5456036534435813
187	77	0.4507172372365469
187	158	0.41843224291080583
187	63	0.4116198910486741
187	189	0.406190085379378
47	153	0.6555729188111079
47	168	0.5518447670526038
47	189	0.4897109283507487
47	46	0.4047277805927174
47	43	0.4042259415338431
153	168	0.5739141388892015
153	189	0.5044968159372835
63	64	0.48996174826618594
63	166	0.4851364429515694
63	181	0.42724367551086534
63	35	0.40800879300260934
63	158	0.40270220769214105
63	147	0.39376656408215815
18	43	0.574838865052099
18	48	0.5597849909704776
18	118	0.5433029815035072
18	42	0.4349698398789777
18	33	0.4197676979128205
18	130	0.39877378392190127
18	46	0.3976125939795426
148	147	0.6410416186061596
148	43	0.5230650662303469
148	135	0.5162766925501837
148	77	0.5008873660782271
148	189	0.4689160811473189
148	181	0.3964332723564987
130	41	0.4408053969577397
130	157	0.4214385758270508
130	42	0.39585998625228774
130	125	0.3877422198392053
156	52	0.3863819275380509
94	64	0.40013528991975605
147	189	0.5585684326992765
147	181	0.5453788728770307
147	77	0.5044073525661096
147	135	0.4648652682815604
147	158	0.42187434490100895
147	159	0.4153008661883018
56	163	0.6368223674454986
56	162	0.6311348053419963
56	57	0.5215452248062769
56	161	0.4130474577356754
163	162	0.5541079111785436
163	100	0.39061028729960356
55	64	0.49754639355784136
55	158	0.44669198347362
55	85	0.391067799498155
33	42	0.5773243029641332
48	46	0.446379747248776
48	43	0.4250094015016598
48	118	0.4110133934968313
162	57	0.4806813621086344
140	26	0.4063236782343096
189	159	0.5902176475395714
189	168	0.574945984843602
26	41	0.40837547983283373
158	64	0.4263849546153973
35	166	0.6265401717546464
35	30	0.3866541207561302
166	30	0.48467752384457746
21	125	0.625019173974921
21	118	0.46004628762803434
125	118	0.4130640454345962
77	135	0.6175035967296507
77	43	0.5929153432912714
77	30	0.4834907472972003
77	181	0.48197982383864435
77	101	0.42107665734699257
77	79	0.4159792056862244
135	101	0.5398543346910042
135	30	0.5602997553288513
135	181	0.49505169268867116
135	100	0.4711131020464187
135	99	0.4392894441203881
135	43	0.43747993105408556
135	79	0.43365541681292125
135	150	0.4095163651933326
157	150	0.6077526570678676
157	145	0.5051302046918268
99	101	0.6090878845334677
99	30	0.41185242358067503
101	100	0.49463637154569867
101	30	0.4862138513552827
101	181	0.39847940003227994
150	145	0.40037043325858257
42	41	0.41962764275619835
42	43	0.41714453684509806
42	30	0.41493668858092303
64	54	0.4632174715035637
145	41	0.5479311201983923
168	159	0.4641437716585374
79	181	0.5988870455194588
118	43	0.42998640304601704
118	46	0.41201018297422104
159	54	0.4607003743753738
43	46	0.3877167298635781
46	151	0.4302472028940134
4	107	0.5789288063540403
4	85	0.416128047573972
107	85	0.40530459426123644
30	100	0.5173174397604098
85	160	0.4759229165831077
177	71	0.520065839684612
58	161	0.5407535854353239
72	178	0.4944021818366061
151	59	0.41963588184803896
