9	108	0.9300553671945739
9	11	0.9295541557589146
9	3	0.885135304274899
9	109	0.8634125854846088
9	20	0.687152071342064
9	103	0.8709980785382471
9	12	0.8680959231124762
9	112	0.8609747348302905
9	105	0.832307586743129
9	6	0.8174557080157586
9	113	0.7869236049146205
9	70	0.7804419037275643
9	13	0.7567604546334681
9	1	0.7358464779717586
9	106	0.7338547094859337
9	5	0.7335315234328399
9	0	0.7272193288281715
9	102	0.7209642227778392
108	103	0.9123720792822203
108	112	0.884069667044861
108	12	0.8726535035454928
108	11	0.8673795341692222
108	109	0.8612332346882612
108	105	0.8469038830724209
108	3	0.8418526462603199
108	6	0.8338679964494856
108	113	0.8251677122141307
108	13	0.7671646300232999
108	70	0.7592703693497554
108	1	0.7481896894127973
108	111	0.7404839646082158
108	106	0.7332172533000776
108	102	0.7186463898487406
108	0	0.7110033165092889
108	5	0.6923524466947544
11	112	0.8777085125891216
11	3	0.8725103430873369
11	12	0.8411229016320433
11	109	0.838054039304712
11	70	0.8305788685385285
11	103	0.8160909001379913
11	105	0.8007861988443139
11	6	0.7738281142631604
11	113	0.7605759434121157
11	5	0.7329304396279864
11	106	0.7311156494112852
11	0	0.7198193592711492
11	102	0.7046716494157663
11	13	0.6995200150101402
11	1	0.6936051159997092
12	105	0.9226857477409948
12	113	0.9075934597653078
12	13	0.9015616233528885
12	111	0.8970878922529402
12	112	0.8892228178325134
12	6	0.8867272108763052
12	3	0.8535806813475415
12	70	0.8107452861931369
12	103	0.8086098888201517
12	1	0.7917856698647883
12	102	0.7758263165339067
12	110	0.7553596777356051
12	109	0.7425142630698577
12	0	0.7343711169629896
12	10	0.728052195035742
105	6	0.8913793376806801
105	8	0.6066541886859074
105	111	0.8892646669453674
105	13	0.8543117746988127
105	113	0.8395951695731604
105	112	0.8128932467573772
105	1	0.7987320184797889
105	3	0.7976433315505568
105	102	0.7867712564721003
105	103	0.7851657986162295
105	110	0.7568544479784001
105	70	0.7206759717675455
105	109	0.7156545313706127
105	10	0.7038198257997695
19	121	0.9149005177689259
121	17	0.6541736249670465
103	3	0.8536349520860131
103	112	0.8514496159230561
103	109	0.8412690962682071
103	113	0.8019669212182388
103	102	0.7968051355252382
103	1	0.7813783329846784
103	13	0.7797764737692348
103	0	0.7764227622689861
103	6	0.7623909532572992
103	106	0.7441162456317468
103	70	0.7372007729032924
103	5	0.7063892608185652
103	111	0.7023128493483282
103	110	0.6972198899799259
113	112	0.8948393343282739
113	111	0.8702235629458437
113	13	0.8311053604964137
113	70	0.8177872030881536
113	3	0.7972428386893866
113	6	0.7738682301637031
113	110	0.75787779837503
113	102	0.7478593449630109
113	0	0.718215757375884
113	109	0.7159519830223736
113	1	0.7148975424587104
113	10	0.7051596504291626
13	110	0.8654598245829979
13	10	0.8427822479970493
13	111	0.872390928151302
13	1	0.8509537961677889
13	102	0.8402431475342954
13	6	0.8160574978479009
13	3	0.7807934760804387
13	0	0.7628512031301224
13	112	0.7601583200986902
13	70	0.690426343214625
111	110	0.8120435102415321
111	6	0.8021452742154098
111	112	0.7802072476135008
111	102	0.776263845845238
111	1	0.7419753760880338
111	10	0.7186899062970309
111	3	0.7138104131531668
111	70	0.7021151601128321
70	112	0.8962451433132708
70	36	0.729281090912389
70	176	0.7252723600092862
70	3	0.7927908223090464
70	109	0.7486119896619121
70	0	0.6905780731551833
112	3	0.8509813815839842
112	109	0.8229856338211163
112	6	0.7857021292501248
112	102	0.733022988654486
112	0	0.7304493312656521
112	1	0.7165071801822508
112	106	0.7118330414312097
166	175	0.8934357272739937
166	172	0.7375384245581535
166	169	0.7176003053522096
166	167	0.7171586217279324
166	183	0.6890580376950411
166	61	0.687447537951378
175	169	0.7804028096331371
175	167	0.7740687165531439
175	172	0.7496081419421724
175	180	0.6993361268805544
175	170	0.5305785136594438
175	183	0.732407027698189
6	3	0.7534033621410944
6	1	0.7494591541804825
6	109	0.7020390969573477
3	5	0.7345875707964611
3	102	0.7980068066215648
3	0	0.7917856698647883
3	109	0.7796196454007878
3	1	0.7660513890607366
3	106	0.7145600201819085
3	110	0.7139183006416556
126	128	0.881754845597935
126	123	0.805612226432649
128	133	0.5813768305612813
128	123	0.7655965241530651
95	197	0.8747360448156027
95	106	0.7445042675170994
95	109	0.7032238586909698
1	102	0.8698346842987176
1	0	0.8015740408289176
1	10	0.780637282687772
1	110	0.7745492511088317
102	110	0.8569903162350654
102	0	0.8478624820821072
102	10	0.7776114929128977
102	104	0.7305099631984774
44	149	0.8678246137319774
44	18	0.7801681168955472
44	136	0.751006662899239
44	33	0.7323653027528138
44	34	0.6993923247451763
44	14	0.6899550701823483
149	14	0.7505310457471142
149	43	0.6115101636558157
149	18	0.7513770170358236
149	46	0.720868166810642
149	154	0.7179638969502736
149	51	0.6881430953422187
110	104	0.7790699753209684
110	10	0.8426373278998528
110	0	0.7611570365742133
109	106	0.7548697038231437
109	5	0.7071199874301226
109	0	0.688837390262994
198	199	0.8561381659199048
198	96	0.7468351309063511
198	190	0.7403845780495107
198	160	0.5436059841015043
199	182	0.7193805792938371
199	98	0.718573849924748
0	101	0.6415538199286708
0	10	0.7414535390335274
0	5	0.7144768113987215
84	86	0.8457120848443733
84	82	0.6110529392475376
84	189	0.7185835228181771
86	189	0.7321983479593465
86	94	0.6634101627206883
86	64	0.5287871194405654
10	104	0.7348820762031761
10	79	0.7088257916731868
33	34	0.8350220578472096
33	137	0.6936310606970718
33	136	0.6951844514515808
33	18	0.6895251782207416
34	138	0.7146383158661352
34	24	0.713815317865097
34	22	0.681928465109752
34	18	0.6977436794114543
34	26	0.6973175150869326
51	155	0.831630366815777
51	53	0.7248027827932666
51	46	0.7223826150543715
51	154	0.7753481593712417
51	14	0.718215757375884
155	154	0.784051070988576
155	157	0.6998211870081225
155	130	0.6509698863208965
155	53	0.6869884116554243
137	140	0.8301752525944839
137	42	0.6661558226165609
137	138	0.6903635406359084
137	35	0.6883115251529567
140	35	0.8270728465010837
140	141	0.7866950462831214
140	134	0.6905937658878133
88	90	0.8298641854079131
88	193	0.8072208031240707
88	87	0.7583498406576864
88	55	0.5656276631573791
90	73	0.6753963109775647
90	193	0.7899504948125888
90	194	0.7504786366492828
90	187	0.6923576531396028
35	62	0.781417274731799
35	141	0.7288126003167825
14	46	0.8101275396114225
14	17	0.6782089552245464
14	15	0.7564226750100116
14	18	0.72142490595157
14	154	0.7178282018791051
14	152	0.7161274063935817
46	15	0.7812614712239873
46	152	0.7434505344189176
46	48	0.5562385985205657
46	151	0.4868626397437547
46	154	0.7143788928307232
193	194	0.8015382900576409
193	187	0.7278171394883245
193	191	0.7125377336508948
50	173	0.8066626513976584
173	174	0.6118356089059492
123	138	0.7040972690822946
123	129	0.6288792502196471
194	185	0.776224101315983
194	196	0.7134914566585348
194	147	0.6876531750029254
167	183	0.7973157078407649
167	63	0.7057524017760742
167	169	0.7047219896549154
183	182	0.7657206542279364
183	196	0.7653066654865139
183	185	0.7281743563089846
183	169	0.7056871470283012
183	147	0.6950862619534907
141	32	0.7321658743044512
141	134	0.7027028410006814
141	145	0.6888689191428464
139	176	0.78508908363672
139	36	0.7072499586759028
154	47	0.6107081855497917
154	152	0.6925710553107456
68	172	0.7828151297379954
68	69	0.7617620945230412
172	171	0.6945535199901207
172	69	0.7375794651703372
172	145	0.6910799181482762
30	134	0.7814562103934444
15	115	0.7660927024227149
15	116	0.7242231842355676
15	118	0.5499642077716983
23	25	0.7807544368776421
23	22	0.6442876116088978
104	2	0.776779963492105
104	7	0.6091067545471247
2	79	0.7410300121237885
2	114	0.7295478249863051
185	147	0.7271439357287992
185	74	0.6726952958481472
185	182	0.7262094934317791
185	196	0.6894359934125598
79	114	0.7735872884476419
114	32	0.7591644721242483
180	189	0.7730244915037363
38	98	0.7703548511696804
98	97	0.6878165514347138
115	116	0.6969268594345686
182	81	0.6984050520976974
182	196	0.7539605948152956
182	147	0.7098244751182554
182	195	0.6893100498531353
196	195	0.750037152527664
65	67	0.7646014289348992
65	91	0.7300245852156674
65	60	0.7156008649010073
67	91	0.733471466610677
67	92	0.7277842180563208
67	66	0.572383118725664
67	60	0.7217316737785641
69	150	0.653549638294383
106	5	0.6947087662597712
81	93	0.7543616488692085
136	138	0.6958710519285021
78	80	0.7481676779799463
78	77	0.6526435642936564
45	164	0.7433923822295457
45	31	0.6272806911938115
164	165	0.6956388856775859
164	156	0.6332839148379851
164	174	0.6098923921684176
60	92	0.7407006956374778
60	91	0.7246176126988914
60	63	0.7096309233531704
92	61	0.7272711514077164
92	63	0.7214009277814138
92	91	0.6933403772833967
190	83	0.7101963889642512
145	165	0.7398418993489639
145	142	0.6483402318175449
165	171	0.7038854226923744
165	135	0.617608762871122
4	8	0.7366204303965974
4	107	0.5630651797424108
91	63	0.7219711390393092
49	157	0.7322215413891798
37	61	0.7307803346252547
61	63	0.6983538254818549
187	76	0.7122915009573096
24	26	0.7237616243801172
24	143	0.652540222006513
24	39	0.6500700416437811
144	150	0.7152445005600575
144	40	0.6305508292227647
150	146	0.6778793990316033
97	177	0.7129116714642237
177	71	0.6811466258439665
76	77	0.6674442974851686
76	188	0.5996304765136053
58	161	0.7122619412449773
161	151	0.5101999160995156
161	56	0.433249357312074
142	181	0.6900808002406634
28	131	0.6900179404168656
28	132	0.6802289306844463
28	29	0.625396825222125
20	124	0.6791744404774085
17	119	0.6812055857462426
17	120	0.6736850303683546
73	184	0.6798849162607448
146	159	0.49530832358262483
47	153	0.674988224471652
47	54	0.5049439703084765
153	168	0.559544619618237
120	117	0.6690271933879972
117	16	0.6357570757269569
89	179	0.6683803763204635
89	192	0.4815267547376645
179	82	0.6129855222869208
179	178	0.5005277059479041
77	148	0.6531599116027569
77	75	0.6131665222435896
143	127	0.6412065273822014
39	41	0.6312912135756014
100	101	0.6476847417820071
100	99	0.5682740667637021
21	125	0.644006775912472
21	27	0.5674542553040078
21	122	0.5296366423056403
125	29	0.5621630056926686
85	160	0.6428464924728376
59	151	0.6411123010457599
156	52	0.6252263093002679
29	133	0.5590910917161718
75	186	0.616481719127155
56	163	0.5843348707485873
56	162	0.49250335760795216
55	158	0.49206391667327753
178	72	0.4421338190457356
162	57	0.4080504685936159
