9	108	0.9201033218328654
9	3	0.8940594927272222
9	109	0.800929649472846
9	106	0.7105926606064432
9	112	0.8604044660657628
9	12	0.8354453961032065
9	103	0.7775719578021248
9	11	0.763769388375744
9	70	0.7318641742293885
9	0	0.6980463155076353
9	113	0.6749827805259379
9	176	0.6707690972477398
9	102	0.6705159875112636
9	197	0.6661001952690987
9	111	0.6472898248681698
9	6	0.6060091796769744
9	1	0.5955739847618546
9	95	0.5950122901449131
9	32	0.5618619832414592
9	139	0.5504871465030858
9	13	0.5439651756807944
108	112	0.8814429490297025
108	12	0.8631068464079313
108	197	0.6909858729121809
108	3	0.8939189444527902
108	103	0.811702648222888
108	102	0.7746292534061424
108	109	0.7594397213096443
108	113	0.7415750812940831
108	0	0.7281790538958459
108	70	0.7196120952923871
108	176	0.7060985535036224
108	11	0.6996323455059854
108	106	0.6891683135306099
108	111	0.668612683516055
108	32	0.6530624258170699
108	1	0.6527296643208143
108	114	0.6257802677459725
108	6	0.6189800823175212
108	95	0.599624072042286
108	139	0.5965797044771703
108	101	0.5926234623055913
108	13	0.5714140970028656
108	35	0.5589123372764935
108	38	0.5541286997656469
3	12	0.8410351258062942
3	112	0.8402137459186406
3	103	0.8151200177437997
3	0	0.7472858694231178
3	102	0.7333744275476627
3	70	0.7209738268511435
3	113	0.7092484680055892
3	109	0.7057172660920182
3	11	0.7035118646527642
3	176	0.687510822636394
3	197	0.675477878686841
3	106	0.6737232589591001
3	111	0.6277777809205247
3	1	0.6173427116829444
3	114	0.5909339896145253
3	32	0.589154447324835
3	139	0.5890956834757574
3	95	0.5886580233946648
3	6	0.5841438580854276
3	13	0.5577491669688567
3	101	0.5503337958753614
44	149	0.8915845975242327
44	33	0.7739484433402164
44	150	0.6953859170652188
44	18	0.6564046493967235
44	147	0.6882115289003061
44	136	0.6857084125885516
44	52	0.666033432669366
44	50	0.6640255890160005
44	154	0.6527583605835111
44	77	0.6243484269573539
44	49	0.6233528064700876
44	42	0.6099614709734662
44	39	0.5878471145517155
44	76	0.5661307008683812
44	78	0.5603957967803286
44	174	0.5480500702701288
44	47	0.5393865202586144
149	154	0.7348498781635199
149	147	0.7301740108171647
149	52	0.7078242584435681
149	33	0.7406645844993925
149	50	0.7187479194717651
149	150	0.6841955187604574
149	136	0.6605619804265005
149	77	0.6480735110163266
149	155	0.6479458926636991
149	157	0.6468131389370196
149	174	0.6371492044369105
149	18	0.6251836709898849
149	146	0.6234383993789006
149	153	0.6203107266812302
149	49	0.6170393648370271
149	188	0.6170145937287608
149	76	0.613677966965437
149	45	0.613122838491562
149	148	0.6126045881576598
149	47	0.5969338392041003
149	42	0.5922794916609888
149	40	0.5856767169766002
149	178	0.559462184905286
149	39	0.5591667029524023
149	53	0.5553609187299019
149	78	0.5464178251068437
112	70	0.8289904462391453
112	103	0.8184155517784406
112	11	0.7655965241530651
112	12	0.83070288282771
112	113	0.7921211985817456
112	176	0.7876459513816276
112	102	0.7811055703071178
112	109	0.7536756343982136
112	0	0.7491039067102314
112	114	0.6844294739706003
112	1	0.6839188445738946
112	32	0.6805672774622967
112	106	0.6771869848258251
112	111	0.6630292678204253
112	139	0.6353875260859421
112	197	0.621742105308596
112	13	0.6132850735257843
112	101	0.6119482147971818
112	35	0.5579902404518867
140	166	0.8699806406796439
140	32	0.8280812158964155
140	134	0.7833179783404312
140	144	0.7433118452558248
140	114	0.7622652965108815
140	30	0.725310276209544
140	141	0.7218370597896052
140	79	0.7128182249874712
140	35	0.7048327132084834
140	100	0.6948691194373448
140	102	0.6860261642031915
140	2	0.6584883383006518
140	139	0.6548595544195296
140	36	0.6490815745186035
140	7	0.6422593668497835
140	146	0.6331940635809746
140	101	0.625792435574813
140	37	0.6214782569808143
140	1	0.6167110484143773
140	104	0.6055470657278682
140	113	0.597442098707875
140	70	0.5899504092030464
140	176	0.581476122048804
140	0	0.580316643707639
140	135	0.5727124913279628
140	10	0.5680505935507193
140	40	0.562648432515981
140	142	0.5610334038884115
140	181	0.549496684192414
166	141	0.7660100693686418
166	37	0.6472084752731871
166	32	0.8199942785182761
166	134	0.7648090418744584
166	30	0.744513181652279
166	35	0.7323745754382591
166	114	0.7110923104899294
166	79	0.6887638127408934
166	36	0.6674720224653893
166	100	0.6629956429514083
166	2	0.6349042885064182
166	101	0.6324206380518673
166	181	0.6251410289473901
166	7	0.6165251137747423
166	139	0.6045962336538508
166	102	0.602587498276809
166	31	0.5938224217036211
166	144	0.593777103574727
166	104	0.5859000466426244
166	1	0.5807608367708464
166	10	0.5644431848953584
166	167	0.5393510661933836
12	113	0.8254228223501647
12	111	0.8124858040207593
12	6	0.6551792861534855
12	70	0.7944196539106646
12	102	0.7789913530768601
12	13	0.7453499257185582
12	114	0.740944333902679
12	103	0.7357134759047989
12	176	0.7137270223366878
12	0	0.706479431910527
12	11	0.6921597575491555
12	1	0.6916332656487792
12	109	0.6414066941604277
12	32	0.6321385334763385
12	197	0.6319763975712295
12	10	0.5845982302820087
12	106	0.5669930403522598
12	139	0.5612320915971327
12	101	0.5432254464643363
102	114	0.8388262849979005
102	1	0.7667116436658965
102	0	0.7582478447713875
102	113	0.8045214400833298
102	32	0.776502183473887
102	103	0.7431283194598922
102	176	0.7376432952933081
102	70	0.734255921050609
102	101	0.7166288127572504
102	13	0.6878481646335253
102	100	0.6812484601256455
102	111	0.6682088278029729
102	30	0.6310565819729299
102	79	0.6285103571099041
102	134	0.627274625966421
102	104	0.6218402454256213
102	139	0.6133474578414985
102	35	0.5965088496355118
102	2	0.5866219743251164
102	11	0.5794803595928911
102	7	0.5737799989817954
102	10	0.5708750619642868
102	109	0.5487563166327107
102	197	0.5373056854641103
114	113	0.8144477639918106
114	32	0.8125197879413272
114	104	0.7557115937226946
114	10	0.7381443591299945
114	13	0.7421101878382733
114	70	0.7418450010015377
114	111	0.7298891079475173
114	1	0.7185399926082203
114	7	0.7094720316123173
114	176	0.6935947376168793
114	134	0.6933247985857243
114	0	0.6922587183588991
114	79	0.6823348343363475
114	2	0.6726131654056074
114	100	0.6725967373282284
114	101	0.649324559369221
114	30	0.645852420430597
114	103	0.6144254953400248
114	139	0.5873495211556646
114	144	0.5733304059472958
114	35	0.5464739368587195
114	110	0.5456106765717962
114	36	0.5425413272659864
70	176	0.8084020980034398
70	113	0.8140096230512005
70	11	0.7495643298947783
70	0	0.7245416151980207
70	103	0.7072099726139006
70	1	0.7027079030522826
70	13	0.6827621363338404
70	111	0.682308112466014
70	32	0.6727117199478583
70	139	0.6605957985583225
70	109	0.6065909877824737
70	104	0.5871726375631903
70	106	0.5824746916512696
70	79	0.5722889783233106
70	101	0.5538237312199229
70	10	0.5364943038568375
32	35	0.8028927961261132
32	79	0.7721780090248965
32	30	0.761203303096481
32	101	0.7554756006650991
32	100	0.7199301687444545
32	36	0.714364202631972
32	134	0.7343388663707889
32	0	0.7327267362418572
32	139	0.6973380644450707
32	1	0.69102244883962
32	141	0.6879429885745297
32	113	0.6872259593177816
32	2	0.6544538429876277
32	176	0.6347072713751889
32	181	0.6306652725843753
32	144	0.6249338573655431
32	104	0.6237500757799612
32	103	0.6215641765733046
32	7	0.5993998671576355
32	13	0.5863333149867587
32	31	0.5727528099665917
32	10	0.5619851467840867
32	37	0.5606015491486126
32	111	0.5548420220085146
113	111	0.8027506052048986
113	176	0.790813674886818
113	1	0.7533990382747794
113	13	0.753018282833144
113	103	0.697702624819268
113	0	0.672952530588428
113	139	0.6559149187354077
113	104	0.6542823022629083
113	11	0.6068184751500777
113	101	0.5861626735335123
113	10	0.5851574604338924
113	79	0.5768640990252413
113	7	0.5675220510234986
113	134	0.5662054407769475
113	6	0.5623955119802323
113	2	0.5468105043421397
113	197	0.5371064907732497
113	100	0.536465816291039
103	0	0.7555271067894734
103	176	0.7193564538469815
103	109	0.7118182423035451
103	106	0.6866767376787786
103	11	0.6558522388951381
103	101	0.6335533661995948
103	139	0.6196088860289874
103	197	0.616704851701334
103	111	0.5428799505317043
103	1	0.54148199259892
88	90	0.8184155517784406
88	57	0.44700411092815195
88	193	0.674977336506732
88	194	0.6642770953537434
90	193	0.6772844281488145
90	73	0.6485894139594566
90	194	0.6466444337953888
90	74	0.6225511773495257
90	80	0.6223612873987926
90	185	0.5583482329299505
90	184	0.5533104943106427
90	75	0.5523592027223909
90	94	0.5511489159296767
111	13	0.7918229744562394
111	1	0.6806960951826369
111	176	0.6165065165272553
111	104	0.6092262486193014
111	10	0.6051669400123632
111	6	0.6008523223418726
111	7	0.5738403657504295
111	11	0.5550565517048047
96	198	0.8112245108525383
96	98	0.7780854348734547
96	190	0.6284559063042001
96	97	0.6095782807725307
96	95	0.6073804479889149
96	182	0.6067047438878657
96	80	0.5864907840031928
96	81	0.5857424114071305
96	199	0.5821442338203533
96	93	0.5540594017874685
96	83	0.5462003457313563
198	98	0.780676340181956
198	182	0.739846425655116
198	190	0.7221195207041617
198	97	0.6796912765338966
198	199	0.6762003895825439
198	185	0.60907530414124
198	183	0.6041455712668234
198	80	0.5984379232966824
198	81	0.5685922021248518
198	93	0.5556582246408595
104	110	0.8088520567404266
104	10	0.7220716629086347
104	1	0.7002597382229581
104	7	0.66541537258528
104	134	0.6632421632031524
104	2	0.6387562764281537
104	13	0.630574924841082
104	30	0.5853415556751839
104	107	0.5765437409949795
104	8	0.5724637984915562
104	176	0.563631769630652
104	100	0.5442467551530646
104	4	0.5406898996356612
110	8	0.6554132267406642
110	10	0.6490931482305486
110	107	0.6397497532874614
110	4	0.6216623520847901
110	7	0.5729879467971785
176	0	0.7103599055951751
176	139	0.6629900385464774
176	1	0.653549638294383
176	11	0.6483054511679767
176	106	0.6264004387159562
176	101	0.5908689060667422
176	13	0.5826662690228375
176	109	0.5818135835593212
176	197	0.5401164485228331
76	77	0.8055069042989824
76	49	0.6383002195873461
76	188	0.6364239111229137
76	154	0.6011078515088215
76	148	0.5912072565240868
76	157	0.5635567098621781
76	45	0.5577147202149157
76	86	0.5505150244452744
76	150	0.5450485841531206
76	78	0.5383859823012556
76	146	0.5365156687288251
77	78	0.6941081220058041
77	154	0.6651478204065034
77	116	0.6600487433938251
77	150	0.6450064605498962
77	49	0.6385016506266916
77	188	0.6369353006613852
77	148	0.6313693984411726
77	18	0.6087921642830305
77	147	0.5954836364011519
77	17	0.5678270365389306
77	157	0.5606906870193047
35	38	0.667072604190589
35	30	0.7172897308857555
35	31	0.6783331433514936
35	141	0.6491278675634373
35	101	0.6365964190150668
35	36	0.626467272584504
35	134	0.6054267224606231
35	100	0.585045658886408
35	139	0.5741622165466669
35	181	0.5644431848953584
35	1	0.5618551400918924
35	0	0.5584376985781603
35	62	0.5493430938807776
35	61	0.5466071826071072
35	79	0.5455966302387293
35	63	0.5423154804130681
109	106	0.7073948702239476
109	11	0.6634885396145721
109	197	0.6310866694030787
109	0	0.6280745781769502
193	194	0.7992021653486265
193	185	0.7212570224312762
193	73	0.7200457569030503
193	177	0.5337467730301316
193	184	0.6954943532981014
193	191	0.6088739761808243
193	165	0.5858278026619754
193	94	0.5820582832643729
193	43	0.5759826876662755
193	80	0.5683553089733765
193	87	0.5490148447362428
194	185	0.6540820862877336
194	80	0.6101686517743805
194	165	0.5707806801887674
95	197	0.7982246133906088
95	199	0.6510159829767637
95	99	0.6247753726228503
95	81	0.5920262432247595
95	38	0.5727796875195567
197	199	0.6342651752677407
197	106	0.5936152223599421
197	6	0.5724906892837582
197	38	0.56147864844543
41	61	0.7955604228654306
41	93	0.6752657682621863
41	81	0.663270167766086
41	67	0.6001233901648924
41	68	0.5778174477132392
41	63	0.5431972496070887
61	63	0.6993718901584721
61	67	0.6808463293361271
61	62	0.6602574965958495
61	81	0.6096474017126003
61	38	0.5874346673240117
61	68	0.5845258186858081
60	74	0.795376808035601
60	183	0.6752222446197
60	196	0.6590826399382513
60	80	0.6576719586788462
60	185	0.6259992420661216
60	165	0.5469086365872624
60	65	0.5459617352666607
74	185	0.7195060036431271
74	80	0.6765801368940124
74	183	0.618319601013344
74	75	0.6181960495619339
74	73	0.6087103394345371
74	196	0.5708750619642868
74	182	0.5416162702604277
73	184	0.7925678266352142
73	43	0.6783169470975059
73	75	0.652534480056458
73	94	0.6282138281934109
73	185	0.6617496414246951
73	87	0.6323786331028407
73	191	0.5570874536327999
184	185	0.6712583662807071
184	75	0.6197567244004816
184	43	0.6089557751282278
184	87	0.599470341688602
184	191	0.5770175410606281
13	1	0.7103896276566093
13	10	0.6851835505235379
13	7	0.6198059940857636
124	126	0.7897248009380322
124	123	0.7749490147965189
124	121	0.6372383020546636
124	128	0.7145061815127887
124	132	0.5880434106591703
124	133	0.5821310115045887
124	118	0.5386344846514663
126	128	0.7778090762579374
126	123	0.7317991550916214
126	133	0.7033400994150231
126	132	0.6629059635546573
126	121	0.5939842414100778
126	125	0.5683349994598091
126	129	0.557604477691899
126	28	0.5573287853170984
126	118	0.5565699973517676
131	132	0.7863518035374277
131	143	0.6108899936440143
131	28	0.7323235723066536
131	133	0.6683416457713764
131	122	0.5366224827724941
132	28	0.7775324165425952
132	133	0.7438215488754605
132	118	0.6368936968669342
132	122	0.6016504430937211
132	29	0.5830228268111435
132	128	0.6955614646184918
132	125	0.6574903308302266
132	143	0.591012079719009
132	21	0.5789288063540403
132	121	0.5623818376006638
132	129	0.5452523993234124
132	117	0.5419412491064071
154	157	0.7857786516571593
154	155	0.7778090762579374
154	146	0.7431417519694502
154	49	0.7247553132602145
154	116	0.7164731152515104
154	17	0.6355663767962316
154	48	0.6348207155622281
154	151	0.49442484849488383
154	148	0.7235663371055306
154	153	0.6996731843866119
154	188	0.669176315153331
154	47	0.6691431816394867
154	51	0.667743629350174
154	150	0.6573029470466246
154	53	0.6310385286034441
154	50	0.6301771916961243
154	40	0.6299601068422663
154	18	0.6215580399554179
154	178	0.5976735515751179
154	125	0.5897678306642676
154	136	0.582137622700957
154	130	0.5761964863147183
154	52	0.5723024278758739
154	147	0.5661307008683812
154	72	0.5481410171356317
157	148	0.7498446135203447
157	153	0.739139511800916
157	50	0.7187672549729907
157	173	0.6957885205835646
157	155	0.7665054880243773
157	146	0.7368307586700951
157	51	0.6975229570859152
157	49	0.6864652895882895
157	53	0.6738815961401811
157	47	0.6610014070665419
157	188	0.6548424193139826
157	40	0.6037771374926532
157	174	0.601012042468177
157	178	0.569200923074825
157	144	0.5627782697152699
157	116	0.547966107814199
134	135	0.6604999735555169
134	30	0.7486867087672561
134	144	0.6783817281584577
134	100	0.6720213368662088
134	7	0.6414243517442321
134	2	0.6391586550763907
134	146	0.6391468254008987
134	1	0.6136405616270202
134	79	0.6004496147688051
134	31	0.5934986381298891
134	141	0.5866613254195706
134	101	0.5851903390092328
134	37	0.5793740773375858
134	40	0.5452102359548203
134	10	0.5435848489808137
134	36	0.5413830334824888
134	181	0.5384143873108886
98	199	0.677333140901673
98	182	0.6487110570615595
98	81	0.6033512116335862
98	97	0.6013568741641347
98	93	0.5871136639004219
98	80	0.5774043010194756
98	190	0.5368289411677285
155	51	0.7577713729021888
155	178	0.6494633483659552
155	153	0.716852502848775
155	146	0.6838017308515142
155	47	0.6814948971276079
155	50	0.6791744404774085
155	53	0.6611308951203146
155	40	0.6511600040812303
155	148	0.6184369465915789
155	49	0.6104698567579135
155	52	0.5848417282183517
155	144	0.5673864518898865
155	72	0.5640751146424184
155	116	0.5621835245292653
155	130	0.555201836335146
155	173	0.5487423391492089
155	188	0.5456949481326094
155	174	0.5371136059012094
128	133	0.7552823695089417
128	125	0.6622889025929761
128	25	0.6369828433125778
128	123	0.6913671336511418
128	129	0.6443753371511969
128	118	0.6068374279451915
128	117	0.5965152913690092
128	28	0.5846377235912472
128	119	0.5836297787151761
128	121	0.5773109688771891
128	120	0.5756016635656678
128	17	0.5748991223596248
128	23	0.5389538500217433
128	122	0.5377323294301966
28	133	0.644848762090487
28	118	0.5569288129880821
28	125	0.5504104758315422
28	121	0.5500827783778547
123	129	0.6443870326089675
123	133	0.6120545420298172
123	121	0.5787293192822293
123	120	0.5436059841015043
123	25	0.5401518612775548
33	42	0.7096706350148454
33	34	0.6971839163145246
33	136	0.6237378569106732
33	31	0.5651922637796393
33	52	0.5520950855595927
33	62	0.5476581510004557
33	147	0.5460529791419815
33	150	0.5459968305977773
33	47	0.5415738697736436
33	50	0.5388545085020665
79	36	0.7015417566630618
79	181	0.6879535231184746
79	139	0.6764608264868265
79	0	0.6650585983716086
79	141	0.6638913908278181
79	101	0.6612322061319627
79	30	0.5861232873491474
79	100	0.5778773960252916
79	144	0.5640410227176744
79	7	0.5544127411850546
79	1	0.5506822663153509
79	2	0.5490078588708871
4	107	0.7679042330841676
4	8	0.6631749446736617
107	8	0.7444284866493087
1	2	0.6760646783850978
1	10	0.623285544417627
1	7	0.6145064114467574
1	6	0.6123296391918341
1	30	0.608130901119878
1	139	0.6060914310702872
1	0	0.5770175410606281
1	101	0.5668912538623597
1	100	0.5622245601261289
1	11	0.5494687614429281
141	142	0.7645598872932708
141	181	0.7460069915802878
141	139	0.7353600569883942
141	36	0.7044399929223002
141	31	0.6565241508389059
141	101	0.6307134510586299
141	30	0.6167420308331296
141	38	0.6074056909352746
141	195	0.5599428980127684
141	167	0.5501943539866803
141	145	0.549671173566961
141	100	0.5444930366440692
141	37	0.539542495427287
11	0	0.6393951850771532
11	106	0.5552779242892825
142	139	0.7325877722402354
142	38	0.6045074012601538
142	52	0.6007692489101325
142	199	0.577550935330404
142	101	0.5527412812304879
142	181	0.5384001849590045
30	31	0.6755376845027687
30	100	0.6712254002206802
30	2	0.6527526214808219
30	101	0.65235069808628
30	181	0.599944201523051
30	144	0.5836627465671675
30	135	0.5789886389657304
30	36	0.5713130654545338
30	139	0.5559968419468887
30	7	0.5540663319308641
30	0	0.5510166174514284
0	101	0.682906245448033
0	139	0.64922043922996
0	106	0.6091948054926289
0	100	0.5925910214727621
0	36	0.5586647453498771
51	47	0.7229797797134722
51	53	0.6990601210260294
51	50	0.6361203806817451
51	153	0.6262728212075239
51	49	0.6197012901643841
51	178	0.5414113090465994
51	148	0.5399606096788525
129	133	0.756811727610775
129	26	0.6211528544977487
129	127	0.594197769845509
129	125	0.5878798353784416
129	136	0.5684297712644658
129	130	0.5584514613711812
133	125	0.6270562271015693
133	127	0.5848351485783422
133	118	0.5834187388982137
133	143	0.5814562651368359
133	26	0.5749660676106361
133	17	0.5596545153496338
101	100	0.6872312364863238
101	139	0.6818856648894305
101	181	0.6381935442227932
101	36	0.5986047840639213
101	38	0.5866809999279743
101	99	0.575340818760527
148	188	0.724299255544808
148	146	0.7097004158021246
148	116	0.6489658208715108
148	153	0.6190664357458869
148	147	0.6050401700757154
148	49	0.5564319360178397
148	40	0.5507101356631126
181	36	0.6961752274623698
181	139	0.650525960472745
181	31	0.6269712675753809
181	38	0.5811649508364017
8	10	0.6772465363461925
144	146	0.7394750460735073
144	40	0.6583637137647947
144	100	0.5828313699744447
144	135	0.5582862875647095
144	153	0.5418282313583319
146	40	0.696479153222683
146	153	0.6825218363802564
146	188	0.6307676460309876
146	49	0.5889062909057106
146	116	0.5879060106548771
146	135	0.5693563850906946
146	50	0.5616498098478309
146	47	0.561526578482447
146	42	0.5583826443317838
146	53	0.5484697168996385
81	182	0.7426891947061509
81	93	0.7365289388506046
81	80	0.5801110046162913
81	183	0.564872316691004
182	183	0.7222869685654812
182	80	0.6887165054115759
182	196	0.7058878926123712
182	93	0.6861637753613559
182	185	0.6291693278604893
182	190	0.5897482651009219
182	199	0.5763834954692704
153	47	0.718573849924748
153	50	0.6684744211380802
153	40	0.5916623998767929
153	49	0.5913438391006357
153	173	0.5566252132801713
153	174	0.550305909952989
153	53	0.5455544894002414
10	7	0.7203682291366432
10	2	0.6375292355880571
93	80	0.5586441081929368
50	174	0.7355895953658816
50	173	0.680545803750502
50	47	0.6787108688358396
50	53	0.6130229758343348
50	49	0.6000402029262669
50	52	0.5947473817804501
50	40	0.5810258619304078
50	45	0.5629832192925116
174	173	0.6836100141957328
174	45	0.5552848409151436
139	36	0.7017093047921241
139	38	0.6514306368405152
23	25	0.7349050727748722
23	22	0.6781981544257827
23	20	0.6149045791963341
23	17	0.5620193544575878
25	22	0.7131427197960805
25	20	0.6307917307103699
25	27	0.5339183784960567
25	26	0.5963928852908726
25	17	0.5898460859943047
25	19	0.5560728327253045
145	195	0.7331802597334537
145	172	0.6061736695031366
145	38	0.5898265232002943
145	137	0.5718718894839595
145	62	0.5511001776083383
195	38	0.5489449826309166
17	120	0.7304959722360552
17	119	0.728578098785679
17	19	0.6590769838002356
17	14	0.6311167549345098
17	16	0.5364444498143351
17	116	0.6343787260429409
17	15	0.6030776747381229
17	125	0.60154835058766
17	48	0.6009162161512588
17	18	0.5959416761275537
17	121	0.559180449450635
17	21	0.5560590169115602
17	117	0.547483109400952
17	152	0.5444156440023734
17	26	0.5364871820800107
120	117	0.616909302877065
120	121	0.6397143087117743
120	119	0.6123671409587605
120	19	0.6104071202728504
120	152	0.5541564168066437
147	78	0.6249887054711682
147	150	0.6220119436444203
147	52	0.6182331182056066
147	18	0.5590292210595142
147	136	0.557969580699308
147	188	0.540711128924274
19	121	0.7296133046939443
121	117	0.5809264919285066
121	118	0.5523522536908958
121	119	0.5439510934898389
119	116	0.5610676650032875
49	46	0.393952436513745
49	47	0.6872312364863238
49	53	0.5825341536249732
188	116	0.6228940186070846
47	53	0.6491336538559923
47	42	0.543810254728259
183	196	0.7193178495220576
183	185	0.6049260508978771
183	80	0.5972877414728701
190	83	0.5938030001096931
190	185	0.6622608329930152
190	191	0.6379564000978561
190	97	0.5902893236299266
190	80	0.5578180547130934
185	80	0.69581431360295
185	191	0.6596422286014069
185	196	0.6499776466038969
185	165	0.6321745561624853
185	75	0.5873233197185025
185	97	0.5668980401669516
62	63	0.7207961066563899
62	67	0.7159666050910484
62	172	0.642388599226796
62	137	0.6210791487084331
62	31	0.6122296210075572
62	34	0.5698630436238102
62	167	0.551622178200179
63	167	0.6356855727193954
63	67	0.6296886122780527
63	31	0.6191466076705654
63	172	0.6141141590641588
63	38	0.550842498297596
63	171	0.5430844499247718
7	2	0.6543566448461178
7	100	0.5703692692530685
165	170	0.7202960608968607
165	164	0.706489449505227
165	175	0.7015062061758531
165	196	0.6948277445848763
165	187	0.6789804531067488
165	180	0.589428596227599
165	179	0.5656480647715817
165	43	0.5597437911409113
170	196	0.6861743588015827
170	175	0.6155385115780566
100	2	0.5852232156606069
171	172	0.7196795906726006
171	175	0.7157569620793197
171	67	0.6526263422651267
171	167	0.5929023741095668
171	65	0.5464669231580285
172	167	0.6583580481552908
172	67	0.6281290721056227
172	137	0.6234383993789006
172	175	0.5531647694059038
172	31	0.5477981497742238
196	175	0.6806477934693359
196	80	0.5776175749731131
175	187	0.7166288127572504
175	180	0.5889585435942867
175	164	0.5856175854093941
175	167	0.5812907639294218
175	137	0.5734445145062272
187	189	0.6558237450687381
187	164	0.6171322456030035
187	180	0.5510792886051594
187	167	0.5452664531665734
187	137	0.5420895551591903
116	14	0.6069953410690143
116	15	0.5837814149023628
116	152	0.570011581343792
116	18	0.5480500702701288
116	48	0.5394290626126628
116	40	0.5375332631592474
67	68	0.6511024012656487
67	65	0.6014845327907332
67	91	0.5513299110560707
36	37	0.569423964573464
36	38	0.5427459332515422
22	26	0.6855441384425225
39	143	0.7107312492881872
39	52	0.6024027683913642
39	18	0.5451750977070327
143	127	0.6016759631493144
143	18	0.5557411683823433
106	5	0.5146097913764818
42	31	0.6901122262487851
42	34	0.5900351573098441
42	40	0.5526996112240127
52	156	0.6648745179482406
52	40	0.5902893236299266
52	178	0.5603340575770545
164	45	0.6278625987735134
164	92	0.4988019366258515
164	180	0.6026448151158202
164	43	0.5704974443515414
53	40	0.5662258227726944
91	180	0.6976359013315826
91	68	0.6657551402832571
91	65	0.5571564151477109
180	179	0.5555476157781051
34	136	0.5728535944399485
34	31	0.5636863527076162
40	135	0.6037771374926532
40	150	0.5743632832318938
80	75	0.5500827783778547
150	136	0.6943101707273697
150	130	0.5857949614107554
150	18	0.58898466809218
150	78	0.5659336146681423
136	18	0.6231204075461027
136	138	0.5611841384155551
31	167	0.5750798568708826
31	138	0.5627714368706249
31	38	0.5468665817507102
137	167	0.6890580376950411
137	138	0.5933496331383331
167	138	0.5921496352797144
26	24	0.5930450181914327
87	191	0.6820140515417656
87	82	0.6016568232227781
87	94	0.6212756730645602
87	83	0.5752136981068625
191	179	0.6238539238604726
191	192	0.47842518086307484
191	97	0.5406828230530748
43	94	0.5472449759196751
199	38	0.5869367055158282
72	178	0.6672612662017421
178	156	0.5377820866331233
68	69	0.6024473642740878
68	65	0.570787422244436
125	21	0.6372145443552478
125	118	0.5651854581641251
135	138	0.5490567583175374
189	169	0.5503477383761612
189	86	0.554938915527684
6	105	0.5404634110377827
75	186	0.56194409503822
57	162	0.6498274636719203
57	56	0.5638159677864254
162	56	0.5876376557109646
162	161	0.4740721562168014
89	179	0.6419420052441858
179	168	0.5907973052803537
118	117	0.5431408522165748
14	15	0.6270562271015693
14	152	0.5872119498757781
14	115	0.5678473633663582
85	160	0.6289094748136729
85	66	0.5370424511821942
94	66	0.623456738772756
15	115	0.5568943205127549
69	86	0.6190972726287638
86	84	0.5697887607954293
56	163	0.6028931162431079
82	159	0.52116656704628
65	55	0.49338905215899936
64	169	0.5776175749731131
177	71	0.479126584806541
159	54	0.4695477364367459
55	158	0.4728075134869636
161	58	0.46949316789863316
46	59	0.30540514755140574
