19	121	0.9202872105612256
19	20	0.6229858104861418
19	17	0.6204952567166154
121	20	0.5742091383031774
121	17	0.5640205666397979
81	96	0.85420367720835
81	74	0.7872280142042181
81	61	0.7482337073381403
81	97	0.685284336866865
81	88	0.7060233318121863
81	92	0.6875477338807652
81	98	0.6739198061892923
81	190	0.6603138988754776
81	198	0.6532172460706956
81	195	0.6264490460792687
81	90	0.6050782042784921
81	85	0.5791548079487674
81	93	0.5748790372832507
96	198	0.7673702803375593
96	190	0.70517473260612
96	74	0.7181624948943196
96	98	0.6985484485595795
96	97	0.6639193523106847
96	195	0.6244765498556399
96	181	0.6102941752978814
96	61	0.5987844221976966
96	88	0.5892001482326217
96	95	0.5663005508329064
139	142	0.8487596583138626
139	114	0.7462773873760787
139	176	0.6569961436472114
139	134	0.6476731315421079
139	199	0.6075066504549304
139	141	0.6002641390016014
139	38	0.5993550148898501
142	38	0.667072604190589
142	176	0.6357689918342537
142	114	0.6253054848325612
142	156	0.5970689929580038
142	134	0.5848548872674895
142	145	0.5790750528412723
142	141	0.5664024377302704
9	108	0.8310744315380191
9	112	0.8118731484163844
9	3	0.7967321035725647
9	12	0.7587956363164696
9	103	0.7271674979569598
9	113	0.6665172197532356
9	11	0.633080227484289
9	6	0.5876442024923489
9	106	0.5672982959481323
9	109	0.5662733780699579
108	112	0.7460513356288943
108	103	0.7456164785744198
108	3	0.7411382027653798
108	12	0.7159617311379489
108	102	0.6198798894528775
108	113	0.6008203725577073
108	6	0.5969145287585458
108	111	0.590914465357807
108	1	0.5866285330332338
108	13	0.5722755284628626
13	111	0.8259638138789109
13	12	0.8164913025992865
13	10	0.6736850303683546
13	40	0.6291089094636625
13	110	0.6819338148089554
13	102	0.6816930061056922
13	113	0.643544188995172
13	1	0.6403105964999098
13	141	0.6324446392101641
13	6	0.6001169916073276
13	104	0.5979241798098444
13	8	0.5792810641986861
13	39	0.5593934808554172
111	110	0.7934955770400535
111	102	0.7241898974935708
111	104	0.7003056025992186
111	105	0.6964843023547113
111	12	0.7869616770425109
111	113	0.6758474450309085
111	107	0.6461088124002969
111	6	0.6403223963955964
111	1	0.6045518193366348
111	8	0.5915844020668141
111	103	0.5758690750723627
111	10	0.5750865496639755
12	113	0.8144477639918106
12	3	0.7474271360623911
12	112	0.7336423674778788
12	110	0.7212090401399204
12	103	0.7127936296019834
12	6	0.6797773503355609
12	102	0.6469527091313311
12	10	0.6136405616270202
12	105	0.5952770692894465
12	1	0.5894090186635191
12	8	0.5610128462968212
123	126	0.8157900831961992
123	124	0.6572915878405813
123	138	0.5230795941370939
123	128	0.6537730017706133
126	128	0.7251443603460219
126	124	0.6438370201842697
113	112	0.7180559446827542
113	110	0.6617552622616197
113	3	0.639873787875073
113	103	0.6242935068577092
113	107	0.5589329654405842
112	11	0.6596648228904388
112	70	0.6498621257764631
112	109	0.634474326519731
112	106	0.6116666535587003
112	0	0.5635567098621781
112	5	0.4221948807411518
112	3	0.7056068170548511
112	103	0.6727609882695872
3	103	0.7814562103934444
3	6	0.6298394615907783
3	105	0.5836429660868714
3	106	0.5623544879186905
45	164	0.796073767833328
45	49	0.5738202441869997
45	146	0.7141633734702489
45	44	0.6899498305261859
45	173	0.5934014655748703
45	153	0.5596201750475549
164	146	0.751028461530289
164	44	0.7227219369457888
164	173	0.6777118151691464
164	153	0.5825275470468892
164	154	0.5157117051105805
164	149	0.6658330808312891
164	155	0.6383357725954744
164	148	0.6114287699942106
164	157	0.5781570723693874
110	107	0.7140555629845237
110	104	0.6901541235448034
110	10	0.6541564629241908
110	105	0.6270804985122969
110	102	0.6211037185256697
110	8	0.5939842414100778
74	88	0.6780307045746176
74	190	0.6443694893092664
74	90	0.6363763115311056
74	185	0.6283530379754442
74	198	0.5869563703286738
74	193	0.5682198991344494
103	6	0.6341635540045336
103	102	0.6220671196582354
103	105	0.57574206996402
61	63	0.7796196454007878
61	92	0.7695404907559447
61	98	0.7091142613237914
61	97	0.6811627066935821
61	37	0.6642882699240934
63	35	0.7021151601128321
63	37	0.700117012078257
63	92	0.6641876881014218
90	92	0.7777300613591117
90	88	0.7287657136804196
92	93	0.6530337494073202
198	181	0.7664229815097724
198	98	0.7264504402557159
198	195	0.7022672383659178
198	185	0.7006570374497556
198	199	0.6959174677345473
198	190	0.6426586943632571
198	183	0.6364655567899193
198	97	0.6279474017167044
198	197	0.5902176475395714
181	197	0.6381283416557395
181	195	0.6847429655562695
181	185	0.6088550976615569
181	199	0.6068437453902151
181	79	0.5812179281571973
62	67	0.7616781380309163
62	64	0.6850562039440933
62	35	0.6737887852976319
62	42	0.5531231274995903
62	72	0.40492844799877087
62	69	0.7128920006253437
62	65	0.6345340669620528
62	37	0.6280079661194443
62	68	0.6242996093957842
67	68	0.7369678524914222
67	66	0.5492313685152089
67	65	0.7179638969502736
67	69	0.705827680838361
28	132	0.754594260882331
28	29	0.6169402730673504
28	53	0.5885599924796734
28	131	0.6181280832395181
132	131	0.6567232466956208
132	125	0.5689710350887308
8	10	0.7544822861656544
8	4	0.46898628877799114
10	7	0.7372738098910705
10	104	0.5832274159865996
10	135	0.5602380064386321
23	25	0.7510851303096833
23	22	0.5640955688742318
25	22	0.6226981385964682
25	29	0.5151389225009725
25	26	0.5677118381022489
146	44	0.6514018539967684
146	148	0.6191034397762534
146	157	0.6105639471244065
146	155	0.5735787313890072
167	175	0.7483481231200212
167	166	0.7347854721459964
167	183	0.7164390469036737
167	165	0.6277353664026668
167	199	0.6181219040245958
167	169	0.6077463506624623
175	183	0.7325229014655291
175	165	0.7281555652773962
175	169	0.6876584462977863
175	174	0.6405642276573134
175	166	0.629899788016243
175	180	0.5996817095191572
170	174	0.7483041223187139
170	173	0.6083199196719318
174	180	0.6507912164267144
174	165	0.597712117371631
86	91	0.7480355747956218
86	65	0.7357088886142361
86	84	0.7318084443555948
86	76	0.6207350430759948
86	54	0.3999756983561608
86	69	0.666428289502904
86	68	0.5704569710062343
91	69	0.7421056950802413
91	68	0.694092575264626
91	65	0.6689940479006525
91	84	0.6093520019707748
6	105	0.7473785832763327
6	102	0.5829898216298612
105	107	0.6551107919563375
114	134	0.6532631082523153
114	141	0.6518679052455922
114	176	0.6532057797763087
114	79	0.5795401347014206
114	70	0.5660899297217504
70	176	0.7456475608767672
70	199	0.5959868139908183
70	38	0.5888213697853442
70	109	0.562662100896997
176	199	0.7150099759155663
176	156	0.640646775099837
176	177	0.5119582542606188
176	38	0.6367569725648656
176	134	0.5647906008404134
69	68	0.7396019092665312
69	65	0.6986457213603066
69	64	0.5772376258949233
166	199	0.7415480761086051
166	183	0.6395725031981179
166	37	0.5641910128025632
199	98	0.697984782592623
199	38	0.6499776466038969
199	183	0.6454792264468229
83	190	0.7411021434943121
83	87	0.6847482767906123
190	55	0.5510096536061838
190	87	0.6569165664788538
190	195	0.6560630351336527
190	185	0.597281308960911
190	194	0.5961415437879988
190	193	0.5669048263946009
190	88	0.5590223461577817
68	65	0.5913958616365849
7	135	0.6717799750916387
7	78	0.6406585663829456
7	31	0.5488821001778317
183	194	0.6548424193139826
182	187	0.7320916363071596
182	135	0.651551504310347
95	197	0.7319338228074432
95	97	0.573075259318581
84	60	0.6888216248457113
84	189	0.6595122882994963
84	76	0.6038597399205099
88	85	0.6881378307151876
88	193	0.5880106994500581
88	87	0.5776242385139938
88	50	0.5712995932729741
165	140	0.6463534142384314
165	171	0.5543434746938218
165	169	0.6369234142415134
165	180	0.5864514209044575
98	97	0.6225879217788591
102	1	0.653601193820101
44	149	0.6779604627163405
44	18	0.4081421489077835
44	48	0.3002187443953846
44	155	0.5650425224677842
56	163	0.7198964480065001
56	162	0.6390462609479921
56	161	0.6121921091361797
56	57	0.6029185764247191
107	104	0.6138275607746694
51	155	0.712606647372874
51	157	0.629827395393732
155	157	0.6891578124451586
155	149	0.65120032158888
155	148	0.5713265373282236
195	196	0.6153583568455542
195	194	0.58834426353296
195	185	0.5818069685912948
35	32	0.5608209420726691
35	37	0.6595744385800435
32	36	0.7020644531225927
185	194	0.5681047765701612
53	157	0.6904682058194597
53	27	0.6721913015226696
157	148	0.6378377826385694
157	144	0.6160847943897795
157	122	0.4696334797492892
157	27	0.5749192067431974
157	173	0.5603683579032399
60	76	0.5840384440815265
85	160	0.4609760442214646
97	99	0.4609917940979892
87	191	0.6599527955670296
87	50	0.6462777183341307
149	143	0.5460108681937053
149	148	0.6349102574339653
173	179	0.6060977575637145
135	78	0.613203962475079
40	144	0.6678765964654254
40	24	0.6337269312438722
40	141	0.5876834815648513
38	79	0.5994254953351308
189	82	0.5461091227807872
189	180	0.5761630854720157
194	193	0.6368104781486262
194	158	0.3211062062395342
134	140	0.6422652418411074
134	141	0.5782236419603646
141	150	0.5389041811356494
141	2	0.5066332528149112
141	140	0.6022307204679143
141	24	0.5684230023500382
180	168	0.4564121786112127
140	137	0.6429168968478488
140	145	0.618103365921484
127	143	0.6459573256710536
143	130	0.5017483483787258
143	129	0.46244740119165456
137	138	0.6056483859505275
17	119	0.641359603947995
17	20	0.5734713603459802
119	120	0.4672215040656526
78	80	0.5642046464187438
78	75	0.5004152767053178
156	52	0.6114412929382557
162	57	0.6229062585154312
162	100	0.3430982998333864
147	148	0.6386615482805585
147	186	0.4511713272916993
193	73	0.5956772215839353
193	184	0.5385563940068127
24	39	0.6201384366725354
171	172	0.6314656083505468
171	178	0.3120635764692351
20	43	0.6202615070706301
20	49	0.5599978126688027
22	26	0.5995279957557244
22	34	0.5947086038636007
41	145	0.6213432102679599
43	188	0.5991947974948815
43	77	0.5754144022269667
33	34	0.6191034397762534
29	133	0.5101999160995156
161	58	0.3030457874007097
179	89	0.5657840578382894
179	192	0.3212766050942388
138	136	0.4377709852741481
59	151	0.6039169186201484
59	58	0.5432747880160066
151	118	0.38787815636006545
79	101	0.4950894379454253
47	153	0.5932394728714049
14	152	0.5921756090168644
14	15	0.5200439533974774
152	154	0.5596064383886168
125	21	0.5303916814154492
89	94	0.5000178915360481
154	46	0.5304276146956979
82	159	0.5584927479056577
42	30	0.4807351864774489
15	116	0.5529218193205637
116	115	0.50657378458498
177	71	0.5011420207281047
18	118	0.48829570014035273
120	117	0.42674489324731585
16	117	0.4388535473774312
