19	121	0.9204248608191351
19	20	0.8209094811090137
19	119	0.7252439199714856
19	124	0.7885553038935462
19	25	0.6305809485557393
19	128	0.6124296377799197
19	23	0.5880434106591703
19	125	0.5486165279916034
19	18	0.508170316739777
19	132	0.5052642643269516
19	120	0.49762915826227494
121	124	0.8488714631666877
121	20	0.813367593014581
121	128	0.6692536163391822
121	119	0.6666728020564665
121	23	0.6309422324215427
121	25	0.6204891068220921
121	132	0.5890369133951942
121	126	0.5606152635129066
121	133	0.5462705084170664
121	125	0.5386060891240111
121	131	0.5276840400622828
121	28	0.5202336118637108
121	136	0.5151462687820338
121	123	0.5093339551998689
121	77	0.5075321218699619
121	129	0.4993501104629057
28	132	0.9026601683823515
28	29	0.724042444207564
28	131	0.8282382915975468
28	133	0.8018598407417695
28	23	0.722573825136425
28	25	0.7187624212019156
28	126	0.7085719412694818
28	129	0.7061587193852974
28	128	0.6415773556725258
28	21	0.6332899043148866
28	26	0.6157993113222823
28	22	0.6005838844907948
28	125	0.5921106723668823
28	124	0.5716699660851173
28	123	0.5605535464517474
28	77	0.5320784848051545
132	131	0.8873453925587569
132	133	0.8563516416152953
132	126	0.8120094489419725
132	128	0.780637282687772
132	23	0.7564782867568952
132	129	0.7133294116299408
132	25	0.7073049321234394
132	123	0.6782413558628264
132	124	0.6612378338144461
132	22	0.6497985765199884
132	125	0.6411299699564456
132	29	0.621060720544347
132	77	0.587676935245125
132	21	0.5634065624052977
132	116	0.5330599114884207
132	188	0.5230069515637317
132	75	0.5128947762499927
132	55	0.4983210173241547
132	26	0.49540642432175414
12	111	0.8985230652520125
12	13	0.8562449403250949
12	6	0.7817674766872483
12	113	0.8021809276512728
12	108	0.7265118295263768
12	1	0.7264268259101105
12	103	0.7144817065926059
12	112	0.6964688547434483
12	8	0.6914036726868051
12	102	0.6864547141349735
12	110	0.6776090676679155
12	0	0.6731111687433124
12	3	0.6660668153032828
12	11	0.6458582491394621
12	9	0.641683251571512
12	10	0.6339961300358428
12	114	0.5789819912056815
12	104	0.5576320401669842
12	4	0.54250604386347
12	105	0.5289167762510284
12	107	0.512629429245764
111	113	0.833440968379123
111	102	0.7564141183858296
111	13	0.7937176901274791
111	1	0.7433342187993152
111	110	0.7322076255350697
111	6	0.7219759265814882
111	8	0.7100823774925449
111	103	0.7041527319603559
111	108	0.6713517556977434
111	0	0.6313152718242248
111	107	0.6199353037642471
111	104	0.6127607431437335
111	112	0.5951802138601837
111	105	0.5881742362606354
111	3	0.5766104968774605
111	10	0.5715959101490184
111	4	0.5562800330549579
111	9	0.5174931897765486
111	114	0.5074430271067426
131	133	0.7912253916751391
131	126	0.7574774292998023
131	23	0.7031480292620939
131	128	0.6981334694924566
131	129	0.6842540207714037
131	124	0.609930072665708
131	123	0.6096536849747504
131	25	0.6011525564822326
131	22	0.5976864071479625
131	29	0.5733639695973956
131	77	0.5223310117162399
131	125	0.5104661577633035
131	21	0.490296048668576
9	108	0.8871325856421509
9	3	0.8826859272305795
9	112	0.824079729957018
9	109	0.7877598086310331
9	103	0.7790306672613712
9	11	0.7476521401389669
9	6	0.6948536044067165
9	106	0.688016724294638
9	5	0.6032685293978117
9	0	0.5294783371565007
108	6	0.7647260157498459
108	3	0.835082595368951
108	112	0.7911879924781875
108	103	0.7831246961834394
108	11	0.6695571593559403
108	109	0.5892980660557063
108	113	0.5423295981383351
108	106	0.5205836157913648
108	0	0.5107323015917761
95	197	0.8833687398620862
95	98	0.7274077348322396
95	93	0.69700399531317
95	99	0.5020924632849285
95	198	0.7000864206230739
95	79	0.6887743246842922
95	96	0.669832913621517
95	181	0.6160475666421299
95	97	0.582705897638511
95	199	0.5772242898064983
95	106	0.48911775899427085
197	198	0.6959793464321266
197	181	0.6896825121788838
197	79	0.6569734088070661
197	98	0.650150871538674
197	93	0.6084332976936471
197	199	0.6082821214798536
197	109	0.5911747318636814
197	106	0.5840647994296445
197	96	0.5489938869100567
197	99	0.5013217247129365
197	145	0.49588919757153316
197	196	0.48907971987313015
3	103	0.8417360933695984
3	6	0.7541719729832002
3	112	0.7302253597431879
3	11	0.6940459311562457
3	109	0.6755866099233633
3	0	0.6246107378065944
3	106	0.6181713356050521
3	5	0.5801640798508014
3	1	0.5662394103851721
3	102	0.5446899942644003
3	13	0.4838661143204482
23	25	0.87341449863666
23	126	0.7931990970835009
23	133	0.7845129529017602
23	124	0.73713228507735
23	29	0.712965760486685
23	22	0.7097103421676245
23	128	0.6793360241733267
23	129	0.6170269794357384
23	20	0.5736324095209138
23	123	0.5558241010617045
23	26	0.5538237312199229
23	21	0.505584419199182
23	77	0.4883794680446437
25	21	0.6529304988257505
25	133	0.724151851370053
25	29	0.7144474387664344
25	22	0.7024699097136966
25	124	0.6781063358057933
25	126	0.6766668857933966
25	128	0.670378362366543
25	26	0.657569802419536
25	129	0.6270137492029528
25	125	0.6229735725600636
25	20	0.574631264377739
25	18	0.543063297801749
25	123	0.49404698307875167
83	190	0.8668585151387285
83	87	0.7122619412449773
83	90	0.6743616888767302
83	55	0.671993916578741
83	74	0.6581653730426373
83	88	0.6557952493735838
83	85	0.6260053232775424
83	193	0.6147988464437664
83	73	0.5988357363167581
83	81	0.586930150424317
83	97	0.5110722318630605
83	194	0.49904979070616895
190	55	0.6908133958765735
190	74	0.6753854340341788
190	193	0.6562281822836503
190	87	0.6447728136145046
190	81	0.6032876110649079
190	90	0.601631302245914
190	73	0.5911291941087534
190	88	0.5790750528412723
190	85	0.5750330051638404
190	194	0.5608894862154349
190	185	0.5508007025637501
190	160	0.5229270359563001
190	97	0.5221491953994025
190	181	0.5188391561146042
190	79	0.49384285810873607
190	184	0.4923745819521108
190	196	0.4879529195541105
190	198	0.48500644298391643
140	141	0.8593620674684856
140	138	0.7529533309772831
140	144	0.6748575494899451
140	146	0.6884956603211319
140	62	0.6830236284037816
140	37	0.6654822339319224
140	33	0.6557211518201175
140	24	0.6484503526903427
140	36	0.6277596037264597
140	166	0.609967750405203
140	32	0.6064013390643399
140	42	0.6001041942618034
140	114	0.5981233137620056
140	147	0.5854993035745868
140	7	0.5771709423735969
140	31	0.5683823872474693
140	135	0.5667147829363453
140	137	0.5650016774662154
140	139	0.5647974109177225
140	35	0.5132999783264918
140	2	0.5056811828101124
140	149	0.5039151104388542
140	40	0.5005426952381626
140	150	0.4992450121908703
140	134	0.4979150029794652
140	167	0.49588919757153316
141	138	0.6790343480016413
141	24	0.6370184971213229
141	37	0.6138026315335671
141	114	0.6082506208787829
141	36	0.6056040607691351
141	33	0.5863201905679799
141	144	0.571400627130335
141	134	0.5612183910725639
141	135	0.5572943151253128
141	166	0.5566735231837925
141	32	0.5539346460745699
141	2	0.5384356902652137
141	139	0.5281600969016955
141	147	0.5272293127335261
141	146	0.5164233690784393
141	62	0.5088005428549306
141	142	0.49051630418273456
141	7	0.48840992686941653
141	34	0.4875490071014939
126	133	0.8572821653519664
126	128	0.8446837827050955
126	123	0.7863518035374277
126	124	0.7379941253816863
126	129	0.6860261642031915
126	22	0.674078066562463
126	125	0.5531300680092588
126	29	0.5390957404748795
126	77	0.5125925677475668
133	129	0.8090248660126117
133	128	0.8283638585240479
133	124	0.6836366471528073
133	29	0.666456082243535
133	123	0.6612659711105071
133	22	0.6267284438790853
133	26	0.5748522561037278
133	125	0.5579007098620529
133	77	0.49366893093323966
13	110	0.7915990582756497
13	8	0.7354932098093441
13	1	0.7529923038514732
13	114	0.7527193827859651
13	10	0.7378574857327371
13	0	0.707699490162874
13	113	0.6870464924275477
13	102	0.6807926808560859
13	6	0.6597213033965742
13	4	0.6110842690055762
13	103	0.5630105406730297
13	104	0.5307940252814805
13	105	0.5065068770646677
13	107	0.5054280818797572
13	2	0.487716694224985
44	149	0.8550395030790883
44	31	0.7597950256671387
44	46	0.6149107980816784
44	42	0.7216214617055475
44	33	0.6920607707072464
44	171	0.6552192361284225
44	146	0.6524253687670399
44	62	0.6440770011177833
44	45	0.6433508171465452
44	142	0.5858606419893198
44	67	0.5780705203926353
44	154	0.5650901714693929
44	40	0.5623066230144812
44	7	0.5537266645960018
44	167	0.5532549840538575
44	153	0.5285421447846079
44	147	0.5248207355524697
44	47	0.5129242532031739
44	138	0.5078587098210996
44	164	0.5064473985920153
44	24	0.48846322694910277
44	17	0.4873431600984284
149	146	0.7438796180954713
149	31	0.7122717947631514
149	171	0.6885903238591606
149	45	0.6663282202996833
149	42	0.649642553461531
149	147	0.6132102022458202
149	33	0.6125858463446688
149	154	0.6122171173566333
149	46	0.6110090743699652
149	62	0.6038089091918876
149	164	0.6002769325072785
149	153	0.5985534478206215
149	142	0.5872053980160457
149	167	0.5838736952560882
149	138	0.5729073390775561
149	47	0.547237970651976
149	40	0.5399393560583756
149	7	0.5260369282610781
149	144	0.520634643420719
149	67	0.5164380350650377
149	17	0.50635817184591
149	156	0.5027129641783179
149	152	0.5012992640792931
149	165	0.488935154245842
124	128	0.7733864294198086
124	20	0.7881010576343863
124	119	0.6505721033492557
124	129	0.6065783466816451
124	125	0.5948572375160189
124	123	0.5893307014835465
124	29	0.5142641747303757
124	77	0.5020176692139926
128	125	0.6527009661849663
128	123	0.7855490122709198
128	129	0.6599923061032424
128	22	0.592642925882506
128	77	0.5914608828845224
128	20	0.5698292798562267
128	130	0.5327233790475236
128	116	0.5317844947677977
128	188	0.4977720941379947
15	115	0.8428691414495031
15	14	0.7222343512163082
15	116	0.7881010576343863
15	120	0.7048578728641145
15	43	0.6710385423867006
15	77	0.6444805854190472
15	18	0.5644022992772894
15	152	0.553678125640005
15	186	0.5150801495277563
15	16	0.48530464637547976
115	116	0.818778440521973
115	120	0.7571959781902726
115	178	0.33223635812381114
115	14	0.6762655146616942
115	77	0.6442817626364785
115	43	0.6366856222463236
115	18	0.6260965323125414
115	152	0.6165065165272553
115	118	0.5589467171656596
115	16	0.5540940517364976
115	186	0.5409729001873247
115	187	0.48512114995055305
103	112	0.7128083870436566
103	102	0.7089501611307907
103	6	0.7000252300022817
103	0	0.695478864346796
103	1	0.6683416457713764
103	11	0.6286797202251476
103	109	0.59366702957697
103	106	0.5339970163054222
103	113	0.5248859431598843
103	5	0.5144553875724825
1	102	0.837039088779638
1	0	0.7343434738012482
1	110	0.712380164935704
1	6	0.6537157399409648
1	10	0.6347729529239458
1	8	0.6224348018794854
1	113	0.6037707829226037
1	104	0.5800512890886963
1	114	0.5603340575770545
1	4	0.5521715519272616
1	107	0.5333533446644321
1	105	0.5259139587900427
1	2	0.5168852021109134
102	0	0.7496431868511846
102	104	0.7359840065959038
102	110	0.7465785221547543
102	10	0.670218659396341
102	113	0.5961866649732062
102	6	0.570902025415107
102	107	0.5590910917161718
102	114	0.5523592027223909
102	8	0.5511071404559081
102	2	0.533961272991782
102	4	0.5094080093200023
77	116	0.8366794890768107
77	188	0.7590161484630936
77	43	0.7732658394153877
77	76	0.7138741689467959
77	187	0.6820942718594813
77	75	0.6806424262469918
77	186	0.6765964037433835
77	148	0.6428112862117197
77	14	0.5917923716160961
77	123	0.5192190726639012
116	43	0.7733060423006612
116	186	0.7152982231166028
116	188	0.6921753846707576
116	187	0.6882694246552385
116	76	0.6535324517713121
116	14	0.6381461250818782
116	75	0.5859394485255639
116	120	0.5726318457376681
116	148	0.5352610997258896
113	110	0.7555013548946746
113	6	0.609496580437084
113	114	0.6032367250844393
113	105	0.5893633349881374
113	10	0.5734512260816277
113	104	0.5631061558142313
113	107	0.5559484793388835
113	0	0.5505150244452744
113	8	0.5421319221159895
113	112	0.5298812231621847
113	4	0.5225127805551274
11	112	0.8291780178236323
11	109	0.5749526791762581
11	6	0.5548281788482889
11	70	0.5117442318548534
11	176	0.5006026493980849
11	156	0.49270783933138207
11	106	0.4881966901057087
112	109	0.6372323627433524
112	6	0.5977635341309077
112	106	0.5452102359548203
112	0	0.5200950203384577
112	5	0.5152491087695393
70	176	0.8278610912857148
70	139	0.7965128680225904
70	38	0.7168622251591675
70	199	0.6657829778612426
70	71	0.6201322823511768
70	142	0.5855781609015609
70	98	0.5531231274995903
70	177	0.525812673302148
70	35	0.5033478804461657
176	177	0.7780854348734547
176	199	0.7417190683680731
176	71	0.7625165525371222
176	139	0.6149667646081657
176	98	0.5860642028782541
176	156	0.4899237504610822
86	91	0.8254865472621844
86	84	0.738771816787725
86	63	0.6178684904383714
86	65	0.6168845253491779
86	78	0.600046602405416
86	76	0.5922080744579796
86	92	0.5905303476279189
86	189	0.584512651940538
86	80	0.5764302383278979
86	68	0.5685380634297256
86	180	0.5391453949057861
86	82	0.5258488484026814
86	94	0.5040120931280637
86	148	0.4908351838466402
86	49	0.48912536659523875
91	88	0.7275677937562023
91	76	0.6665283347009837
91	180	0.6165003172918859
91	84	0.7369998323285099
91	193	0.6640759023105682
91	80	0.6146308725227304
91	73	0.5946633594628139
91	81	0.5831746258611209
91	78	0.5766839194570168
91	82	0.5759760051883507
91	75	0.558595952136642
91	65	0.5249294114756782
91	189	0.5102442965036265
91	148	0.49570065072494224
91	184	0.49350252884640655
110	114	0.8229533617006224
110	10	0.8108138134967686
110	104	0.7219184715126507
110	0	0.6666505795688734
110	2	0.6347669822530633
110	4	0.6030267684967394
110	8	0.5922859836725753
110	107	0.563549885785373
110	134	0.5225927438021621
110	6	0.4838967486708514
114	10	0.7680683119122106
114	0	0.6241836481426476
114	2	0.5963348937809403
114	139	0.5897873955352773
114	36	0.5859460152367134
114	104	0.574818777897322
114	134	0.5598055898474597
114	144	0.4891710106381895
98	199	0.8228242200907149
98	198	0.7347164509926645
98	96	0.65550448653018
98	71	0.6397202163300144
98	177	0.5891152721178353
98	97	0.5410436311928596
98	38	0.48674818667067116
199	198	0.6412359691477264
199	177	0.621760508067972
199	71	0.6139272654976787
199	38	0.590992558231243
199	142	0.5435355310184624
199	139	0.5100445632874127
199	174	0.48580904114819407
31	42	0.8209746919264737
31	62	0.7260913170361235
31	135	0.6688669655472146
31	7	0.6675773605140366
31	33	0.6617440205133781
31	67	0.656944988576517
31	146	0.6517068567491932
31	45	0.6291572447893073
31	167	0.6139771105144896
31	40	0.595025209198663
31	37	0.5940036565457324
31	138	0.5739208450763252
31	32	0.5670133955727815
31	30	0.5648246504576998
31	147	0.5534492484533451
31	24	0.5417858446503416
31	171	0.5359742133413272
31	69	0.5349613642269274
31	166	0.5149552408767796
31	34	0.5079996913265161
42	62	0.769703563524043
42	146	0.7355207515782035
42	33	0.7164001074645723
42	67	0.7008606122707948
42	69	0.6557496523742257
42	32	0.6430694023964043
42	135	0.6221161598175204
42	37	0.6005838844907948
42	138	0.596302673585543
42	40	0.5944176812724417
42	171	0.5921821022588937
42	45	0.5738604866210776
42	41	0.5670133955727815
42	7	0.5604781060309567
42	166	0.5508494639846466
42	30	0.5229706274274424
42	24	0.5225345896250801
42	137	0.5193140197566777
42	64	0.5176542556125235
42	167	0.5088005428549306
42	36	0.5041016043310643
42	34	0.4847157773024101
20	119	0.6620305921477995
20	150	0.5824020074388297
164	165	0.818712509353181
164	45	0.779933204335335
164	167	0.718085007170228
164	171	0.6954478845051288
164	175	0.6148237267270347
164	137	0.6092388253336182
164	60	0.5583619977212534
164	172	0.5457160142984396
164	62	0.5407677369934688
164	153	0.537433707549135
164	189	0.51134553808359
164	67	0.5095412877242146
164	169	0.5078587098210996
165	137	0.7019376544941165
165	171	0.6849553581996431
165	167	0.6616315866641289
165	45	0.621748239638001
165	175	0.5795069270775772
165	153	0.5379526543176206
165	183	0.5063804795490868
165	60	0.49270783933138207
165	168	0.4890036360495173
10	2	0.6928831327918056
10	104	0.6950397420854774
10	0	0.6654599480028458
10	4	0.593258914533227
10	134	0.5638909954039196
10	8	0.5258488484026814
127	143	0.8094045546069956
127	39	0.6082695214693543
127	130	0.5831746258611209
127	118	0.57267216991832
127	129	0.5723696710204131
127	26	0.5316984246455849
143	39	0.6497061250192081
143	118	0.5285997938029849
143	26	0.5165260246223895
143	129	0.5057928173227572
143	130	0.4918441021126704
129	26	0.70144017457887
129	125	0.6362810978068173
129	29	0.5792877084946834
129	22	0.52763352972785
129	21	0.5143671418465837
129	123	0.504832207106164
79	181	0.8017527087347855
79	93	0.6803363737862045
79	196	0.6554816733773016
79	145	0.5398685056839432
79	81	0.5229706274274424
79	182	0.5080887182566438
79	41	0.4966052492364949
181	196	0.7281931462459531
181	182	0.6882167925129961
181	145	0.651234876527177
181	183	0.5520325152592485
181	93	0.545392923961466
181	198	0.5285205251457722
181	135	0.5094228192387152
181	81	0.5083853962870691
137	166	0.7967321035725647
137	171	0.7238139988123977
137	35	0.6970502690990206
137	62	0.6567744279823604
137	167	0.6325166353991861
137	37	0.5766171720423194
137	175	0.5732565591433278
137	153	0.5688357653053707
137	172	0.5654100028571739
137	174	0.556859826116508
137	67	0.5530398353947964
137	45	0.5466422426782698
137	69	0.5453718472198644
137	61	0.4981029997363991
137	145	0.4916469736698357
137	32	0.48989335087661
166	37	0.7418989561174574
166	32	0.7290937766443027
166	61	0.665899875451097
166	135	0.6460155958201977
166	172	0.6114475542954239
166	69	0.6091067545471247
166	35	0.5995856436014415
166	145	0.598457179112533
166	36	0.5895721438754323
166	62	0.5895329982094978
166	167	0.5852758143009673
166	175	0.5785896371095166
166	41	0.5004977264670746
166	30	0.48505997497891223
139	142	0.715469102287479
139	38	0.6979642693301852
139	36	0.5594553148462141
139	7	0.54187767903454
139	62	0.4950969867725359
73	74	0.795890561647692
73	88	0.7838969170837511
73	193	0.7109785919161505
73	81	0.6939474411230409
73	90	0.6690713832319268
73	85	0.6569336199615077
73	184	0.632738554854192
73	194	0.5839989087504148
73	75	0.5593453834467689
73	55	0.5093339551998689
74	81	0.7663817187660972
74	160	0.5636454158613864
74	88	0.7163903719073619
74	90	0.7090545974113275
74	85	0.680862422455689
74	193	0.6722241897274498
74	55	0.6218770429351971
74	194	0.5747518157111754
74	184	0.5086226518538753
74	185	0.5075618177128931
74	182	0.49863665523296463
85	88	0.7928279676352815
85	90	0.7259730977292521
85	81	0.6971941948629392
85	193	0.5937317816784348
85	160	0.5548627861728018
85	96	0.5217344766895295
85	55	0.515909868701086
85	94	0.4860000153438524
88	193	0.7405607411373588
88	90	0.7036684025360603
88	81	0.683535432229534
88	55	0.6408177191315402
88	75	0.5870415765151058
88	87	0.5842031448041655
88	76	0.5690589439409087
88	84	0.557935146241317
88	94	0.5253494640252937
88	96	0.5152931785084276
88	97	0.5056811828101124
88	184	0.48813575460661646
109	106	0.7874180754044551
109	5	0.6542193871215092
109	101	0.5223382833813993
106	5	0.7312226894885552
106	101	0.5700723360385906
123	22	0.7166579980909958
123	130	0.5936411265835541
123	34	0.5927272600517368
123	136	0.5718247802202628
123	125	0.5108727269413925
123	188	0.48492231393338225
32	37	0.785319156311037
32	36	0.774389172138708
32	69	0.7158934884661784
32	135	0.700845348117793
32	30	0.6911217085214866
32	61	0.6567744279823604
32	41	0.6524425986639438
32	62	0.5837484539773108
32	134	0.5721880968652717
32	35	0.5708346144790901
32	68	0.5706458229127553
32	2	0.5186637408517987
32	92	0.5174565787893556
37	36	0.7155569496866132
37	61	0.7011657605556292
37	62	0.6976051017934572
37	69	0.6938644820008322
37	35	0.6705380032531955
37	67	0.6005710983572599
37	92	0.5953609966715687
37	30	0.5928958894033712
37	135	0.5807343274810194
37	68	0.5645453868251683
37	24	0.5493640402005261
37	172	0.5186637408517987
37	167	0.5071682499463236
37	63	0.4933663548057512
4	107	0.7851657986162295
4	8	0.7684371208306457
4	105	0.5023691360422152
107	8	0.6991265859286047
107	105	0.5900221199857335
51	155	0.784051070988576
51	47	0.6650697521644633
51	53	0.5842953561977212
51	154	0.5796663061209676
51	50	0.5329596854110579
51	157	0.5235152899855643
51	17	0.5075098491964876
51	173	0.5004677457858479
51	153	0.4913966995999965
155	154	0.6814199109149904
155	47	0.6486763052711021
155	17	0.5875263486550896
155	173	0.5550011962689383
155	153	0.5517960824573241
155	156	0.5250090962766046
155	53	0.49823081079072723
155	125	0.48937637567440606
155	157	0.4885317502673496
6	105	0.6973021023160149
6	0	0.6016951023849012
6	8	0.596566822470345
96	198	0.781144554670701
96	97	0.7286813005119738
96	81	0.6454150526680644
198	97	0.6637123933759913
198	177	0.58715298036812
198	182	0.5704569710062343
75	76	0.7809495719397461
75	188	0.7093975262685036
75	186	0.7008148178861299
75	148	0.6634157615531048
75	187	0.6020713669395055
75	43	0.5686192696255301
75	184	0.5538583942237713
75	193	0.5154327147039939
75	97	0.4922230535781778
75	78	0.48829570014035273
76	188	0.7305845713085126
76	187	0.7159178624193591
76	43	0.6583750447600029
76	148	0.6535095353588803
76	186	0.6379564000978561
76	78	0.5668505344190211
76	80	0.547553131791603
76	84	0.5386983701145864
76	97	0.48544988406771106
45	171	0.7380533171097609
45	67	0.7154056428701362
45	62	0.6660111760977705
45	167	0.6607479469788516
45	69	0.5735988612657861
45	64	0.5498804975231628
45	60	0.5201460835612207
45	153	0.5050333686815289
45	40	0.500647611866776
45	47	0.49907231884807407
45	35	0.49587411554388017
45	7	0.4888286150157375
177	71	0.7668352612051261
177	191	0.5521854539052792
177	179	0.49930507014547565
2	134	0.7772950398254896
2	104	0.6906826790910507
2	30	0.61587380076244
2	150	0.5151315761442236
134	30	0.6994127581885691
134	100	0.4750406512800731
134	104	0.6398383528225425
134	135	0.549754911435278
33	138	0.776938559361336
33	136	0.7414760505314199
33	24	0.6764228566364145
33	146	0.7376296185195877
33	34	0.6761243969643289
33	62	0.6220916403480273
33	135	0.5883246476559124
33	144	0.5274314510782331
33	147	0.5145362699169787
33	39	0.50520468527697
33	27	0.4963415192786247
33	41	0.4879376813664363
33	130	0.4853658023530234
138	146	0.7701514961572267
138	136	0.6663726984648504
138	34	0.6660000473672684
138	24	0.6498621257764631
138	130	0.6087481063585046
138	135	0.6047357970348459
138	62	0.5821310115045887
138	144	0.5725713542710587
138	147	0.5590154711791843
138	39	0.5262249566792968
138	40	0.5222364731564716
138	142	0.5188830031053843
138	41	0.5172881438475532
138	27	0.5162693579285498
36	38	0.6465164083695568
36	41	0.6303580205165599
36	135	0.5728334389307898
36	62	0.5294783371565007
36	30	0.5278283347427315
43	187	0.6442583659931164
43	188	0.61646931996848
43	186	0.6007692489101325
43	148	0.5951220923008158
43	40	0.5275324978652552
43	14	0.5063432996672629
43	120	0.4933285243905726
146	144	0.6731111687433124
146	147	0.638199471274968
146	136	0.6169650478439337
146	40	0.606312812711131
146	62	0.599822574938912
146	171	0.5693428682706434
146	154	0.5451118440334582
146	130	0.5387125660429588
146	150	0.5384285893569057
146	135	0.5337324705898104
62	67	0.7091291757154382
62	7	0.7033603113545599
62	167	0.695189618601444
62	171	0.6870992855119655
62	69	0.6373273826411205
62	24	0.6062179463680692
62	41	0.5996432852258266
62	35	0.5874084698879893
62	135	0.5608552151051356
62	40	0.5608552151051356
62	142	0.5474901119850629
62	38	0.5234862521078628
62	64	0.5039374921873366
90	94	0.7692548717426577
90	54	0.5698090206721499
90	81	0.7182399648128485
90	194	0.6274262338242266
90	55	0.5834187388982137
90	193	0.5167825985304882
94	54	0.540619130366231
94	81	0.5328809258569424
94	92	0.5053908538162805
8	105	0.5669862551248663
38	41	0.7669999961393867
38	142	0.7442857882679378
38	145	0.5587472870601802
38	7	0.5270632258683934
41	145	0.7437768726021491
41	135	0.5940489558380226
41	93	0.5880564946042336
41	40	0.5703895092736346
41	27	0.5576320401669842
41	142	0.5326517546520217
41	69	0.5241610681781477
41	66	0.5240377638123234
41	195	0.4995227400107189
81	63	0.6178313947514892
81	78	0.610193758930239
81	194	0.6088488046685413
81	182	0.5973263349309731
81	183	0.5904065917012774
81	193	0.5700925862182132
81	92	0.549685130645542
81	97	0.5485046749894188
81	55	0.5451540138388217
81	65	0.5045042707293012
81	61	0.5003178243745953
188	187	0.7550589165266307
188	148	0.751903411618475
188	186	0.6983077154097773
120	17	0.6809911437460651
120	18	0.6682807761577373
120	152	0.6147864058432304
120	16	0.5650357151598423
120	119	0.5632632051064899
120	14	0.5428376322717724
120	117	0.5187733805096479
120	154	0.5127621149932685
120	46	0.49295768756366243
187	148	0.7148388668448913
187	186	0.6826927315114488
187	189	0.4985013980269789
148	186	0.6226675252919417
148	78	0.5182250116183237
24	34	0.751054617726613
24	39	0.6603646545589648
24	142	0.5192482885192917
24	135	0.502780216306178
24	7	0.49166972183190527
34	22	0.6477950240596319
34	27	0.5972427122754945
34	39	0.557935146241317
34	136	0.5355250407966062
34	135	0.5346900588788542
34	130	0.5247555217847494
0	101	0.5658860324431682
0	104	0.5354323166608476
172	175	0.7493539406234279
172	68	0.6804706365520724
172	158	0.42503398219850047
172	69	0.6001489836271724
172	189	0.5939454090629189
172	169	0.5835242686584431
172	61	0.5332746312836537
172	167	0.5197666679857122
172	67	0.5097337578170854
172	171	0.5055620873286174
172	63	0.49148771774647226
175	167	0.6770624393385432
175	169	0.6150040721842512
175	183	0.609798178859631
175	182	0.6020586165845925
175	174	0.6005071630821233
175	180	0.5882134779397996
175	145	0.5873888210030525
175	189	0.5745977734700208
175	60	0.5669523278337543
175	171	0.5578869347723934
175	69	0.552519009258901
175	196	0.5231449659558355
175	92	0.5201606723704876
175	170	0.5038927280136515
47	153	0.7483349235710909
47	173	0.642271116756966
47	154	0.6192699238943987
47	171	0.5517056582305481
47	46	0.4943795145059317
47	168	0.4941301294934466
153	171	0.7310225418166055
153	173	0.6761352539335108
153	154	0.6191157738421474
153	168	0.6104133942660286
153	46	0.524393110905217
153	179	0.5189122329158582
142	52	0.5976671236734427
142	7	0.586903929288791
142	156	0.5807210723742494
142	39	0.5789487512507493
142	167	0.5139699012689153
142	147	0.49018209882135777
145	196	0.7259920157023394
145	174	0.6980206780457795
145	195	0.6525000267824422
145	170	0.5507519373826132
145	93	0.5481689981791278
145	135	0.5380308164556656
136	130	0.5232466432165418
193	194	0.6770353590991532
193	184	0.6347430988115297
193	87	0.6093582888338422
193	185	0.6036436754071997
193	55	0.5638841750960079
193	182	0.5593178975221378
193	180	0.5163720357395709
180	189	0.7397830512740042
180	194	0.55336599965334
180	169	0.5452172633744922
180	157	0.5327448648781796
180	60	0.526369558917701
180	80	0.5152637989852733
180	82	0.5058374663852696
180	159	0.4902656636813003
189	169	0.6988964636384816
189	159	0.5854401533069307
189	82	0.616308103081784
189	168	0.5578318313397513
189	157	0.5490567583175374
189	80	0.5313468576544281
189	84	0.5308227549795921
84	82	0.6191096068473811
84	78	0.5437679971250914
84	80	0.5292912016993079
84	63	0.5022943697613221
171	167	0.709228588777202
171	67	0.6806102213785749
171	173	0.6153894225943329
171	169	0.5794737175292733
171	64	0.5304204281921232
171	46	0.49530832358262483
171	35	0.4872974089620348
171	154	0.48390440707315874
61	69	0.7352681943618805
61	63	0.7079888849741197
61	92	0.7000099307406696
61	68	0.6419537633024625
61	67	0.5855715898809079
61	35	0.5521437470500644
61	30	0.5490916841925012
61	65	0.5314832012862966
61	183	0.48865355462210003
61	135	0.48716013950078835
69	68	0.7265779280815697
69	92	0.6956130804530148
69	67	0.6927011191217646
69	35	0.6221590659528268
69	40	0.6007436852434489
69	30	0.582124400231248
69	64	0.5455334179464062
69	63	0.5287943232442956
69	167	0.49525549487453496
69	135	0.48868400273508283
97	87	0.5330599114884207
97	93	0.49403942386562066
196	93	0.6246900133544294
196	183	0.6231632261453918
196	170	0.5810987222576576
196	195	0.5579626939614121
196	182	0.5558310116189805
196	135	0.5451750977070327
196	194	0.5090450720510852
87	89	0.7274265694037052
87	191	0.5680776856760438
89	179	0.5702140727501234
89	50	0.5404492528987188
89	191	0.5370993755688581
89	82	0.5088005428549306
68	92	0.6294169638089074
68	67	0.6246412299255947
68	35	0.592785637632968
68	63	0.5264563056484775
68	40	0.5016810029642261
119	17	0.59639932840771
119	125	0.5331243346392895
119	154	0.5252987816057122
29	26	0.6729470592026925
29	21	0.5194016518490943
60	80	0.723723528645534
60	63	0.5160272729300643
60	167	0.4920108637288498
60	50	0.485021738210554
80	78	0.6587091748885571
80	63	0.6125296167724539
80	182	0.5745240866990305
80	92	0.5424989869532623
14	152	0.6509007323343164
14	186	0.5664431876420825
14	18	0.5000628891125074
167	7	0.5697549927950226
167	67	0.5217126425537124
167	135	0.5206492220602755
167	169	0.508162899072791
22	21	0.5466843122339105
22	26	0.5459968305977773
22	125	0.4881205199881856
67	64	0.5915063931819001
67	35	0.5710098669038592
67	40	0.5676101739552886
67	92	0.5342471660577821
170	183	0.7082032829382778
170	174	0.610369474705297
170	185	0.5717642056251361
170	182	0.5186198802114804
183	182	0.6788618585737751
183	185	0.650652841826428
183	194	0.5046682571226311
63	92	0.7064844407432631
63	65	0.6782413558628264
63	78	0.6422299907611698
63	30	0.5044073525661096
92	65	0.649440219870758
92	78	0.6192144353734127
92	30	0.5102590893678227
92	40	0.5047949489436058
179	191	0.7051898141449567
179	173	0.6239577499160691
179	168	0.6234934155024235
191	192	0.5333104112379782
7	135	0.5582862875647095
7	147	0.5252843002297725
7	40	0.49665045088318405
26	21	0.6069321815698807
26	18	0.5030715718622562
16	18	0.7013639693092029
16	117	0.6287099573651173
16	118	0.5495246057144503
16	17	0.5349113952120896
18	118	0.636025114848667
18	17	0.6276990081347221
18	117	0.5845850652299022
18	152	0.5369855219039903
18	21	0.5261164850237914
135	30	0.6239333222373556
169	65	0.5312679092835053
174	173	0.6524540848871693
174	195	0.6294290403425955
93	66	0.6396552283721944
93	195	0.6054203878374347
17	154	0.6916906420602132
17	152	0.6367510271214288
17	46	0.6135782132751676
154	48	0.5233991311782255
154	152	0.6286797202251476
154	46	0.6048499576377936
154	173	0.5283403348273308
182	185	0.6628218718410306
182	78	0.5796663061209676
182	194	0.48802910603114513
125	130	0.6866925916039162
125	21	0.6487805525270622
130	27	0.6317240761625491
49	53	0.678154948300623
49	157	0.5469787218483281
53	157	0.6200522692273837
194	185	0.5822169510535623
194	184	0.5094006042474801
194	160	0.48956648010302445
173	50	0.6335713241622348
173	195	0.5644772541283739
173	157	0.5446266930084972
173	168	0.4860763920301993
144	147	0.6543852347797605
144	150	0.6368818093871368
144	40	0.5832736033055712
52	156	0.6728704520700654
52	39	0.4899085508177763
156	122	0.47681195159632633
27	40	0.6705930374413799
40	147	0.5652330958572096
185	184	0.6284740572571973
195	66	0.5571771021038003
152	151	0.47569857138633437
152	46	0.5845916477944363
50	82	0.525508727362507
50	157	0.49181377794092723
82	159	0.51733208726219
58	161	0.5963606685538891
161	163	0.48693893250609316
161	56	0.45605584588425
57	162	0.5220182582552524
162	56	0.4847693290283733
99	163	0.42018774344310683
151	59	0.3805391981848755
72	178	0.3375013641805891
