1	102	0.9311805253890703
1	6	0.8585229729790842
1	13	0.8598841631079746
1	111	0.8347493886579038
1	8	0.830640885984253
1	10	0.7842051282320935
1	114	0.7795019599167922
1	105	0.7655965241530651
1	103	0.7637277195612084
1	12	0.7486867087672561
1	113	0.7231086256233284
1	0	0.7158008515293363
1	110	0.7036633539927428
1	108	0.6657607079471218
1	176	0.65495664063424
1	112	0.6477485927249474
1	3	0.6420243053118528
1	139	0.6414478941322327
1	107	0.5783101709201596
1	135	0.5748924274111448
1	144	0.5735518904756506
102	13	0.8623140834338275
102	111	0.8611815703268433
102	6	0.8384405830144531
102	103	0.825231521331979
102	8	0.8220800042812773
102	114	0.8074645415612468
102	12	0.7939026228340771
102	113	0.7935696382394627
102	10	0.790175974844141
102	105	0.7748291507262122
102	110	0.7437545319731564
102	0	0.7375384245581535
102	108	0.7305705836164161
102	112	0.712247160441336
102	176	0.7077593844479227
102	139	0.6756137881419032
102	3	0.6735102251764016
102	107	0.6115852847813448
102	135	0.5923963361035812
102	104	0.5849338350976485
102	144	0.5693428682706434
8	111	0.9279880361472743
8	13	0.8410058573530961
8	6	0.8216581138364046
8	105	0.7708016810937066
8	110	0.7698258022213971
8	113	0.7695812683611156
8	107	0.7689280731454042
8	114	0.746560816805616
8	10	0.744267946190148
8	12	0.7373057581552424
8	103	0.6773385530631767
8	139	0.6387681160852856
8	4	0.6095782807725307
8	176	0.6005966703171677
8	108	0.5712659114721459
8	112	0.5676033957299107
111	13	0.8644776953492221
111	105	0.8124518145774522
111	113	0.8557371100205204
111	6	0.8452272774805135
111	12	0.7960371382618491
111	114	0.767781107796689
111	110	0.7660513890607366
111	103	0.762307188479236
111	107	0.7362268254537245
111	10	0.7239901061600403
111	108	0.673559396753581
111	112	0.6694247317077064
111	139	0.6514997080158202
111	176	0.6501566445395829
111	3	0.6130853922909646
111	0	0.5869694798191647
9	109	0.9219690542349565
9	108	0.8604044660657628
9	112	0.8160909001379913
9	3	0.7692956932965338
9	106	0.7227410433135092
9	103	0.7183609759198106
9	12	0.7093925586817665
9	176	0.7068949242337869
9	70	0.6721693745789511
9	0	0.6332958937159271
9	5	0.6173427116829444
9	11	0.616649077844514
9	6	0.5627782697152699
109	106	0.7453321470489851
109	108	0.8153547892982296
109	112	0.7941982099374829
109	176	0.7321658743044512
109	3	0.7127542733385079
109	103	0.7027888862028695
109	70	0.6681424028415086
109	12	0.6674553876993201
109	0	0.6389930120966998
109	11	0.5900025634226375
109	5	0.5771842796937023
12	112	0.9166271890919516
12	113	0.8883194532880127
12	13	0.8756021340971869
12	176	0.8722235721307895
12	139	0.7607529270441292
12	103	0.877317562423468
12	108	0.8540684514255165
12	3	0.8419400094302195
12	6	0.7888576575171622
12	10	0.7652237916612884
12	114	0.7432894700492204
12	0	0.7399278877137021
12	105	0.6926543013387643
12	70	0.6890895483334851
12	110	0.6886008405816428
12	135	0.5915844020668141
12	106	0.5649540214641805
112	108	0.8994820305047078
112	103	0.889994621268095
112	176	0.8598581009444137
112	3	0.8486757548394888
112	113	0.8244003582255589
112	13	0.7504917398087475
112	0	0.713565088268845
112	139	0.7055867317271789
112	6	0.6969011438908674
112	70	0.6779334433199091
112	10	0.6662892980150974
112	106	0.6543680810440761
112	114	0.6371610851033395
112	105	0.6201445909175641
112	110	0.5908168336905499
112	11	0.56661294912728
10	114	0.9139997303980469
10	13	0.8865561176596032
10	110	0.8171568987105129
10	113	0.7567219937887764
10	135	0.728578098785679
10	0	0.7103846741556511
10	176	0.7091490605838758
10	139	0.7044450305297769
10	7	0.693931887690779
10	103	0.676786134862903
10	104	0.6764174320785314
10	105	0.6407293077362379
10	6	0.6399741724154722
10	141	0.6350952565952526
10	108	0.6066921055474375
10	107	0.5886057423942065
10	144	0.5870284687174624
10	70	0.5828181636686219
10	2	0.5658656389070131
10	134	0.5638023254015018
10	3	0.5601625271160585
114	13	0.9022147131212968
114	110	0.8321538907542433
114	135	0.7665879692461814
114	141	0.6935480313308389
114	113	0.7604536744190876
114	0	0.7016230018090558
114	104	0.6900650862606766
114	176	0.6856236346523393
114	139	0.6854964328681842
114	7	0.6852578166893117
114	103	0.6640144074671628
114	105	0.6632981704716225
114	6	0.636840200822962
114	144	0.6106517492519051
114	134	0.6001745758606907
114	107	0.5898982500602786
114	108	0.5864054937879866
114	70	0.5859591484281494
13	0	0.7475595121788526
13	113	0.8213329688427974
13	6	0.7991298986186643
13	103	0.7823112566360606
13	110	0.7772554555066459
13	176	0.7749090662984006
13	139	0.7216645925262001
13	105	0.7184867813719582
13	108	0.7168281958531106
13	135	0.7114480586529051
13	3	0.6855547388818646
13	70	0.6401040494003365
13	7	0.6395074944533747
13	104	0.5865039044204966
13	144	0.5830228268111435
13	107	0.5811715732709133
13	141	0.5759425916440362
108	103	0.8840915071963479
108	3	0.819863191775837
108	176	0.795707209591946
108	6	0.7717335164194024
108	113	0.7532433356911964
108	0	0.6822600085046191
108	105	0.6455725538583978
108	106	0.6105890349783424
108	139	0.5900873035293357
108	70	0.5888997589734386
23	25	0.8921369741024808
23	22	0.717114907390525
23	21	0.7444463191674283
23	26	0.6526837464043281
25	21	0.8277037031443036
25	26	0.6739470968744241
25	125	0.6607986510570301
25	22	0.5904000774622523
103	3	0.8521357378768122
103	176	0.8271044389387118
103	113	0.8103679885748144
103	6	0.7968781442047267
103	0	0.7180995374748783
103	139	0.7006824905438335
103	105	0.6851251885397892
103	70	0.6363465593249443
103	110	0.6189307307812013
103	106	0.5862020569475691
113	110	0.7838583634993375
113	176	0.7546717561058126
113	139	0.7412869020660128
113	105	0.7396834364349195
113	6	0.7199157174157764
113	3	0.705033940803591
113	107	0.6614910025024451
113	0	0.6361203806817451
19	121	0.8874304096401384
19	17	0.5764502698268992
121	17	0.5814695031551221
96	198	0.8731296236603929
96	95	0.7728231971500104
96	93	0.7321101974370539
96	98	0.672333797917482
96	81	0.6794813931989923
96	97	0.6447202264413423
96	88	0.6185974800684084
96	197	0.5974678206107149
96	199	0.5759492745068578
96	185	0.5611772876534821
198	185	0.7327545217120742
198	199	0.7207480578959512
198	182	0.7146774569945114
198	93	0.7112356417691269
198	81	0.7094322974022685
198	95	0.6744489172742396
198	97	0.6521438516340875
198	190	0.6429110302314942
198	196	0.6376360634931177
198	197	0.6160227466147051
198	88	0.6106266644615502
198	193	0.5929996354750794
198	74	0.5881219097131529
176	70	0.7251822913980348
176	3	0.7816118921982312
176	139	0.7486691295123267
176	0	0.746117839296814
176	6	0.6760592489828854
176	110	0.6436613440900758
176	106	0.6301591050529841
176	135	0.616438320734125
176	144	0.5673661093652042
6	105	0.8103679885748144
6	3	0.6826767132643572
6	0	0.6192637588086068
6	110	0.6130978746639429
6	139	0.6064139844592943
28	132	0.8572556563505884
28	26	0.661029559993055
28	131	0.7918229744562394
28	133	0.6185480906517281
28	125	0.5987972511883736
28	29	0.588664558173512
132	131	0.8171568987105129
132	133	0.682703409978332
132	125	0.6304544345942306
132	26	0.5590910917161718
3	0	0.7127985488193355
3	70	0.659873763542442
3	139	0.6543108970608782
3	106	0.6260539702279969
183	196	0.8457405595430936
183	167	0.7018361835443725
183	160	0.6952671172285548
183	194	0.6892838063659037
183	60	0.5818003535462952
183	195	0.6953910814135698
183	61	0.6951431116662903
183	81	0.68958811961591
183	185	0.6721584106649228
183	175	0.6616653199435598
183	63	0.6287099573651173
183	182	0.628607143333056
183	97	0.607500341059904
183	165	0.6067300196486048
183	169	0.589180562590872
183	174	0.5644363708179868
196	195	0.7869236049146205
196	185	0.7200072319553171
196	167	0.6817411796680881
196	193	0.6676161625334798
196	160	0.6562566495782135
196	194	0.6173117663289593
196	97	0.6106768328168443
196	81	0.6101874822561736
196	61	0.6000274037375706
196	190	0.5983223738817302
196	182	0.5968308421691343
196	93	0.5759693226334467
196	74	0.5736659558516601
196	175	0.55944157449746
38	142	0.8413859634583376
38	36	0.7301973522606758
38	41	0.5881807767328439
38	79	0.7519642549896537
38	181	0.6831409760876848
38	70	0.586254563856959
38	141	0.5857424114071305
38	52	0.5607112554519273
142	181	0.7546717561058126
142	141	0.6433683997989678
142	156	0.6366856222463236
142	79	0.6272806911938115
142	130	0.5593178975221378
37	61	0.834870625553722
37	68	0.7684780681231003
37	65	0.7112751710288233
37	69	0.6972044731247118
37	167	0.6965254928288679
37	63	0.6132164419400361
37	166	0.5822830495471663
37	35	0.5728065638409563
61	167	0.7415975837796404
61	66	0.6574562670985811
61	69	0.691137378720102
61	63	0.6906722197978352
61	68	0.685491131885441
61	97	0.6785058623809866
61	81	0.6276384049353487
61	65	0.6051162357197292
61	166	0.6044312472400205
61	98	0.5839330103747187
61	92	0.5810192378024425
61	93	0.5786694596508134
110	107	0.8283324745926319
110	104	0.7334991865671959
110	105	0.6574846537282516
110	139	0.5973263349309731
110	135	0.5646748177565607
110	0	0.5636249463999117
107	4	0.7501071352119011
107	105	0.6574165226815512
107	104	0.5951866714268796
21	125	0.7077843373975539
21	26	0.6019502261701082
39	143	0.8217230787485423
39	27	0.6758148498953247
39	24	0.6561199895262888
39	26	0.6513788263717869
39	127	0.6468189552270318
39	22	0.5917793758265036
39	52	0.5839659605246269
39	130	0.5816151010351314
39	44	0.565994786275202
39	129	0.564688440449715
143	127	0.7542366493614232
143	130	0.6948898051386537
143	129	0.6595235890212672
143	52	0.6236889783849181
143	27	0.6108335773349823
143	149	0.6034847478483216
143	138	0.5975642667969681
143	26	0.5911682267008607
172	175	0.8206484236219928
172	166	0.6634661477020011
172	174	0.6402810954384417
172	170	0.6243850369283728
172	140	0.6226001693119473
172	169	0.5987266879371026
172	167	0.5940230709894392
175	170	0.8001395327937327
175	174	0.7978978249934342
175	158	0.582124400231248
175	166	0.6979129811627515
175	145	0.6897296996726768
175	165	0.6817625882428302
175	169	0.6652481724984656
175	195	0.6483750097612552
175	167	0.6481721002766861
175	180	0.6417655981379676
175	140	0.6191466076705654
175	160	0.5926948253707583
175	171	0.5846508874119671
175	182	0.581912798842955
165	171	0.818778440521973
165	169	0.7849739659876644
165	174	0.7820783538838978
165	145	0.6706260544115713
165	180	0.6429110302314942
165	195	0.6215887222819982
165	160	0.5859722813117685
165	60	0.5799318393279637
165	167	0.5753675774623884
165	179	0.5712793844233791
165	170	0.5636590617844589
171	174	0.7608666425295093
171	169	0.7269035031214637
171	145	0.5937641548459301
171	179	0.5839198297760009
171	170	0.5773043017182469
171	140	0.5699913283935514
171	137	0.5660083791193687
131	26	0.6040058509102441
131	129	0.5645181346695309
131	133	0.5633246481021116
68	69	0.8163912755150801
68	65	0.7790699753209684
68	42	0.6395488647128633
68	35	0.6074687929348749
68	62	0.5687478234393096
68	92	0.5624160229728106
69	65	0.6561940190641927
69	92	0.653721466460843
69	63	0.6045518193366348
69	80	0.5720871980887958
69	66	0.5704974443515414
105	139	0.5795069270775772
73	90	0.8124178196107392
73	76	0.7721376317949524
73	91	0.6457882996638622
73	94	0.6193808823818594
73	80	0.5970175098095825
73	85	0.596463755349184
73	87	0.5963542249759324
73	75	0.5925780446013389
73	74	0.5849338350976485
73	81	0.5774909530701742
73	86	0.5766371970750173
73	84	0.5721544658640465
90	91	0.7463925632415498
90	64	0.4505578520767327
90	92	0.6796213277837099
90	81	0.6471154862543301
90	76	0.6428347573542194
90	85	0.631922339971732
90	88	0.628873205072744
90	63	0.6141577576558462
90	94	0.5961093120643037
90	74	0.5937576803662029
90	194	0.559283538386807
29	133	0.8121116162471109
29	128	0.6795352200450085
29	125	0.5736391189410136
29	129	0.5598879784366623
133	128	0.6841901999591454
7	135	0.8107452861931369
7	2	0.7390169957024755
7	134	0.6592918646343296
7	141	0.6022625854163514
7	36	0.5865695018899706
7	70	0.5703760160035537
7	104	0.5663752695836195
135	100	0.57574206996402
135	70	0.6483750097612552
135	139	0.6481431056906152
135	141	0.6402987963019953
135	134	0.6154018483585687
135	146	0.595302894482938
135	144	0.5911226884075379
135	0	0.5727931258342022
135	2	0.5605466886160902
44	136	0.8055771247108662
44	33	0.7224017410360088
44	149	0.702120230420252
44	22	0.6780253017943485
44	27	0.6415185140479077
44	52	0.63351744822635
44	24	0.6280019100214668
44	123	0.6091193341731076
44	34	0.5814165492345958
44	129	0.5643954847383826
136	149	0.7691732097915158
136	129	0.6450706923255903
136	123	0.6110466730661936
136	154	0.6077211242742958
136	33	0.5879256413043211
136	26	0.5622655929545393
170	174	0.7179202866265931
170	195	0.6423592314391648
170	180	0.6208579654151747
170	145	0.5870481302985069
170	169	0.5684230023500382
174	145	0.7918229744562394
174	195	0.7222487022316176
174	169	0.6774576020678278
174	166	0.619226766690357
174	140	0.5794604331711025
174	66	0.5736189904497883
174	160	0.5652807297807473
95	197	0.7976433315505568
197	70	0.6449305385176372
197	101	0.5816018664036989
197	99	0.5527621151972885
197	199	0.6234200592990233
197	181	0.585045658886408
197	106	0.5715622452811365
15	115	0.7951930471047034
15	18	0.7719356520949373
15	116	0.6848491764236488
15	14	0.6179364920544684
15	118	0.6169588542644243
15	16	0.567488154125585
115	116	0.6977488109132279
115	18	0.7012521725725998
115	118	0.64758023879429
115	14	0.5927596928102804
115	16	0.581912798842955
115	152	0.5713400088940436
145	156	0.6469120056346206
145	166	0.6743507840034038
145	195	0.6699266280067386
145	181	0.5992845251505388
145	140	0.5606632613660874
84	86	0.791412298906474
84	76	0.6828368662112964
84	94	0.6277293068815315
84	91	0.6139771105144896
84	80	0.5943982808978839
86	49	0.7136779594613428
86	76	0.7128674104990868
86	94	0.7061988243086194
86	77	0.6540305873600697
86	91	0.577750831164529
86	80	0.5639114558661483
195	160	0.6474699036514334
195	191	0.5984507605840734
195	66	0.5718449703665218
195	177	0.5624365332732578
169	180	0.6458815632220268
169	167	0.637695401734353
81	93	0.7824276260507608
81	92	0.772742635837965
81	63	0.7237282908536095
81	80	0.7046313721159497
81	74	0.6941858460001374
81	97	0.6867084448758608
81	185	0.7156642880027984
81	88	0.6480735110163266
81	182	0.6318923053149661
81	91	0.6154018483585687
81	85	0.5776375653648155
93	88	0.7254855814069929
93	92	0.6917167193611046
93	97	0.6512175993955702
93	63	0.6387681160852856
93	185	0.616903108609732
93	74	0.5792677753757552
93	85	0.5791946813456531
42	62	0.7801681168955472
42	35	0.7473829974958742
42	67	0.6828582149807415
42	32	0.6629900385464774
42	30	0.6348266855509204
42	34	0.5884357951369285
42	36	0.577610911355252
62	35	0.7105035387554013
62	32	0.6246473281208413
62	67	0.5854138622981964
62	137	0.5822962683222274
62	65	0.5658316481413961
65	63	0.6033512116335862
65	167	0.5783833775709707
92	80	0.6939474411230409
92	63	0.6911843854171835
92	91	0.607576048740721
92	85	0.5587954312799142
76	80	0.736268040028252
76	94	0.6642770953537434
76	91	0.646068032517809
76	77	0.6350713898283565
76	75	0.5852495155964536
18	118	0.709834397961675
18	14	0.6987736725485097
18	17	0.6581426997120683
18	16	0.625603799999825
18	116	0.6025365447560477
18	152	0.5807409549189403
32	36	0.7716526184582204
32	30	0.7125328107160359
32	2	0.6100870450535073
32	35	0.6033639308264099
32	134	0.584400722176322
36	2	0.7670823257101175
36	34	0.6903321354441806
36	141	0.6800462103076815
36	79	0.66075358106313
36	35	0.6206059417676519
36	30	0.6168535517197267
36	134	0.5802237836008636
140	166	0.770029407951075
140	137	0.7324533822975688
140	141	0.5718315103459853
166	167	0.7029862063446061
166	137	0.5752872976618298
166	199	0.5609648758920183
149	129	0.7194963572821018
149	154	0.6972096121481087
149	122	0.5718651598200547
149	26	0.6101749286782446
149	155	0.6023772833411016
149	152	0.5955739847618546
149	14	0.5755949766999293
149	52	0.56813863845642
149	45	0.5670066105762175
126	128	0.768150313528196
126	124	0.6457708106008799
128	124	0.6548595544195296
128	125	0.6114037231872815
2	134	0.6684412312900291
2	30	0.7035421676369946
2	34	0.6853479778784143
22	24	0.7656792838722919
22	123	0.7446869542345522
22	34	0.6725912611551066
22	33	0.641683251571512
22	27	0.5907126741701227
22	26	0.5632563777224162
24	34	0.7415885829856675
24	33	0.6546824591948922
24	27	0.5931811437337746
24	123	0.5724705213050645
139	70	0.70173975975295
139	0	0.6481199086686459
139	141	0.6095531435868363
26	129	0.7596343489067302
26	27	0.652080629175382
26	125	0.6362513395418823
26	127	0.5728132827288742
129	127	0.7225977186265259
129	125	0.675880037523079
129	123	0.6440770011177833
129	14	0.5678405878341646
129	155	0.5609922880132348
79	181	0.7592364866112368
181	156	0.6208702559702949
33	34	0.7568245444000427
33	45	0.5942948005480139
33	138	0.6551165002174444
33	123	0.5930774321105801
33	27	0.570254562719472
34	138	0.6756735737595635
34	35	0.6227165056641941
34	123	0.5809662420076049
146	150	0.7549213197549294
146	144	0.6827194271318984
146	153	0.6003281034581741
146	141	0.5723965661230289
146	189	0.5642591778066353
150	189	0.6631469337952415
150	157	0.5950187497102233
150	144	0.5674949336590608
127	138	0.6925450371431284
127	123	0.6945638717544796
127	130	0.6470515451328667
0	70	0.701470652197029
0	144	0.5933172353665571
0	106	0.575835655369703
35	67	0.6643664836029041
91	87	0.6791906018104946
91	85	0.6559889832501073
91	80	0.6526780063275921
91	94	0.6268255879702032
91	88	0.6201445909175641
106	5	0.7133343232064098
106	70	0.6330382809656818
123	138	0.6471794182734378
14	152	0.7434460615726357
14	17	0.675189598801926
14	120	0.6310926866612615
14	48	0.6000594011333164
14	125	0.5889781370831061
14	154	0.5884488698493541
14	155	0.5835968089390265
14	118	0.581409929648146
152	154	0.71036485944803
152	151	0.5285493511785309
152	153	0.6308218348504961
152	155	0.5893633349881374
83	190	0.7417685481414616
190	193	0.6934182610510026
190	185	0.66075358106313
190	88	0.5781104690754051
190	97	0.5620535602086052
167	63	0.6462835415476041
167	160	0.5952706127989048
153	154	0.7371459838542405
153	155	0.6028931162431079
154	155	0.7125426565155986
154	48	0.6761841066612392
154	46	0.5867072315285499
80	78	0.48512114995055305
80	63	0.6036436754071997
27	130	0.7344954810479257
27	52	0.6607761166557036
27	40	0.5318275257098222
27	155	0.6084081047236405
130	52	0.5849338350976485
130	138	0.5718920780138566
130	155	0.562662100896997
185	182	0.7017600616354568
185	193	0.6825485436659621
185	74	0.6782251558733102
185	63	0.5665993699780817
137	134	0.5744101888232789
137	141	0.5724570756010762
88	85	0.6734337242067939
88	193	0.6015164426488829
88	74	0.5902958391766099
70	11	0.7006570374497556
70	141	0.6271897047932236
70	144	0.5783501029752973
180	194	0.7239758307002004
180	179	0.6390344283992355
180	191	0.6115727653594238
180	187	0.5643886701225533
194	193	0.6930026937178821
194	191	0.6742580807034051
194	162	0.4635472877391001
194	60	0.56147864844543
63	55	0.5762699613944603
63	74	0.5733438316382593
199	182	0.6985945283682983
199	98	0.6708021000485553
182	147	0.6497639094598363
182	193	0.6347669822530633
182	187	0.5938483160858001
49	53	0.6965151956406674
49	20	0.6056103931680012
49	43	0.5839330103747187
155	51	0.6272564298276986
155	125	0.5913373359375402
30	31	0.5457019702645255
118	16	0.6316759997576421
118	120	0.6018099232886474
118	125	0.5820582832643729
118	17	0.5592972822715444
94	50	0.5984764342369694
116	148	0.6066605083545221
53	51	0.6523047406026098
53	20	0.6364655567899193
74	193	0.5598193220477422
141	144	0.6323726320922477
141	134	0.6649414656315483
193	191	0.6460155958201977
193	147	0.6420948364525562
193	184	0.5975064011598306
71	177	0.6921441297785519
71	98	0.5690386584370557
177	191	0.603230363991532
177	97	0.5727796875195567
17	120	0.6919617578300483
17	119	0.6783871261041479
17	48	0.6055977282935696
120	117	0.6158800077188282
120	119	0.5940942513630704
120	48	0.5598605168035953
75	77	0.6873789677590377
75	186	0.5818731148077712
77	43	0.6606127066189634
87	89	0.6190602681402241
87	192	0.4078670832745543
87	191	0.6287764723816432
59	151	0.6781009340511904
59	72	0.3357191109531846
191	179	0.6019502261701082
157	188	0.6690492889012656
157	50	0.5746178682455841
188	186	0.5673593283697518
189	164	0.6368520893627108
147	187	0.6622496046325127
147	186	0.6152589336026292
147	184	0.6108335773349823
187	184	0.6023963972439379
124	20	0.6338525764579159
164	173	0.6540992512496416
164	156	0.5964122144108256
173	156	0.5626894367361573
51	47	0.6153397164786648
179	168	0.5981361585783788
89	82	0.5098373744315041
89	50	0.5654644253176713
184	161	0.4419729012812327
101	100	0.5633997366363868
58	161	0.5295071226544527
54	159	0.5267453822618748
54	64	0.4977946604892698
56	162	0.4838890901944262
56	57	0.46608726555075747
162	163	0.3709291020703703
72	178	0.3279147762821387
