19	121	0.927904686826112
19	119	0.7373422664192636
19	124	0.6554303394092494
121	119	0.7002240619332979
121	124	0.6247022084498091
88	90	0.8817103360707773
88	85	0.8196335829971496
88	94	0.7639776369921208
88	87	0.7337577885251919
88	74	0.663438156139909
88	91	0.6405996069457232
88	73	0.6341755105846191
90	85	0.7805982190951648
90	94	0.7474668551313088
90	74	0.7250447703939985
90	73	0.717381962448836
90	87	0.6326785868678659
23	25	0.8659108841484343
23	14	0.66155286526271
23	16	0.5796530262275402
23	26	0.5234063916737187
23	22	0.8156897126727793
23	27	0.6126920408433397
25	22	0.8314452399039013
25	21	0.6304363584361731
25	27	0.6189985878836091
126	128	0.8554423472776616
128	123	0.6651812737739977
128	124	0.5896047631481928
128	129	0.549992108732709
84	86	0.85420367720835
84	65	0.7510982061488581
84	63	0.7499058897150574
84	60	0.6716372851393111
84	91	0.6714176648060582
84	76	0.6255003236153119
84	73	0.6193808823818594
84	80	0.605261997329026
86	65	0.7011555930815242
86	77	0.6803202591847537
86	63	0.6743180676184969
86	76	0.6498910087988139
86	91	0.6285164068191909
86	94	0.6279595152057835
86	82	0.6043677771171636
32	36	0.8483677430118703
32	2	0.7935696382394627
32	62	0.7500502755604719
32	35	0.5920717066855091
32	42	0.7053104434849073
32	34	0.6350236526567516
32	134	0.6216378100377286
32	140	0.6122546273908043
36	62	0.6227042610286255
36	141	0.6089872328135815
36	2	0.6049767736009257
14	152	0.8352943175117744
14	15	0.7461621668063
14	18	0.7259068761705828
14	17	0.6968239865064392
14	154	0.6674553876993201
14	115	0.6591787828776154
14	120	0.6488152962022391
14	46	0.6377369340005621
14	22	0.6046025782494341
152	15	0.7483657215966854
152	154	0.7353830184234581
152	46	0.7017955871873824
152	115	0.741867483467318
152	120	0.7187237485317317
152	18	0.7137172103218756
152	17	0.7024445820228233
152	118	0.6429638270630703
152	149	0.6271775719795497
83	87	0.8339289191212795
83	190	0.7200216793308244
83	193	0.6270987012713052
83	89	0.6162026641009543
83	191	0.6043487345842089
87	89	0.6889897557062035
87	193	0.7094372644251847
87	190	0.7030721838357366
87	74	0.6865234493910205
87	96	0.6368699216044985
87	85	0.6343070129482606
87	97	0.6233956047920327
22	34	0.719554231284031
22	27	0.7126706263751671
22	24	0.6144503939805044
9	108	0.8254546874362759
9	109	0.7627675787642711
9	3	0.7540296334337574
9	5	0.6568654019977986
9	12	0.6334635661464727
9	103	0.6426997818010051
9	113	0.6156130395536098
108	103	0.6836100141957328
108	3	0.7048528410748571
108	109	0.6552763011644819
85	74	0.7403258344078102
85	73	0.7391485851224275
85	91	0.6800677112088797
85	81	0.6728102506254326
85	96	0.649642553461531
85	94	0.6405052561329803
70	176	0.816824372492372
70	71	0.6130354597378967
70	112	0.6283772442654141
176	112	0.6744816230701765
176	139	0.6279716283905955
176	177	0.6130167337677589
96	198	0.8120435102415321
96	95	0.7931620106226912
96	98	0.7302393625641469
96	97	0.7206519395944092
96	81	0.7130886585346929
96	190	0.7113393964818454
96	197	0.7092335586900425
96	74	0.6410592902356034
198	196	0.6756953117809086
198	197	0.7648505454130385
198	199	0.7047018544106444
198	190	0.704203145303326
198	97	0.6972609984409086
198	98	0.6701029736565404
198	95	0.6144068205564824
33	34	0.8102649724166777
33	44	0.8028927961261132
33	42	0.7071749810978889
33	136	0.6649582008831227
33	31	0.6621597670403077
33	49	0.6447494422909964
33	62	0.6254455330899615
34	37	0.6771003485935227
34	44	0.7394342574599617
34	136	0.6639417201603998
34	27	0.65290755095588
34	42	0.6450473363708769
34	138	0.6299239164585726
17	18	0.8072208031240707
17	120	0.7122520874460679
17	119	0.6805941179579784
17	154	0.640546536993251
17	15	0.6273777244837587
17	49	0.6069069156234265
17	46	0.6045708545043289
18	15	0.7460158609193251
18	120	0.7336654550747896
18	49	0.6416773691077189
18	44	0.6297670598486341
61	69	0.8072208031240707
61	92	0.766299174302856
61	67	0.736611282454997
61	68	0.7365152127936523
61	65	0.680465266918406
61	42	0.6575584502311417
61	30	0.622942976410665
69	67	0.7235568079325162
69	68	0.7029204449839842
69	42	0.620851820023153
69	65	0.6106141216068387
69	92	0.6097604887098094
174	175	0.8057876502265648
174	173	0.7540986553959362
174	170	0.7599006834751112
174	195	0.6695737098198015
175	170	0.8037440257999667
175	165	0.7029103267847792
175	195	0.6637795263318975
175	171	0.6399800767082725
175	196	0.6108273084732823
175	180	0.6046089227682984
170	195	0.7581628198373467
170	173	0.6294652681193738
170	165	0.6138961098757066
44	149	0.7453588146558141
44	135	0.6424414564905945
44	31	0.6830396324375341
44	49	0.6760863952598314
44	42	0.6696950595726368
44	136	0.6340977873925073
38	41	0.7995631526253862
38	142	0.7970240917652899
41	40	0.6986150064234505
142	139	0.6115790251086674
142	156	0.595302894482938
67	92	0.7968416427738003
67	65	0.7924190449792547
67	68	0.7709639769532516
67	60	0.6364239111229137
92	68	0.7343434738012482
92	65	0.7191923547783736
92	63	0.6450823698509702
2	134	0.6776847789182506
2	140	0.6467549718985631
95	197	0.7849739659876644
95	99	0.6280624675783397
95	79	0.6273413392827173
95	97	0.6465047678883689
65	63	0.7145649141867134
65	60	0.7062740088268543
65	68	0.609062723442512
169	172	0.7923446187734676
169	171	0.7447582163574993
169	167	0.6543394899879206
172	166	0.6571268457900853
172	171	0.7384991662428878
82	91	0.7773741900040386
82	94	0.6186221729437033
91	180	0.6386911529065046
91	94	0.6377903271801167
91	80	0.6238783555020561
91	60	0.6212265493000684
31	42	0.7770178203390928
31	62	0.6311227718129526
31	45	0.6100493760468225
42	62	0.7551878531261158
42	49	0.689934111123882
42	68	0.676742775673191
78	80	0.7745492511088317
80	60	0.6887270186582651
80	63	0.6206674227784031
68	64	0.6258471870354728
68	62	0.6635333198742054
74	185	0.7653066654865139
74	73	0.7335638569778392
74	81	0.7038955134565525
74	190	0.6701635750098064
74	193	0.6581653730426373
185	190	0.7647675319869364
185	184	0.7389080514505552
185	183	0.7039913615468273
185	81	0.6899079106739592
185	193	0.6792498543973431
185	182	0.6350713898283565
185	55	0.6275474858714886
185	73	0.6053570373868812
190	193	0.7369495768173127
190	184	0.6226675252919417
190	196	0.6178437602860445
190	97	0.612735761560571
94	76	0.7001781872787154
12	113	0.7638943566343299
12	111	0.6674387522670601
12	3	0.6291632863629095
12	13	0.6229858104861418
12	6	0.6057939993716343
15	115	0.7636443628358767
15	118	0.667161396975352
15	116	0.6318562612215812
15	120	0.6903216664687852
115	117	0.5923638818132697
115	120	0.7112751710288233
115	119	0.625025267447157
115	118	0.6168039899383851
109	106	0.6749446708481442
109	11	0.650427890912527
109	3	0.652838700154237
109	5	0.6136467960413744
195	196	0.6901122262487851
195	173	0.6601672374554256
60	63	0.7566279563337418
60	81	0.6810983793517635
60	183	0.624586342740062
63	81	0.7407729050758857
63	55	0.6559320116676388
104	110	0.7559688170521043
110	10	0.614332114537792
62	146	0.6698274003459092
173	179	0.7143495118035584
3	103	0.6791636658894653
3	5	0.6143507920751514
147	164	0.7483921173362379
147	148	0.6667450169561274
147	45	0.6117167202210588
147	43	0.6123171379904794
164	189	0.6882220560532364
164	182	0.6562111010101959
164	165	0.6092010942712074
51	155	0.7474580291333576
51	53	0.6077337376216883
51	157	0.5703962557932301
51	47	0.6350415546645175
51	154	0.626837729611633
155	154	0.7471445352050862
155	153	0.664103851542323
155	47	0.6437726134950557
154	47	0.6543852347797605
154	48	0.5548904706498845
154	46	0.6983691942178991
154	153	0.6632477642643331
154	149	0.605534399319444
149	146	0.7221195207041617
149	46	0.6339482836966253
149	136	0.60907530414124
149	135	0.6039931472181422
171	165	0.6820300969184705
171	137	0.632432638782807
81	183	0.7293091786287512
81	55	0.6359417413378818
81	97	0.6066541886859074
73	54	0.6251105680606016
184	187	0.6414478941322327
184	193	0.6133349815905355
11	112	0.7384400601011525
119	120	0.7218179011860753
119	124	0.7116702162607174
193	180	0.6823134569859443
193	160	0.6607930175683766
193	196	0.6541278580225101
193	194	0.6408825433534157
98	199	0.7096110658314155
98	93	0.6404462770538493
183	194	0.6623674875833575
183	162	0.4700776441073261
183	160	0.6153210754235533
136	146	0.7248265149794919
136	138	0.71760515581542
136	141	0.6510044592629245
146	138	0.6777983188597694
146	137	0.6577684173845361
182	187	0.7190716424878423
182	196	0.6110466730661936
187	188	0.7107114542817894
138	137	0.6337269312438722
166	167	0.7160397060128865
179	191	0.7133343232064098
179	192	0.5546966535033462
179	178	0.31710935735506257
179	89	0.6729689443038007
27	130	0.6980309332452718
27	24	0.6974305223709723
134	140	0.7114678117571556
140	141	0.606761612624321
199	196	0.639235540595265
13	114	0.7049584937539001
13	102	0.6786245632152821
13	10	0.581582013879247
13	111	0.6088613905779423
37	141	0.7032188038933778
165	137	0.6801805717498465
165	168	0.5700385841999853
50	89	0.7024547133126723
50	66	0.6985791690758574
46	151	0.48856220314140475
46	47	0.6185727859710872
76	77	0.6907402000387078
76	75	0.6549966110275756
40	144	0.598765178135539
130	144	0.6551792861534855
130	143	0.6481836975849119
130	125	0.5583138196067091
130	24	0.6311468385672526
24	39	0.6450590144988932
1	102	0.6968445633861631
102	111	0.6959277815685565
102	0	0.5884292576653098
71	177	0.6963452506128295
111	105	0.6355544555370845
111	6	0.629507530400456
196	194	0.6165685046769468
28	132	0.6900808002406634
28	29	0.6000721995540208
28	131	0.44777995598813675
132	133	0.6576889823708042
189	159	0.6412477453253362
99	101	0.6812323827810032
99	79	0.6197382470088657
101	100	0.5987395183105263
137	145	0.5861232873491474
160	194	0.6786946879596846
106	5	0.6499141138652379
148	43	0.619824468958124
153	47	0.623456738772756
20	53	0.6561769364456322
55	158	0.43403695222137645
144	150	0.5920846955535835
144	135	0.6145375295841313
75	186	0.6128107026363024
39	143	0.6504394296335979
127	129	0.644942219658975
135	7	0.6169650478439337
93	4	0.4115451370636792
105	6	0.6121983613061193
52	156	0.6327685360017156
52	122	0.3524250265645437
30	64	0.6309602894367297
79	181	0.562580085996564
58	161	0.601337722721338
161	56	0.4523572314014638
161	59	0.3471152004553246
29	26	0.4934344448497621
8	107	0.5279581739102545
8	4	0.3992530332335998
162	163	0.5145068592146018
162	57	0.48085051221248565
163	56	0.499402654088886
72	178	0.36304611254180513
