19	121	0.9507951431945212
19	124	0.6691984026844705
19	20	0.6610408206425973
19	23	0.592539112141491
19	25	0.5869956978767732
19	117	0.5571771021038003
19	136	0.5405625094410529
19	120	0.4983661165454889
19	22	0.49344201003691895
19	128	0.492048759062071
19	28	0.48829570014035273
19	15	0.47678104499236457
19	132	0.46840885010629224
19	126	0.4548432207124043
19	29	0.4544703757414858
19	123	0.4404911236108672
19	118	0.4388293248316153
19	116	0.4329731363359551
19	133	0.4303205399150372
19	16	0.4233446524668828
19	21	0.42129875959176855
19	43	0.4207639834408808
19	18	0.41718583550545724
19	14	0.41285667950147126
19	115	0.4104896851239592
19	17	0.3830506395461976
19	129	0.38155641307064053
19	48	0.3543852602001708
19	125	0.34480878926735237
19	187	0.34194198932171765
19	42	0.3375633892131828
121	124	0.710770835924569
121	20	0.6738324636369651
121	136	0.5832867989897095
121	23	0.5496223213752893
121	25	0.5451188725259198
121	120	0.5091413791822361
121	117	0.5078809718678395
121	128	0.4940696602699922
121	126	0.43148502120106547
121	15	0.4280036137832864
121	132	0.42433728646795144
121	123	0.41323819972510983
121	28	0.4131718587968598
121	115	0.40152858348473797
121	22	0.4003284472423109
121	29	0.3981260309622793
121	133	0.39243917637174697
121	17	0.38052209425633055
121	14	0.3781678285297936
121	116	0.37747345481820943
121	118	0.36827848838928223
121	16	0.35678754346674213
121	125	0.34807350452712044
121	43	0.3468865069511207
121	21	0.33988278610483835
9	108	0.9351209284880119
9	109	0.9092710232657211
9	112	0.8423471211238964
9	11	0.779109277256297
9	3	0.746255233046379
9	105	0.7412148145200073
9	6	0.7317155394789648
9	103	0.7006214001218345
9	12	0.6737887852976319
9	106	0.619824468958124
9	70	0.6172498698899103
9	5	0.5810059893155857
9	95	0.5201825550152539
9	113	0.5154474011349268
9	13	0.51413912329801
9	176	0.4973432054186972
9	111	0.4963716644839655
9	0	0.48165732648522247
9	102	0.45637259331172436
9	24	0.39316648341184424
9	1	0.3863478986519003
9	10	0.3352398860754802
108	112	0.8860413796213468
108	6	0.7663817187660972
108	105	0.7544435154499077
108	109	0.86277491361022
108	3	0.7884418228913262
108	103	0.7869616770425109
108	11	0.7703548511696804
108	12	0.755209336880209
108	13	0.6185295683602392
108	113	0.6071216370662981
108	111	0.6054013835076522
108	106	0.5940424847412009
108	70	0.5900090823539269
108	102	0.5609031941213458
108	5	0.5324225053099811
108	176	0.5139404672661798
108	24	0.483988644606628
108	0	0.48002749149430013
108	1	0.47974269869045577
108	95	0.4388131761134135
108	10	0.4288853637960103
108	139	0.390991560877201
23	25	0.9215178885168622
23	126	0.7429984409865484
23	22	0.7600400903252954
23	128	0.7090595697918493
23	20	0.6494633483659552
23	124	0.6262971318926428
23	28	0.6181219040245958
23	26	0.5702343180811291
23	15	0.5380023949303928
23	127	0.5369641721635836
23	29	0.5282682453697348
23	132	0.5241755731295793
23	123	0.5146391978416567
23	129	0.5004677457858479
23	133	0.495142278165485
23	43	0.46348447549695604
23	116	0.4621800707526404
23	14	0.45140226595497807
23	186	0.4509164282807022
23	75	0.4440706391552346
23	187	0.44144972208429933
23	34	0.4253452834276593
23	131	0.4247635600609674
23	77	0.4124916114885285
23	117	0.3877762055509176
23	21	0.37899880286950466
23	7	0.36423495110424936
23	138	0.36260324984732983
23	76	0.3493208468382042
23	27	0.347211942975184
23	148	0.3392281065918944
25	22	0.7770574415910063
25	28	0.6212879532427322
25	128	0.722793580128815
25	126	0.7121535340156189
25	20	0.6418479299085386
25	26	0.5989062852029823
25	127	0.5812576579148501
25	29	0.5774376302708834
25	124	0.5754344688285337
25	132	0.543514393600005
25	15	0.5339469751319149
25	123	0.5330098003194911
25	129	0.5211228625551294
25	133	0.5081183914877379
25	75	0.47678104499236457
25	34	0.4689706875944397
25	43	0.44985621615828447
25	131	0.4389585043722566
25	27	0.4380215417983254
25	14	0.43603948274606114
25	116	0.4346373520947811
25	187	0.431428052033111
25	186	0.4298641284064899
25	21	0.421866124645959
25	77	0.4206487625804897
25	117	0.39552261490103974
25	76	0.39288745858152696
25	138	0.3830335739713095
25	7	0.3688142759749175
25	185	0.3580958962527533
25	24	0.34839863522872716
25	63	0.34431527416131474
25	112	0.34043988894662114
25	11	0.3386350726187538
25	74	0.33494694098564537
109	106	0.7080686762130295
109	112	0.8015740408289176
109	11	0.7258501041206533
109	3	0.693620683034075
109	105	0.6901593603815184
109	6	0.6886586773775567
109	103	0.6485372710563683
109	70	0.6439248327867765
109	12	0.6359655638559447
109	95	0.6197444062157464
109	5	0.5758022337425626
109	176	0.543169051524498
109	113	0.4878310057253098
109	13	0.48500644298391643
109	0	0.4575988971568018
109	111	0.4491460418594092
109	102	0.43151757346627473
109	197	0.40178857130168216
109	1	0.39165211725857485
109	139	0.36626277805323104
109	24	0.34260412614523406
109	96	0.3382277591070958
112	12	0.8666595321373056
112	11	0.8235977956920693
112	3	0.8191406761779213
112	103	0.7934955770400535
112	113	0.7258879532528567
112	105	0.7222008630953892
112	13	0.7127887103145031
112	6	0.6912313862663757
112	111	0.6783223459220774
112	102	0.609314279183371
112	70	0.593096879539345
112	106	0.571158116779014
112	24	0.5343186202366805
112	1	0.5335751235935203
112	10	0.5196060842513798
112	176	0.5074059010860944
112	5	0.47527291908599956
112	139	0.4734206822434761
112	0	0.4709107836333944
112	95	0.3690043352771669
112	114	0.3662021668889382
112	100	0.3379354778403052
126	128	0.882884548387344
126	123	0.7145747019864999
126	22	0.6417420720573692
126	127	0.6284196023448875
126	124	0.559132335361655
126	20	0.5536018425356706
126	138	0.5504592673331544
126	129	0.5005801671508289
126	28	0.49274570034788256
126	132	0.4564359289237042
126	15	0.4429299428215244
126	34	0.4396525334732136
126	75	0.43063826802704624
126	26	0.42611491199104523
126	24	0.3792385581945629
126	77	0.3653012923035347
126	14	0.36286377716405865
126	7	0.36090844181460213
126	133	0.3525563891093389
126	116	0.3496193228586061
126	43	0.3462529866127072
126	186	0.34041336565528113
126	187	0.33794433580649896
126	131	0.3352665142342311
126	76	0.3336589910729523
128	123	0.7536799540960379
128	20	0.6943257084053307
128	127	0.6739034308953833
128	124	0.6930806477039242
128	138	0.5802436834652946
128	22	0.5631880996515425
128	129	0.48999214516984635
128	24	0.47066949307646694
128	132	0.46114927688938934
128	15	0.4308826016585259
128	28	0.42402565984414964
128	136	0.4224167283470941
128	75	0.41568972709691604
128	34	0.40984090891874037
128	7	0.4028111200109771
128	14	0.40037043325858257
128	26	0.39089837305372954
128	130	0.3862798377243332
128	27	0.38623729750839886
128	133	0.36180394605655597
128	103	0.35782561838592186
128	111	0.3494437573189092
70	176	0.8772484500670972
70	98	0.6889109535952376
70	95	0.6289396975069054
70	139	0.6180539276186281
70	11	0.5951672984961853
70	198	0.5812444149701982
70	199	0.5809331171341285
70	71	0.5730349628482253
70	3	0.5569081177333968
70	38	0.5568736241055164
70	96	0.5407323575241632
70	12	0.5315908215467477
70	5	0.5134840854801693
70	0	0.5090969313211143
70	177	0.5046906160826161
70	106	0.5032881467680475
70	197	0.4910173417822086
70	103	0.471735309365729
70	6	0.46066098570983555
70	13	0.45830224741444053
70	97	0.4291383079347193
70	102	0.41403394862284393
70	36	0.41244181921602746
70	113	0.4117112495089424
70	101	0.4068995984132764
70	105	0.3998916930523604
70	81	0.3956154026684241
70	1	0.38877830949217446
70	166	0.38810751097951857
70	99	0.3742360360747417
70	182	0.35113693917667516
70	185	0.3397412616590969
70	183	0.3392369558047921
70	61	0.33699619414018916
70	32	0.33481376271348734
70	196	0.334076601241198
176	139	0.7241280703042099
176	98	0.6625246138453496
176	199	0.6505894056897081
176	198	0.6242996093957842
176	177	0.6033893682911535
176	71	0.5928180669311506
176	38	0.5853875700581436
176	166	0.5205617456688454
176	95	0.5121795898833674
176	197	0.501269315516868
176	3	0.48922425863535085
176	12	0.48790720409884814
176	0	0.4823559057594473
176	11	0.4818262699488339
176	13	0.4647006331527258
176	96	0.4513863410913239
176	182	0.44304246967218297
176	97	0.43803770439931033
176	5	0.435196836573516
176	102	0.4271046967348826
176	6	0.419652359824275
176	101	0.4142824905107702
176	103	0.41225092600942986
176	113	0.4066241986469078
176	196	0.4048281191698926
176	183	0.4033722564306483
176	142	0.4009160984629074
176	106	0.3998160825342783
176	181	0.3895759381030898
176	1	0.3890074753160747
176	114	0.38887167915565435
176	193	0.3683130627181441
176	36	0.3683130627181441
176	81	0.34837227640150453
176	185	0.3454870613622947
12	13	0.8762073891776692
12	113	0.8589693162342857
12	3	0.8389151737656424
12	103	0.815287739051662
12	111	0.8145150879924825
12	102	0.742563613021529
12	11	0.7392755834586805
12	1	0.7000711239316986
12	105	0.68696728919811
12	10	0.6857984687651908
12	6	0.671329783634911
12	139	0.5769508321358975
12	24	0.561526578482447
12	114	0.5201169050320821
12	8	0.5070493954440616
12	110	0.5060383536275411
12	106	0.5025560188800675
12	0	0.472885155121269
12	104	0.4617553144100244
12	5	0.4068745651261986
12	100	0.39377501352781685
12	7	0.39321720742218386
12	2	0.387461797497548
13	10	0.7802072476135008
13	1	0.7263276269248142
13	114	0.7043140296674429
13	24	0.6274989887046121
13	113	0.8446837827050955
13	111	0.8197320190266408
13	102	0.7714502642833054
13	103	0.7364053824998397
13	3	0.7349510608484331
13	6	0.6056737129382478
13	139	0.6035801101390205
13	110	0.6007692489101325
13	105	0.5901589965426449
13	104	0.5838341483802334
13	11	0.5790085817840029
13	8	0.5599978126688027
13	0	0.523899927049766
13	100	0.4911918695221333
13	2	0.479912047141585
13	7	0.47408766118160384
13	106	0.4063654224396171
13	101	0.4044183419618882
13	140	0.40102519739281484
13	32	0.361151945828151
13	144	0.3426217784725314
13	5	0.3407492873066521
185	187	0.8665599371144848
185	183	0.8286147428660215
185	81	0.736743901229001
185	198	0.6984562715586541
185	74	0.6928519367170713
185	76	0.6808141411247024
185	196	0.6602574965958495
185	184	0.6537901788595754
185	193	0.6532459104959387
185	199	0.6507047373664979
185	80	0.6383239218953529
185	182	0.5882396375204637
185	61	0.5772909671694226
185	98	0.5727393707282727
185	96	0.5603203369084148
185	186	0.5253494640252937
185	188	0.5244583588935083
185	73	0.5116999434245759
185	166	0.5083928116922585
185	63	0.5020999422789598
185	77	0.48967291825974996
185	75	0.4790649474268453
185	88	0.4710741985077987
185	22	0.45681584545543813
185	167	0.44561871688942295
185	97	0.43982999154893254
185	170	0.43694609352853375
185	191	0.43575598514266506
185	190	0.41515190051981005
185	95	0.4109801502306973
185	147	0.4089918832504577
185	197	0.405538571594181
185	116	0.3896353126250224
185	194	0.38287997203210455
185	189	0.3722047699989022
185	58	0.3632371007389059
185	85	0.34968954220077997
185	180	0.34841620747410135
185	57	0.33938738323707923
185	43	0.3357989648812735
185	99	0.33495581906137545
187	186	0.632492637883808
187	183	0.7668352612051261
187	188	0.6535725526101566
187	184	0.6286494811841701
187	198	0.6226981385964682
187	76	0.6215580399554179
187	81	0.6200584245410514
187	196	0.6155881981184933
187	74	0.5726788903456917
187	193	0.570908766085398
187	199	0.5656888659227962
187	80	0.5503895640370035
187	182	0.5466773008329531
187	22	0.5450345255590519
187	116	0.5417858446503416
187	75	0.5082593228632195
187	77	0.507257378165485
187	61	0.474715365119612
187	43	0.4741496781005163
187	73	0.47264444215648715
187	148	0.4670182363205609
187	147	0.46161368187429985
187	63	0.4556122053120508
187	166	0.45522383405525635
187	167	0.45340649653818577
187	96	0.45276277800276593
187	98	0.43649289894145304
187	15	0.43608807364891894
187	190	0.4343290868544332
187	191	0.4320870561626582
187	170	0.42793826651338923
187	189	0.39123719944176283
187	95	0.36696390967088244
187	97	0.36645325004937235
187	197	0.3583748298253506
187	18	0.357869215647216
187	88	0.35650824674078113
187	118	0.3554166335104238
187	26	0.33977664421324655
113	111	0.8197976161547494
113	102	0.8030704063892763
113	103	0.7379303677407895
113	3	0.7138839764801858
113	10	0.6836792560971671
113	114	0.6665116621682361
113	110	0.6286313368470885
113	1	0.6151470590540787
113	139	0.6107144558666192
113	104	0.6082254190183463
113	105	0.6018545691449283
113	24	0.5657704599164236
113	11	0.5497339780039159
113	6	0.5385918909014529
113	0	0.4752187291875719
113	100	0.44981633379201197
113	106	0.433866498183316
113	144	0.4008489550069798
113	2	0.3994295438050504
113	7	0.39863080772092774
113	140	0.39396933241017457
113	8	0.3887273772185897
113	130	0.3554428436014495
113	5	0.34595371437656225
3	103	0.8523273288414265
3	11	0.7109983717312925
3	6	0.6980309332452718
3	111	0.6872312364863238
3	102	0.6821530896605954
3	105	0.670339819058315
3	1	0.6255733680536619
3	106	0.5637409308619645
3	0	0.5260369282610781
3	10	0.5178591954425957
3	24	0.4838814316438837
3	139	0.47950401064801307
3	5	0.4673778302690032
3	114	0.4207969011936485
3	110	0.36702448173907004
3	100	0.36692064200258484
3	101	0.36613289318179415
3	95	0.3590805944589843
3	104	0.356700270088345
3	2	0.33799748234635446
103	111	0.7216022906535476
103	102	0.7006112173860773
103	11	0.6710495363846438
103	105	0.6546710312277073
103	6	0.6087040446789939
103	24	0.5458494173308319
103	10	0.5349542260253531
103	1	0.5332889434943575
103	0	0.5134325402409401
103	106	0.5050408180568722
103	114	0.43803770439931033
103	139	0.4354318819794284
103	104	0.4224413749579808
103	7	0.42175103379309775
103	5	0.39819334847114507
103	110	0.38946566254232073
103	100	0.3810521949452772
103	2	0.35899348521868263
103	101	0.3397677986648712
198	199	0.8509262060564111
198	196	0.816257829830535
198	98	0.7960005028582062
198	96	0.7729842450791697
198	183	0.758196832905368
198	97	0.6855176360724049
198	197	0.7550761114485971
198	95	0.6830449669697022
198	81	0.648392397718434
198	193	0.6415597039778828
198	166	0.6356557765797396
198	182	0.584222905658397
198	71	0.5656412643104469
198	177	0.5639387354056018
198	38	0.5611019241959372
198	61	0.5429363705899833
198	99	0.5257620249657415
198	74	0.5198250529667303
198	191	0.4968312305305956
198	80	0.49488559136028276
198	88	0.44869091272475686
198	76	0.4397896631831582
198	184	0.4329243830136882
198	190	0.4249028779055783
198	181	0.405605412502869
198	170	0.37664136203185045
198	179	0.37237704989376336
198	188	0.34927694732419184
198	63	0.3425423410946956
198	194	0.3401923171628002
198	87	0.33882097791606414
199	38	0.6659443992675996
199	98	0.7889331863190957
199	196	0.7061085818586557
199	183	0.7044248796740222
199	166	0.700402408409224
199	197	0.6714121727859901
199	81	0.6048436160341492
199	182	0.6016887227164777
199	97	0.5907191847170297
199	96	0.5837484539773108
199	181	0.5498246845529692
199	95	0.5433523171580523
199	193	0.5380521317968263
199	61	0.5229488320338127
199	80	0.49974784937945466
199	177	0.4849605555236127
199	71	0.46754194133158994
199	139	0.45596872007663786
199	99	0.4504781487237079
199	36	0.43709980560670114
199	170	0.4154415355379217
199	74	0.40492008763539755
199	184	0.38210310490631477
199	79	0.37386619920543357
199	147	0.3705064435991905
199	142	0.3692030006468615
199	76	0.3614127883407988
199	191	0.35071605090210356
199	32	0.33666817283554334
199	145	0.33666817283554334
28	132	0.8425213038661161
28	131	0.7913749292918073
28	133	0.7130001763567214
28	29	0.6605168854139516
28	21	0.5387480545255842
28	129	0.5158731759042389
28	22	0.4437574924436979
28	117	0.40379081738920003
28	26	0.4023586403036133
28	118	0.3830762374182579
28	127	0.38214580395136843
28	15	0.3799232927990576
28	125	0.37823638558303874
28	16	0.3732208503220171
28	124	0.3640180981373111
28	27	0.35460384360177133
28	116	0.33792661981424293
132	131	0.7671234810235872
132	133	0.6659054411875933
132	29	0.5445282120530539
132	125	0.5330241181779134
132	21	0.5018306511813503
132	129	0.4560241647837155
132	124	0.4324123202387105
132	117	0.4262867660874779
132	27	0.42480453798653894
132	118	0.40558870268233244
132	127	0.38624580568303696
132	16	0.3856415620140057
132	20	0.37420163766426295
132	14	0.357947686785792
132	115	0.3500844527817123
32	36	0.8403607045986272
32	141	0.6769703590438814
32	37	0.6714396321488515
32	30	0.6020586165845925
32	2	0.6272261014079771
32	31	0.6039169186201484
32	181	0.5733304059472958
32	114	0.5730618274696904
32	79	0.5479870994634518
32	134	0.5359884678213773
32	40	0.51124213707826
32	39	0.4853122911323811
32	35	0.4846239658887297
32	62	0.4813807963086223
32	139	0.4767733181571735
32	101	0.4759151815725206
32	100	0.471774181738718
32	24	0.469937407381322
32	140	0.4670729671089382
32	99	0.46589155208472344
32	41	0.46482607235643464
32	166	0.4631467798949833
32	0	0.4394104898610055
32	142	0.4361204661715429
32	61	0.4163016682633323
32	69	0.4028865141656528
32	175	0.39879901300415055
32	167	0.3939608844952414
32	143	0.37775639911363107
32	38	0.3694102676718513
32	145	0.3663407021263258
32	63	0.36290719287028417
32	92	0.3477043357488346
32	144	0.3439890972353188
32	135	0.33726209731924484
36	181	0.5992973421580746
36	141	0.6280079661194443
36	37	0.6121983613061193
36	2	0.5683688482643274
36	79	0.5480220840118099
36	30	0.545877498654234
36	99	0.5372132096671732
36	114	0.5321358337627811
36	39	0.5278283347427315
36	101	0.5204450934788626
36	139	0.5108136038006174
36	142	0.5056216374780549
36	100	0.4754586856494489
36	0	0.4730714650841359
36	31	0.4599201411576781
36	134	0.4527230268095633
36	166	0.4495770019228206
36	38	0.447771961021227
36	41	0.44503348712697893
36	24	0.4255090857689377
36	81	0.4042259415338431
36	40	0.404150644669784
36	61	0.39662710803114193
36	197	0.3740038268219836
36	143	0.3591938271190606
36	95	0.35849684315023145
61	63	0.8395361436721293
61	81	0.7183561363099622
61	183	0.707514752068153
61	76	0.6519311582155054
61	92	0.6500411702583362
61	166	0.6470864232366255
61	167	0.6437257665366836
61	37	0.6356140588021785
61	66	0.6160909987468164
61	96	0.5809132412863359
61	74	0.5384782941092437
61	98	0.5200366578166721
61	31	0.5151683071710903
61	35	0.5150581084139878
61	68	0.5124819719158825
61	196	0.4836516406652681
61	65	0.48284684711431636
61	97	0.45037452362890457
61	40	0.4465959223722861
61	41	0.4344264447690384
61	95	0.43199758882532574
61	85	0.4219072252276214
61	80	0.4070914999752853
61	88	0.404401612910486
61	60	0.3997404665745464
61	170	0.3735134532878036
61	91	0.36913390347459313
61	69	0.363749145640307
61	38	0.35266146914233787
61	197	0.342515860880249
61	99	0.33563037870671514
61	94	0.33552389214854467
63	92	0.6865551692176043
63	37	0.66949095085137
63	167	0.6821744757635307
63	76	0.6802289306844463
63	65	0.6103506508874879
63	35	0.5987074418008186
63	66	0.5958191400858603
63	81	0.5752270805369357
63	183	0.5562938439517979
63	74	0.5480290806914205
63	31	0.5444789659441823
63	69	0.5166579885075234
63	68	0.4848534743977531
63	96	0.4510916792551308
63	166	0.4438056759180075
63	40	0.42502578870253593
63	22	0.42360726625922546
63	85	0.3951176283517711
63	77	0.38214580395136843
63	91	0.3596292387814654
63	64	0.3595247542556105
63	88	0.3496983193423276
29	133	0.8314452399039013
29	129	0.710107165763297
29	21	0.6170207866204607
29	16	0.5159685732386509
29	131	0.5142494639319012
29	26	0.4977720941379947
29	117	0.47182082616561055
29	118	0.46966465693938647
29	124	0.41616112052137205
29	15	0.4000764958505781
29	125	0.38344307558546487
29	43	0.3805135421944305
29	18	0.3736941415293994
29	127	0.373539267629542
29	115	0.3628377269841097
29	116	0.3621341578450839
29	22	0.34813502216661496
29	14	0.3346006496541832
133	129	0.6583637137647947
133	131	0.6511196828979722
133	21	0.5209188721259249
133	16	0.4499678772390243
133	117	0.4309151747044456
133	124	0.40977434430206
133	125	0.4015872960701724
133	118	0.39112709249326116
133	127	0.3598730009361474
133	15	0.3572848827793628
183	166	0.7481148438216676
183	81	0.7421326506282168
183	196	0.7487262582413247
183	74	0.6337628332893005
183	76	0.6225634257976499
183	98	0.6177077225978985
183	193	0.6119607250317158
183	80	0.5929088587388668
183	167	0.5921756090168644
183	96	0.58488120444224
183	182	0.5812179281571973
183	170	0.521363203432354
183	97	0.5020999422789598
183	197	0.45120318449409713
183	184	0.4478758900061184
183	60	0.44414288838157073
183	177	0.4164091325265753
183	95	0.41499463482585963
183	191	0.399664845173802
183	180	0.3989671914574733
183	88	0.3955141792490641
183	71	0.3886085260075973
183	38	0.38217996201259674
183	189	0.3687969963268634
183	190	0.36719752764030716
183	179	0.3604038840976354
183	145	0.35142621758646575
183	73	0.3510141947444701
183	66	0.34001545129400773
183	194	0.3363223321728495
11	105	0.6187024163489343
11	6	0.5943724126555097
11	111	0.5340470537380121
11	24	0.46092879284941696
11	0	0.45620631532660294
11	102	0.45613504357867235
11	106	0.4461955569638103
11	10	0.4431630186655403
11	5	0.3962141112001679
11	1	0.3828116977068191
11	139	0.3563074628505644
11	95	0.3452052258324073
43	148	0.8201580160643045
43	116	0.7723798016593523
43	15	0.7486911034164749
43	186	0.6284982574631904
43	18	0.6044629794243659
43	77	0.591577901749407
43	75	0.5873888210030525
43	14	0.5849140991790714
43	78	0.5826992930616575
43	118	0.5786827623299838
43	42	0.5556443996084737
43	115	0.5500548814065666
43	188	0.5299027995958699
43	44	0.48444796416337493
43	22	0.4511633628114318
43	20	0.45057379188553304
43	117	0.4504701779934266
43	184	0.43991064295922616
43	152	0.4142990577738586
43	16	0.4142824905107702
43	7	0.41363615317009383
43	147	0.4110715665823677
43	34	0.40906682579922393
43	120	0.4057390813069376
43	124	0.39842051339807594
43	49	0.38693474947387857
43	26	0.38617773844572006
43	30	0.3855138625401827
43	127	0.37907587263212345
43	129	0.3783477819457315
43	21	0.3549360161490702
43	76	0.35306419353082397
43	73	0.35206589808639593
148	116	0.7568245444000427
148	15	0.6771165943170562
148	188	0.6193870460169082
148	186	0.6151035455937457
148	147	0.5892197331819918
148	78	0.5201314944484181
148	14	0.4863512866220061
148	18	0.48435612160426084
148	118	0.4604718948583406
148	75	0.45390683975671
148	184	0.45302509073671027
148	77	0.44009611427409895
148	115	0.43630670124341264
148	42	0.4044099774700141
148	152	0.4025765254614189
148	30	0.3958431202213326
148	7	0.3885406052230934
148	44	0.36540527434076386
148	172	0.35959441160806455
148	181	0.3577645795992568
148	117	0.33720892098658417
111	110	0.7417775435964294
111	8	0.5773576368343432
111	102	0.7868855267942875
111	105	0.7094422313776256
111	10	0.6636732275462944
111	1	0.5938224217036211
111	24	0.5827191065613081
111	104	0.5746580557183192
111	6	0.5500200084661221
111	114	0.4999128866909919
111	7	0.40999066334682244
111	139	0.3911609727470844
111	106	0.3849432912788627
111	0	0.34788893362309925
111	100	0.33631346327013295
196	193	0.6788402921250821
196	97	0.6246534262399042
196	197	0.6223551606963831
196	166	0.6185110453813426
196	191	0.5966827494653563
196	98	0.587991071801306
196	182	0.5852692397402762
196	96	0.5686463358949478
196	81	0.5330098003194911
196	177	0.5055918630054975
196	38	0.49775704952937494
196	179	0.48500644298391643
196	170	0.4784483138114358
196	95	0.47680422505585723
196	80	0.46352373369419375
196	194	0.4621250217009961
196	71	0.46062947347094424
196	93	0.44696410066770703
196	88	0.44635572457344874
196	99	0.43458057404137196
196	184	0.43083373998435043
196	180	0.4158220706216976
196	74	0.4112626831480468
196	145	0.40142792565958435
196	87	0.3907458666016123
196	190	0.3874278020364692
196	188	0.3578168987464528
196	167	0.3474229919122383
196	195	0.3450554753759113
196	76	0.3367391032883019
196	147	0.33450296139447855
71	177	0.8129271644570548
71	98	0.6618283263721084
71	38	0.5961931105493833
71	97	0.5938612628155802
71	179	0.49986037875621975
71	193	0.4826167561149355
71	191	0.4681512145524323
71	96	0.45144207685612275
71	182	0.42455044679116266
71	194	0.4110715665823677
71	166	0.40977434430206
71	60	0.3923630344482996
71	156	0.3873343090856488
71	89	0.3823763505959303
71	197	0.3648679357038641
71	95	0.36163011389931804
71	87	0.3517680055742669
177	179	0.6740344147077613
177	97	0.642652824427508
177	38	0.6360846582666857
177	98	0.6016951023849012
177	193	0.5972362792256475
177	194	0.5850325043009488
177	191	0.5760895968438711
177	182	0.5528523877355993
177	156	0.5251829220785551
177	60	0.5135209012396212
177	180	0.4928138454763897
177	89	0.48755663002398497
177	166	0.47681195159632633
177	178	0.44167512841685524
177	195	0.4288200769685266
177	52	0.42041828014671984
177	192	0.4028781373073367
177	170	0.4015118078540894
177	87	0.3909492037692065
177	80	0.38877830949217446
177	171	0.3752331417417662
177	173	0.37157573076000594
177	164	0.339714724112374
177	93	0.3382100469476239
95	197	0.8073949301175962
95	96	0.7620976647607814
95	99	0.6071910867928891
95	106	0.5999378008150998
95	98	0.5882592563981054
95	97	0.47042034508668473
95	83	0.46621249823633387
95	81	0.4622115257543966
95	5	0.45615088225061906
95	101	0.4158634243621524
95	74	0.40540487676566445
95	6	0.38195791594967027
95	190	0.37800498890366013
95	88	0.36390531899382234
95	38	0.33490254971491024
95	76	0.33455624679109636
197	99	0.6184739973613059
197	96	0.5940813101688964
197	98	0.5349185338718967
197	97	0.5334105849587445
197	166	0.48595418576841176
197	38	0.4818569830947049
197	101	0.4605743242586276
197	181	0.4521663211743723
197	79	0.4364362340337354
197	106	0.43418303095349564
197	191	0.38558197076444745
197	81	0.3640094231974908
197	193	0.3576250508926053
197	190	0.3484952795475618
197	182	0.33847570417451434
197	83	0.3379354778403052
102	1	0.6997395378174515
102	104	0.6908343063728356
102	10	0.6648354601992326
102	110	0.6585393106594397
102	114	0.64164207273959
102	105	0.6234322860951663
102	139	0.5763968509566341
102	6	0.5669998255027101
102	24	0.5483508450523507
102	0	0.5439792575653445
102	100	0.5205544554762063
102	2	0.4617317106221678
102	7	0.43659003072720753
102	140	0.4098825095876917
102	101	0.3842445795814259
102	106	0.3778506982061435
102	134	0.37363391526586265
102	8	0.35476994107068005
102	144	0.3516628500234982
102	141	0.34042220681258917
55	158	0.801824135799272
55	190	0.6676327908602203
55	83	0.4734749915436409
55	64	0.42396004143919513
55	169	0.38483254931154265
158	169	0.47308698900503376
158	190	0.4885165233839957
158	168	0.44925779232839125
76	81	0.7978978249934342
76	77	0.7183512966305818
76	74	0.7789913530768601
76	75	0.6462194820595657
76	73	0.6245619464545531
76	96	0.5722553530949068
76	80	0.5569495075512318
76	85	0.5557135216976313
76	88	0.5104439746945457
76	68	0.5063656078222752
76	91	0.49037960123834734
76	90	0.488919935248723
76	94	0.4829081934582929
76	65	0.4685805629013387
76	184	0.4674247224317919
76	167	0.4626439140686261
76	66	0.4603773337575815
76	98	0.4528740717688442
76	37	0.43438588020475194
76	22	0.43116757773421355
76	186	0.3893977951080867
76	78	0.37211000512236025
76	40	0.3674829978100235
76	57	0.36173441621184105
76	116	0.35748550621737285
76	15	0.3564209534419935
76	58	0.3462881904798811
76	84	0.34377747860846586
76	166	0.335355270894665
81	74	0.785969852475765
81	98	0.6875793692624953
81	96	0.6866133154460627
81	80	0.6811359049124355
81	88	0.6621822282230965
81	94	0.590588959164458
81	91	0.5818334280015619
81	193	0.5568184303054144
81	73	0.5460670155115669
81	97	0.5460459608422183
81	90	0.5415031961720238
81	85	0.5369855219039903
81	77	0.5265069028468669
81	166	0.5101407380005801
81	182	0.5037061814880148
81	184	0.49484783601351207
81	78	0.4404427642786125
81	60	0.4343939932585806
81	99	0.42159481732448667
81	75	0.40750855330642183
81	87	0.4057892026345807
81	93	0.40564718586812654
81	68	0.40048798516107575
81	167	0.3876657481334082
81	190	0.38260684964139197
81	181	0.37863907446815276
81	66	0.3773705485024662
81	65	0.3666696582228762
81	84	0.3654226037938258
81	82	0.36121281413830364
81	58	0.3595857046581638
81	57	0.34418305028450435
81	38	0.34345116481027815
81	37	0.33367676438789895
20	124	0.7964763083855827
20	136	0.594876621516101
20	127	0.5824350468717772
20	123	0.5501315951236325
20	24	0.5207731282379873
20	15	0.5187514539430168
20	14	0.5155575397150035
20	7	0.4932150219472716
20	42	0.49004533688415014
20	130	0.4670729671089382
20	27	0.460834282264602
20	138	0.454264052630353
20	53	0.4319813211231108
20	22	0.4232871962129448
20	144	0.42014657046510906
20	49	0.4157807151616271
20	34	0.40821715395120184
20	134	0.4073667742334092
20	10	0.4020233433478157
20	33	0.39958081501453896
20	150	0.39837844950542994
20	75	0.3890499081499123
20	48	0.3827519542416949
20	115	0.3795381807529713
20	116	0.35196076769295287
20	35	0.34449155141836973
20	2	0.3368011642996569
124	136	0.5671151612880257
124	14	0.550305909952989
124	17	0.4863054775397427
124	127	0.4753116239488179
124	15	0.47494772561774734
124	120	0.4635472877391001
124	53	0.46042461561410886
124	123	0.4517366216627718
124	115	0.44305854379715165
124	125	0.4353346290091113
124	117	0.42482092866937016
124	119	0.4217592550190793
124	49	0.42025361660945937
124	129	0.40397493068538703
124	48	0.40117623867072905
124	152	0.3955141792490641
124	7	0.3796836829943377
124	116	0.3759202953923858
124	42	0.37553382227190185
124	150	0.36284641044044136
124	33	0.34908377124838447
124	149	0.34730867810549065
124	21	0.33879442163578966
124	22	0.334591769200417
98	96	0.7395022354664961
98	38	0.6287583328350437
98	97	0.616456920504053
98	193	0.5917078934848586
98	182	0.5364444498143351
98	80	0.5313037960506294
98	74	0.5238926717230913
98	166	0.49765172888193965
98	88	0.4966956498360233
98	184	0.41191885159834524
98	87	0.3906441837141122
98	93	0.3850114346732099
98	99	0.3746315437598396
98	191	0.3732810981816976
98	179	0.3602646586239869
98	73	0.3504616955463718
98	181	0.3468161314181814
98	139	0.3431512357569884
98	194	0.3355593886208411
131	21	0.5234572130140615
131	129	0.4766805903880322
131	125	0.4321277203228962
131	118	0.3995724116292381
131	117	0.39249839414939336
131	16	0.3855479171774948
131	127	0.3590805944589843
44	149	0.7903261761334618
44	33	0.7475771578422257
44	17	0.7121190336817285
44	18	0.6404639715708587
44	45	0.6308037725942994
44	46	0.594941229853004
44	42	0.5460810515745639
44	136	0.5394361527372804
44	120	0.5365868800017122
44	152	0.526152644144775
44	154	0.5105105218625748
44	14	0.5050557165818248
44	119	0.4996503102718442
44	164	0.49305609031039266
44	115	0.4725745445325538
44	48	0.4679403626068109
44	146	0.4335985790790918
44	16	0.43189184373648803
44	118	0.4293748721783138
44	49	0.42726002462799667
44	47	0.41078898024093524
44	52	0.4032634029162015
44	30	0.3996480396792423
44	53	0.3983616234791502
44	117	0.39822700561733443
44	34	0.3865605619322688
44	125	0.37320363606958723
44	67	0.372945391450178
44	137	0.36771651282140067
44	21	0.36599433359325606
44	15	0.36506729938940685
44	51	0.360551793570851
44	78	0.3580784607813025
44	135	0.35059326511886396
44	116	0.3486446243751313
44	27	0.3372355094219087
44	31	0.3353996469926542
149	17	0.7167114980177685
149	154	0.6878428959482609
149	119	0.7110626483608566
149	136	0.5955352658805831
149	33	0.5912918116423406
149	152	0.5861758016460096
149	45	0.5615745047516535
149	46	0.5574942154961756
149	164	0.5566114097590665
149	125	0.5296222524526718
149	120	0.5114341557343376
149	135	0.5085855857613725
149	150	0.5049439703084765
149	115	0.49031883662692366
149	155	0.4772831312141168
149	137	0.4721861161343063
149	18	0.46842446182301956
149	157	0.463555138941826
149	48	0.45702947530758353
149	14	0.4292035729189766
149	53	0.4231558548469231
149	146	0.4135947070563084
149	173	0.40813381467390536
149	42	0.40160407048831503
149	51	0.40003449807062347
149	49	0.39150818421153744
149	118	0.38538614829653056
149	47	0.38155641307064053
149	122	0.379546740228178
149	156	0.3794868225373277
149	16	0.3788446475713921
149	52	0.37212723567700645
149	130	0.3651106348916977
149	117	0.35782561838592186
149	21	0.34480878926735237
149	143	0.340722770337895
193	194	0.7871139056427088
193	182	0.7619299307781102
193	180	0.6687066755351309
193	179	0.6680925771298256
193	80	0.6644055849866873
193	191	0.6581767092602484
193	87	0.6300867516417539
193	88	0.5892262613445867
193	97	0.588285413824488
193	184	0.5733639695973956
193	188	0.5483928023529048
193	93	0.5397409557311017
193	189	0.5250453135982946
193	82	0.5160712945182467
193	91	0.5060457928417421
193	89	0.4825400443062791
193	60	0.4774529975538066
193	147	0.4560162443279851
193	90	0.44135310230928576
193	74	0.42615583242325983
193	94	0.42164415154508467
193	96	0.41960292506579594
193	38	0.40913343676577735
193	170	0.40135242592625014
193	190	0.3901949702758695
193	166	0.3450730939886992
194	180	0.772742635837965
194	182	0.7367301846731173
194	179	0.6683693108190947
194	60	0.5766371970750173
194	189	0.5706862833280802
194	147	0.5654304118568444
194	191	0.559214814351045
194	188	0.5410365584367017
194	80	0.537625694238535
194	89	0.52714266374166
194	87	0.52635510006374
194	97	0.5211592831542249
194	93	0.5194673687500697
194	82	0.5059937167612372
194	184	0.48703810198978303
194	195	0.48195679264215174
194	91	0.471774181738718
194	164	0.4609445435971739
194	171	0.44995192651729105
194	173	0.43943469709453287
194	170	0.42502578870253593
194	88	0.4006894720405674
194	94	0.3856585874944018
194	45	0.3828373010688964
194	38	0.3701871916074955
194	156	0.36148233679350833
194	146	0.34984752135554875
194	172	0.34629699129429603
194	90	0.33902455812704024
194	178	0.3349735750344094
140	141	0.7863518035374277
140	144	0.7181043807706412
140	175	0.6610408206425973
140	134	0.6405524339568174
140	137	0.6093520019707748
140	35	0.6065973082178698
140	145	0.5746915431620495
140	24	0.549936305583098
140	172	0.5344829358712713
140	2	0.534075644877012
140	165	0.5326016130349636
140	174	0.5286502326946229
140	114	0.5266442193000213
140	104	0.5208970124784585
140	62	0.5086374777630178
140	139	0.48655739440700563
140	167	0.47815524740284887
140	37	0.46895508611822556
140	100	0.46672888556712655
140	130	0.42466520593800433
140	135	0.4154663574784687
140	10	0.4109053488856806
140	166	0.40021087745495887
140	138	0.38114621891853345
140	7	0.3743134287328891
140	110	0.3732724915373534
140	170	0.37082560807204634
140	146	0.36581244950550185
140	40	0.36189954302106886
140	143	0.35456887286119554
140	171	0.33751022507897493
141	134	0.7166044897285051
141	145	0.6499141138652379
141	139	0.6356319383042869
141	142	0.6189739136427616
141	137	0.6122421243522803
141	2	0.6116666535587003
141	175	0.6097856157827927
141	114	0.5983544734382548
141	144	0.5946051825553582
141	143	0.5861823655868288
141	37	0.5720737436100992
141	166	0.5590773432194172
141	62	0.5449571978130174
141	24	0.5411497133511742
141	39	0.5379384420258776
141	165	0.5264852187899314
141	167	0.5141170531287458
141	35	0.4999278882831146
141	100	0.4986291415806384
141	181	0.475404508113718
141	130	0.4687990552605724
141	30	0.45630133522004845
141	135	0.4415624322177451
141	138	0.4282812897530783
141	31	0.41960292506579594
141	104	0.3927521477655917
141	172	0.3760147467187923
141	40	0.3718859845762708
141	170	0.36472922818514036
141	0	0.3424099345807795
141	174	0.34167703944763833
141	101	0.33751908591754803
74	96	0.6930338772572181
74	88	0.6642323941030704
74	73	0.6628891465497152
74	75	0.5620672419707149
74	90	0.5572667375887221
74	77	0.5390460822962425
74	94	0.5196936799311946
74	85	0.4832225190740533
74	184	0.47955021387290603
74	91	0.44948125109527465
74	190	0.42926883342147365
74	80	0.39865604022354056
74	58	0.3813171513981615
74	83	0.37800498890366013
74	22	0.36069968491330917
74	57	0.3528978666969592
155	157	0.7817674766872483
155	51	0.7700701102878287
155	154	0.7501814734102805
155	173	0.6748793315934569
155	119	0.5667487236923208
155	50	0.5648791258451993
155	153	0.5532202876479575
155	47	0.5429575268483067
155	17	0.5347043408569422
155	53	0.5067744705415057
155	150	0.5017483483787258
155	195	0.495647849232326
155	46	0.4883642381859829
155	125	0.46859617140018134
155	178	0.45624590821333644
155	144	0.44993597550847303
155	137	0.44681204536890173
155	107	0.443661117797576
155	174	0.43129782387102206
155	146	0.42688392425508
155	171	0.4228684836047912
155	67	0.4150525777042608
155	72	0.41326307644241067
155	45	0.391067799498155
155	152	0.3897370899845861
155	89	0.3837330480490411
155	122	0.374751888616055
155	164	0.3573982826882643
155	49	0.3547874237124096
155	179	0.35168037656502543
155	130	0.34842499350495276
157	173	0.7150588484943994
157	150	0.6921910111433708
157	154	0.7336700723909143
157	51	0.668026133526281
157	50	0.6321805596778378
157	146	0.611704204014849
157	53	0.610777154822634
157	49	0.5235661033452519
157	195	0.5090376632822252
157	45	0.5066481191192168
157	17	0.5041761887282553
157	47	0.5009997244125293
157	46	0.49899722241841354
157	164	0.4858319605014205
157	153	0.4519992407319379
157	144	0.4509164282807022
157	119	0.44793984028961087
157	171	0.43787606564678705
157	107	0.4219318847442921
157	67	0.4201383356619179
157	137	0.4163843341137638
157	152	0.38713879808103757
157	72	0.3771647079110664
157	178	0.36390531899382234
157	130	0.358087178548245
157	135	0.3538605020307939
157	125	0.3402895831332107
35	37	0.7811055703071178
35	69	0.7032238586909698
35	92	0.6504971187359166
35	40	0.606205296218666
35	167	0.6055407325620062
35	62	0.5952706127989048
35	31	0.5841306824124385
35	65	0.5358958082384115
35	66	0.5320928225022973
35	68	0.4900605338465599
35	34	0.4473721214005998
35	175	0.4373909795297568
35	172	0.4188693505956941
35	138	0.41381020812638253
35	24	0.40532966580195673
35	145	0.4051290764057631
35	144	0.3878611652175415
35	134	0.38115476616155375
35	2	0.3602646586239869
35	174	0.3590980155564041
35	30	0.3407492873066521
37	40	0.6398974097318839
37	92	0.5967213862638646
37	31	0.5941007218448345
37	69	0.5939259918514103
37	66	0.5756484694704255
37	167	0.5566735231837925
37	68	0.5240160019375456
37	65	0.4639789957827848
37	62	0.4515137319492102
37	30	0.4258939115280052
37	2	0.40532966580195673
37	24	0.40164600535474787
37	134	0.39728420042476853
37	39	0.3918044960660507
37	41	0.38716430149135966
37	166	0.3841763889971773
37	34	0.3763323892889224
37	145	0.3441918656344421
37	175	0.33963510822682713
10	110	0.6939889137764818
10	104	0.6772952537182411
10	114	0.619442515296483
10	7	0.6017588948467039
10	1	0.6012164142035799
10	24	0.5946375038282554
10	2	0.5910055726333353
10	100	0.5515665187062555
10	0	0.5119582542606188
10	8	0.4848534743977531
10	139	0.4387485784061278
10	144	0.4081754851629799
10	134	0.4059646080605356
10	6	0.39142350876253695
10	105	0.38600755195267644
10	150	0.3620733361837707
10	135	0.36176049037523944
10	130	0.3612041188538665
10	181	0.34274533798930706
22	34	0.7301086457077354
22	26	0.7085769204922406
22	123	0.658901606539726
22	15	0.4998528773227058
22	186	0.4806582934131368
22	129	0.47171198506171214
22	75	0.4660950931408827
22	77	0.45526347171606835
22	116	0.45132263876142487
22	18	0.42466520593800433
22	138	0.41840749516641285
22	127	0.41176938240276173
22	14	0.37821924670865764
22	117	0.3508914382478615
22	27	0.3433188518002033
22	118	0.3391219113544714
123	138	0.7770178203390928
123	34	0.6965151956406674
123	136	0.5835506480198246
123	127	0.5331529651664817
123	33	0.5096005147238883
123	42	0.4446725395282461
123	27	0.42098615676616247
123	129	0.40346435433430705
123	75	0.39472093014393755
123	26	0.375370605501934
123	15	0.37088598069059564
123	24	0.3681056014664826
123	14	0.35729360622332035
123	48	0.3352842660424856
138	34	0.6668061120941042
138	127	0.5386131881205829
138	33	0.5278716172068795
138	134	0.515491458610915
138	136	0.5126368013186552
138	62	0.49429639520757424
138	27	0.48748039745421756
138	137	0.45698991820074325
138	42	0.4362581217839913
138	130	0.42048413780913557
138	24	0.38293117503138785
138	2	0.3767100112659652
138	144	0.37500972792718285
138	7	0.3687710763768302
138	145	0.3639660475510786
138	143	0.35571364847285125
138	69	0.336437622479043
138	48	0.3342276194431286
96	88	0.6093331409218591
96	97	0.48353672016533444
96	83	0.4810042539820551
96	190	0.4588392521305619
96	99	0.4528025273962233
96	73	0.39441697662598457
96	85	0.3728679067934584
96	75	0.35935930198490107
96	184	0.35727615927306994
96	87	0.35614157307362093
96	58	0.34561034481515224
96	166	0.341270677479477
180	189	0.7507274958022306
180	179	0.7189122357963543
180	60	0.6363941619460165
180	182	0.6706260544115713
180	80	0.5851969144934247
180	175	0.5320856536918702
180	82	0.5305928832357748
180	171	0.5297373627404474
180	165	0.5286430273672174
180	172	0.5263334112120064
180	89	0.5254725343826775
180	170	0.512120573699926
180	191	0.49824584596208893
180	91	0.49148771774647226
180	147	0.48850890983073864
180	168	0.47726768705044087
180	188	0.4445923093276379
180	97	0.41795367643514186
180	146	0.4166157618702712
180	84	0.4127488322966869
180	195	0.41093859461099946
180	45	0.39062723563926655
180	87	0.38169311107677706
180	145	0.375963228781949
180	86	0.37578289770042334
180	93	0.3598555909823783
180	164	0.3580958962527533
180	184	0.34897838997198494
180	166	0.34534615138381625
180	94	0.33729754701210085
180	173	0.33626024860112275
116	15	0.7472461260056102
116	115	0.6287341457083867
116	18	0.6009034380036653
116	14	0.5765570927873144
116	186	0.57156897840865
116	118	0.5616292730170689
116	77	0.5004827362765094
116	188	0.49390334525743484
116	120	0.49126773884997227
116	75	0.4834984096271262
116	117	0.4664942034700797
116	16	0.45340649653818577
116	184	0.41923208504495246
116	78	0.4078254002024124
116	129	0.38802257042720284
116	152	0.3871302968126159
116	42	0.3855904839970599
116	147	0.35649951769096155
116	73	0.3350268415260152
116	26	0.33491142808799795
172	175	0.7703141926973428
172	146	0.6975794335420658
172	165	0.6736085623695256
172	171	0.6565355302102751
172	67	0.5978984797281821
172	174	0.5893241745518386
172	145	0.5780505450120222
172	170	0.5405625094410529
172	62	0.5391383016451119
172	147	0.5196352840251575
172	144	0.5039524129770311
172	167	0.49937262960956624
172	137	0.48023524943628093
172	189	0.4596283563362479
172	69	0.4586181731018162
172	86	0.433046261569933
172	92	0.42998640304601704
172	173	0.4173923029619946
172	40	0.41028178923890957
172	153	0.40681615174643193
172	45	0.3930819380764547
172	30	0.39048316631182384
172	68	0.3862798377243332
172	134	0.3849006995260028
172	65	0.37976926377477666
172	42	0.3525038457583824
172	66	0.35086513171499034
172	166	0.35078620879364525
172	31	0.34560153924982406
172	60	0.34212742189543044
172	195	0.3418978347830429
172	168	0.3417830259176382
175	165	0.768232289952225
175	145	0.7234233705493411
175	170	0.6450648534499065
175	167	0.6209071258042828
175	171	0.5990088851723114
175	166	0.5936216985311762
175	62	0.571016606342695
175	174	0.5706121037834596
175	144	0.568876349472505
175	146	0.5672101270026331
175	189	0.515880514615044
175	137	0.5130568845242592
175	40	0.4457629616304454
175	153	0.4393620734792997
175	92	0.4348238842301079
175	134	0.4243864814874144
175	60	0.41598747526482865
175	66	0.406298630896942
175	195	0.40446852749235207
175	168	0.38323834361079323
175	31	0.37899023923797465
175	147	0.3787761273562164
175	67	0.37789355883885495
175	30	0.37235982305881393
175	86	0.3690993533580146
175	173	0.3645731628747221
175	69	0.3545251580405163
175	164	0.3525563891093389
175	139	0.3517855306363745
175	79	0.3516453232354318
175	100	0.34600653224179717
175	181	0.3357989648812735
175	142	0.33369453746562544
51	50	0.7250495134604181
51	53	0.6861531916306461
51	47	0.6696895444504306
51	154	0.6064582409261419
51	17	0.5547243453538119
51	46	0.5118623210393985
51	49	0.5010446630181901
51	173	0.49131325686875155
51	45	0.48886666641493226
51	153	0.4776459841730579
51	89	0.47352153950717024
51	67	0.4731490817509465
51	72	0.446379747248776
51	119	0.4147628296496458
51	150	0.4123422272779084
51	178	0.41102170414257677
51	195	0.4041255444977717
51	125	0.3833663055096456
51	152	0.3832554060474512
51	122	0.3675089462113374
51	146	0.36385326348215963
51	107	0.3519695288982967
165	171	0.7686008722453779
165	137	0.6881957376275342
165	62	0.657132527595834
165	145	0.6561484639201015
165	146	0.6281411810308773
165	174	0.6213800448516038
165	164	0.6072226517837698
165	173	0.5890369133951942
165	60	0.5427106609517798
165	195	0.5163940361963729
165	170	0.4955950440756504
165	67	0.47105863657919433
165	166	0.46830736681783824
165	144	0.46464574763493377
165	45	0.45385126019018696
165	167	0.44048306389966485
165	189	0.42949720988095735
165	153	0.4269411664525472
165	156	0.40577249579653324
165	147	0.40419247693724286
165	142	0.3997404665745464
165	134	0.38992365708506194
165	79	0.38514770886853467
165	31	0.3632284201192886
165	168	0.3617257246982799
165	33	0.3509615862944492
165	135	0.34384802203183223
165	182	0.3343608565471615
171	173	0.6922066369670072
171	67	0.6425941209203807
171	146	0.6527583605835111
171	164	0.5559346607594706
171	137	0.5502571066347131
171	174	0.5252553365650643
171	45	0.5134472678302381
171	195	0.5100297660456002
171	170	0.5063953509746716
171	62	0.4740256395582799
171	153	0.46352373369419375
171	179	0.4460754124947803
171	60	0.43393955371800524
171	189	0.4322334389157218
171	156	0.41515190051981005
171	46	0.41180259969465804
171	178	0.4028865141656528
171	147	0.4000764958505781
171	145	0.3770360386151378
171	154	0.36807102102668404
171	50	0.3405459766939736
52	156	0.7675346870056164
52	38	0.5887756376428407
52	79	0.5613279866573029
52	164	0.5574252916339711
52	45	0.5057183961962435
52	97	0.4647476750403385
52	142	0.44247165371939795
52	46	0.41895180198849624
52	21	0.41721887319327144
52	122	0.40042081425922865
52	178	0.3987569641983731
52	195	0.3722133846029298
52	147	0.36184740016565725
52	179	0.3556874441592135
52	16	0.3503037937991528
156	164	0.6816715937360202
156	38	0.6364060618439671
156	142	0.5922015815235628
156	79	0.5794870015795304
156	97	0.5230142161630231
156	195	0.49458349627480674
156	45	0.4704748526206191
156	173	0.44466451682924574
156	178	0.3923630344482996
156	179	0.38128296698757363
156	182	0.37348763836753823
156	46	0.36288982677685366
156	147	0.3604995922973886
156	60	0.35026870181737535
156	143	0.3382454710269395
6	105	0.7399505122127074
6	1	0.6502259146953836
6	106	0.5289959988162911
6	5	0.44251990556847476
6	24	0.4081588171714465
6	8	0.40451034690709886
6	139	0.3927521477655917
6	0	0.37688161624809663
182	80	0.7350660014616466
182	147	0.6950035559419954
182	188	0.6554645627275592
182	189	0.6217175672281753
182	97	0.6178870372504369
182	184	0.5714545047732278
182	60	0.5710570413594195
182	38	0.5490497729124225
182	179	0.513984617816448
182	191	0.5005576842283129
182	166	0.48554924179014375
182	164	0.45680001892517724
182	170	0.4378599002141973
182	82	0.4201630398639022
182	79	0.40043760738817025
182	181	0.3983532103654665
182	93	0.39054249129292634
182	78	0.377584926140329
182	87	0.3670850506949372
182	99	0.3445444298595959
182	195	0.3368898178110734
104	110	0.7590754873853099
104	114	0.6652370234527497
104	2	0.6030140411689132
104	24	0.5831680267490794
104	134	0.5469296629705677
104	100	0.5366224827724941
104	7	0.5245380980702766
104	135	0.5093561722280481
104	130	0.48601529127507015
104	150	0.47687376126749237
104	144	0.4759461211731169
104	1	0.44828349453254374
104	139	0.4347914465383497
104	0	0.38047933329600253
110	114	0.5271137783081231
110	24	0.5092598935356957
110	8	0.4470201145315726
110	1	0.4451698074954608
110	7	0.4293830285154837
110	107	0.4270147585362294
110	2	0.3938595043243709
110	100	0.3771647079110664
110	150	0.3746143506068916
110	130	0.3596988901222732
110	144	0.35351928968829066
110	105	0.3499791554535524
105	106	0.533567970579479
105	1	0.5120541747131
105	5	0.43154198692773593
105	24	0.41472971022838967
105	8	0.33803291217540504
189	168	0.5972298460989589
189	159	0.4872364032851147
189	80	0.5744101888232789
189	147	0.5529565322339443
189	82	0.5507380037830665
189	179	0.5467333898941243
189	188	0.5017034521114881
189	84	0.49678603965981366
189	60	0.4729006825670143
189	191	0.44254403053218955
189	146	0.4273417660223767
189	45	0.423369275533311
189	170	0.42078044245577606
189	78	0.4089918832504577
189	86	0.40275247633339833
189	97	0.3906780790693224
189	91	0.3708601070950389
189	153	0.36286377716405865
189	79	0.362611935004669
189	89	0.356621718724262
189	18	0.34353054607310607
154	119	0.680465266918406
154	17	0.6454733928434861
154	150	0.6385668007712328
154	46	0.6377784625588045
154	173	0.6149356728582505
154	47	0.6075886656143051
154	152	0.593440336672893
154	146	0.5394716022129705
154	53	0.5379171230148567
154	136	0.527611881299434
154	153	0.5152711439796016
154	45	0.5151903448789483
154	49	0.5118032788646631
154	137	0.5082148211585253
154	125	0.4964470222602376
154	50	0.47356808482579904
154	33	0.46118076996222923
154	164	0.4502788589245543
154	130	0.41840749516641285
154	144	0.4176895404054445
154	48	0.4076252977943037
154	67	0.39734315035376744
154	135	0.38949959467359463
154	72	0.373556476869284
154	178	0.35861884422813745
154	120	0.35622888628173643
154	195	0.3433188518002033
154	115	0.3410055900500518
39	143	0.7492925485691819
39	142	0.6049831135936041
39	2	0.5468876095139753
39	27	0.527048781629016
39	24	0.48622912312858885
39	130	0.4828391784880667
39	114	0.4761549326628577
39	134	0.4747231115360595
39	181	0.44853116309827795
39	135	0.37803927287439604
39	38	0.37326388482875666
39	100	0.37085148243524413
39	30	0.365647863630206
39	79	0.3617257246982799
39	139	0.34573361633833694
143	142	0.6472084752731871
143	130	0.576256602981869
143	134	0.46255745400198495
143	2	0.45573105981618073
143	114	0.44917797199906356
143	135	0.4222030982212845
143	137	0.4094581027790043
143	27	0.40205687789778716
143	139	0.3955394860048015
143	181	0.37526750922948854
143	24	0.3733413428929461
143	38	0.33396998982880394
15	14	0.7279064807528484
15	115	0.7026066485025607
15	75	0.5981682692748137
15	186	0.559132335361655
15	18	0.5371491803945202
15	77	0.48085051221248565
15	117	0.47216280459593996
15	7	0.4502071036114285
15	129	0.4381185131562652
15	118	0.4378275684996328
15	127	0.4154167129786428
15	120	0.41356983856520263
15	16	0.38381831967138635
15	26	0.38334924477332166
15	152	0.38063326513796913
15	42	0.37651263356748527
15	34	0.37500972792718285
15	30	0.35497971639471626
15	78	0.3341476707675934
166	167	0.7177360920098002
166	145	0.642394472557942
166	170	0.582368966081603
166	38	0.5784964968010665
166	97	0.5196498834568598
166	139	0.4837512249451366
166	60	0.4787875207534752
166	181	0.45984917560866784
166	80	0.43406941613470185
166	31	0.4211506970412952
166	79	0.4033890021120059
166	99	0.38901596201490213
166	142	0.38195791594967027
166	92	0.36591638669263526
166	66	0.3631155663260763
166	30	0.35039151945100244
166	147	0.3372886846785609
33	136	0.6894202527466694
33	42	0.6619350897662246
33	34	0.6266312803034648
33	62	0.5859000466426244
33	137	0.5855321621409018
33	17	0.5188976181622941
33	146	0.5039598732590891
33	45	0.4968462935554855
33	30	0.45385126019018696
33	67	0.44824354154163726
33	31	0.44591519485781334
33	27	0.43941855900976245
33	48	0.4343534272846026
33	134	0.42165237367251096
33	120	0.4146551875129095
33	49	0.4002780618040683
33	18	0.39609608264096574
33	47	0.3956154026684241
33	69	0.3941974009491722
33	46	0.3932763824092286
33	150	0.39322566119121977
33	119	0.3917960311405165
33	164	0.38558197076444745
33	14	0.3839206369780427
33	53	0.36801914845777006
33	135	0.3595595834327569
33	50	0.35270524986472185
33	130	0.34979486384757796
33	41	0.3465873839682195
33	152	0.3425864735760245
147	188	0.7444819810177158
147	164	0.5561142783227307
147	78	0.5559001129665354
147	184	0.5053387313664693
147	80	0.49231397418321843
147	146	0.48457805617714694
147	45	0.4701711220748704
147	79	0.45624590821333644
147	30	0.4559053503630996
147	170	0.4239272305674622
147	97	0.41258289092018996
147	191	0.39542981905937885
147	181	0.3920160976442455
147	186	0.3842275323283605
147	179	0.37531905852653114
147	60	0.3617691816372737
147	135	0.35622888628173643
147	38	0.3424275895686063
188	184	0.7335084260105184
188	186	0.5380592367576322
188	80	0.5298812231621847
188	78	0.49141945514303836
188	77	0.46640031223558887
188	191	0.4351644118605505
188	82	0.4280117818773923
188	87	0.360255956498879
188	73	0.35801743466463787
188	18	0.34346880551504916
188	75	0.3385642445971093
188	179	0.33733299574840225
75	77	0.7440983934598733
75	73	0.7267525523990135
75	186	0.5699170616499859
75	184	0.5548489434734174
75	14	0.4677997650388316
75	127	0.4047110565488735
75	78	0.3938088106450093
75	90	0.3934792433429237
75	115	0.3878356780094887
75	7	0.3706358451528913
75	34	0.34927694732419184
75	129	0.33662383936222684
77	78	0.5887756376428407
77	73	0.6776198844403514
77	90	0.5836495596572697
77	184	0.553088423799557
77	68	0.4832685075004631
77	186	0.47298607826835143
77	80	0.44355670035015715
77	85	0.4370917161337429
77	94	0.39934549484421317
77	84	0.3887188882753291
77	42	0.38596500122297495
77	57	0.37218754059846343
77	65	0.3685032033155209
77	82	0.3671456165381301
77	88	0.36154318839004757
77	18	0.3565257046537012
77	91	0.35379926572189896
77	129	0.345645566467797
77	26	0.3412971832378406
77	118	0.340528296004799
80	60	0.555651312163076
80	184	0.5550427133066963
80	78	0.5361879984527118
80	97	0.5351041122198488
80	82	0.50813322765097
80	91	0.49181377794092723
80	179	0.4415382812192736
80	94	0.44144167082732866
80	84	0.43985418771701534
80	93	0.41628513426725194
80	38	0.41562354873222107
80	73	0.3905763898258554
80	85	0.38937234373005797
80	90	0.38895655373655447
80	87	0.3869517549722689
80	170	0.38065036737412256
80	88	0.37791927444106
80	181	0.3762293797655857
80	191	0.35479616494023625
80	57	0.33593204403537674
184	73	0.6929403188590882
184	186	0.5094524381708067
184	90	0.47157202537493775
184	82	0.4472281353340927
184	88	0.44621157501136344
184	161	0.43522926015761043
184	87	0.41468002903614604
184	191	0.40964120197598636
184	78	0.4045270741993542
184	93	0.39454363441891943
184	85	0.373539267629542
184	94	0.3600906042100275
184	170	0.34396264681733757
34	26	0.530255117568736
34	42	0.5145730315925342
34	62	0.47246580307690184
34	27	0.46771383264549016
34	69	0.41337086842261994
34	127	0.41119621192078193
34	30	0.4051123588616812
34	24	0.3924730155002509
34	18	0.37156711141321563
34	31	0.3702303388809896
34	136	0.34232165601465786
34	134	0.34136786260649343
2	134	0.7296507156642702
2	114	0.6567801144185205
2	24	0.6060534704992471
2	30	0.5904391617425957
2	100	0.5844533977771904
2	7	0.5381231779642821
2	181	0.5128137083922644
2	135	0.5059713973116808
2	0	0.4620935635009355
2	139	0.4460033180952434
2	144	0.4429460189404254
2	142	0.4102485219388319
2	130	0.3915505194498573
2	101	0.38702827645769045
2	79	0.37797070389614773
2	137	0.3743822178294134
2	62	0.36924618430686434
2	1	0.3633065434255167
134	135	0.610099600776253
134	144	0.5933755499717237
134	137	0.5929672169422813
134	100	0.5813238680196278
134	114	0.5774576268979676
134	24	0.561971463176393
134	30	0.5581761470998847
134	7	0.548979914642402
134	181	0.48035833983408655
134	130	0.47636369046912624
134	62	0.42620493464007847
134	127	0.4092916203352932
134	145	0.40578084924945357
134	150	0.40420084318784283
134	142	0.39591058274275653
134	146	0.39380036146552927
134	136	0.3866030896568542
134	139	0.3828714379701595
134	0	0.37971791608644434
14	115	0.7249451501103439
14	152	0.5628192651680878
14	17	0.49411501263575214
14	117	0.4820258842335429
14	120	0.48078900722384804
14	7	0.4550494069119242
14	18	0.4506056706412894
14	186	0.42828945546947433
14	16	0.39628155021264777
14	119	0.394518304059493
14	46	0.39171137823713326
14	118	0.39100850325669867
14	48	0.38311036699912343
14	129	0.37689877532370225
14	136	0.36621948468155885
14	127	0.3646685385544622
14	21	0.35622015524082845
14	42	0.35608045012733625
14	125	0.34939108287093873
73	90	0.6379979090583351
73	94	0.5063432996672629
73	85	0.4907592720386449
73	88	0.47948090803857313
73	57	0.38952504307819513
73	186	0.3861181761629003
73	161	0.36242953347498186
73	78	0.346420196295453
73	82	0.3435040861975032
1	8	0.5597025885438902
1	139	0.5309161180727265
1	114	0.46801065250992147
1	106	0.4172849452607576
1	100	0.39235457390261175
1	24	0.3498914009235444
1	4	0.34743178485433623
1	0	0.3373064092858561
50	53	0.6779388473457374
50	173	0.6495327266416802
50	195	0.5915714013550907
50	47	0.5498595682347575
50	67	0.5481759932482773
50	45	0.5378673759799396
50	49	0.4928592722039425
50	146	0.4827548187118155
50	174	0.4423590561081667
50	62	0.42726819908178393
50	17	0.4249438499123053
50	153	0.4198253618739288
50	150	0.41664881857165437
50	93	0.41255799735133414
50	41	0.40631532918970054
50	46	0.3897879750946576
50	89	0.3890753670578302
50	137	0.38176145381927135
50	164	0.33399664348312713
115	120	0.6784734832751776
115	117	0.61060157844577
115	17	0.5807939716511704
115	18	0.5672304748365369
115	119	0.5594072222803497
115	16	0.5540108886334556
115	152	0.5535532939043911
115	118	0.5376896774176126
115	129	0.4515535378180252
115	125	0.442254488694919
115	21	0.39274369027487077
115	136	0.38520732354817
115	48	0.38409966957955116
115	186	0.35511954675576407
115	46	0.3542978159928332
115	42	0.3470712241402383
83	190	0.7242041636533953
83	87	0.5181957532983502
83	88	0.4347590077182815
83	191	0.4298233666888684
190	87	0.41974298374920804
190	191	0.3990680856481893
190	88	0.3899830126327909
190	64	0.36319369701021753
190	186	0.3569097157342436
190	90	0.33362344373143665
139	114	0.71251311827504
139	142	0.6993412361346396
139	100	0.5042283933316982
139	0	0.4876862083332152
139	101	0.47327325314106433
139	38	0.45879977789794324
139	181	0.42973368474293727
139	145	0.39029669525849264
139	144	0.369772896530561
139	24	0.3648072531568205
139	130	0.3561153778983552
145	174	0.6432980651169152
145	62	0.5931422541818654
145	167	0.5517543498106965
145	170	0.5385989900509678
145	195	0.5322505170301784
145	144	0.5162766925501837
145	137	0.5128358187151179
145	41	0.5067967655916222
145	92	0.43668715233587063
145	38	0.4131967371589342
145	142	0.4065407295770242
145	60	0.40001769848821034
145	40	0.38517325841058714
145	31	0.37239427647211965
145	146	0.36719752764030716
145	66	0.3577907394536445
145	173	0.3508739006208165
40	68	0.7192213192698862
40	41	0.5643273351185951
40	69	0.6395784126304541
40	86	0.5954578198166803
40	92	0.5852626651026268
40	66	0.5414961283908664
40	65	0.4904023867385348
40	42	0.4852740666058675
40	62	0.469828317968267
40	144	0.44536222465597053
40	31	0.43393143671814544
40	85	0.41303916378344113
40	27	0.4049953284682438
40	78	0.3979408857028504
40	67	0.3955310504862859
40	167	0.37292817308705023
40	94	0.34795924952916824
68	86	0.6969371451502514
68	66	0.670598540454258
68	65	0.6634269589950786
68	92	0.6185542645961345
68	69	0.5703422814814954
68	91	0.5349542260253531
68	85	0.5224400787171902
68	94	0.47631730448532167
68	84	0.46939961348846787
68	67	0.4325423943719442
68	42	0.4322984906065245
68	78	0.40110911190645715
68	31	0.374476796109152
68	41	0.36282904346476413
68	90	0.36220366453941355
68	167	0.3615692667028745
179	89	0.7022013456562616
179	191	0.6981129645335086
179	178	0.5283619601792758
179	192	0.4310780230899482
179	82	0.5618688263141283
179	87	0.5484277646609381
179	97	0.5200804301632976
179	168	0.5132557855775616
179	60	0.48284684711431636
179	170	0.4535494809260338
179	195	0.447771961021227
179	91	0.4435727653567116
179	93	0.43573168132331397
179	173	0.4109635281877505
179	38	0.3991017148978776
179	159	0.3980587091651405
179	72	0.3795381807529713
179	46	0.3449233280293405
179	153	0.34399791391999984
179	18	0.3401481029514031
17	119	0.7181867061564647
17	120	0.7131771180011504
17	48	0.4972077163384531
17	46	0.6316699898653662
17	16	0.5957094790555407
17	53	0.588076119944778
17	152	0.55926292198319
17	18	0.5458915388560768
17	136	0.5366509636135797
17	49	0.5339112291462343
17	117	0.5320139613917513
17	45	0.4978698767923905
17	125	0.4837665444919649
17	47	0.47563667216130207
17	42	0.4175161627561611
17	21	0.3936905160769279
17	118	0.38376715748337964
17	150	0.37016993225085054
17	67	0.3541141629891904
17	173	0.3505669523112454
17	122	0.3397677986648712
119	125	0.6184060688496531
119	120	0.5460178868767004
119	136	0.5318562114788875
119	152	0.5039822536541021
119	48	0.43720496231958345
119	46	0.4070080689280916
119	53	0.39360601197260797
119	117	0.3878611652175415
119	150	0.37598898804092334
119	173	0.36612423368304386
119	16	0.3471327905539587
119	130	0.33758111011270714
144	130	0.6481778989683846
144	137	0.6455842184293438
144	150	0.5895199490387607
144	146	0.5596201750475549
144	114	0.5237910891675931
144	24	0.5205909056804042
144	62	0.47759195256462117
144	135	0.43842552185313743
144	174	0.41821774182045035
144	100	0.40544665826300313
144	136	0.40297865515205883
144	153	0.3954804359738838
144	7	0.3797007996703744
144	173	0.3774477291131668
144	27	0.36426964391479316
144	53	0.3435834641881381
167	170	0.5674949336590608
167	92	0.5510235812199296
167	31	0.5404917263976843
167	66	0.49458349627480674
167	65	0.47397136677898755
167	62	0.41053957378827677
167	69	0.40812548037199736
167	174	0.3804878856182317
167	30	0.37009226198353934
167	60	0.345522286423101
88	90	0.7175809028032187
88	87	0.7054511261081794
88	94	0.6984511499345148
88	91	0.6771761563234164
88	93	0.609301704307948
88	85	0.5625937559156902
88	89	0.4439341526374433
88	82	0.40578084924945357
88	97	0.40322153314061565
88	191	0.3679845654724458
90	94	0.7174693165295607
90	91	0.6643497247536246
90	87	0.5665518405322728
90	84	0.5488890874238808
90	82	0.535603489597422
90	85	0.5346829177752621
90	93	0.4618575899338834
90	78	0.394695603982423
94	91	0.7105282971119063
94	84	0.6854010040590207
94	93	0.62607221157818
94	87	0.5674949336590608
94	82	0.5617251056396626
94	85	0.5521367956388569
94	89	0.5376114749133857
94	65	0.42656494082044843
94	60	0.4205499910409639
94	66	0.37010089226877524
94	86	0.36371443767296396
94	41	0.3353286445215256
173	195	0.6814199109149904
173	164	0.6383298472832369
173	146	0.5992076166531494
173	174	0.583042628996286
173	137	0.5616224272530244
173	67	0.5432818365027607
173	45	0.5274675409296775
173	153	0.47236481598634766
173	46	0.46711205833815267
173	178	0.4413128410488937
173	150	0.4333630717132087
173	135	0.41110480684247086
173	107	0.38110348172612285
173	47	0.3695052527776914
173	62	0.3634974899987764
173	53	0.36242953347498186
173	72	0.35369428213568
173	4	0.3505318677068061
5	106	0.7149122097892504
5	0	0.4171940950307859
5	101	0.36472922818514036
106	0	0.3635582393231547
106	101	0.3440067305440228
120	117	0.6645452030976752
120	16	0.6176767997843889
120	18	0.6048499576377936
120	136	0.529262407056741
120	118	0.5060755489456301
120	46	0.4398219260176728
120	152	0.4364524243606847
120	42	0.4074001357822259
120	53	0.3687537960915186
120	48	0.36543126842536927
120	125	0.3603168700578729
49	53	0.7128920006253437
49	45	0.6410180553762433
49	42	0.6195103026839935
49	46	0.5354608485391278
49	47	0.5193213228482402
49	146	0.5147568115954366
49	67	0.5011045769561504
49	150	0.49450795382233226
49	86	0.47689693867837885
49	152	0.47155647283175933
49	48	0.3658211112863336
49	153	0.3507599000457191
49	136	0.34880273489769553
53	150	0.5506334920023804
53	47	0.5468525628585476
53	42	0.4888742764715538
53	45	0.4871677662136187
53	27	0.44865896509279585
53	125	0.4349617318313266
53	146	0.432583038846741
53	136	0.42296702047361057
53	46	0.41025683886621395
53	130	0.4010587640059967
53	152	0.3794440222376798
53	153	0.37784212588525456
53	67	0.3688488345062653
53	48	0.3640701464499107
114	100	0.6433215112175661
114	142	0.5921041782789136
114	0	0.5907061635462981
114	24	0.5814562651368359
114	101	0.5716430377313714
114	181	0.5678270365389306
114	130	0.4787875207534752
114	135	0.43554533093344827
114	79	0.4018221134003498
114	7	0.3918891416730018
114	150	0.3586275581221331
87	93	0.7118971636808313
87	89	0.7018919960921698
87	191	0.6630740968176956
87	82	0.6377369340005621
87	91	0.5534145627970672
87	97	0.5210500156629421
87	84	0.4093249190049017
93	89	0.6513270098280188
93	82	0.5479171246152716
93	41	0.5295790810646696
93	97	0.5092376735654051
93	191	0.43153384917748316
93	38	0.4307441536873298
93	91	0.42212913840219174
93	84	0.37892172784902395
93	195	0.3768558771496665
93	60	0.3632978633104265
31	69	0.7112603480835996
31	62	0.6242202704574642
31	92	0.5889977298795295
31	30	0.5560244760327651
31	67	0.49350252884640655
31	41	0.4391603110797194
31	65	0.43529410393900736
31	79	0.3972336693044706
31	64	0.3799489622552249
31	66	0.3684686345904261
31	42	0.3464817943149684
31	78	0.34104977505602596
31	137	0.3336856509564153
69	92	0.6651924243031142
69	67	0.5669591134458625
69	62	0.5436552967023435
69	65	0.5242770992740573
69	42	0.5050035704277197
69	86	0.4487308456520883
69	66	0.41287327035172
69	64	0.40468596997547546
69	30	0.3804878856182317
69	41	0.35827023723008855
91	85	0.5763701396739881
91	84	0.6294592303466059
91	82	0.5653283599347186
91	65	0.5633860848678254
91	86	0.50913397139396
91	89	0.5032433433526802
91	60	0.4381023519712884
91	66	0.4251486838284152
91	54	0.38167602473896534
129	117	0.5339684218071992
129	118	0.5217854203484202
129	21	0.5195330795065313
129	26	0.5076880115931782
129	127	0.47934227842483595
129	16	0.47376199518157897
129	18	0.4325667812677981
129	125	0.3956238375195859
129	186	0.3375545286736905
82	84	0.7092434983042356
82	89	0.6468538513870496
82	191	0.46608726555075747
82	168	0.46232160910099107
82	86	0.43378531867530434
82	159	0.40320478475764754
82	97	0.3792128725588617
82	78	0.37584301122401653
82	60	0.34646419518569105
82	18	0.3411204679311668
82	45	0.3346983307231104
84	86	0.5789753433686532
84	89	0.4855186715190733
84	65	0.3999672981281549
84	60	0.39501635770342713
84	159	0.35400045934475743
84	85	0.3391396111610059
26	127	0.4222359674479216
26	18	0.36258587934369607
26	24	0.3437333869983573
18	118	0.7062289000274496
18	16	0.6666839128558197
18	117	0.5358387805390439
18	42	0.4594469265516523
18	21	0.43184303430560406
18	152	0.40974938144559075
18	78	0.38457694863747577
18	46	0.38145387861197366
18	27	0.37084285771147985
18	186	0.36420893083292055
18	45	0.33749250322239177
18	191	0.33687208758660003
118	16	0.6332899043148866
118	117	0.5792611308488219
118	21	0.48738890855931993
118	42	0.41701236955530707
118	186	0.4009580609358006
118	125	0.3965006974708356
118	27	0.39287054565973406
118	152	0.3623252915618487
118	78	0.35885409742517116
89	191	0.5561419071845018
89	178	0.47235704723484495
89	60	0.42752157249823897
89	97	0.42600032550456335
89	168	0.405722373655403
89	192	0.3690043352771669
89	72	0.36512796864960645
89	195	0.36308952162980235
89	159	0.3495403214033628
4	107	0.6998875135133865
4	8	0.4701321742034963
142	38	0.6437726134950557
142	79	0.5246903018569068
142	181	0.5037285695521797
142	164	0.5032209406303453
142	130	0.44272092735854474
142	195	0.4295461405487657
142	137	0.41366930882681263
142	101	0.39995889783295246
142	135	0.3720841588095151
142	100	0.3538605020307939
142	0	0.35351053941623894
191	97	0.5745709793582527
191	168	0.4483074654674193
191	192	0.3756798385879203
191	38	0.374390816176772
191	178	0.34820532436899954
191	195	0.3392192573189586
191	159	0.3339788744395907
146	137	0.6406762527410522
146	45	0.626946990685372
146	150	0.6208088001423651
146	164	0.5962446723920029
146	67	0.5896373804977619
146	42	0.527373703356566
146	153	0.49824584596208893
146	195	0.4832838363832948
146	62	0.47484704419638996
146	135	0.46698695997763484
146	47	0.46023547251546637
146	46	0.45637259331172436
146	86	0.4216277070822233
146	136	0.3928113483404441
146	152	0.37500972792718285
146	174	0.37015267263864793
86	65	0.5434086961679939
86	67	0.5215015440047296
86	42	0.46352373369419375
86	66	0.4628403814931123
86	45	0.4473561240937671
86	47	0.42848541167763743
86	92	0.39029669525849264
86	78	0.3836477698821368
86	85	0.3557311177045739
45	46	0.6943101707273697
45	164	0.6383772476630551
45	67	0.6128231917440863
45	47	0.5120984413843604
45	78	0.4916166417432165
45	42	0.4897413350833782
45	152	0.4691110877100383
45	79	0.4176812850164845
45	178	0.41332941133954004
45	137	0.41210980776126666
45	195	0.3989419664001576
45	72	0.3935130497742229
45	62	0.3779535610036199
45	153	0.36260324984732983
45	151	0.34324827928876406
46	152	0.6248058544572981
46	151	0.4240010534639511
46	47	0.5379739721818256
46	164	0.47674241007962037
46	16	0.46324103406334177
46	67	0.4450174480803161
46	178	0.4440224697958101
46	153	0.4250421756248152
46	72	0.37722474860061966
46	117	0.36365369630003924
46	21	0.3477482900693876
46	122	0.3467985369247229
150	130	0.6546367455305452
150	136	0.5700588355340336
150	135	0.5515665187062555
150	137	0.485709716231051
150	7	0.4163678014943615
150	42	0.40113428494794584
150	47	0.38650952649271525
150	152	0.36813153612805893
150	24	0.3484425653829788
150	164	0.3478449841941667
150	195	0.3382277591070958
65	66	0.6913305910786425
65	92	0.639613867637082
65	85	0.5226726978563185
65	67	0.41025683886621395
65	60	0.3877252265880085
66	92	0.6884535801054006
66	170	0.4925639504558681
66	85	0.4738550558391305
66	60	0.42143035189712413
66	41	0.3683735653423201
66	67	0.3682612008428522
136	130	0.5297229750214848
136	42	0.5061573720196112
136	48	0.4660168139561744
136	137	0.4516331441633556
136	125	0.44364505435879265
136	135	0.3817101971537211
136	7	0.36608959505396027
136	27	0.35241626856767216
136	47	0.34715038040835056
136	117	0.34234814021918114
92	62	0.5318131823676024
92	67	0.4842719232123585
92	41	0.46844007324723347
92	60	0.41248331294759344
92	174	0.36993690592675216
92	85	0.3611954235066136
92	170	0.34558392793657505
137	62	0.6142387165239254
137	164	0.5406049755940686
137	135	0.5328952464626941
137	130	0.49010612294641015
137	174	0.45435928473909154
137	67	0.43546429737786946
137	195	0.429668456183788
137	153	0.3588453851565396
97	38	0.6314776332223887
97	99	0.5510514355264973
97	79	0.4842719232123585
97	60	0.4666584878369538
97	41	0.33421873649445566
79	181	0.6840359230592138
79	38	0.5889062909057106
79	164	0.5744101888232789
79	99	0.5721006522596105
79	101	0.5017857598698819
79	30	0.4880824321407461
79	0	0.40446852749235207
79	195	0.39743577933108537
79	41	0.3950669942278599
79	78	0.3407139312278407
181	101	0.5520603250492412
181	30	0.5439792575653445
181	100	0.5154033409337369
181	0	0.5063953509746716
181	99	0.5013067510322393
181	38	0.4194710868741262
181	7	0.40939983702473765
181	135	0.4059729599539996
181	78	0.3988158320569444
181	164	0.386968760207449
164	195	0.5957481854850206
164	135	0.5639728330992585
164	38	0.42073929439913316
164	152	0.3497509809024518
195	174	0.5036837927472191
195	38	0.4682761387044733
195	170	0.391330358112117
195	67	0.36256850858812867
195	178	0.34842499350495276
195	60	0.3471064053144195
195	41	0.3466049813899417
195	153	0.33979433512966595
16	117	0.6811948664212037
16	21	0.5136975905683071
16	122	0.3883283255581753
16	152	0.3662108258169583
16	125	0.3626900985861969
117	21	0.5142347528308229
117	125	0.4040837095252633
117	152	0.3944760854613396
117	48	0.38945717934430485
7	135	0.6747704093154727
7	24	0.5676440639279666
7	30	0.4909110882029641
7	127	0.4459712742819847
7	100	0.4123920244790956
7	130	0.36394869685045494
7	78	0.3588802338558912
7	0	0.35039151945100244
135	30	0.4723337405399817
135	130	0.46190478987984473
135	100	0.404050240330079
135	24	0.3384225770437825
127	24	0.4769046643346341
127	27	0.3958937175130069
127	42	0.3432747444347956
47	153	0.6030076773898775
47	67	0.4641829992761034
47	152	0.44140141347623574
47	42	0.3988074225640853
47	168	0.344676616397362
38	41	0.43552102160788003
38	60	0.43430474578995015
38	99	0.4025765254614189
38	170	0.3674743482157748
42	78	0.5016136514679873
42	67	0.48503703314045377
42	27	0.4793114685949096
42	30	0.37155849200237195
42	62	0.3593157581579396
42	152	0.35167161332507973
62	67	0.5939130466593183
62	41	0.5254435786294502
62	174	0.45958891834123716
62	30	0.40979930654478836
62	60	0.40296190285297484
62	27	0.3439890972353188
130	27	0.5784299587717678
130	24	0.48305387202872996
130	125	0.44287367416239853
170	174	0.5469366716116726
170	161	0.3988999232961824
170	60	0.37467452551500874
100	101	0.587356071322592
100	0	0.5614101704280298
100	30	0.5038927280136515
100	24	0.4871525127136491
100	99	0.35968147766284175
174	153	0.462518151062937
174	67	0.4131138068869187
67	153	0.3823848884465483
67	178	0.36947071363248724
67	41	0.3445620555208541
60	41	0.38790364257956594
186	78	0.3675089462113374
56	162	0.6292478604111059
56	161	0.5668437475758339
56	163	0.4984863679500073
56	57	0.5305425883843725
56	58	0.4057975559519138
56	85	0.37183428137380253
162	57	0.5687275273156144
162	163	0.497102319174388
162	161	0.489475235783656
162	85	0.34848649400654347
24	0	0.3992866565772312
24	27	0.35745061755399005
0	101	0.6267648751965469
0	30	0.39804187804586605
0	99	0.3764268065125979
101	99	0.6130916335157178
101	30	0.3355593886208411
152	151	0.37377157066702976
152	21	0.3693843613031326
152	125	0.36719752764030716
99	30	0.3896946839082259
99	41	0.3748292464987231
125	21	0.6054837306177215
125	122	0.48395035593050106
125	27	0.4606452297355495
125	48	0.44968869816455015
21	122	0.4863360172249622
21	27	0.39790721944492163
21	48	0.3974863008143605
153	168	0.5248352266642737
30	78	0.5187806892135288
168	159	0.38483254931154265
168	72	0.3494086412656656
27	41	0.4182754967039977
8	160	0.37071347917935177
85	161	0.4491939366386316
85	57	0.358575273820687
57	161	0.40102519739281484
57	163	0.3830506395461976
57	58	0.34032495077176667
64	169	0.5685042242442889
64	54	0.4556993668704144
161	58	0.5287655075722602
161	163	0.4595258137791081
54	159	0.5634952904020134
72	178	0.5570460730355524
178	192	0.33561263154261
58	163	0.34590089431857735
151	59	0.3231048382660381
