25	128	0.8995392946736024
25	23	0.8850269886003483
25	20	0.6899183910708434
25	124	0.838944793413829
25	28	0.8010730082157311
25	132	0.7306684845857221
25	126	0.7157764691996645
25	131	0.6994434062100164
25	133	0.6735921744932191
25	26	0.6543223344562042
25	29	0.6407293077362379
25	121	0.6062432457466386
25	125	0.601784409681838
25	130	0.601101464776922
25	19	0.5821838989203189
25	21	0.5737129174817399
25	135	0.5651037847774982
25	2	0.4912298051177847
25	15	0.4900225408819907
25	117	0.4714398194073931
25	115	0.46747942663081604
25	39	0.4343777670804393
25	16	0.4298478239296958
25	75	0.4297826032191754
25	120	0.4223345684660359
25	104	0.41132915000151415
25	18	0.3962984092976859
25	27	0.37146367425584476
25	11	0.36341069988679037
25	102	0.35875825903139397
25	119	0.35789537325511295
25	114	0.35245130018477094
25	122	0.3380771981143772
25	144	0.3380151973806379
25	110	0.3359764007733869
25	127	0.32916366278582
25	186	0.327852301815235
25	129	0.3260571704063584
25	13	0.32330185697613345
25	113	0.3159305997891541
25	8	0.30805042589072085
25	77	0.29641073666109985
25	116	0.29536141766337404
25	12	0.2828341665378947
25	111	0.28053253179500764
25	100	0.2803298329585889
25	134	0.27657541030709865
25	155	0.2748105836265396
25	7	0.2732012219925451
25	118	0.2693009888776473
25	58	0.2657079262414862
25	31	0.2644620883490683
128	124	0.8707806820677624
128	28	0.8167578020290838
128	126	0.7736675885641718
128	26	0.6863330755494094
128	21	0.5738470727842881
128	117	0.4804121859339936
128	23	0.8662856945497874
128	131	0.7625165525371222
128	132	0.7608329539227954
128	133	0.7313296935676186
128	130	0.6211467127682859
128	20	0.6175963915299902
128	29	0.6107959630160141
128	125	0.6057876691969832
128	121	0.6051796153184424
128	19	0.5498037534232343
128	135	0.5474901119850629
128	2	0.5345686497322998
128	115	0.5066332528149112
128	15	0.5051897897619467
128	39	0.4875794983454656
128	75	0.44538627390931007
128	120	0.4443596014039558
128	16	0.4337122510961364
128	102	0.40790042850821495
128	18	0.40776704104547695
128	114	0.40020247910881235
128	129	0.3989167407390345
128	104	0.39309884767531444
128	122	0.3884472072499003
128	186	0.3841422921331416
128	127	0.37677007595169815
128	110	0.37405543293212007
128	11	0.3648332603422257
128	13	0.3592112465898101
128	116	0.34449155141836973
128	113	0.3411734850555711
128	144	0.33136424782889556
128	27	0.32151871504921936
128	119	0.31853874767858076
128	118	0.3174780804736717
128	7	0.3106096349507341
128	52	0.3063478445945044
128	134	0.3041987103859616
128	8	0.30206465035557367
128	12	0.30012775479345816
128	77	0.29795148112382447
128	155	0.28957289139247944
128	100	0.28824392038077046
128	24	0.27792318394025783
128	10	0.2769817034964307
128	58	0.27537442131528805
128	31	0.26712004176718873
128	111	0.2666463673685385
23	124	0.8164913025992865
23	28	0.7928651070720127
23	131	0.7442054905514354
23	126	0.7337347077030356
23	132	0.7169691521750468
23	133	0.6776577408350873
23	20	0.6405406399541383
23	26	0.6390699251381339
23	29	0.5845784825884061
23	121	0.5757220139855478
23	135	0.5687816487730438
23	130	0.5653215558577989
23	125	0.5650493296987983
23	19	0.5460740335813891
23	21	0.5457089923198023
23	2	0.515072802565518
23	15	0.47679649844170696
23	39	0.4714864827571999
23	115	0.4712531396097851
23	117	0.4704670660498549
23	120	0.4302716491987994
23	75	0.42111779120336484
23	104	0.4049953284682438
23	16	0.4010671554910198
23	18	0.39041536236211827
23	122	0.37548228264977174
23	11	0.3746143506068916
23	13	0.3605778933606579
23	114	0.3573982826882643
23	144	0.3496544330207431
23	119	0.3494788723904796
23	27	0.3430188918614756
23	127	0.3380151973806379
23	110	0.3369607363196367
23	129	0.3362336404613566
23	186	0.3337389691220416
23	102	0.33059845973623964
23	8	0.3292260769374222
23	77	0.32721847024509293
23	116	0.3240896514409763
23	7	0.31831409652667997
23	52	0.31291178675039377
23	155	0.30916328273597976
23	12	0.30599440349555174
23	100	0.3029277215274613
23	113	0.29333376062976957
23	134	0.29091905428342474
23	111	0.28693219151235233
23	10	0.2788364634753389
23	118	0.27772939330493135
23	188	0.2645364915590694
13	114	0.8844404248694078
13	110	0.8050499198057385
13	12	0.7926793509867394
13	102	0.739407062034707
13	113	0.7040518839732091
13	112	0.685893799479026
13	111	0.6793521789210746
13	2	0.6331521271528211
13	103	0.6291874518970977
13	3	0.6178746727854576
13	6	0.5891152721178353
13	11	0.5854138622981964
13	8	0.5513299110560707
13	109	0.5425342707386199
13	26	0.541729324752845
13	10	0.49872681321612994
13	0	0.49838866514477465
13	176	0.4875642528721441
13	24	0.4708796533256728
13	39	0.45473217717185344
13	166	0.4424394843966284
13	108	0.43787606564678705
13	131	0.4327455991633069
13	70	0.4304997842742328
13	129	0.40838381209348124
13	104	0.4007146551762512
13	101	0.39218534904797153
13	7	0.38750429034206885
13	120	0.3805905084083995
13	130	0.37669284934531794
13	122	0.3695052527776914
13	9	0.36939299682317034
13	126	0.36830441923143103
13	139	0.36646190713780313
13	28	0.3612562896182176
13	21	0.3598991153968988
13	125	0.3462177817703642
13	127	0.3457864433384214
13	134	0.3429571267157258
13	149	0.3413855318455044
13	15	0.3385022669307114
13	20	0.33580783724203184
13	52	0.3334634689547211
13	121	0.3328055931704192
13	1	0.33202283254151826
13	133	0.33195164978383235
13	143	0.3312129056899656
13	29	0.32721847024509293
13	106	0.32194902894988353
13	115	0.31752304014336974
13	124	0.3144264938952668
13	132	0.3059128281809762
13	4	0.2710900873370556
114	110	0.855012610034899
114	102	0.7961836215613812
114	12	0.7943458627047155
114	113	0.7411967899616648
114	112	0.717590604216945
114	111	0.6626536382435425
114	103	0.6414361230892418
114	3	0.6410298371422488
114	2	0.6275959781691257
114	11	0.6185974800684084
114	26	0.5593247691185987
114	6	0.5487772822827022
114	109	0.5381871129777478
114	0	0.531949431799128
114	104	0.47498644593110545
114	24	0.4670729671089382
114	8	0.4659463564516502
114	108	0.45751192642197885
114	39	0.4435647328890637
114	129	0.4377224826063555
114	176	0.436622405727609
114	120	0.41880338450797056
114	1	0.4172436507354899
114	130	0.4172353916236703
114	131	0.41379363276697073
114	10	0.4119520639654836
114	21	0.39155898629861224
114	15	0.3885575858151
114	20	0.3882094309395116
114	121	0.38700276988814847
114	166	0.3831188992309023
114	9	0.3754565119678239
114	126	0.37452838097780045
114	101	0.374476796109152
114	115	0.36254245198241986
114	28	0.35629000182629855
114	127	0.3494876510049774
114	134	0.3465257910710384
114	125	0.33981202580563596
114	122	0.338590805554892
114	70	0.33835173751329006
114	149	0.33741275190729053
114	124	0.3319961394504846
114	7	0.3314087569781845
114	133	0.3306340874514187
114	29	0.3223792098735309
114	52	0.30346348423920494
114	106	0.3011010598220087
114	132	0.2997637417803878
114	19	0.29621005262911687
114	154	0.29485931725027736
114	139	0.29065357572324535
114	143	0.27951878772841066
114	18	0.264666689598569
12	112	0.8800072964811912
12	113	0.8398900018863265
12	11	0.7268280365374559
12	3	0.7656379071808774
12	103	0.7529273461265091
12	109	0.7474227225026401
12	111	0.6561712420899866
12	9	0.6547167413008748
12	6	0.6489079327786303
12	102	0.6400391154798536
12	0	0.6374401936026289
12	176	0.6367985885489011
12	108	0.6354233016835187
12	110	0.6321505413420141
12	26	0.4701711220748704
12	70	0.446379747248776
12	197	0.42523060520492945
12	106	0.42359906065562647
12	8	0.40958294671962375
12	101	0.3859224488509325
12	2	0.3833663055096456
12	120	0.34146504043509057
12	21	0.33681002991955433
12	20	0.3334101397608925
12	122	0.33018867330387885
12	130	0.32751310468315475
12	121	0.32620015282132786
12	131	0.31547143003879946
12	154	0.313570159180335
12	15	0.30956117253304705
12	139	0.3051331043257919
12	129	0.30417148624318535
12	52	0.3014283860615269
12	10	0.29941784855059894
12	125	0.29776011192057456
12	115	0.2970855726163811
12	39	0.2880421861940015
12	166	0.2837171311642556
12	29	0.2799980900273304
12	19	0.275402146154081
12	119	0.27455170955365543
12	28	0.2677792559201405
12	24	0.26733361742500067
12	104	0.2638853567799409
12	7	0.2629733639954821
112	103	0.8041684109290363
112	3	0.7767402991223566
112	108	0.7716121601127337
112	0	0.6466909794655089
112	113	0.7962568282313663
112	109	0.7531697801118823
112	9	0.745292141166351
112	6	0.700870788016201
112	11	0.6602744180618144
112	176	0.6070269179434332
112	111	0.6045391288412404
112	102	0.598803665568484
112	110	0.5588504486335997
112	197	0.42778304881516427
112	106	0.3979324692388433
112	70	0.38833681753631394
112	1	0.3304203070275287
112	101	0.3074982081811486
112	8	0.3037721417514442
112	26	0.2864090341529582
112	2	0.27078431163924355
124	28	0.8128253948131291
124	132	0.7639359999942685
124	126	0.7283293405562743
124	131	0.716239435093134
124	133	0.678041509915362
124	20	0.6626087646523285
124	121	0.636501250122523
124	125	0.5702815544931181
124	29	0.566429604645901
124	19	0.5563905116248633
124	21	0.5556651370418237
124	135	0.5473500457344973
124	26	0.5359171923650966
124	130	0.5239144374750527
124	2	0.5188610799512516
124	115	0.426548579833845
124	117	0.4258857253493797
124	104	0.4092916203352932
124	144	0.40607317738594484
124	75	0.3911525027830195
124	15	0.38428719656777616
124	39	0.3758945345839278
124	102	0.3523024089913635
124	120	0.3402807410731263
124	134	0.3359764007733869
124	186	0.32827171820428797
124	16	0.3183590296182984
124	11	0.31585858294063235
124	18	0.3148499651938754
124	110	0.3104741003887982
124	119	0.30724466179900806
124	127	0.3039627513112867
124	122	0.3027460635649308
124	116	0.30035521855437297
124	100	0.2948958391388264
124	77	0.29216345906880425
124	10	0.2909465150268665
124	123	0.2907268156600067
124	31	0.28508661305636895
124	24	0.28437903914217094
124	113	0.2755592449193022
124	8	0.2690134470189223
124	7	0.2666742341370561
124	58	0.26544767508264355
28	132	0.8637176916678078
28	131	0.7921584500315308
28	133	0.740845097399268
28	29	0.6743017084332524
28	135	0.6175840198832346
28	126	0.7029507978746892
28	26	0.6574789765516241
28	125	0.6141203876639041
28	20	0.5769374894271917
28	121	0.5650016774662154
28	2	0.5438736359626416
28	21	0.5432536420962303
28	130	0.5156896835267671
28	19	0.5067967655916222
28	39	0.48002749149430013
28	75	0.47920362488666224
28	117	0.46157433532575204
28	115	0.44631568535153826
28	15	0.4028865141656528
28	186	0.3996984553569331
28	7	0.39121179113993704
28	16	0.3905509660254535
28	11	0.3752073654489302
28	104	0.36543993299358646
28	144	0.3618821623208546
28	127	0.35713657469565996
28	102	0.3569707972899389
28	134	0.3517680055742669
28	122	0.34807350452712044
28	18	0.33441414764704663
28	120	0.3287356025699094
28	10	0.3254850916031719
28	27	0.32094475656485255
28	100	0.3161376279489083
28	8	0.3142011921947704
28	77	0.3132635574273624
28	110	0.2995361893073548
28	116	0.29918113940093527
28	129	0.29909919303651955
28	52	0.2980243773792969
28	139	0.2904063657943829
28	31	0.28668440144393986
28	119	0.2832205226501795
28	24	0.2639411777671621
28	78	0.2628523500078369
132	131	0.7220668767489389
132	133	0.6577967834870506
132	20	0.5953868178679834
132	126	0.594391813952608
132	125	0.5903609904127676
132	29	0.5879125542816329
132	121	0.5685583660175487
132	135	0.5474270859677273
132	26	0.5278571900234523
132	130	0.5187879978415779
132	19	0.5180494435046253
132	21	0.48572499780403205
132	2	0.4725745445325538
132	75	0.4426003196230423
132	115	0.405396520262928
132	144	0.4051290764057631
132	186	0.3953538891841017
132	117	0.3881244982988566
132	15	0.36443442095742734
132	39	0.34974220412924173
132	134	0.3385199751351294
132	104	0.33753680741525155
132	11	0.3328678385508255
132	100	0.3210792992562128
132	119	0.3176579105865339
132	77	0.3122350634009605
132	18	0.3112148684146025
132	7	0.3092898957840229
132	16	0.30888288627156296
132	127	0.3024462798346306
132	116	0.29672995276770386
132	102	0.2956625996353303
132	10	0.2941835070071719
132	122	0.29061695447754426
132	31	0.2800626008376924
132	120	0.26657205380628024
132	27	0.2638295340250508
110	104	0.6061863204194098
110	102	0.7523854608941601
110	111	0.6593427416966877
110	2	0.6404639715708587
110	113	0.6343129894564842
110	103	0.5340399057623947
110	6	0.5235588445218933
110	3	0.5183493459458356
110	1	0.48786910584144966
110	8	0.4593838115502128
110	11	0.45548540926702147
110	26	0.4454744490064083
110	24	0.44502546763933654
110	109	0.41657443944417893
110	0	0.39375811456995696
110	10	0.3908390675387203
110	108	0.38787815636006545
110	130	0.3809068696644656
110	131	0.37984628091974804
110	20	0.3696002301623964
110	129	0.36825255697414094
110	39	0.35936801056252654
110	134	0.35018096756095857
110	120	0.3467281565102641
110	166	0.3399977633838692
110	127	0.3329745381685359
110	126	0.33122180864058864
110	21	0.32003849869784695
110	121	0.3195806605761015
110	15	0.29582685594484764
110	122	0.28943546329310677
110	101	0.28296296211395616
110	115	0.28187708033080094
110	29	0.2705526269957861
110	150	0.26422025617710815
61	62	0.8437068491451657
61	92	0.6425706374049481
61	60	0.740357467004592
61	35	0.7024040540166805
61	183	0.6780523149630518
61	63	0.630568901050456
61	182	0.5987587632945148
61	165	0.5934014655748703
61	67	0.5777041950001232
61	68	0.5760495082116559
61	32	0.5045639063575248
61	169	0.5024887464672052
61	174	0.5006251309700704
61	93	0.46900188966887585
61	167	0.467612264780254
61	137	0.4630289474507685
61	185	0.4590918443272167
61	22	0.45215836568222056
61	199	0.44963285180146584
61	66	0.4338746157467139
61	65	0.4235416194839717
61	196	0.4195617275322362
61	162	0.40187242452667293
61	195	0.39111015196879506
61	172	0.37831350730880453
61	98	0.35654316231765515
61	55	0.3424275895686063
61	80	0.33792661981424293
61	171	0.33089236019904633
61	81	0.32681659346381337
61	97	0.3159846100366469
61	74	0.3065471843760644
61	140	0.30249170546004295
61	175	0.2987895780738245
61	170	0.2932697824448456
61	34	0.29220004426175794
61	30	0.2908824392132092
61	145	0.27278475832884874
61	142	0.2655127415007417
62	60	0.7441787198648241
62	67	0.7282354196021124
62	35	0.7261338654814828
62	165	0.6793952550292345
62	137	0.6459981155659287
62	22	0.6173179555525837
62	68	0.5898200021151061
62	172	0.5646066996753122
62	183	0.5609717290376544
62	174	0.5495385660151721
62	32	0.5460038494340643
62	169	0.5432042989362769
62	171	0.5177933284060545
62	182	0.5018381328037804
62	167	0.497952606075767
62	92	0.48474637873368326
62	196	0.4804583368515469
62	34	0.47070063129934947
62	140	0.45339060794313
62	164	0.4511792917001001
62	63	0.4210437490147874
62	145	0.41918262913346943
62	175	0.41633473542951815
62	66	0.4097160966822959
62	65	0.40900021047279406
62	33	0.40509564104669754
62	138	0.3837330480490411
62	185	0.3837330480490411
62	173	0.3784934375783882
62	162	0.3746831216728001
62	30	0.33776716510891514
62	42	0.33625137928084686
62	93	0.3317202797135165
62	170	0.3220386609461672
62	41	0.31858367361632206
62	195	0.31772983623470774
62	36	0.3158765874940037
62	142	0.30931702572509523
62	158	0.3001550522475923
62	69	0.29491409976000543
62	37	0.284930422132204
62	45	0.2843055071844843
62	80	0.2718867001618723
62	166	0.26998718496863033
62	199	0.26461089161995893
113	111	0.7120500226945525
113	103	0.7493407862675636
113	3	0.7068899212027598
113	102	0.6540706426055451
113	6	0.6395429549025712
113	108	0.6005071630821233
113	109	0.5977699608800632
113	11	0.5779040377180588
113	0	0.518627190507766
113	9	0.5126073125735929
113	8	0.46335883703843656
113	176	0.44771599424812913
113	26	0.39879060337714095
113	2	0.38031682680957213
113	104	0.3517066659150363
113	106	0.32254945305629623
113	20	0.30730805248579873
113	21	0.29937233042159145
113	1	0.2977418850337172
113	130	0.2888673005993144
113	131	0.2827881656456899
113	197	0.2675100296823307
182	183	0.8352338507304424
182	185	0.7627675787642711
182	195	0.6962628249033409
182	167	0.5790551123323712
182	165	0.7026218384993027
182	196	0.6912783812680087
182	174	0.6868827877599037
182	199	0.6242751987863076
182	162	0.5841833832572607
182	60	0.567982857850898
182	169	0.5529565322339443
182	142	0.5221419217592462
182	81	0.4798504700234277
182	181	0.4680653183409785
182	170	0.4673387514576186
182	198	0.46313106984825864
182	137	0.4592260037507101
182	193	0.45673670991233073
182	63	0.4547480414005127
182	74	0.44881070613105206
182	80	0.43574788394014985
182	194	0.431680317935443
182	147	0.4162768671659676
182	93	0.41249990996100233
182	190	0.4036401549046816
182	98	0.39986649015100006
182	172	0.3854457501147222
182	175	0.37160158841604524
182	164	0.36986785214840556
182	92	0.36351484726408284
182	156	0.3586798401735566
182	35	0.3456279557632106
182	79	0.3429394789864952
182	173	0.33769629012655306
182	191	0.3376697110208221
182	78	0.3302510401430809
182	97	0.32701308133436624
182	66	0.31603861823620966
182	55	0.30942554045403153
182	177	0.30615754064486533
182	171	0.3010283110176426
182	179	0.2993632266322597
182	38	0.2967117136327618
182	95	0.29590897754060347
182	145	0.29136751970952396
182	148	0.2860326223281596
182	187	0.27796932123427953
182	158	0.27546683566293384
183	165	0.7375703455051578
183	199	0.6741926302831894
183	174	0.6706205517677178
183	196	0.6561370743867725
183	185	0.6516090486245698
183	195	0.6386556271284751
183	169	0.5621014450302406
183	162	0.5551603298972728
183	137	0.5517543498106965
183	60	0.5433805072757283
183	142	0.5405625094410529
183	181	0.5238346263729713
183	167	0.5050557165818248
183	198	0.4537003835652602
183	170	0.4535097653820011
183	172	0.4516570246648844
183	35	0.44565077327637515
183	63	0.43935400383416107
183	175	0.4192897804638351
183	98	0.40512071766758523
183	171	0.3841593406961457
183	81	0.3776106487376539
183	177	0.37277319626159433
183	145	0.3661155741208843
183	97	0.3636797286957031
183	55	0.36225579191683094
183	173	0.3554428436014495
183	156	0.35372052886781613
183	92	0.34640259631256354
183	190	0.3457688345819343
183	66	0.3443329029797545
183	158	0.34340706198808707
183	164	0.34115581292192626
183	95	0.32179664131110375
183	179	0.3163176279655916
183	193	0.3132725760585459
183	140	0.31195525845459326
183	74	0.30778792201621336
183	147	0.30491543388026643
183	93	0.2983614773363125
183	22	0.2962282977131213
183	191	0.29259328105656096
183	67	0.28944462553771355
183	32	0.28658343893452914
183	194	0.2794358174091184
183	138	0.27780322097517224
183	166	0.26931026362244387
137	165	0.8157566318133642
137	138	0.7600105250181097
137	164	0.7568587196595153
137	172	0.7353003493546152
137	145	0.6250130804265137
137	171	0.6870728898765741
137	140	0.6844932554872393
137	22	0.6605957985583225
137	174	0.6549509302788508
137	175	0.6217114325173688
137	196	0.5991306970947671
137	169	0.593576363717897
137	141	0.5636249463999117
137	35	0.5310669081544338
137	34	0.5310166485303959
137	173	0.5186929797621336
137	142	0.5055323104474365
137	167	0.4650377087053504
137	60	0.44392612337711757
137	67	0.4423268828002786
137	181	0.43265619447071924
137	33	0.4257137994922675
137	32	0.4159792056862244
137	170	0.4107391038668523
137	166	0.40741681614889935
137	36	0.3887528436523831
137	158	0.3859905318578842
137	162	0.38023984185468723
137	185	0.37899880286950466
137	143	0.3481086578310822
137	123	0.3334901327514173
137	168	0.32179664131110375
137	37	0.32147388304274654
137	195	0.3174421117101824
137	42	0.31184693232995797
137	146	0.30363597717513024
137	179	0.2888764661296644
137	45	0.28650082851009445
137	41	0.27221079647531765
137	148	0.26369927405782545
165	174	0.7813004312314202
165	169	0.6947811923774011
165	172	0.700152698861112
165	196	0.6687232601438816
165	171	0.6587488002169868
165	164	0.6467956896155325
165	60	0.6247022084498091
165	185	0.6204030002851468
165	175	0.607847243950518
165	167	0.525291540955777
165	162	0.5223091962649737
165	173	0.5191021971067225
165	170	0.5152491087695393
165	138	0.49782474790919895
165	145	0.47135426307629086
165	140	0.4655234873380477
165	22	0.46374354596927625
165	35	0.4515535378180252
165	67	0.45112353933211735
165	195	0.44891451403726246
165	142	0.40264355787371375
165	66	0.4006894720405674
165	179	0.3927014018247925
165	168	0.3764783035210051
165	158	0.37549946278186097
165	181	0.35514576317968266
165	63	0.34760763086406765
165	92	0.3369607363196367
165	199	0.3362691178617508
165	159	0.32422388979885447
165	80	0.31745110398669396
165	180	0.31402993922727623
165	68	0.2975231454624381
165	166	0.28043118550316737
84	86	0.8157231749724465
84	94	0.6044249005729859
84	91	0.603707233001688
84	76	0.568517760149323
84	90	0.5259862964362586
84	63	0.49110840465256606
84	180	0.48390440707315874
84	40	0.4596125813557564
84	65	0.45457351901516624
84	189	0.44972858627139256
84	92	0.4442392116987145
84	88	0.4291546246009282
84	31	0.36790675003315493
84	68	0.34871489816900647
84	53	0.3473702329766402
84	194	0.33962626171684895
84	82	0.2914041234816368
84	187	0.27637222661801103
84	73	0.2714977031628834
84	77	0.2646480904692517
86	94	0.6437257665366836
86	76	0.6034783897483605
86	91	0.5970175098095825
86	40	0.521086440058024
86	180	0.4993200838844835
86	189	0.49072890522907303
86	90	0.4662281510085113
86	53	0.4211342442609078
86	92	0.40946642618554374
86	65	0.3917537055179021
86	68	0.3910932111793025
86	43	0.378887470596843
86	63	0.3682093366756635
86	31	0.3634540957313889
86	88	0.3341565541912505
86	157	0.30414426160355607
86	69	0.26393187439206023
86	77	0.2628709680828002
15	115	0.8137733166072876
15	116	0.7288876047208568
15	120	0.7058477525630615
15	18	0.6839561006412074
15	43	0.5189487684726168
15	118	0.3789816755415337
15	151	0.3338367135463777
15	17	0.6468131389370196
15	26	0.5796397460261999
15	129	0.5439158866719344
15	131	0.5270921134335924
15	119	0.5143083053101516
15	19	0.5122976077417793
15	149	0.5068859390126645
15	46	0.5058523488038579
15	130	0.49515737469847176
15	121	0.4925866715427551
15	133	0.48601529127507015
15	16	0.46262033492310733
15	154	0.4571797758254923
15	39	0.4524924344019357
15	152	0.4499439510487674
15	14	0.44936952874092223
15	125	0.4491939366386316
15	126	0.43958799475139737
15	122	0.43630670124341264
15	52	0.43609617188552346
15	20	0.40937486496483505
15	29	0.4092000433720297
15	127	0.39210918920130794
15	2	0.38369040978359925
15	21	0.37899880286950466
15	27	0.37575713379356807
15	155	0.3600819008311201
15	186	0.35975983175732
15	117	0.3558184601344304
15	7	0.3510404981385289
15	11	0.34228634289578597
15	75	0.3318359697391737
15	136	0.30187379929314256
15	188	0.3001914480883815
15	102	0.29917203446723706
15	153	0.28903227204253484
15	150	0.28129703385510463
15	48	0.27384885079829013
15	156	0.2719885656533657
15	148	0.27021894605065966
15	77	0.2694957480257816
15	8	0.2666835229608133
15	135	0.26448068944675673
115	116	0.7188494184502487
115	120	0.6077715758241591
115	18	0.5635157642476305
115	131	0.557377040358199
115	119	0.530183230806114
115	26	0.5221928356452117
115	19	0.5106657748075416
115	133	0.4846163144555326
115	122	0.47915740172454546
115	17	0.477360347609717
115	121	0.4700542729674904
115	125	0.46607943788766504
115	14	0.46482607235643464
115	152	0.4434442373236694
115	126	0.43083373998435043
115	130	0.42775036818944717
115	2	0.4110466356699091
115	129	0.40854211211439856
115	21	0.4079087646466158
115	29	0.4072583416912215
115	52	0.40165439212592624
115	46	0.4007398377064672
115	186	0.393420079527485
115	16	0.39268448597975714
115	149	0.39178756614865134
115	20	0.38191520972658466
115	43	0.38114621891853345
115	39	0.380949614348175
115	75	0.3697556310427773
115	135	0.3563685744756817
115	154	0.34382156870283004
115	11	0.3436981126190303
115	102	0.34190666581155527
115	117	0.3314799685488854
115	118	0.3308300230380485
115	127	0.32620015282132786
115	188	0.3237226666796849
115	7	0.3167045508718563
115	156	0.299153824436405
115	148	0.2842871236723843
115	155	0.2770186343326814
115	27	0.27446849157530245
70	176	0.8061730853233976
70	197	0.6435969125202499
70	38	0.6334096779224251
70	95	0.5533590617542441
70	7	0.5411002104869211
70	139	0.5293559851872354
70	52	0.4871067504303499
70	109	0.47822466749558346
70	9	0.4641751538982549
70	79	0.46159794347282646
70	156	0.45862606975931336
70	142	0.456230071275403
70	5	0.4496408300685784
70	106	0.4332087416825536
70	11	0.4318267639332068
70	199	0.4104647398702214
70	39	0.40246758858247744
70	98	0.3947124881567426
70	181	0.3853946630388826
70	3	0.3707566069557311
70	0	0.37043742355552783
70	101	0.3640701464499107
70	103	0.35691844185764715
70	143	0.34729988430812825
70	78	0.3403868418222026
70	26	0.339714724112374
70	148	0.3341210201404204
70	129	0.33340125135447096
70	108	0.3280129446496929
70	198	0.32672727145349595
70	41	0.3229077915445647
70	99	0.31562450305005835
70	32	0.2933794577247502
70	36	0.2916145786090708
70	71	0.28945378772928126
176	197	0.7468572419450299
176	109	0.6566322428017376
176	101	0.4495530651844053
176	9	0.6242874042434382
176	11	0.5628807531560536
176	3	0.5546966535033462
176	103	0.5391312083079521
176	106	0.525704136587576
176	0	0.5116851800101311
176	95	0.48455510032021243
176	108	0.47394810591394076
176	139	0.4731568430136882
176	199	0.45535066821785
176	38	0.44575494864090637
176	5	0.4380700287517026
176	7	0.4242634892417503
176	156	0.4153174165546429
176	52	0.4035648154517011
176	98	0.40122658091643343
176	6	0.38952504307819513
176	142	0.37519877322236267
176	102	0.3610301999752377
176	198	0.3607257815030295
176	166	0.33399664348312713
176	71	0.3332856966780049
176	122	0.3291101626522801
176	79	0.31914063628724526
176	26	0.2972405606149217
176	111	0.2933246210499117
176	177	0.27556848556486385
176	78	0.27522654777276173
176	148	0.2709881681801464
176	181	0.2668600011972909
103	3	0.7562429315270943
103	108	0.7342605296991936
103	6	0.6725474491181592
103	109	0.6596309310097561
103	9	0.6517241147569591
103	102	0.6274747382951736
103	111	0.5902567447426849
103	0	0.5558171904276069
103	11	0.5446759278549624
103	106	0.3838524264876347
103	197	0.36732729538812875
103	1	0.33317013198779766
103	8	0.309253721746097
103	2	0.2880421861940015
103	139	0.26641412696316946
9	109	0.8041330767710064
9	108	0.7931249182783005
9	3	0.6762872206726687
9	197	0.6030713117265669
9	6	0.5987202726351611
9	11	0.5842624252888436
9	0	0.5643273351185951
9	106	0.46795598309696046
9	5	0.37650405115280394
9	111	0.35451641489039676
9	102	0.31017587992012613
109	11	0.6916071825755126
109	108	0.6812645368131416
109	3	0.6585732888754185
109	197	0.5925585787174613
109	0	0.58248129884512
109	6	0.5676033957299107
109	106	0.5232175940905486
109	102	0.44953710700009475
109	111	0.4254189979306777
109	139	0.3648245913436771
109	101	0.331239614364903
109	5	0.30795991260924616
109	166	0.27774785053008855
102	2	0.6430928602627386
102	1	0.5211082937840467
102	3	0.6177200911884823
102	111	0.5687207617871406
102	11	0.5211010092846252
102	6	0.5051078590489203
102	0	0.4865802919298285
102	104	0.482110321371267
102	26	0.4790649474268453
102	8	0.42391902767565637
102	108	0.4171775759112131
102	24	0.40896690117475804
102	21	0.40566389473977815
102	131	0.3839035847482207
102	10	0.37981205172757815
102	130	0.3649026100533631
102	126	0.3593418846418802
102	39	0.357459339813372
102	20	0.3537555236441609
102	134	0.35359803935258444
102	135	0.3470888148494388
102	129	0.3232749924383026
102	125	0.32222686934640016
102	121	0.32124073337954745
102	101	0.3157055350536045
102	166	0.31216286085636663
102	122	0.30566807528898077
102	120	0.3010464985472603
102	133	0.29688497667314256
102	106	0.2892796970211392
102	127	0.2840113459112435
102	7	0.2803114045515756
102	19	0.2678256700121702
102	29	0.26741718336050596
102	100	0.2636341404671339
108	6	0.7033855746796984
108	3	0.6681091863661769
108	0	0.4986516823128228
108	111	0.47614719986123677
108	11	0.4160618983761484
108	1	0.3845599064949862
108	197	0.371937685471467
108	106	0.32046926866302544
131	133	0.7254524227761376
131	126	0.6805135909906653
131	26	0.6613109869142536
131	125	0.5909535131790028
131	135	0.5793607906700584
131	29	0.5696469222644394
131	39	0.5663956458090156
131	2	0.5508355325338052
131	130	0.5452594262833077
131	121	0.5192775031610848
131	20	0.51231973393655
131	19	0.5020700258522158
131	21	0.48716013950078835
131	129	0.47679649844170696
131	52	0.47535806735586494
131	75	0.45036655196511777
131	122	0.44841932130457235
131	127	0.44785990171916207
131	7	0.44353260230589164
131	143	0.418572468392604
131	120	0.4175079059191495
131	117	0.41633473542951815
131	186	0.4156814550420225
131	116	0.41175277334646754
131	18	0.40229997112456545
131	11	0.39703152073742676
131	104	0.36796727359799386
131	139	0.3671629204929915
131	119	0.36175179905032195
131	16	0.3583748298253506
131	134	0.3547786824225571
131	155	0.3327433448897597
131	27	0.3261554724196125
131	144	0.32299736170779175
131	8	0.32270175821797475
131	24	0.3093531981966293
131	118	0.30850290862681834
131	100	0.30719032475431945
131	78	0.2909373614989811
131	156	0.2861703442190283
131	77	0.28375391093041347
131	111	0.28233728808723296
131	152	0.2766585237818485
131	10	0.2740430910544684
131	58	0.27111788241593454
131	166	0.26781638729320423
131	46	0.2627871852039861
19	121	0.7914870203930049
19	20	0.6748629951260738
19	119	0.6162398803815485
19	130	0.5399322713652049
19	18	0.5204742583478855
19	133	0.5136755067844189
19	125	0.49819322155139373
19	17	0.4950139455632853
19	126	0.4939109058149482
19	120	0.4896957245377082
19	26	0.4729938410733319
19	21	0.44215795425618026
19	116	0.4240830722967368
19	29	0.40598966353748916
19	39	0.3994547571840998
19	155	0.39578408700998446
19	11	0.3796665660583422
19	127	0.3722133846029298
19	144	0.3689525039816379
19	135	0.362855093833758
19	2	0.3589325050289479
19	24	0.35386924982728957
19	42	0.35344053501272293
19	150	0.3530204254744514
19	129	0.3519344837068926
19	27	0.34595371437656225
19	154	0.32093578659143185
19	149	0.3142462553673289
19	136	0.3089462062977463
19	7	0.30863862623871413
19	46	0.3061303523683474
19	134	0.3049607845177322
19	117	0.29256584914062106
19	123	0.2815640649380897
19	122	0.27587339828898605
19	186	0.27573480847482146
19	143	0.2729698659225993
19	146	0.27246077144307046
19	16	0.27158106713542285
19	118	0.26659063249402914
121	20	0.7727023458428437
121	119	0.6376301292527736
121	130	0.5821706775282182
121	120	0.5743029705006302
121	133	0.5632085838803744
121	126	0.563017370825886
121	17	0.5576113684259404
121	125	0.5548143353808367
121	26	0.4989521609630142
121	21	0.49270783933138207
121	150	0.4791034713428476
121	18	0.47880293585606126
121	29	0.4589971309483979
121	155	0.44481693590891364
121	144	0.4443836774193355
121	27	0.41902600233540765
121	2	0.4179866884721984
121	127	0.4087170467054683
121	24	0.4058476744321913
121	129	0.40033684458003704
121	39	0.39940432982173557
121	116	0.3990849004072427
121	11	0.3976631070279111
121	154	0.3861181761629003
121	135	0.37230814101448656
121	136	0.37169639488888034
121	123	0.3599165247241191
121	157	0.34477354450530934
121	42	0.3434158826736936
121	117	0.3412971832378406
121	146	0.3354972691690394
121	149	0.32952919046085416
121	134	0.32140214883464396
121	69	0.31890709810820145
121	104	0.3127313582184141
121	46	0.28686795332799386
121	118	0.2772217393001265
121	53	0.2736638393063368
121	7	0.2730624121412877
88	90	0.7880252663445667
88	193	0.5964057714476941
88	73	0.5203357144051116
88	85	0.476000262639521
88	91	0.6038597399205099
88	96	0.5711648545245869
88	194	0.5692414823081452
88	81	0.5221346480431318
88	63	0.5092673000415853
88	94	0.4421257738333047
88	87	0.4398219260176728
88	198	0.42412407910457744
88	93	0.40210717770034
88	104	0.3818383344148736
88	74	0.38085557389479396
88	184	0.3623252915618487
88	75	0.3383251717005888
88	92	0.32454600857998356
88	111	0.3205589957320337
88	55	0.31548043478816
88	89	0.30178290932878554
88	82	0.3008282337401945
88	98	0.2965293103791588
88	31	0.2961461931327829
88	190	0.2958816041613005
88	160	0.2929589939037598
88	64	0.2921908980436917
88	97	0.2898751911824123
88	76	0.28840895659589005
88	77	0.28593161876334644
88	5	0.27443150448736525
88	78	0.2672407616692643
88	80	0.2669993134806788
90	94	0.6488384571495962
90	91	0.6462951877487463
90	63	0.5690859902019905
90	194	0.5510792886051594
90	73	0.50913397139396
90	96	0.4926851218260441
90	76	0.47899559972719474
90	81	0.4275134002102504
90	193	0.41039821619012745
90	92	0.3985887522087749
90	184	0.38026550409182547
90	87	0.36518863480859926
90	74	0.36209071411591115
90	85	0.32311379426973535
90	93	0.31752304014336974
90	198	0.3092085029401511
90	180	0.3057949892409404
90	75	0.30469773157429236
90	40	0.30121017645708165
90	104	0.2979059191993555
90	82	0.2706082341696009
174	158	0.4257219871350205
174	196	0.6749337817073284
174	171	0.6700258317393629
174	172	0.6353338575748073
174	169	0.6345340669620528
174	185	0.6099049526406047
174	170	0.6093268537523158
174	173	0.6042471627463847
174	60	0.5887364356631064
174	164	0.5747451190691832
174	175	0.557790500537586
174	195	0.5510235812199296
174	66	0.5130347810050577
174	162	0.4637042979630799
174	67	0.4423912282775027
174	145	0.4355534339008029
174	142	0.43335494971353045
174	179	0.408825324500556
174	168	0.399841286644965
174	92	0.3751300330887664
174	167	0.36307215818372923
174	138	0.3423834516456458
174	140	0.3393519901084549
174	159	0.33517775162217056
174	35	0.329930265689769
174	199	0.3176129551999576
174	181	0.3150571501716859
174	80	0.30460701288117936
174	22	0.29293156841189494
174	180	0.29091905428342474
174	65	0.28689548429437367
174	68	0.27368234136712855
174	194	0.26630264057796427
174	148	0.2640063000176922
138	141	0.7785978742195608
138	140	0.7472814537518266
138	34	0.6139148034784115
138	166	0.6067742492778796
138	145	0.5803498043750789
138	172	0.5747518157111754
138	22	0.5718449703665218
138	123	0.5678473633663582
138	164	0.5382652473612883
138	143	0.5295790810646696
138	134	0.5141979737542504
138	171	0.5111830441433403
138	32	0.45680001892517724
138	144	0.4565467551150626
138	175	0.45215836568222056
138	37	0.45203902466710827
138	36	0.4426324832518827
138	181	0.43863552150647633
138	35	0.4278484067113566
138	24	0.40807547313196735
138	146	0.4076419744906765
138	33	0.40030325482573137
138	127	0.39530326626518597
138	136	0.3899999707655182
138	169	0.3879800976789772
138	142	0.3791871863387345
138	167	0.36631472800617343
138	10	0.35210969979547524
138	196	0.30596721222319767
138	30	0.30477937367153096
138	139	0.3047703025485505
138	44	0.3005553584096643
138	42	0.28462718479470306
138	7	0.27958331731301056
138	149	0.2758272029584156
138	67	0.26849389501542575
138	158	0.26261960755793684
141	140	0.7727829196068079
141	143	0.7158544865115082
141	123	0.7135209111940423
141	37	0.6881062414314022
141	134	0.6374698761565406
141	166	0.6939111487737243
141	34	0.6624011624036943
141	36	0.6363406086565133
141	24	0.6232916595308133
141	32	0.6055597318294917
141	127	0.5724705213050645
141	139	0.5376043651361423
141	144	0.532099991236435
141	145	0.5278788306843589
141	136	0.5170903647254012
141	22	0.5068562157442348
141	10	0.456230071275403
141	7	0.4549780402859821
141	35	0.44797980688941996
141	181	0.4355939476787842
141	146	0.4216688177193509
141	142	0.4154994524366896
141	2	0.3989251493598304
141	39	0.39825224777332346
141	33	0.39054249129292634
141	44	0.38344307558546487
141	30	0.3816845679404792
141	172	0.3675954367498899
141	164	0.3555389424860619
141	129	0.3416240429531981
141	149	0.33696960086438804
141	175	0.3296718086221631
141	69	0.30321832848158276
141	126	0.29061695447754426
141	167	0.28303655500483993
141	42	0.27343254646126935
141	130	0.268781523484786
141	171	0.26682284937114686
3	6	0.6339722074728988
3	11	0.6053380307559945
3	0	0.5958062399410929
3	111	0.5607112554519273
3	197	0.42594302713543136
3	106	0.4119686697386055
3	101	0.33749250322239177
3	1	0.3371291524529954
3	2	0.3135972091385232
3	5	0.28748269862184905
3	26	0.2738211003661083
3	104	0.2718681785087134
3	8	0.26657205380628024
98	199	0.7767006285903469
98	96	0.6626143741114097
98	71	0.4905238980830383
98	95	0.6383357725954744
98	198	0.6274565496892083
98	81	0.5977378263659442
98	97	0.5556305742688122
98	177	0.48781576515841835
98	78	0.47169643515894977
98	87	0.4625102902569801
98	38	0.45925756762999426
98	5	0.4370269978043183
98	197	0.42776670864210264
98	93	0.3925237722008781
98	147	0.3435217261751682
98	85	0.3356215051544442
98	156	0.327843376657292
98	50	0.32783445144082773
98	142	0.325511913124918
98	99	0.317298227522512
98	193	0.314102048231353
98	191	0.3082404856292232
98	190	0.3032637307254689
98	195	0.29958170252923877
98	55	0.282972161407546
98	80	0.2737100940785382
98	89	0.2695235689620984
98	92	0.2655963947700941
199	177	0.5467824637979465
199	198	0.652832962100461
199	95	0.539811819876108
199	142	0.5052866052289988
199	97	0.4832608429479264
199	96	0.47680422505585723
199	197	0.4664159615045853
199	81	0.4650377087053504
199	38	0.4590681669607672
199	195	0.45887872455198936
199	156	0.4456267310933015
199	196	0.442342969596539
199	71	0.4403299158968992
199	185	0.40302053471836985
199	190	0.40131047927300534
199	193	0.3976799441750647
199	78	0.3835539563407129
199	191	0.38245318890080476
199	147	0.37984628091974804
199	167	0.37718186271732246
199	87	0.36254245198241986
199	194	0.3430541848988026
199	181	0.3232033511233267
199	93	0.3230511010285275
199	35	0.31249676738371085
199	5	0.3092627653394849
199	55	0.3016374739755401
199	60	0.2993632266322597
199	79	0.2874643514424017
199	162	0.2782737952024972
199	179	0.26420165232567583
126	130	0.6283227784018012
126	125	0.6161530381125464
126	133	0.6734446537999674
126	26	0.6475628192608492
126	39	0.600232153893481
126	127	0.5534492484533451
126	2	0.5514621439152759
126	129	0.5418988697474794
126	21	0.5164087027888837
126	135	0.5034150750839917
126	20	0.5011944388564482
126	29	0.489209045294003
126	123	0.4877700416734392
126	120	0.47500193354149883
126	144	0.4605506877932894
126	27	0.451139468939436
126	18	0.4504781487237079
126	7	0.4280036137832864
126	143	0.41940516114136966
126	117	0.40451871058705907
126	24	0.39186374868745333
126	134	0.3777821178252489
126	104	0.3626987831136226
126	136	0.35700569966555035
126	122	0.3494788723904796
126	52	0.34751091858363964
126	11	0.3423746238797008
126	155	0.3286107262170384
126	75	0.32567283125363633
126	10	0.323991201682892
126	118	0.32164423699854966
126	16	0.3169474486171255
126	149	0.315777559635577
126	8	0.2964928271317207
126	139	0.29365361213527946
126	119	0.2920262569800401
126	116	0.29035142498857686
126	186	0.2845536641315275
126	46	0.26461089161995893
140	166	0.7589567969285609
140	32	0.6155074550052183
140	37	0.6146246501955808
140	24	0.5841438580854276
140	35	0.5799185655927734
140	172	0.5749660676106361
140	34	0.5734445145062272
140	145	0.5385208952004131
140	22	0.526239418272993
140	175	0.5053908538162805
140	134	0.5032508107764744
140	143	0.5022420288954437
140	123	0.4780781069586571
140	164	0.4378922307962408
140	144	0.4373909795297568
140	171	0.43573978266703245
140	169	0.4297907560532754
140	181	0.42974183799750165
140	69	0.4152843155470233
140	30	0.413694174849304
140	142	0.3911609727470844
140	10	0.38507105669991315
140	167	0.38159058913716415
140	36	0.374734697266768
140	127	0.36905616427762994
140	146	0.3637057605233259
140	196	0.3388298298895207
140	139	0.32768271380835323
140	42	0.32066666062159377
140	173	0.3047068031395749
140	33	0.28385505098211156
140	2	0.2789471297990674
140	67	0.2651687916227823
20	130	0.564899552846225
20	125	0.5285853820054657
20	119	0.5226436247184679
20	133	0.508711602784116
20	21	0.5045042707293012
20	150	0.47463014968468414
20	29	0.47396361323080344
20	144	0.4647241544244547
20	17	0.45881556780832894
20	26	0.44623560154663844
20	2	0.43988644828114215
20	120	0.43569117354572706
20	135	0.42322973655403656
20	18	0.4007398377064672
20	157	0.39855510659209764
20	104	0.38962683074874277
20	155	0.38701127214380526
20	53	0.37628946978471955
20	11	0.37097222185067713
20	69	0.36805373042493345
20	116	0.3623861004462842
20	27	0.3559494621250231
20	42	0.33055392376717957
20	127	0.3284055472652939
20	111	0.3214828495593464
20	134	0.31915859915767464
20	24	0.31325453873967457
20	77	0.30688237700718407
20	117	0.28687713036944107
20	154	0.2856653061864045
20	123	0.28390102164512465
20	58	0.2823925042911365
20	39	0.27954644357391173
20	31	0.2629268211330528
96	198	0.7719760605104354
96	81	0.7569355988632053
96	87	0.5590979658492506
96	75	0.49312420789975014
96	95	0.6723557160185862
96	5	0.604209068243342
96	97	0.5670744570794061
96	78	0.5189999150668599
96	190	0.48838708286240623
96	93	0.46398684298128995
96	197	0.4222113156320286
96	99	0.4211506970412952
96	83	0.4037154888840559
96	193	0.3961045136865035
96	85	0.39563227230400755
96	73	0.3833833659843511
96	177	0.3727215326974798
96	184	0.35508459065493847
96	55	0.3542278561654467
96	63	0.35259141677505107
96	191	0.3504792389554027
96	106	0.3187543791254622
96	135	0.31233433601012744
96	194	0.3069276674725382
96	91	0.2954983258416816
96	74	0.2913583686331765
96	56	0.29029648226848054
96	71	0.2846088049427639
96	79	0.2718496566541356
96	163	0.2626754685341622
198	95	0.6972558601340808
198	190	0.5934532930904501
198	97	0.5864186162060208
198	78	0.5454210252107418
198	81	0.668479952520587
198	5	0.5703895092736346
198	87	0.5291400162240917
198	197	0.5268609788068594
198	177	0.4832838363832948
198	193	0.47159535363964866
198	191	0.4688302637731662
198	75	0.45921811259969747
198	195	0.43079301999278263
198	99	0.42864051509633216
198	93	0.4058476744321913
198	156	0.3899745334672254
198	147	0.3857777585028629
198	55	0.37020445070857466
198	83	0.36668696916316074
198	194	0.35494475632229233
198	79	0.353703031108283
198	106	0.35192572225486657
198	184	0.33746591998894243
198	185	0.3270845244607577
198	85	0.3259588613413947
198	63	0.3204333762250339
198	135	0.32042440297176694
198	71	0.30841242324008267
198	181	0.3061303523683474
198	74	0.30484286998409854
198	73	0.303735832410837
198	142	0.29344343140541124
198	38	0.27914999881578473
198	163	0.27744328010179287
198	186	0.2748105836265396
198	56	0.2682062186616589
198	58	0.2675100296823307
32	35	0.770273527960563
32	37	0.7148144157012578
32	36	0.665437660887306
32	30	0.5657092654598057
32	34	0.6892050650500847
32	22	0.6173179555525837
32	166	0.6055533988170301
32	24	0.504847109844548
32	33	0.4805660119782825
32	145	0.4650377087053504
32	142	0.445891159747122
32	41	0.431012887104751
32	123	0.4298478239296958
32	181	0.4273417660223767
32	167	0.42669581866306977
32	134	0.422753511284618
32	69	0.40302053471836985
32	67	0.3971157539899745
32	7	0.3945014168200934
32	139	0.39021192510125696
32	38	0.3769588300511066
32	143	0.369272093737509
32	44	0.36648787802239363
32	42	0.36606361541639
32	68	0.3483371304414868
32	144	0.33261883962931116
32	79	0.32247777425882596
32	10	0.3179186236631638
32	172	0.28280656615868593
32	136	0.2643876819907081
35	34	0.6158800077188282
35	22	0.5898265232002943
35	37	0.5626142602175906
35	67	0.543176101160021
35	68	0.5223237399751155
35	145	0.4960626193867924
35	36	0.4732654929800592
35	60	0.45945481560062285
35	166	0.43582889278810055
35	69	0.4332331112714167
35	142	0.42822412777989416
35	30	0.4263194967130776
35	33	0.4253944270568116
35	167	0.4217263696990771
35	41	0.4207063747072805
35	172	0.41348693913814577
35	42	0.3801542968359433
35	196	0.3730056536983123
35	181	0.36273352059334346
35	164	0.3307231526163454
35	175	0.32564601287541434
35	38	0.3203436411047802
35	24	0.3030821134903811
35	123	0.2973226067442521
35	171	0.2940647531778899
35	92	0.2914498769968014
35	169	0.2893530007051128
35	144	0.2654290842333122
35	63	0.2645550918695504
38	142	0.7653066654865139
38	41	0.6350117176059612
38	79	0.6179612176229736
38	156	0.6159917198602889
38	95	0.5391737671836256
38	148	0.53047073211614
38	52	0.5127178891318751
38	181	0.5047725931432739
38	7	0.488897106194975
38	36	0.4288690425091188
38	45	0.4250094015016598
38	196	0.4248291239063404
38	195	0.42383699493260824
38	197	0.41669840155779225
38	145	0.410764042361205
38	78	0.40009329449211034
38	50	0.39624783124085905
38	44	0.38549683482766084
38	99	0.3472295317303742
38	33	0.3330812292598055
38	139	0.3304915709372696
38	5	0.32488594119814684
38	143	0.32302423162854615
38	147	0.3021827841190945
38	34	0.29871671834935903
38	39	0.2981246040549471
38	173	0.29333376062976957
38	190	0.29299556047635567
38	164	0.29150477945480857
142	181	0.6934597924362437
142	156	0.6464174546839987
142	196	0.6399092202068328
142	145	0.6162832958973595
142	148	0.5604300936468566
142	195	0.5572391588226606
142	41	0.5529634745862904
142	79	0.5381800093932031
142	164	0.4956931078789038
142	36	0.4478838840421863
142	173	0.44628365268732784
142	143	0.42147969443690836
142	95	0.4141250878194897
142	139	0.40229158954351424
142	197	0.39339472260898417
142	7	0.3904746910497613
142	147	0.38893957934852463
142	34	0.37464873665514575
142	167	0.3718687504318008
142	45	0.3447382987711358
142	179	0.3341565541912505
142	78	0.3328322701171787
142	22	0.3287801984820392
142	33	0.3178467076143428
142	170	0.3076249650027462
142	172	0.3037449098287064
142	190	0.30260980565507145
142	52	0.29815193746208973
142	166	0.2930412674867971
142	185	0.2808549556487206
142	175	0.2808549556487206
142	50	0.2795280063951155
142	99	0.2687908010247757
142	162	0.2639690875977975
142	44	0.2625730553996139
193	194	0.7628512031301224
193	160	0.44777995598813675
193	81	0.510066758584092
193	190	0.506187123605826
193	185	0.500295333574787
193	74	0.4951951147227919
193	87	0.4756830970217302
193	191	0.45608752582893747
193	195	0.4356020502226173
193	93	0.39958081501453896
193	73	0.39156745308106194
193	184	0.3677856935514372
193	187	0.36399207312838483
193	63	0.3513648611042551
193	78	0.3512246063830579
193	177	0.3477043357488346
193	162	0.34735264617603506
193	170	0.34286006120927764
193	80	0.33938738323707923
193	55	0.336473094390708
193	85	0.3287445218696243
193	83	0.3284055472652939
193	91	0.31478690293915873
193	180	0.31412007491617217
193	169	0.3102572188323798
193	179	0.30215552330502077
193	75	0.2985983138701211
193	107	0.2894629498678085
193	196	0.28391940954491346
193	89	0.28039433075577025
193	189	0.27561468802871636
193	97	0.27037652570297355
193	82	0.27021894605065966
193	64	0.26884646521730454
194	187	0.46269892952947067
194	184	0.4023754023192158
194	185	0.5089932090851053
194	74	0.5062168739872757
194	180	0.47590744648830896
194	63	0.4642928269182141
194	73	0.45969934015936487
194	91	0.4582153475383845
194	81	0.4091667406139676
194	80	0.37121366305630527
194	162	0.364191583669469
194	87	0.35458635835548497
194	189	0.3538342582698497
194	92	0.34611216139304257
194	177	0.32945787573997304
194	195	0.3217069937344096
194	191	0.31485897386050554
194	93	0.30998607146543705
194	94	0.304189635726911
194	31	0.30371767740967076
194	160	0.2985254450058387
194	169	0.2968120261958161
194	82	0.2935896470916087
194	55	0.29192563447498465
194	167	0.2699315576523802
194	89	0.26807628462423344
194	190	0.2655127415007417
194	65	0.26413653729745373
185	162	0.5866809999279743
185	74	0.5805420982966666
185	169	0.6387799554399095
185	195	0.5513090296508254
185	196	0.5278499763175052
185	63	0.5037957296847949
185	167	0.50095478310508
185	60	0.4829848697229468
185	170	0.44411077832734175
185	175	0.4091584147541175
185	80	0.3880905233964623
185	172	0.36074317891572444
185	171	0.35723254080661365
185	190	0.3437862967486027
185	187	0.3401215737026531
185	81	0.336473094390708
185	92	0.3309635991327778
185	73	0.320837113084068
185	55	0.30678273309116516
185	173	0.30558648201206223
185	191	0.29896260595867247
185	179	0.2960823309887496
185	184	0.29178841155359014
185	93	0.28127861631191614
185	158	0.2781169519561624
185	177	0.2748475623857588
185	65	0.26389466040057447
185	66	0.2633456628176883
166	134	0.5463196177363123
166	143	0.5282105683194669
166	24	0.48186466119618565
166	139	0.47770773015861256
166	37	0.4737154608845487
166	10	0.44711613014266705
166	181	0.4336797747854089
166	30	0.4334442878381386
166	123	0.40446852749235207
166	2	0.39222765775089313
166	34	0.3746143506068916
166	127	0.3727473647683989
166	167	0.3596988901222732
166	145	0.3521009395770369
166	169	0.35063711856821383
166	172	0.35003180522335475
166	144	0.3470712241402383
166	36	0.34618257595292434
166	175	0.33444079239506286
166	7	0.3190508184956669
166	22	0.31393979787714155
166	101	0.27813540487273924
166	171	0.2761597808872727
166	69	0.2712383225325036
81	93	0.6563648082606177
81	95	0.5535394221758019
81	97	0.5441763717757563
81	78	0.5306216214735178
81	87	0.5163280327810674
81	190	0.5024065163658057
81	5	0.4743357006282012
81	63	0.462918955734243
81	74	0.459912256386777
81	99	0.42708834496364584
81	195	0.42505036898147913
81	191	0.4105811457978122
81	73	0.3948728745163994
81	85	0.3925153129167912
81	55	0.3868837313995209
81	75	0.38093251667008354
81	79	0.3713171224971049
81	80	0.3650499647455046
81	92	0.35039151945100244
81	83	0.3466401755014598
81	177	0.3119642852656005
81	184	0.30558648201206223
81	56	0.298798685294493
81	91	0.2871891184407608
81	163	0.26482477424667106
164	45	0.632192566480826
164	148	0.5890760941412924
164	171	0.6399800767082725
164	172	0.6281230175289048
164	173	0.5585753126739068
164	145	0.5441059807378368
164	196	0.5321071598942837
164	175	0.4995677672830689
164	67	0.4789339523077833
164	33	0.47207732330511
164	44	0.45873661535865723
164	22	0.4515535378180252
164	170	0.4422705767719609
164	34	0.4273335921972968
164	149	0.3979661346929592
164	168	0.39753681988790135
164	179	0.3951766984620833
164	60	0.3908390675387203
164	169	0.37915293713616977
164	146	0.378887470596843
164	153	0.374734697266768
164	167	0.37380598194505166
164	143	0.36557855747183615
164	158	0.3618387094696206
164	159	0.36036037786166447
164	41	0.34807350452712044
164	36	0.3283787825077153
164	156	0.3143093414298759
164	181	0.3052691321670787
164	189	0.29592722619014245
164	66	0.278015457245844
164	195	0.26997791387440034
24	37	0.7493802475609042
24	39	0.6061104103205021
24	127	0.5547104995821887
24	143	0.5450204666584831
24	2	0.5378105176386127
24	34	0.5359385758041855
24	123	0.5270848916564876
24	134	0.4993801358418498
24	129	0.44983228695380706
24	30	0.4408376240135686
24	149	0.434077531936893
24	136	0.43127340408944964
24	10	0.42808529157783387
24	36	0.4242060875026829
24	7	0.4196935535547331
24	44	0.40918339212926813
24	144	0.3960117685122655
24	146	0.39283671901879835
24	22	0.38915174021556903
24	69	0.36017763455153257
24	130	0.35818306986372034
24	18	0.3462441854935407
24	120	0.32323021705063854
24	133	0.3213035082752204
24	27	0.30801422124722155
24	26	0.2984161351835097
24	139	0.2944575196352142
24	154	0.29103804737599903
24	33	0.2879779926808475
24	150	0.27674163311777233
24	11	0.267751406868324
37	34	0.6918783583691699
37	36	0.6255794545951977
37	123	0.5555683564378242
37	22	0.549692109069754
37	30	0.504817304066842
37	69	0.49573082136129665
37	134	0.4759306515200698
37	33	0.4318267639332068
37	143	0.42165237367251096
37	42	0.40785874679612905
37	144	0.3945351910324015
37	44	0.3887273772185897
37	39	0.387172802496483
37	127	0.36939299682317034
37	136	0.36754354318970917
37	10	0.3613084581209756
37	146	0.3605778933606579
37	145	0.3548486110045942
37	139	0.329056660405806
37	7	0.32628057387153536
37	2	0.27542062912543136
37	49	0.26430397107521697
37	68	0.2625451235178801
197	95	0.6603815717795039
197	106	0.6213370709036631
197	5	0.6079165967031738
197	11	0.4376335544317651
197	181	0.4102734725162536
197	156	0.4004963812211878
197	139	0.39781463170983056
197	79	0.39724209132513505
197	101	0.39483066991251337
197	0	0.3823165838134343
197	97	0.3652752953696659
197	99	0.35400045934475743
197	78	0.3462881904798811
197	190	0.3031638439716896
197	6	0.28909642296871213
171	172	0.7456742002678168
171	169	0.6664338481992087
171	175	0.6115790251086674
171	67	0.5967600202958235
171	173	0.5554508168915183
171	170	0.5059193159609916
171	196	0.4560083238000175
171	159	0.4456587871945435
171	66	0.4400396704566278
171	189	0.4363471821833961
171	60	0.4197265072943408
171	65	0.4169462792959205
171	168	0.4059646080605356
171	179	0.39440008778779095
171	158	0.3882094309395116
171	22	0.38748729340184407
171	145	0.3695052527776914
171	146	0.3530379328824237
171	180	0.3510755684688126
171	68	0.3417830259176382
171	167	0.3314532646524257
171	33	0.2933246210499117
171	162	0.2887664762708966
171	195	0.2859040712337716
171	64	0.2799612255716877
171	45	0.26969975777613814
171	34	0.2672779045672127
171	47	0.26646986748287615
172	175	0.662272061056077
172	168	0.46950096362368554
172	169	0.6333497949115854
172	145	0.49899722241841354
172	68	0.48937637567440606
172	60	0.4839809870196476
172	67	0.47901871629146897
172	196	0.4759306515200698
172	173	0.474777334391828
172	22	0.4514341148196667
172	170	0.42870581424170956
172	167	0.42715375037244296
172	159	0.4037657084957716
172	180	0.39591058274275653
172	158	0.38913476886502096
172	162	0.3832639371676922
172	34	0.38086412335255093
172	179	0.3703166286356107
172	146	0.3669725630140174
172	189	0.32718275265470453
172	66	0.314570668397661
172	195	0.3144715499858846
172	42	0.30535981047434224
172	181	0.29926308135244467
172	65	0.2799520093287643
172	33	0.2643876819907081
33	34	0.7450742371908369
33	44	0.7169205531673268
33	22	0.6162088670054992
33	36	0.5271787688206067
33	145	0.5181738087623718
33	136	0.5158071240997509
33	42	0.5099261769002957
33	123	0.5029894062264217
33	49	0.476000262639521
33	146	0.47547416428302264
33	149	0.46851812598044806
33	67	0.46199131631928786
33	41	0.45819954661967643
33	45	0.40531295150922253
33	7	0.381701654147858
33	143	0.37491519358048564
33	144	0.37114468497469494
33	127	0.36515396881179235
33	18	0.33963510822682713
33	30	0.3279504746898581
33	129	0.32072946131431856
33	27	0.3155434664427579
33	47	0.29909008761255834
33	155	0.29727702610330636
33	154	0.2972587934675109
33	148	0.2970582201677325
33	153	0.2944575196352142
33	69	0.28943546329310677
34	22	0.7290703546772388
34	36	0.6585223205444956
34	44	0.6447669708966443
34	123	0.6230041668034625
34	145	0.6042662089621099
34	42	0.5281312544158914
34	30	0.5190510579449272
34	136	0.5147127087078587
34	146	0.4848840704886866
34	143	0.4788954202716341
34	134	0.4772059074473482
34	144	0.4768505831934345
34	41	0.46258103489280467
34	7	0.4521822319428438
34	127	0.4337609634494443
34	67	0.41356154893103325
34	69	0.402836252003314
34	49	0.39009323576658206
34	149	0.38171874009436535
34	39	0.34852163580320694
34	10	0.3427012109514627
34	181	0.33962626171684895
34	167	0.3319783437610572
34	68	0.32340035582282195
34	129	0.3082676350122495
34	155	0.29929039435546745
34	139	0.2931692399899666
34	45	0.29019574897744754
34	18	0.2882622585838977
34	27	0.2725903736165361
60	80	0.49611539208564204
60	92	0.6061104103205021
60	67	0.5951285505593337
60	66	0.5481340216830337
60	68	0.5391950455889
60	169	0.47756107573770284
60	196	0.45156945966228146
60	63	0.44995990191404367
60	65	0.4461875478328248
60	170	0.4154580835670357
60	93	0.4056137673114747
60	162	0.3836477698821368
60	173	0.3770875080802606
60	167	0.37549946278186097
60	195	0.3742360360747417
60	175	0.36669562453808885
60	74	0.3621862882434328
60	45	0.3062844126644837
60	158	0.3052691321670787
60	22	0.29866207127065414
60	168	0.27432978580871853
60	179	0.270478481289037
60	180	0.26578227660472376
133	26	0.6820728813797079
133	29	0.6025747603571582
133	125	0.5917338881403466
133	39	0.561321137509943
133	130	0.5413901024883286
133	129	0.5185175281019127
133	21	0.5065663507173147
133	127	0.4982984667021273
133	2	0.48843277020700254
133	135	0.47338188768231987
133	120	0.45435928473909154
133	18	0.43157453722638656
133	7	0.41391794127475035
133	117	0.40647394943444326
133	27	0.3846962362940376
133	75	0.38265806518552176
133	122	0.37902449337461946
133	143	0.3646425277642009
133	52	0.363037430535084
133	144	0.36083886019801303
133	16	0.3516628500234982
133	119	0.3511983068676786
133	118	0.33726209731924484
133	11	0.3359941430513272
133	116	0.32793262560306513
133	134	0.3274238282429059
133	136	0.31403895305094254
133	186	0.30312751986387443
133	155	0.3018192659729192
133	104	0.29924487241129905
133	123	0.29717674392376353
133	149	0.2895820528413558
133	152	0.27968471584272925
133	14	0.2738858506652523
133	10	0.272729222111412
133	46	0.2641272349539865
127	129	0.7349418637744831
127	143	0.6938852235083739
127	39	0.6665338920637324
127	136	0.6297730937451377
127	123	0.6102941752978814
127	149	0.5847430255373349
127	7	0.5562178802161969
127	26	0.5546897303487177
127	130	0.523776576157661
127	134	0.5222219276232273
127	2	0.5182981521114898
127	18	0.5062466231639379
127	27	0.4917682894462001
127	120	0.48353672016533444
127	144	0.48040449385572415
127	44	0.4698361105451713
127	125	0.4285833746703191
127	52	0.4120350900946277
127	146	0.41199357788521146
127	36	0.40336388348864693
127	10	0.3673618977060177
127	155	0.36096932243320357
127	29	0.34590089431857735
127	139	0.3357191109531846
127	118	0.33546177102938196
127	154	0.327968323542508
127	21	0.32482332833554156
127	116	0.32072946131431856
127	122	0.31728923427562883
127	135	0.2962465425809387
129	39	0.7073748859585846
129	27	0.5861954932376084
129	52	0.5671219450534923
129	149	0.670367350361875
129	26	0.666428289502904
129	136	0.6122733813744694
129	120	0.611941959565079
129	130	0.6058699554852577
129	143	0.5967342645819111
129	18	0.593109844107388
129	7	0.5626826028917266
129	123	0.5299099915879889
129	154	0.4805737025044056
129	44	0.4769201154260807
129	2	0.4451537708758327
129	155	0.445073583494501
129	125	0.4427691659679411
129	17	0.42260566973175295
129	134	0.3736855379703628
129	118	0.37036839942092703
129	146	0.3638619395586177
129	46	0.36016022898472155
129	116	0.3557311177045739
129	122	0.3444739247855076
129	10	0.3419949727751743
129	144	0.3340232966033218
129	21	0.3221999839911726
129	153	0.32005645009012884
129	11	0.3180175022572369
129	29	0.2901591170951594
129	119	0.2792422037693923
129	139	0.2784859712686846
129	150	0.269551389448515
4	8	0.7305379432836799
4	107	0.4944777347492612
4	10	0.3934116272878222
4	26	0.32401805231293984
4	111	0.3128305967048998
4	105	0.2702652945104692
8	111	0.6004432201278075
8	6	0.4819260833441449
8	10	0.462918955734243
8	2	0.4295624502109113
8	26	0.3951091894978304
8	107	0.3399446982101568
8	104	0.30046438902818084
8	21	0.286326414735652
22	36	0.5386273858843105
22	145	0.508600412424597
22	67	0.460062054631226
22	123	0.430752298246988
22	42	0.4262704003560891
22	30	0.4238534020375619
22	44	0.4216030398679207
22	167	0.4038075563135331
22	169	0.40147825578451907
22	144	0.34984752135554875
22	181	0.33396998982880394
22	196	0.33243205999692765
22	68	0.32991244265176856
22	41	0.32222686934640016
22	134	0.3006190337232605
22	175	0.2927852909818624
22	143	0.2915871295408163
22	146	0.28732674087271637
116	120	0.5727393707282727
116	18	0.5712928570667432
116	17	0.5426330551539346
116	43	0.5133883556582477
116	149	0.4848764215772167
116	154	0.431371079424119
116	119	0.41819298869227906
116	188	0.40970777532100094
116	148	0.40343923753485916
116	46	0.39953039369541954
116	122	0.3855223762979786
116	125	0.3829909088901766
116	14	0.38018851562401224
116	130	0.37616070158232806
116	153	0.36382723487397
116	16	0.35874083305613047
116	52	0.3523199265281841
116	26	0.3415357106345204
116	146	0.33389891080622325
116	118	0.33275223767883355
116	21	0.33000155548954657
116	150	0.32751310468315475
116	186	0.3250916491220474
116	2	0.31496707343484165
116	152	0.31156705232006254
116	155	0.30752537127612134
116	77	0.2987804707987328
116	29	0.2913126124515909
116	156	0.26854956878017533
67	68	0.6240066016155587
67	66	0.5405625094410529
67	65	0.5012243904213484
67	92	0.4540576807763746
67	45	0.4408859624663013
67	173	0.4368489990646322
67	169	0.40490336670553445
67	196	0.36586441923987617
67	175	0.36399207312838483
67	50	0.36097801941329244
67	170	0.3551370244337787
67	167	0.3547087498709401
67	145	0.35326550668499357
67	44	0.3417830259176382
67	41	0.3335790082203476
67	47	0.3243849585935628
67	146	0.3097329550845978
67	64	0.29980924818324706
67	49	0.2958633549717845
67	42	0.292291503502427
67	69	0.2892796970211392
67	36	0.2875652583183419
67	179	0.26873513503677515
67	93	0.26676712014500065
11	0	0.573108837593767
11	26	0.4790572424221722
11	111	0.42910567376204717
11	101	0.40810047705810204
11	7	0.39573348451099727
11	6	0.39442542094516403
11	130	0.3888292393896511
11	125	0.3829397086358617
11	106	0.3821885013647271
11	29	0.37976070598921424
11	122	0.3657431529775442
11	139	0.3617865639726878
11	39	0.35627254055318336
11	120	0.34994405437855536
11	21	0.3499089523208716
11	2	0.3498914009235444
11	5	0.31969737859251746
11	52	0.31503913527833144
11	27	0.313038073287172
11	135	0.3071359857065762
11	155	0.28842729289559565
11	18	0.2869230147868469
11	104	0.2856836739881181
11	119	0.2823188822701874
11	17	0.2701540561028674
136	149	0.7255140004101743
136	123	0.6484387622972264
136	44	0.6453158570855609
136	39	0.5800313825272366
136	146	0.5621219659431542
136	143	0.5591185877872914
136	7	0.5433523171580523
136	120	0.5184955935735246
136	27	0.49616816111923023
136	134	0.4835213961723372
136	18	0.47356808482579904
136	154	0.47020227905352796
136	36	0.4363714698995506
136	130	0.41960292506579594
136	144	0.4024005448367745
136	155	0.40031165236515726
136	52	0.4001436888036464
136	26	0.37429623081500174
136	2	0.3489432609182992
136	139	0.33403218085801933
136	145	0.3317024803623102
136	10	0.32834309534397016
136	46	0.3242149409811477
136	153	0.30971487366266137
136	17	0.30962446319311276
136	49	0.2994815716415446
136	42	0.294265715876124
136	125	0.2932697824448456
136	45	0.2761597808872727
136	157	0.27166442703284815
136	41	0.2677142741032849
149	44	0.7011505092375359
149	154	0.665638202216462
149	146	0.6383298472832369
149	72	0.2622099066279978
149	18	0.6189307307812013
149	120	0.6118105820059616
149	39	0.5690116100211984
149	52	0.5366367233458755
149	143	0.52682485697988
149	17	0.5232393810490396
149	148	0.5192848066319065
149	153	0.5100297660456002
149	7	0.5060829877833714
149	45	0.49989038374034167
149	46	0.4912146311031368
149	123	0.4872516551502338
149	27	0.4864123612396583
149	130	0.4703113192492309
149	26	0.4581600430559098
149	155	0.43932172454452423
149	43	0.4263604084253065
149	122	0.4131386866880423
149	49	0.3984289259755032
149	134	0.35977724308930886
149	2	0.3586275581221331
149	48	0.3498562973919638
149	47	0.33244984965715796
149	125	0.3253688589564988
149	150	0.32385694070380777
149	10	0.31344391931351395
149	189	0.31238848183111945
149	118	0.30330913159249057
149	119	0.29605496068804366
149	157	0.2950784356558129
149	21	0.2823556936964139
149	144	0.27526351737963733
149	151	0.2691896880440839
44	45	0.5543019111127176
44	146	0.5356106208482457
44	36	0.5307868426663285
44	7	0.519445463799125
44	39	0.4940696602699922
44	143	0.4908731369562875
44	49	0.4838814316438837
44	123	0.4831152023750676
44	27	0.45257990761332567
44	154	0.4445361439422866
44	41	0.43671143114772554
44	18	0.42943196506756287
44	52	0.4162768671659676
44	46	0.4089918832504577
44	148	0.392396875967123
44	120	0.38276048921844213
44	145	0.3774305783194627
44	48	0.35414914662002656
44	42	0.3508826694651073
44	47	0.33989163087169333
44	153	0.3336145567478099
44	155	0.3122711633206822
44	17	0.3110522931540854
44	134	0.28882147215330345
44	43	0.27573480847482146
44	144	0.27172925969058725
143	39	0.6998211870081225
143	139	0.5529148765075583
143	7	0.5682876079014996
143	123	0.5625254032438591
143	36	0.47623998862034617
143	134	0.459928025856052
143	145	0.41551599950328183
143	2	0.4094581027790043
143	26	0.40336388348864693
143	27	0.3978651351154382
143	181	0.38906688082122515
143	52	0.37981205172757815
143	144	0.37317781420910995
143	130	0.3601254170988475
143	148	0.3598381807780046
143	10	0.3443769739635595
143	18	0.3266915410149471
143	146	0.3069820141960586
143	156	0.2872625185470472
143	79	0.27893790788835565
143	120	0.27560544763781136
143	125	0.2687908010247757
123	144	0.590419619948566
123	134	0.5547312681244161
123	146	0.5107914313769795
123	36	0.5070493954440616
123	130	0.4564992599104689
123	39	0.45281047705893857
123	7	0.44688407478183256
123	145	0.4338096732672761
123	10	0.41034832056331383
123	27	0.40921669434224606
123	2	0.4066075053759308
123	120	0.36790675003315493
123	42	0.35672645275567566
123	18	0.3511281721173916
123	139	0.3506722002206013
123	69	0.3324142701001417
123	30	0.3279772478810261
123	155	0.32168009833653904
123	154	0.3066921418768174
123	125	0.28923388049564325
111	6	0.6472259085703786
111	104	0.4932982587146711
111	2	0.40770034078654693
111	0	0.3800773007578624
111	26	0.3601689317994718
111	107	0.27514336318120547
39	26	0.6936933206287185
39	7	0.6734665121030722
39	52	0.5555130464755591
39	27	0.5532966172071397
39	18	0.5261020208427126
39	120	0.524204582120073
39	2	0.5161006407292005
39	130	0.48879817255710223
39	139	0.4543116699826741
39	134	0.42723550084752254
39	36	0.41697106365990616
39	125	0.3859139381794534
39	29	0.35545158017424516
39	10	0.34887299986902676
39	122	0.3487324660048766
39	46	0.3361715527144073
39	21	0.33575460218370384
39	135	0.3195806605761015
39	154	0.31899692506953403
39	117	0.2996636228925677
39	118	0.28281576633712824
39	155	0.2801271091187149
39	17	0.2652803503338541
120	17	0.6834821506564387
120	18	0.6345878268783907
120	154	0.5954707282626464
120	26	0.5824350468717772
120	119	0.5291040147294686
120	130	0.5261960325786902
120	27	0.4962510764806482
120	46	0.49363867869640693
120	125	0.47116756392144604
120	155	0.46207783396479574
120	52	0.46113352991726886
120	146	0.4020401107576238
120	117	0.39969005291190096
120	7	0.3991605635012026
120	29	0.39728420042476853
120	2	0.38590542744228645
120	16	0.37880182292358294
120	118	0.3779535610036199
120	14	0.373737158360036
120	21	0.3734618228687734
120	150	0.372730143451976
120	122	0.3707911080255888
120	157	0.36379252917918686
120	48	0.34687771022309344
120	43	0.3395200989103951
120	153	0.31851179142900377
120	152	0.31014876594012564
120	49	0.2833124986584786
120	151	0.2821532205647111
120	134	0.2690691040264259
120	144	0.26433187515628004
6	0	0.44037022048775804
6	1	0.4081588171714465
17	154	0.6974099781711984
17	119	0.6379148874298847
17	49	0.599982604157942
17	18	0.6248911934620902
17	150	0.5774976180736753
17	155	0.5419977506312472
17	157	0.5210500156629421
17	146	0.49492334483864187
17	46	0.4560400054784612
17	153	0.4526673721156532
17	130	0.44905822805959006
17	42	0.4472441349308804
17	43	0.44565077327637515
17	47	0.44321926937819395
17	27	0.39301429702232415
17	51	0.37331552411652674
17	26	0.36698121629364205
17	125	0.34947009371462273
17	69	0.34139436637453074
17	52	0.3365263004679043
17	48	0.33424538516233837
17	14	0.31023010636628784
17	16	0.2961735618125896
17	152	0.28972862880632955
17	118	0.2871248905809603
17	122	0.27794163901175
17	54	0.2753929045920509
17	21	0.2746441691507314
17	151	0.27342329408954535
154	153	0.6203599414070408
154	46	0.5681724984189087
154	155	0.5499084021669168
154	48	0.3650846337801784
154	146	0.6100430976109333
154	49	0.5705514045019752
154	47	0.5410294856040109
154	150	0.5293847758672372
154	18	0.5170390796403237
154	157	0.5072870851607971
154	119	0.44570686920351943
154	52	0.41219282089057224
154	130	0.4066909690156156
154	14	0.39969005291190096
154	51	0.3973852554382674
154	27	0.38394621483177405
154	122	0.34541660831996124
154	42	0.3302154023023031
154	26	0.32432232296349645
154	43	0.3216263059835078
154	21	0.3168125105556741
154	152	0.3142462553673289
154	125	0.31202747136560116
154	69	0.3112058369334387
154	189	0.28723499390248836
154	118	0.27503244398393245
154	45	0.2648991620976483
95	5	0.6926074777182629
95	99	0.5316195173844926
95	78	0.5291760158137819
95	97	0.5167312911723295
95	79	0.5095634984149731
95	156	0.49626615102841276
95	190	0.4668070983311879
95	106	0.4415624322177451
95	181	0.4411195622671486
95	87	0.41548290509508295
95	195	0.38191520972658466
95	191	0.37168777643894585
95	83	0.34329238756266106
95	93	0.3396439546767138
95	147	0.32869100519172917
95	75	0.3246891483280231
95	71	0.3203346672765173
95	135	0.30746198994160756
95	177	0.30683708515192415
95	101	0.30259163699900316
95	85	0.2868863073582348
95	163	0.2708862429469013
95	41	0.2624985694038853
195	196	0.6943205292512643
195	181	0.529787717355991
195	190	0.520576325826425
195	156	0.49783226957695775
195	93	0.4949837465175956
195	170	0.4928744138494425
195	79	0.48239427147312786
195	191	0.4798581674217556
195	169	0.4598886016389182
195	173	0.388820751238421
195	179	0.38625431379195035
195	162	0.3685032033155209
195	145	0.3655439028723628
195	167	0.3419596507144506
195	74	0.3376254113146126
195	83	0.33658837150904186
195	97	0.3344319108717959
195	41	0.33263662680513223
195	99	0.3183770024544249
195	87	0.31683949919415055
195	66	0.3081137818698964
195	78	0.2836159825030835
195	175	0.28181264088761515
195	148	0.27155327959731484
195	50	0.26709218213744257
169	175	0.5278499763175052
169	170	0.4986892487011506
169	167	0.4786796067692826
169	162	0.4784560246466534
169	63	0.47358359934423416
169	196	0.4686429951413284
169	65	0.4514181905310939
169	68	0.3561153778983552
169	64	0.34478235578696015
169	92	0.32693270334894725
169	158	0.32391064666107794
169	74	0.32155457961658995
169	173	0.30885574827922024
169	159	0.30834908014827694
169	180	0.2935348178186888
169	145	0.2810760096628217
196	173	0.6335892814422289
196	170	0.57767754406976
196	145	0.5298524535168465
196	179	0.5194016518490943
196	181	0.5157997846317864
196	175	0.4770668860933821
196	66	0.4386839761639385
196	156	0.42512410605704715
196	162	0.3916097859987014
196	79	0.37571419265801187
196	50	0.3731003451587349
196	167	0.36590772560896373
196	148	0.35367678400480695
196	41	0.35040029167809605
196	190	0.32710238465819663
196	93	0.317334199939326
196	168	0.314570668397661
196	191	0.2949049694763416
26	130	0.6092388253336182
26	29	0.5981233137620056
26	125	0.5954836364011519
26	52	0.5586647453498771
26	2	0.5473920688300126
26	18	0.5259067246069178
26	21	0.5246830548180111
26	27	0.49785483413089104
26	122	0.47776947142490234
26	7	0.4769201154260807
26	135	0.4283956034173137
26	16	0.4249766262641404
26	117	0.42389441858295657
26	46	0.4023670213451369
26	118	0.37789355883885495
26	155	0.354953496433469
26	75	0.35138239183574665
26	119	0.33852882914742083
26	152	0.33594091550219224
26	104	0.3103475900740617
26	10	0.3087833778410721
26	14	0.2951514682289749
26	134	0.2790946733725156
26	186	0.26461089161995893
181	79	0.6099426322186265
181	145	0.5679557614163726
181	156	0.5233918706067291
181	139	0.47366116752791687
181	41	0.4435807977531002
181	7	0.4415785325279262
181	36	0.3800944114527013
181	190	0.36719752764030716
181	99	0.3590283296654097
181	135	0.34413015691059395
181	5	0.3145346261323833
181	148	0.31092583314198763
181	78	0.3093531981966293
181	167	0.30848481199605615
181	147	0.28666604509761345
181	134	0.2798137594934324
181	106	0.27600273843426654
181	101	0.2657451018182699
5	106	0.573108837593767
5	99	0.44251990556847476
5	78	0.421866124645959
5	97	0.4190672223322291
5	190	0.38649251415349023
5	79	0.37677865636246816
5	75	0.353309266086112
5	87	0.3517417175187483
5	135	0.3249396070994773
5	156	0.32472493094155325
5	83	0.30619379090332666
5	101	0.3000094601456643
5	93	0.29945426207254394
5	191	0.2677885388379835
18	130	0.539896846751773
18	7	0.49713996270293603
18	27	0.48227149467518776
18	155	0.46898628877799114
18	46	0.4605822029352586
18	52	0.45606376597878395
18	119	0.44942539167547874
18	125	0.43273747181567235
18	146	0.4245176559576004
18	16	0.39847098785708196
18	122	0.3911609727470844
18	21	0.36044738876565297
18	43	0.35741572789291487
18	2	0.3483459170233151
18	150	0.34739661271936334
18	42	0.34531972902900665
18	118	0.33901570747354476
18	117	0.33389002566138254
18	29	0.33074096494245053
18	134	0.329974822255693
18	153	0.3281824915076225
18	157	0.3189160810621816
18	49	0.3133357048946017
18	152	0.30931702572509523
18	148	0.307561587956441
18	48	0.3074529352425207
18	144	0.2970855726163811
18	151	0.2951149523734539
18	14	0.2801455395915097
18	135	0.27381185012072956
29	125	0.539620469127778
29	21	0.4387405033738495
29	135	0.42704746431341756
29	130	0.4118358158922551
29	117	0.3864755015512576
29	2	0.3690129736032963
29	122	0.3678635170067409
29	75	0.36550924725945255
29	16	0.3318537673188375
29	52	0.3274952498628782
29	119	0.29333376062976957
29	7	0.29098312860575903
29	46	0.26276856624822625
63	92	0.6737451022492486
63	55	0.41797843556642006
63	74	0.5292840031529686
63	91	0.5282898730068006
63	65	0.515851159317521
63	68	0.4373101070796357
63	93	0.4336229385303844
63	162	0.4189765360592456
63	167	0.40342249266411834
63	73	0.4029116443356081
63	94	0.4003284472423109
63	80	0.3591851172898301
63	76	0.3585839880271698
63	31	0.3406608953026755
63	64	0.3405017745194789
63	180	0.3271202446219526
63	97	0.31630862850554264
63	184	0.28369874096811615
63	187	0.2802376888573466
63	30	0.27416332382037834
63	56	0.2720256061391686
92	65	0.628316726258913
92	68	0.6126982868897014
92	66	0.5534631221783629
92	91	0.4844020442184795
92	93	0.4744674409631062
92	80	0.47279974891970045
92	94	0.4659541853551006
92	180	0.3827092783779408
92	74	0.3478801438596223
92	175	0.3447294871857057
92	64	0.3114496671898417
92	40	0.29730437465048787
92	69	0.2880605267223215
92	73	0.2812233624390782
92	162	0.27937128205320305
92	85	0.27781244920323983
7	134	0.5435778037873978
7	52	0.5401447788796317
7	139	0.533238849421224
7	36	0.5326875678036083
7	2	0.5147200593782987
7	27	0.49468169029226305
7	10	0.4630446593891412
7	135	0.45051800129791525
7	79	0.44484902085376066
7	130	0.4251322987171624
7	148	0.40255138719358974
7	41	0.39565757625682146
7	125	0.36924618430686434
7	156	0.360386481791394
7	122	0.3457160068512448
7	145	0.34169470446293576
7	78	0.33271666616745976
7	144	0.3281289526783203
7	101	0.3205500232839695
7	30	0.30825858527370026
42	49	0.6690161451878776
42	69	0.6416773691077189
42	146	0.5529634745862904
42	150	0.5054131908801517
42	157	0.47049042554234466
42	53	0.44354063505857044
42	145	0.42035241805411255
42	155	0.4102984224794895
42	144	0.39444230938368335
42	68	0.38803106477909105
42	47	0.3774820299237494
42	51	0.357494228227321
42	30	0.3239285481829653
42	119	0.31723527359591625
42	41	0.2948684478031851
42	175	0.2731364454773981
49	47	0.6046406442118442
49	150	0.5989704124882996
49	146	0.5933496331383331
49	157	0.5721477394328892
49	69	0.5621424861639641
49	155	0.46924366604964224
49	153	0.46011723685744077
49	53	0.4579704007567979
49	51	0.4399348369987088
49	43	0.35241626856767216
49	27	0.2978785813931417
49	68	0.2973681860300024
49	119	0.27985062725116844
49	41	0.27472737844597306
49	173	0.26454579173891307
36	139	0.5016959691374846
36	41	0.47008543434079086
36	145	0.4465638997169709
36	134	0.404401612910486
36	30	0.3457952476253331
36	167	0.34047525249231636
36	144	0.32626270293517673
36	45	0.30700012932569504
36	10	0.2991902442801531
36	27	0.27918688141506043
150	157	0.664271507957222
150	69	0.6370541482047155
150	53	0.519759369521669
150	146	0.49350252884640655
150	155	0.49251093197507545
150	47	0.4323310147647022
150	130	0.384849587258585
150	51	0.3602820626860981
150	153	0.3591328570005347
150	119	0.3469568785781968
150	144	0.3379354778403052
150	43	0.3367391032883019
157	53	0.658250387400233
157	69	0.5862480007626192
157	51	0.5381515942904213
157	146	0.5214942636053663
157	155	0.5146759542206146
157	47	0.4468440591565633
157	40	0.3856415620140057
157	130	0.35274902904296385
157	153	0.33777602421241343
157	43	0.2950693063417064
157	27	0.26888357368135124
157	119	0.26744503777853645
175	173	0.47238035326917266
175	180	0.46300537899757443
175	170	0.43832858278612086
175	145	0.42768500358300676
175	189	0.4051374350762139
175	162	0.3947462557056533
175	167	0.39100003210007217
175	168	0.36166488234279576
175	179	0.35281907251599376
175	69	0.3386350726187538
175	68	0.33681889547973143
175	66	0.3353463954964782
175	146	0.3117566543658887
175	158	0.28473745951159296
53	40	0.6006478105510547
53	69	0.5888605657642003
53	51	0.48616803425327826
53	94	0.37826209340842054
53	76	0.3475636716533282
53	155	0.3328767305112474
53	47	0.3117205416040338
53	146	0.3030821134903811
53	68	0.2900583750345864
93	97	0.4810734281289815
93	87	0.4724114269540859
93	190	0.4208462757450665
93	74	0.39721682506241146
93	79	0.39278597706412954
93	91	0.3582353710329617
93	191	0.3494525361788364
93	65	0.3481086578310822
93	80	0.3289585674670401
93	64	0.32739704417072063
93	83	0.3067374381786842
93	89	0.30206465035557367
93	78	0.30201921182199254
93	68	0.28098390744667723
93	99	0.2787811275360265
93	55	0.27452397068442774
94	40	0.6231448757745315
94	76	0.5673661093652042
94	91	0.5098373744315041
94	180	0.42011363083717485
94	73	0.40621513536255516
94	31	0.2649828446614055
0	106	0.37017856196111815
0	101	0.3318626660200777
0	1	0.2726921969566618
156	148	0.5742292464727473
156	79	0.5587610429358412
156	52	0.519686380708471
156	190	0.49310907118015496
156	191	0.4906909450406179
156	78	0.4895208592833202
156	179	0.4282731239667376
156	122	0.41726016875236527
156	173	0.3758945345839278
156	83	0.3461561709499805
156	147	0.34477354450530934
156	99	0.3339166809178997
156	87	0.3241075506429116
156	41	0.3031366009734138
156	50	0.30099193530141855
156	170	0.298607422233393
156	145	0.28077205270896144
156	135	0.27445924487945217
156	97	0.2739413489456224
156	45	0.2630478300295029
91	180	0.5626415982101142
91	76	0.3822311971462709
91	87	0.33725323474657787
91	89	0.3320406276401217
91	73	0.3286018060378199
91	68	0.3284055472652939
91	74	0.3256638918524536
91	80	0.3123794576685652
91	65	0.3023281667791092
91	189	0.29597284686892433
91	31	0.2840297325579086
91	184	0.27927908430909376
170	173	0.6458291048422313
170	66	0.6014143243465445
170	179	0.4492019188508486
170	160	0.39199917104395404
170	50	0.3804622284563054
170	168	0.3673705481266002
170	158	0.33455624679109636
170	159	0.3291101626522801
170	191	0.3051149663393314
170	162	0.30252804497105273
170	145	0.2993268109298766
173	50	0.625019173974921
173	179	0.5638637137107662
173	66	0.5580728725455291
173	145	0.4638298851762033
173	168	0.4620935635009355
173	148	0.41910844060169183
173	153	0.4095163651933326
173	47	0.36669562453808885
173	159	0.3089190694789915
173	45	0.2867945351010553
2	10	0.5595240119777568
2	134	0.6001233901648924
2	104	0.5723763949115243
2	135	0.5160346100507385
2	130	0.50095478310508
2	21	0.45533481495809713
2	125	0.4478758900061184
2	144	0.38212018472013204
2	31	0.35387799756187394
2	30	0.34600653224179717
2	122	0.3406785741853114
2	1	0.3323520035986519
2	27	0.3276559348239389
2	139	0.31967942260598786
2	100	0.3136693398720032
2	52	0.28621624888886676
69	68	0.4866337168834195
69	146	0.4838814316438837
69	47	0.42306554734025487
69	51	0.41869618018762894
69	40	0.40577249579653324
69	30	0.3914658473157258
69	155	0.3693843613031326
69	144	0.3608910467871117
69	65	0.26547556098652153
69	145	0.26514090083555913
146	153	0.5176322942493289
146	155	0.4734749915436409
146	47	0.4682917529073945
146	189	0.39636584296529664
146	144	0.387283309572498
146	45	0.37165330199854135
146	145	0.37039428395077617
146	51	0.35387799756187394
146	130	0.3279058515338785
146	134	0.3256191939731894
146	43	0.3237584743613986
146	119	0.3219311018579985
146	27	0.31584958057864204
146	48	0.28186787485173725
146	46	0.2759750235301419
119	125	0.39846257561484355
119	130	0.3963911294881636
119	155	0.3662454608948324
119	27	0.3368366264209197
119	46	0.3185297623192969
119	21	0.3081137818698964
119	14	0.28543569095970184
119	47	0.2722570909093009
119	48	0.26979248147913854
119	153	0.26539190194251183
134	10	0.5396275571870222
134	30	0.52175631014186
134	144	0.46477903484128785
134	135	0.44321926937819395
134	130	0.3987149137158369
134	139	0.3555738856715117
134	100	0.3529241303117706
134	145	0.33004610970303017
134	104	0.31950882928367264
134	31	0.2970399849311197
134	125	0.28667522329708817
134	27	0.28633559488120874
134	21	0.28459961493832714
41	145	0.5928375235873027
41	79	0.46533547724425334
41	45	0.36663503558062227
41	27	0.33137314977675003
41	148	0.3110793902953462
41	51	0.3038538345415147
41	40	0.2979150316928416
41	68	0.28598671240466295
41	50	0.2808365331353643
45	148	0.5737867067084352
45	80	0.37608343368528085
45	52	0.31752304014336974
45	153	0.3132635574273624
45	189	0.29312353673022895
45	122	0.28633559488120874
45	50	0.282613350392873
45	43	0.2735435709749149
130	125	0.5782702360937517
130	27	0.565858840907759
130	144	0.505867230921317
130	155	0.5029296436891775
130	21	0.4929122666571855
130	52	0.42093678927989137
130	135	0.3803681471851051
130	122	0.3714205727184125
130	10	0.35804358908921213
130	117	0.30931702572509523
130	118	0.30619379090332666
130	46	0.2918158570990196
130	16	0.2901316426254056
130	152	0.2817021673559526
65	64	0.4533508851948356
65	68	0.5343400550014464
65	66	0.4329568855099695
65	189	0.35981206500157925
65	80	0.34001545129400773
65	180	0.31421921763371213
50	66	0.5597025885438902
50	47	0.3796237725810843
50	179	0.37365112309121906
50	51	0.3630287484653248
50	89	0.3044981431540797
50	153	0.29057117672310434
50	168	0.28389182761692394
50	71	0.26819693798252514
145	144	0.4182672462133995
145	139	0.353099206863337
145	148	0.3203346672765173
145	179	0.307217493527063
145	79	0.3064565787165003
145	167	0.3000549591793105
145	155	0.26450859072431515
68	40	0.3553292625037417
68	66	0.34881151823358
68	30	0.3432747444347956
68	167	0.2795095690101698
68	180	0.2780431382371293
68	64	0.26384814180640215
40	76	0.48512879648815654
40	31	0.28039433075577025
40	51	0.2739413489456224
106	139	0.37600616055740493
106	101	0.31938311568604794
106	135	0.30445277841940277
106	79	0.2808365331353643
106	99	0.27784013357979154
106	78	0.26872585719757064
153	47	0.5978792038601994
153	155	0.48529700154437716
153	46	0.3894741456742585
153	179	0.37797927524522024
153	148	0.37311756095291715
153	122	0.3607866713491515
153	168	0.3564820594046088
153	189	0.3515313931042198
153	14	0.344456297909767
153	51	0.34245407159693003
153	52	0.3170823738487047
153	159	0.29413783353218054
79	190	0.5059788372034878
79	78	0.476247720538256
79	99	0.4064322096397495
79	148	0.402442447683729
79	191	0.35937671907756047
79	52	0.35145251229764607
79	83	0.3408995398884105
79	139	0.31550744869533914
79	97	0.269505021721207
79	87	0.26703646153858285
135	100	0.38785266954742537
135	75	0.46698695997763484
135	125	0.43924909199489437
135	104	0.43849014223144483
135	78	0.43680044801500084
135	147	0.40950804219578246
135	186	0.40008489520494867
135	21	0.37779926330913055
135	117	0.36860690337606417
135	122	0.3491628014120964
135	163	0.3244207491050931
135	16	0.3212497013946504
135	10	0.31879929819180663
135	31	0.3140840213200437
135	101	0.312650158014404
135	77	0.30255529902715117
135	99	0.3009100867374818
135	52	0.2987076106389313
135	58	0.2898477117722465
135	144	0.2767785692716217
135	190	0.27446849157530245
135	139	0.26740789845517643
125	21	0.5296510318537563
125	155	0.42570561177980243
125	144	0.4207310645800459
125	122	0.40808380784203746
125	27	0.39362291332570315
125	52	0.390864484585392
125	117	0.36280299252865433
125	75	0.32614653616438855
125	46	0.32430442654679814
125	118	0.29956349740409255
125	10	0.28816139585033307
125	186	0.27907623114630964
125	58	0.27758172812298243
125	16	0.26572651412866344
75	186	0.6142075800277332
75	78	0.4564992599104689
75	190	0.4153753406716111
75	83	0.4107058515850074
75	77	0.4053463798237012
75	99	0.375447921611495
75	188	0.3410321012344566
75	184	0.3386173659730825
75	16	0.33737730532351023
75	117	0.3371114254547807
75	58	0.3150571501716859
75	187	0.3095250052100081
75	73	0.2975596042276421
75	161	0.29358050901358934
75	152	0.28817973500483673
75	101	0.28775788098994054
75	163	0.2702282158428226
75	147	0.2679556228561297
75	100	0.2668321374020345
186	77	0.4063654224396171
186	78	0.37190321846437707
186	16	0.35123337276502675
186	188	0.34174769806015076
186	147	0.30867481547985465
186	117	0.29933591493722816
186	152	0.2899576265451711
186	184	0.2894995978914853
186	187	0.282668557238326
186	99	0.27041360116335433
104	107	0.36328050289103847
104	85	0.35434153887112985
104	1	0.31655159393949545
104	21	0.26633980349822595
47	155	0.48288518913472983
47	51	0.47847915670959046
47	189	0.36543993299358646
47	168	0.34221571375714815
47	179	0.33077658888770395
47	89	0.2906352652068291
76	77	0.41344548685362337
76	187	0.38658607876430584
76	188	0.333374585779601
76	31	0.3199846431421994
76	43	0.30299129661493857
76	73	0.290717660854205
76	184	0.2813430768064162
66	80	0.34434171729792284
66	85	0.323606285309993
66	179	0.317828728030641
66	168	0.3003279247061651
66	107	0.26989447177380665
87	191	0.5978792038601994
87	89	0.5005801671508289
87	192	0.30365413316873885
87	190	0.5426683316651678
87	97	0.5406898996356612
87	83	0.49657511330882736
87	179	0.38736830744420164
87	78	0.3721530810280799
87	177	0.36297665472302854
87	99	0.3038992174943494
87	74	0.29345257028811916
87	55	0.2905803323804129
87	54	0.2667206777603938
87	64	0.26572651412866344
191	190	0.5489938869100567
191	179	0.4426405239811392
191	83	0.437714398580688
191	97	0.39540450970139823
191	177	0.3801286320619359
191	78	0.3450114277800591
191	54	0.29390030980963716
191	89	0.2858489747569762
191	99	0.28527953388455424
191	52	0.2653454229688742
191	74	0.2651966819662629
190	83	0.5693023159635012
190	78	0.4402493013909535
190	97	0.41665708257484196
190	99	0.37670143033796616
190	177	0.32565495239304587
190	179	0.2690319995544087
190	74	0.2684660574603575
144	155	0.4005803381233273
144	27	0.3364110179187424
144	30	0.33195164978383235
144	10	0.32713810435201574
144	21	0.3197961324137453
144	139	0.2736730903620503
148	52	0.46125949756094314
148	147	0.4500874985006863
148	122	0.40905017237633845
148	78	0.3836989375675731
148	179	0.32481438340843294
148	167	0.31012165145555853
148	43	0.28720746878356296
162	163	0.34356582505886746
162	57	0.2881247169071767
162	167	0.4683776257953134
162	74	0.3450202374208115
162	56	0.33517775162217056
162	187	0.33033122184219993
162	55	0.3128757028502214
162	147	0.30948883699138263
162	80	0.29928129007562104
162	158	0.29392771824620534
162	180	0.2676957074225273
97	177	0.398647629456395
97	99	0.3437069313047942
97	78	0.3322630464278686
97	71	0.3267630009581282
97	83	0.3172622541925678
97	55	0.30957021422386183
97	85	0.27835682385539146
97	74	0.27416332382037834
97	56	0.27002426884492187
27	52	0.4326805784127377
27	155	0.397334729136098
27	21	0.36056919349346017
27	46	0.335381896732052
27	10	0.28402053926068693
74	80	0.41235882661876627
74	73	0.36189085270241145
74	55	0.3300728415253042
74	184	0.3044981431540797
74	187	0.28545406138415436
167	31	0.4212576333577229
167	30	0.3690648022212269
167	147	0.35465629785252584
167	80	0.33374785527538964
167	187	0.30123745438346977
21	122	0.42479634254067944
21	52	0.3833833659843511
21	155	0.3299569998057426
21	46	0.3203436411047802
21	117	0.3196614663898503
21	16	0.3075796959624443
21	10	0.2783937241436584
21	188	0.27005208122644003
21	14	0.2685681263030828
21	118	0.26485267006020596
51	155	0.5728804673745373
155	52	0.4184569900338913
155	122	0.3247070397509768
155	46	0.32185939118202733
83	99	0.3672407851448535
83	78	0.33686322238476996
83	184	0.27145138808434127
46	14	0.5301400950894694
46	52	0.42431268801879823
46	152	0.4170949761785971
46	122	0.3861607209792004
46	48	0.3401304168457264
46	151	0.27620596703826744
46	118	0.27107155703329944
46	16	0.269551389448515
52	122	0.5264635340480052
52	78	0.34483522220088053
52	117	0.34260412614523406
52	16	0.32614653616438855
52	118	0.28082732180107917
52	48	0.26358761500188865
30	10	0.3860756297038359
30	100	0.29449405099568254
30	31	0.2702004063160424
179	89	0.4953686947634754
179	168	0.4557548287672397
179	159	0.45156149877610174
179	180	0.3550321546418394
179	54	0.3269952199686579
179	122	0.2975140306355405
179	189	0.2819599273068801
180	189	0.5008873660782271
180	89	0.3678808104081635
180	168	0.32465336478502266
180	159	0.32251361411990886
180	82	0.3052872682714874
10	139	0.29949977774825925
139	101	0.2810115386550638
177	71	0.4338096732672761
78	147	0.4809120124693525
78	99	0.44506556436375755
78	77	0.3720669276137131
78	31	0.34392737874421664
78	122	0.29991845798343436
78	117	0.26920823868244553
78	16	0.26675783176718654
99	163	0.2969488054982948
99	56	0.27337703147200754
99	147	0.26500144024469346
14	152	0.4964018084922721
14	122	0.36154318839004757
14	187	0.28821641267964
14	188	0.26486196856620997
122	16	0.35432404990571426
122	117	0.30858434070159885
122	118	0.28345964943137497
122	152	0.28340446945533476
73	161	0.34210976279805577
73	184	0.36550924725945255
73	187	0.30566807528898077
73	56	0.2819139017280804
73	77	0.267389328495547
43	189	0.3618213278888697
43	151	0.3137865445929635
43	77	0.31153093483108474
43	31	0.3051875169568596
43	80	0.2911570314647195
43	188	0.28357919960683564
189	159	0.34604174293363915
189	187	0.33011739338596346
189	82	0.301955595569465
189	64	0.28768450366875065
189	89	0.2800073060122213
89	64	0.2998911562702371
89	192	0.27621520411539147
89	82	0.2759103536358911
80	31	0.3455751221886566
107	105	0.4942510535984759
107	85	0.3730228709055139
16	117	0.4885698161739468
16	118	0.30501520345712274
16	77	0.2832481159997876
117	77	0.28473745951159296
117	118	0.27352506739539106
147	187	0.35928092196983297
147	77	0.3415180434466761
85	160	0.26460159178459053
168	159	0.45970722688827587
187	188	0.45220609755596197
187	77	0.41846523893684784
187	184	0.3450819032038987
187	31	0.28838145174970636
159	54	0.4004963812211878
159	82	0.32525261647660403
188	77	0.40576414227582075
58	161	0.44916998957171383
58	163	0.31009453646645935
58	56	0.3090728381336054
161	56	0.3029004742359847
161	163	0.2702004063160424
160	184	0.3059218923266631
31	77	0.442254488694919
56	163	0.41592131670964555
56	57	0.2681412528623698
163	100	0.279362062510579
54	151	0.3013647448538369
59	151	0.3633239034664841
72	178	0.23661943879028816
