126	128	0.9467438425113577
126	129	0.7621395822810539
126	123	0.6077274309863193
126	120	0.5548143353808367
126	130	0.5204596760651655
126	133	0.4820489134319237
126	125	0.4499838276736675
126	138	0.4304753438605203
126	53	0.40822548750473475
126	34	0.4036820077912389
126	27	0.39806712462428223
128	129	0.835264086646395
128	130	0.6355961786181893
128	123	0.6044312472400205
128	120	0.5853021117741499
128	133	0.5455123458028487
128	125	0.5213486396722936
128	138	0.4665333217155318
128	155	0.43067899468419496
128	27	0.4199406796284847
128	48	0.40937486496483505
128	18	0.4084338042281837
128	53	0.40693297517869137
128	34	0.40118462921332315
128	17	0.39758733655151673
9	108	0.9330429934077388
9	3	0.9205775383156651
9	109	0.9141477526385708
9	11	0.8504287804378171
9	103	0.8496797810357467
9	112	0.8314761072186543
9	12	0.782233646674518
9	114	0.7406058947721762
9	5	0.7364877588599916
9	0	0.7205221359297534
9	70	0.705099315339859
9	106	0.6921805935670713
9	102	0.6918679321381531
9	113	0.6842859272475411
9	1	0.6623169703339801
9	139	0.6606690619810541
9	111	0.6574108446090657
9	13	0.6446150337855774
9	6	0.6390462609479921
9	32	0.5974742508943292
9	110	0.5225418591631205
9	144	0.5125925677475668
9	105	0.5088005428549306
9	176	0.49725288206020285
9	10	0.47109754085089744
9	124	0.47028016637266623
9	8	0.469337238026051
9	181	0.4311920002538976
9	38	0.41664881857165437
9	95	0.4067994615982642
108	3	0.9034902119587019
108	103	0.8820215733144754
108	109	0.8701750123064101
108	11	0.8223391813478077
108	12	0.8112586995582519
108	112	0.8042743793109889
108	114	0.7930136059370605
108	102	0.782853846754305
108	111	0.7464634184818593
108	1	0.7420338018825057
108	113	0.7306125448533065
108	13	0.7240138972151052
108	0	0.7152200784214668
108	6	0.711245524505784
108	70	0.7083029584408522
108	139	0.6605676169679676
108	110	0.6267162994977096
108	5	0.6266252069330219
108	32	0.613072909611872
108	106	0.6064645629718212
108	105	0.5832340144059279
108	8	0.5758958094488635
108	10	0.5664703527111762
108	176	0.5617045713464591
108	144	0.5168558883173409
108	124	0.45551711001111334
108	181	0.42676942959706826
108	38	0.387461797497548
108	100	0.3872748094231973
12	111	0.921653500311451
12	113	0.9152745312815043
12	103	0.8564049648550761
12	13	0.876833011235905
12	102	0.8385296658212148
12	114	0.8344155694676939
12	3	0.8265666562725946
12	11	0.803708623400539
12	70	0.8024303415894809
12	8	0.7801681168955472
12	1	0.7783614926100388
12	6	0.7688871950404754
12	139	0.7394931726035824
12	10	0.7303560288814726
12	110	0.7277512932697884
12	105	0.7192744143454197
12	112	0.7144180636158151
12	109	0.707774356429633
12	0	0.6829222542918498
12	176	0.599181978029363
12	32	0.5685245279864105
12	5	0.5480640629391627
12	106	0.5146539006202431
12	107	0.44157048240838276
12	2	0.43523736587724265
12	104	0.3946365072731409
111	13	0.8873241288565725
111	102	0.8622114822809273
111	8	0.8185145862554449
111	105	0.7694997068742869
111	113	0.9041676543523045
111	114	0.8314143674558251
111	103	0.7969876135982992
111	110	0.7936066600243292
111	70	0.7689280731454042
111	1	0.763769388375744
111	10	0.7613420561824199
111	6	0.7559945265547973
111	3	0.7270260988859847
111	11	0.722917724850492
111	139	0.6889319690840351
111	0	0.6531025696446137
111	112	0.6083892091914171
111	109	0.5984892706024756
111	107	0.5940295423169092
111	176	0.5930190856720245
111	32	0.5241755731295793
111	104	0.4956855649580863
111	2	0.46483391168721966
111	5	0.4106393437436586
111	106	0.39038145879888414
3	103	0.9033799289260147
3	109	0.8247844149606288
3	11	0.80809003359838
3	114	0.7758263165339067
3	102	0.7607866253918876
3	113	0.7441340967409247
3	1	0.7395973793428701
3	112	0.7355253416366825
3	0	0.733799329737473
3	70	0.7278124366319818
3	13	0.704817616563878
3	5	0.679782729326535
3	6	0.6611140076071886
3	139	0.6435266131295475
3	106	0.6093520019707748
3	110	0.5968823431457017
3	32	0.5872316049932982
3	10	0.5625117317866358
3	105	0.5575424576274454
3	8	0.5393652480489496
3	176	0.5044148082607289
3	144	0.5022046403093483
3	124	0.4065991586386269
113	114	0.8132660382896408
113	103	0.809611372702661
113	70	0.7954502714950429
113	102	0.7854724176883172
113	13	0.7844744959422172
113	139	0.7332681123684311
113	8	0.7165315101836369
113	110	0.7138398403744485
113	11	0.7105629558557588
113	10	0.6971479391377156
113	6	0.6764987927414926
113	105	0.6666728020564665
113	109	0.6527640996112758
113	1	0.6493708271750244
113	112	0.614749082206
113	176	0.5829304074545054
113	0	0.5781304423775622
113	5	0.5038330382381069
113	106	0.480058273847525
113	32	0.46269107039610075
113	107	0.4516570246648844
109	106	0.7611191763838253
109	112	0.8109508014447115
109	11	0.8084020980034398
109	103	0.7970605641179485
109	5	0.7454521324976916
109	114	0.7050389700395562
109	139	0.6705710246518011
109	0	0.668562914384175
109	102	0.6409473584360991
109	70	0.6393419763736148
109	13	0.591051120617841
109	1	0.5612320915971327
109	6	0.5530606594575079
109	32	0.5522966586753445
109	110	0.5213122289433942
109	176	0.5011944388564482
109	181	0.4726988028640592
109	38	0.4713698194328113
109	95	0.46606378234258117
109	144	0.4554933345613421
109	10	0.44861902894029143
109	105	0.4426405239811392
109	124	0.4230573371500941
109	8	0.39477158066754586
95	197	0.911851118203235
95	199	0.7133294116299408
95	181	0.6685573841109067
95	101	0.6713956962832924
95	99	0.6509237848635738
95	112	0.6319583790546293
95	79	0.5522688593251871
95	38	0.5204086356849453
95	198	0.5080738811887874
95	106	0.4958288676660075
95	11	0.4746146550131812
95	98	0.472403658642951
95	139	0.4690486905854858
95	166	0.46428498256008477
95	176	0.45930491127455636
95	81	0.45567559640284505
95	183	0.4542323062867015
95	190	0.44801177888019544
95	61	0.4419889943380673
95	83	0.43311938110414355
95	96	0.4298885845960307
95	5	0.42739080750577024
95	182	0.4207475241489686
95	195	0.41600401421563504
95	36	0.3892281080237608
197	101	0.6864335623571777
197	99	0.6538875029699592
197	199	0.6893152983335086
197	181	0.6180539276186281
197	198	0.558134839353186
197	190	0.5449712580928215
197	112	0.5352682346432504
197	183	0.5224328081155645
197	79	0.505070614805797
197	182	0.4900149420656608
197	83	0.4852358402243719
197	195	0.48395035593050106
197	81	0.46108628725816
197	166	0.45695827121367943
197	96	0.43785181739172824
197	106	0.4285588848667201
197	38	0.4276032915348063
197	98	0.4205829159952843
197	176	0.40691628693179943
197	191	0.40547172634830164
197	87	0.3960454949651726
182	183	0.9072402709088514
182	175	0.7499277709524242
182	187	0.7147557258251227
182	81	0.8013952296500844
182	198	0.7865044158629269
182	166	0.7729439924321517
182	193	0.7286813005119738
182	194	0.7200457569030503
182	185	0.7130935735452951
182	80	0.7074098576808091
182	78	0.6725255413316624
182	97	0.6564387960280171
182	98	0.6363168052254514
182	169	0.6243301209432267
182	60	0.6155447226632322
182	164	0.6150227249398361
182	96	0.60580032946959
182	195	0.5934014655748703
182	199	0.5922600151648161
182	88	0.5699440688160113
182	74	0.5674203545587732
182	93	0.5642659938839772
182	190	0.5616771912123107
182	184	0.5372558924093795
182	73	0.529694198668971
182	90	0.52916881604824
182	61	0.5131379249399712
182	87	0.5041090631091892
182	83	0.5033628131140621
182	148	0.4997403468210907
182	160	0.4980578847840404
182	85	0.4810734281289815
182	174	0.4636571979532646
182	92	0.46149563678019456
182	196	0.4544545064636941
182	55	0.4491460418594092
182	191	0.4447126519529974
182	180	0.4420614095728651
182	64	0.43573978266703245
182	63	0.4264994951991425
182	167	0.4125662952760883
182	158	0.40351458610912994
182	165	0.391474314827482
182	159	0.38893957934852463
183	166	0.8600924991284828
183	81	0.806697578116818
183	198	0.7866569321944166
183	185	0.7035926669258241
183	194	0.6946984185213975
183	193	0.6918314380572633
183	175	0.6895041954408826
183	187	0.6612265783750544
183	195	0.6600148819134715
183	190	0.6572802283358816
183	60	0.6528559138660459
183	97	0.6385253426472692
183	98	0.632426638455285
183	96	0.6277959574299287
183	93	0.6241165001074478
183	199	0.612573351419969
183	83	0.5939065739479461
183	61	0.5848680460087855
183	169	0.5809264919285066
183	80	0.5762031662523199
183	88	0.5529773590606518
183	196	0.549754911435278
183	87	0.5481759932482773
183	74	0.5256969001979264
183	73	0.5237402923025462
183	78	0.5074875758447868
183	90	0.5072350971278561
183	191	0.5029744660429842
183	85	0.5018530958233676
183	184	0.4999053857824369
183	64	0.49182135909572006
183	55	0.46621249823633387
183	160	0.4635080306336551
183	164	0.46309964888170874
183	165	0.43989451324479145
183	158	0.4224824512545665
183	92	0.41598747526482865
183	75	0.4152925909020293
183	180	0.40631532918970054
183	148	0.3910593288052671
183	174	0.3876997362170584
183	101	0.3833918961235945
103	102	0.8556835580562472
103	114	0.8037440257999667
103	11	0.8029638573458431
103	112	0.771207233126757
103	1	0.7548611002586483
103	13	0.7469456695873167
103	70	0.7326943167719875
103	0	0.7286203216727819
103	139	0.689713971158987
103	110	0.6882115289003061
103	6	0.670207643109704
103	5	0.6505951729864385
103	10	0.6301048410203742
103	8	0.6172498698899103
103	106	0.6044566331409401
103	105	0.5855584476087322
103	176	0.5676237301752023
103	32	0.5577216097194002
103	144	0.4354724010510376
19	121	0.8996918481046835
19	20	0.8128253948131291
19	150	0.8026083229392799
19	124	0.8279869080209068
19	119	0.5467824637979465
19	17	0.5447321916538888
19	23	0.48752613788803467
19	117	0.4629975227010095
19	16	0.45383537966536863
19	154	0.438377053594505
19	14	0.43098031742760434
19	144	0.39298893053037987
19	22	0.389864298297066
19	15	0.38890562978022486
121	124	0.8684404773943188
121	20	0.749516129056025
121	150	0.7112109336973906
121	23	0.573021530075651
121	119	0.4885165233839957
121	117	0.4530091952273479
121	16	0.4458831479006615
121	14	0.42040181503888296
121	144	0.4114371493088282
121	17	0.395345452197723
193	194	0.8888664988094394
193	88	0.824143897899997
193	73	0.686132023297764
193	198	0.6812859713742612
193	81	0.6790936239328246
193	187	0.674977336506732
193	80	0.6711704508863146
193	87	0.6610182990457639
193	90	0.6599471509067013
193	184	0.6357451593166265
193	160	0.6336790576027398
193	190	0.6309301940316467
193	85	0.6256342300422132
193	97	0.6235545372873991
193	185	0.6185048709022855
193	175	0.6125920936922069
193	191	0.606913232225048
193	93	0.5876638423748435
193	169	0.577364303377445
193	94	0.572383118725664
193	98	0.546537056715417
193	83	0.5450345255590519
193	164	0.5341256764308744
193	96	0.5270921134335924
193	64	0.5230723302217162
193	195	0.517009772210611
193	75	0.493873102280545
193	60	0.4886916145773395
193	55	0.4797734919772473
193	74	0.4790957667072973
193	78	0.46578976306233244
193	192	0.45573105981618073
193	166	0.45012736866558467
193	180	0.4294401209144126
193	148	0.4180362044580132
193	174	0.40079859458890876
193	159	0.39440008778779095
193	179	0.39059333869513074
193	92	0.3894147623630874
193	91	0.38677318411299144
193	188	0.3843468575973295
194	169	0.7389035112680925
194	88	0.7253766189728899
194	187	0.7067247814950384
194	90	0.7031581407768737
194	175	0.6779226350484362
194	80	0.6551222084037605
194	73	0.6547681594099286
194	185	0.6413125089030328
194	97	0.6287764723816432
194	81	0.6202922698996968
194	184	0.6039740911045116
194	164	0.6008778807870544
194	198	0.5870153606120293
194	87	0.5824218313295115
194	60	0.5740750661347744
194	93	0.5690183722405968
194	160	0.5584652238567717
194	64	0.5563007492849754
194	94	0.5524634289827344
194	85	0.5497479337015442
194	74	0.5263912466278452
194	191	0.5200804301632976
194	180	0.5168119153542897
194	195	0.5129905719254542
194	196	0.5093265493729279
194	166	0.5061201808426754
194	55	0.5023990404513233
194	190	0.5011195546900992
194	65	0.47780034028824464
194	158	0.4615192471066227
194	159	0.45843652998950846
194	96	0.4474441057387142
194	174	0.4456107026141185
194	98	0.44382173650589013
194	83	0.4349617318313266
194	91	0.43052422405665813
194	92	0.423910824714303
194	78	0.4197594599274425
194	192	0.403665266839349
194	75	0.4001184919503339
194	179	0.39502479729086054
194	173	0.39024583395811363
13	114	0.86348892132169
13	10	0.8568043073614688
13	1	0.8494850342480805
13	32	0.6816930061056922
13	102	0.8469604242572446
13	110	0.8339898214743914
13	8	0.7825827003127326
13	70	0.7380396584883081
13	11	0.7371596820252644
13	6	0.7290000785296378
13	0	0.7247220804927619
13	139	0.6976718308673644
13	105	0.6778091305019847
13	112	0.6155074550052183
13	176	0.6034974638180243
13	2	0.5991050547839448
13	107	0.5399606096788525
13	104	0.5187002893001467
13	30	0.5058225836655549
13	7	0.43664668623580377
13	134	0.4294808990979167
13	100	0.42264673908630707
13	181	0.4173344964165485
13	106	0.3939270921698857
13	5	0.39041536236211827
13	36	0.38454286409034577
124	144	0.6179735799488536
124	150	0.7705580495869435
124	20	0.7198868128856927
124	23	0.5769708456216065
124	119	0.502780216306178
124	117	0.501531324713822
124	17	0.49663538396693363
124	16	0.4680653183409785
124	154	0.46692440378639744
124	25	0.4186302024971055
124	11	0.4160618983761484
124	29	0.41069753834383
124	70	0.4104231630820997
124	118	0.4061399835815146
124	114	0.4036736373490833
124	14	0.3968209083439897
123	138	0.8640728504248483
123	136	0.8023947281771817
123	127	0.6840891289051618
123	146	0.671845815183524
123	44	0.6379208180380163
123	34	0.6268862931330723
123	120	0.6016376826052894
123	129	0.5904000774622523
123	130	0.5809198666459091
123	143	0.543211348188881
123	42	0.5132926130573635
123	48	0.5102738819300944
123	33	0.49270026690422175
123	49	0.48115796617429213
123	150	0.4573063244319504
123	22	0.4474361077652055
123	69	0.43933786433115773
123	17	0.43289187939169727
123	18	0.43037757589318626
123	145	0.4283792737332651
123	125	0.42017127445950253
123	155	0.4140505200034072
123	137	0.4123920244790956
123	154	0.4102485219388319
123	171	0.39547199998827376
123	153	0.3952526409448447
138	127	0.7055666452657194
138	143	0.6852472081094276
138	136	0.7779275525210765
138	146	0.6889004454164946
138	130	0.6623506491694242
138	44	0.6379445397138982
138	34	0.6130791509896827
138	145	0.5507171028082082
138	129	0.5493849858298566
138	120	0.5465090042123372
138	125	0.5077473894120499
138	31	0.5054950876524466
138	48	0.4879833950372023
138	155	0.48231753819512924
138	18	0.44896242129237446
138	141	0.4482035867598236
138	171	0.44304246967218297
138	49	0.4429379809165786
138	153	0.4396928678690144
138	69	0.43447511992007876
138	42	0.4320219898515803
138	157	0.42523060520492945
138	134	0.4236236772578664
138	149	0.42250709619954874
138	154	0.41811047377941746
138	137	0.407241658742476
138	27	0.3981681049078811
138	156	0.390864484585392
138	135	0.38767424525314464
138	39	0.38750429034206885
114	70	0.8189761045116473
114	110	0.8492900557143725
114	102	0.8360484496427887
114	11	0.7946040293662974
114	10	0.7932732523570101
114	1	0.747727103377501
114	139	0.747585980278177
114	0	0.7432223344499894
114	112	0.6816180577029699
114	6	0.6705490106812998
114	32	0.6652091495405036
114	8	0.6300566011576377
114	176	0.6051732777037566
114	105	0.5822037304311806
114	5	0.5401660258438679
114	106	0.5375190418465408
114	144	0.5157337260129972
114	2	0.482141023564698
114	104	0.4445923093276379
114	181	0.4205088332903019
114	30	0.4153918898006541
102	110	0.8544737824712498
102	0	0.7592830743155431
102	1	0.8383514553820335
102	11	0.7525025944482497
102	10	0.7487965552578445
102	70	0.7122422333664188
102	112	0.7028698511430059
102	8	0.6834235325131143
102	6	0.6689443246802297
102	139	0.6564387960280171
102	105	0.6115039030643342
102	176	0.5890565041144382
102	32	0.549322146870615
102	104	0.5204523848099617
102	5	0.4866871381973609
102	2	0.46502203376097406
102	100	0.46502203376097406
102	106	0.4588076728893588
102	107	0.4504382943541889
102	30	0.43624192806567713
102	144	0.3899151774565817
96	198	0.8610523315371166
96	98	0.8320308418417124
96	83	0.7562900182390518
96	85	0.7373331397570323
96	81	0.8175220504015681
96	97	0.71743534817904
96	190	0.6996323455059854
96	185	0.6913566932770504
96	73	0.6645340353557866
96	75	0.6422123642023969
96	76	0.6282138281934109
96	88	0.6112033046264659
96	93	0.5671355123535928
96	61	0.5611156273347713
96	55	0.5547589584387806
96	74	0.5511210659208127
96	90	0.5328236403814489
96	187	0.5181445483197511
96	80	0.5094598427152162
96	87	0.5077696548505428
96	160	0.49704208563639635
96	166	0.48194143814114915
96	184	0.4778543579599176
96	60	0.476301841901513
96	63	0.47306370301352674
96	78	0.4692592621109106
96	43	0.46253387245670496
96	99	0.4536209643660776
96	64	0.4529456103095962
96	188	0.449042260982033
96	199	0.4332737258451688
96	92	0.4124667156603428
96	84	0.3887698209449124
198	98	0.8216905989615264
198	81	0.7959638616217392
198	190	0.7505092097702348
198	97	0.7462419396549606
198	185	0.7063842506410518
198	83	0.6882167925129961
198	166	0.6611083782872832
198	199	0.6372798751144071
198	73	0.6280866884713102
198	187	0.6272018373025183
198	85	0.6163701156918976
198	75	0.6051669400123632
198	88	0.5746580557183192
198	184	0.5475321258795177
198	160	0.541870615310454
198	87	0.5350041918325362
198	80	0.5067298784075095
198	188	0.5035121232563115
198	76	0.49860660017407626
198	61	0.4970044372425305
198	93	0.4952705891649182
198	78	0.4835750288511323
198	74	0.4796195137250843
198	60	0.47238812180049383
198	175	0.4561667206335756
198	55	0.45345416059439064
198	90	0.45204698123834297
198	99	0.4237385464617411
198	148	0.4225892415039436
198	195	0.4164752585983421
198	101	0.4100572137763535
198	64	0.3975957557611409
198	191	0.3971410226612673
198	112	0.3967703551504144
198	43	0.3934707915688175
198	176	0.38952504307819513
166	61	0.7036330612407703
166	175	0.6842912447388516
166	81	0.6455608889862349
166	199	0.623890570865587
166	169	0.579832278808703
166	60	0.5786428533687193
166	196	0.5597025885438902
166	167	0.5581761470998847
166	185	0.5581486089095007
166	187	0.539556673152208
166	195	0.5383859823012556
166	98	0.5272220924029407
166	165	0.5246323234164014
166	97	0.5197155771441639
166	172	0.5057481655501812
166	176	0.48346009723656475
166	63	0.47466113814518573
166	190	0.473428440935321
166	158	0.45402592693476734
166	78	0.4454423863344899
166	74	0.4405153023184454
166	93	0.43319249493806866
166	83	0.41796192954789096
166	80	0.4137439050426405
166	101	0.4124086229985544
166	164	0.4120350900946277
166	160	0.404401612910486
166	55	0.38888016691081917
166	148	0.3873088096253618
10	110	0.8525186913248957
10	8	0.7403303535509428
10	1	0.6895041954408826
10	70	0.6521898259071843
10	0	0.6447143830453728
10	2	0.6434797408367066
10	6	0.6421477276757971
10	139	0.62050140653482
10	11	0.6031603869043853
10	32	0.5881480736024094
10	107	0.5847561868952947
10	104	0.5645249478238255
10	105	0.5563697983911728
10	176	0.5439722166613701
10	4	0.5178591954425957
10	7	0.4832455136206137
10	112	0.45485115185277547
10	134	0.40904184556271295
10	30	0.401008413682382
10	100	0.3972589351657287
110	1	0.7310318538013262
110	0	0.6937970641494807
110	11	0.6697612352774762
110	8	0.6441121096499833
110	104	0.6342054007079037
110	70	0.6312671541119266
110	6	0.6104949492073325
110	139	0.6035801101390205
110	2	0.5733975313231318
110	32	0.557618259083135
110	176	0.5551880011631029
110	112	0.5525884776948471
110	105	0.543063297801749
110	7	0.5403005739596273
110	107	0.5287943232442956
110	100	0.47207732330511
110	144	0.43054866320777635
110	181	0.41113804600937354
110	52	0.4109469058715595
110	30	0.3987233239464795
110	134	0.39847940003227994
11	112	0.850151774066559
11	70	0.7502339360180859
11	0	0.7459537699878802
11	1	0.6719006738177488
11	139	0.664098261844458
11	176	0.6207350430759948
11	5	0.6129792797611604
11	106	0.600142585376799
11	6	0.588945480883742
11	32	0.5813569701854698
11	105	0.5409587530678373
11	8	0.5294567472328507
11	181	0.44301032056766065
11	38	0.4247799514400768
11	144	0.42187434490100895
11	100	0.3927521477655917
112	0	0.6849925149490415
112	106	0.6579329148072103
112	139	0.65404203209018
112	5	0.6461903610996131
112	70	0.6313874392799356
112	176	0.6165313127043651
112	1	0.6137029023274466
112	181	0.5238346263729713
112	6	0.5182688968239662
112	199	0.4839197236554176
112	32	0.4769819168442819
112	101	0.47522647082237623
112	105	0.4362500249601567
112	38	0.42052529659826293
112	8	0.42041828014671984
112	100	0.416739718819023
1	6	0.7392891873053178
1	0	0.7270779523745723
1	8	0.6868193994910653
1	105	0.6333018830411069
1	70	0.6286797202251476
1	32	0.6096536849747504
1	2	0.5486305082363102
1	139	0.5474410922860875
1	30	0.5057928173227572
1	176	0.5021896843491461
1	104	0.4924503349490782
1	107	0.427979109081453
1	100	0.4137687692134424
1	134	0.3970904847165993
83	190	0.8456266318454824
83	87	0.6872365135823338
83	81	0.6856766230423139
83	93	0.6261755662865088
83	85	0.6110905347274488
83	97	0.5735653110862791
83	88	0.5700858362353007
83	98	0.568612502865791
83	64	0.5543781088994338
83	99	0.5517960824573241
83	185	0.5495036646879968
83	55	0.5466632778010584
83	191	0.5359100643992675
83	75	0.5353395796158409
83	73	0.5326589174349514
83	90	0.46704169281092384
83	74	0.46488878496206115
83	61	0.4403299158968992
83	60	0.4358369932845581
83	101	0.41211810938211807
83	160	0.3936313639024604
190	87	0.6607310442792872
190	81	0.6432687557942373
190	191	0.5936994065887844
190	185	0.5780039330962966
190	98	0.5772976344823246
190	75	0.5651105913161585
190	88	0.55253985059577
190	97	0.5500688300456632
190	85	0.5471819257502256
190	93	0.5345472222979113
190	73	0.5318848960274425
190	64	0.5105474898692696
190	99	0.48926989687314193
190	55	0.4663533626768832
190	199	0.4645594917504417
190	184	0.4619126562831601
190	195	0.46118076996222923
190	101	0.4359098945751596
190	187	0.4120184854161051
190	74	0.40481139675062205
190	90	0.4044517992528281
190	160	0.399521989907199
190	186	0.39094073214888636
190	60	0.3846791959868174
129	130	0.7390714533384074
129	133	0.7314227113369084
129	125	0.6475453990505807
129	143	0.5753943349325912
129	120	0.547237970651976
129	27	0.537462153538006
129	127	0.530700645337135
129	18	0.5088005428549306
129	131	0.5040493907786083
129	155	0.4804506452167264
129	48	0.4656957930227545
129	132	0.4619519872096529
129	118	0.4501911571965696
129	53	0.4271128725157434
129	136	0.4042175754861437
129	34	0.4004963812211878
129	17	0.3884981525884955
98	81	0.8221772356387422
98	199	0.6401040494003365
98	97	0.6948742909704778
98	85	0.6752059220414529
98	73	0.6532917696816883
98	185	0.6318862981558627
98	78	0.6239455362291279
98	61	0.6185048709022855
98	75	0.6125983409632038
98	76	0.6100870450535073
98	88	0.606913232225048
98	80	0.5912462835784451
98	187	0.5786827623299838
98	184	0.5529704168618597
98	93	0.5341185292950821
98	160	0.5264057047207406
98	90	0.48945242302886793
98	74	0.4858625185998065
98	55	0.4790803572147203
98	60	0.4539703549366422
98	92	0.45231746185523486
98	188	0.43448323219853435
98	87	0.43250174813906367
98	43	0.4240912737974333
98	63	0.38535208867083626
79	181	0.8277351911959011
79	36	0.6246351316541637
79	38	0.6175716479308543
79	135	0.5698900532525849
79	199	0.5697212228706123
79	147	0.5650289077749725
79	142	0.49823081079072723
79	32	0.4982082574718558
79	139	0.48381250135379206
79	52	0.474374449991314
79	78	0.4733275722113825
79	145	0.4666193754315931
79	148	0.4570848522199804
79	41	0.4496966759294222
79	174	0.44924182883623826
79	175	0.402517868558662
79	101	0.39024583395811363
79	100	0.3896353126250224
79	7	0.38625431379195035
181	100	0.5144480341781109
181	135	0.6057939993716343
181	139	0.5934468149201163
181	36	0.5884357951369285
181	199	0.5871988460793672
181	32	0.5808867390782867
181	38	0.5701870778979744
181	101	0.5575079993464793
181	142	0.5383717793376427
181	147	0.5000478902203628
181	52	0.49188200564946793
181	0	0.48984014873692716
181	30	0.4390150147159663
181	141	0.4188198764443332
181	176	0.40677442586679474
181	78	0.391618252383301
181	99	0.38483254931154265
137	140	0.8258048563564954
137	171	0.7667528558315212
137	62	0.6406290876086127
137	146	0.6288792502196471
137	172	0.6211282871221041
137	165	0.6199845557390306
137	33	0.61261708231695
137	67	0.6070774369556847
137	31	0.6017525159459939
137	145	0.5972234128954289
137	141	0.5793807205558816
137	127	0.5772509616754283
137	167	0.566640106502392
137	147	0.5343829224693839
137	134	0.5159172070333004
137	136	0.514300950402654
137	35	0.5091043394865447
137	44	0.4980879617185585
137	196	0.4736999488643427
137	170	0.4462756443425747
137	174	0.4456347452257534
137	42	0.4131967371589342
137	15	0.41140391998308806
137	149	0.40851711900780513
137	173	0.39800821500337913
137	154	0.3960286318722855
137	180	0.390534016494204
137	189	0.38516474196217426
140	172	0.7269129352102812
140	141	0.7261575011038018
140	62	0.6613841274371358
140	35	0.6314054794352659
140	171	0.6206858655935011
140	145	0.6170827113342586
140	167	0.6069953410690143
140	31	0.6029376707550496
140	165	0.5965281746054498
140	147	0.5492802507790606
140	134	0.5229125048580266
140	127	0.5013891025602862
140	196	0.497952606075767
140	67	0.49792252374851603
140	174	0.48572499780403205
140	170	0.46108628725816
140	36	0.43941855900976245
140	146	0.43803770439931033
140	33	0.4372292275559375
140	32	0.43354173789489125
140	176	0.4059562560992599
140	24	0.40250110883643264
140	135	0.3831018347019687
88	90	0.7869236049146205
88	94	0.7589313566952854
88	87	0.7434818424807478
88	85	0.743240238740168
88	93	0.7333189632329133
88	80	0.7104985868730039
88	81	0.7083976240144733
88	73	0.6875635518979003
88	97	0.617237489685116
88	64	0.5925585787174613
88	185	0.565137816701513
88	184	0.5597849909704776
88	92	0.5527968369398166
88	187	0.5435707585173893
88	91	0.5402722503359204
88	160	0.533889780638711
88	74	0.5322648510653331
88	60	0.5129537289468241
88	75	0.49681616720635174
88	55	0.4962586137919347
88	78	0.47523421238360025
88	76	0.4731490817509465
88	84	0.46888487585367533
88	191	0.45653883942832
88	169	0.3922953482239023
88	43	0.3917621707750809
88	175	0.3858628727711645
81	80	0.7835883191236844
81	93	0.755252299521236
81	97	0.7518034268393846
81	60	0.7287844691550583
81	61	0.7273794809199083
81	78	0.7198338147616851
81	185	0.7168768081020487
81	85	0.706944950653887
81	73	0.694284273159003
81	74	0.6875688244252692
81	90	0.6638186822842987
81	187	0.6477195706969916
81	92	0.6295014931597598
81	55	0.6089620668185532
81	87	0.5740884747371906
81	76	0.55926292198319
81	64	0.5588023087181428
81	63	0.5558102797166881
81	160	0.5520672773048354
81	184	0.5459687544861745
81	75	0.5277417615897704
81	175	0.5246685605120749
81	199	0.5156676612615649
81	91	0.47901871629146897
81	169	0.4586497592972112
81	99	0.43242858048979177
81	94	0.42327077951497716
81	84	0.4172436507354899
81	43	0.39358911035341193
81	65	0.39121179113993704
165	196	0.8206157673256872
165	167	0.6782845526119644
165	169	0.6312611390561543
165	170	0.624360630585801
165	158	0.6194548409631855
165	174	0.5660151754260484
165	180	0.5544127411850546
165	164	0.5490707288976455
165	172	0.5465090042123372
165	60	0.5379526543176206
165	175	0.5161593295162207
165	171	0.46493581635519954
165	62	0.460062054631226
165	45	0.45603208516720756
165	179	0.4518321285679952
165	195	0.4487468183213008
165	65	0.43863552150647633
165	159	0.419248569795909
165	67	0.39918578332452864
165	177	0.3918806774108253
196	195	0.6716043496106742
196	170	0.6568767724052939
196	169	0.6259627531987092
196	174	0.6223490339177135
196	158	0.5788556691387098
196	180	0.5768440818444938
196	175	0.5700520851663123
196	167	0.5541009814959182
196	60	0.5284268321217858
196	179	0.5175883694766918
196	172	0.4918289401759418
196	65	0.4208462757450665
196	67	0.41038990042295853
196	191	0.4091584147541175
196	171	0.404050240330079
196	173	0.3858543616398893
70	139	0.766299174302856
70	176	0.759257663805164
70	6	0.6381164856600366
70	0	0.6193007481780134
70	105	0.6186221729437033
70	8	0.6121170771258779
70	32	0.5332173793878868
70	5	0.5327448648781796
70	106	0.5114710765453961
70	38	0.4341181098909737
8	6	0.8069419074192337
8	105	0.7132802920112074
8	107	0.6934649835354081
8	4	0.6258897672408877
8	176	0.5331458076491641
8	2	0.5272654132444233
8	0	0.5164600334768847
8	139	0.512445102859754
8	104	0.511877080827583
8	32	0.4310943063843187
5	106	0.8168576495685587
5	0	0.5442960189590329
5	139	0.49279870263686565
5	6	0.3932848357128539
5	32	0.38617773844572006
106	139	0.5274458872472376
106	0	0.508837598012595
106	101	0.45632508856762516
106	6	0.3906187615025367
20	150	0.685454022971286
20	17	0.5739409631758409
20	119	0.5297013928714224
20	22	0.5018082058635187
20	23	0.500250349949783
20	25	0.420977929024967
20	33	0.40381592567431146
20	53	0.40297865515205883
20	14	0.3872918096559596
27	53	0.811770864909819
27	130	0.696386456580611
27	25	0.6193069128056686
27	125	0.6432159942620899
27	40	0.6272564298276986
27	21	0.6124358870410347
27	18	0.6026448151158202
27	155	0.6017525159459939
27	26	0.5967664590321813
27	51	0.5836165910356156
27	34	0.5555821831602152
27	48	0.5477841512771165
27	133	0.545751123042027
27	132	0.5135798025224514
27	143	0.49874935102589024
27	22	0.49148771774647226
27	39	0.48382781971483646
27	120	0.4477639659827184
27	49	0.4413611543481385
27	131	0.42703928797386886
27	17	0.42217022788442965
27	118	0.41385164532457375
27	47	0.41361128570753514
27	69	0.4060481239435082
27	42	0.38658607876430584
53	51	0.6854116084229273
53	40	0.6455783861815229
53	155	0.6079796366118082
53	125	0.5958191400858603
53	130	0.5606495480781714
53	21	0.5382084232726163
53	25	0.5181299176435961
53	18	0.5139772595805014
53	49	0.5009622735106091
53	34	0.49631137287627464
53	69	0.48987055040637995
53	48	0.4767655912483029
53	42	0.47045927940582394
53	133	0.46427713812911486
53	22	0.4635080306336551
53	120	0.4404427642786125
53	17	0.4332249881455118
53	132	0.43184303430560406
53	26	0.4213398840932075
53	47	0.40704144216201993
53	119	0.3994883740828232
53	157	0.39854669502030315
53	94	0.38835380129472624
170	174	0.8100587897992032
170	173	0.6999946308364657
170	179	0.685427514423669
170	66	0.6608324504254804
170	195	0.6591787828776154
170	171	0.6361501472780277
170	180	0.6141515295151087
170	67	0.5434932554922268
170	50	0.5173174397604098
170	158	0.4945986038686698
170	168	0.47494772561774734
170	89	0.47451393247837576
170	191	0.451744580967063
170	164	0.43361481878370384
170	169	0.41997362506808567
170	145	0.41942988380962204
170	175	0.4088336530850468
170	4	0.3887698209449124
170	177	0.3834857233381694
174	173	0.728258902405724
174	195	0.6888636645105267
174	180	0.6962164523705144
174	179	0.6693033023100531
174	175	0.6508546236745103
174	164	0.597557837589079
174	171	0.566314136752753
174	147	0.5252191302726466
174	145	0.5101259427210798
174	169	0.5059416369915778
174	50	0.49182135909572006
174	66	0.48850890983073864
174	168	0.46973480133410817
174	191	0.45162518385237344
174	45	0.44928173702874474
174	172	0.4407812259200448
174	67	0.42071460473411876
174	89	0.417904156309913
174	82	0.4123339275048092
174	158	0.40446852749235207
174	159	0.39320875358666435
174	65	0.3931157570082906
6	105	0.7468528198694021
6	0	0.5773309698921353
6	107	0.5280879884022487
6	32	0.5230578021629864
6	2	0.5073464955346797
6	176	0.50606067104427
6	4	0.5044446302870546
6	139	0.5035718388941189
6	104	0.41562354873222107
150	119	0.7099584097340036
150	17	0.6707965997662338
150	120	0.6408648649265586
150	136	0.6343428708603215
150	154	0.633008316890545
150	146	0.6108523834605784
150	144	0.568673400933103
150	117	0.5658792346747178
150	48	0.5620330369886933
150	149	0.5439651756807944
150	14	0.5255883452233201
150	118	0.49106287455891523
150	44	0.47149425972549813
150	155	0.4543196059556849
150	15	0.447707998708447
150	18	0.4472681337893859
150	130	0.43928137383709354
150	22	0.4356020502226173
150	42	0.4196111643650761
150	49	0.41820123980401525
150	16	0.4151187940140787
150	33	0.40190596392968886
150	127	0.39204148704702196
136	146	0.7919348527896696
136	44	0.7738281142631604
136	120	0.6288006573792633
136	48	0.6006861625013085
136	127	0.596895217621378
136	33	0.5861495451132033
136	149	0.5851180036038423
136	154	0.5830162259288247
136	49	0.5796065441757309
136	42	0.5562455044683671
136	153	0.5246178280458041
136	119	0.5167239612467266
136	130	0.5078958128554566
136	155	0.5063879152995328
136	171	0.4982232930926802
136	17	0.49104010850593827
136	145	0.4890264619779696
136	34	0.4780858213350125
136	18	0.4756289344269379
136	152	0.4348238842301079
136	157	0.429285147846779
136	143	0.42926883342147365
136	69	0.4262458512357862
136	31	0.4225892415039436
136	22	0.42201407862445983
136	125	0.4211342442609078
136	15	0.39611294466525016
136	67	0.3960876515286375
136	14	0.39054249129292634
136	51	0.38314449553397323
89	179	0.7991298986186643
89	50	0.7295525025518903
89	191	0.6738815961401811
89	87	0.6553618846970807
89	173	0.6252689438786113
89	66	0.5898330442085566
89	82	0.5889716059970991
89	168	0.5774376302708834
89	51	0.5747719051752856
89	47	0.5201460835612207
89	195	0.5170464063083431
89	180	0.4853963785608975
89	94	0.47818610151508545
89	192	0.45524761686828136
89	153	0.44751608427944767
89	91	0.442286664564394
89	67	0.433289971181963
89	41	0.40900021047279406
89	178	0.408792009481611
89	155	0.40492844799877087
89	64	0.4047026944254243
179	173	0.7576904625701532
179	191	0.728906353088616
179	168	0.6717525385868435
179	178	0.4177225612716414
179	180	0.6536928331127406
179	195	0.6517988916593013
179	50	0.626989474443809
179	66	0.568517760149323
179	82	0.5571288314638262
179	87	0.5517404383144345
179	171	0.5325228115112042
179	67	0.49661278303134576
179	153	0.4729783153899368
179	47	0.44571488262167025
179	192	0.4448329785240617
179	177	0.42939118478261007
179	91	0.4126575679292781
179	164	0.41129591712153135
179	145	0.40918339212926813
179	51	0.40426777075779496
51	155	0.7949355361946585
51	47	0.6953445996926776
51	125	0.5948507760289127
51	40	0.5918443516981836
51	157	0.5731961321033073
51	153	0.5675762820589264
51	130	0.5653623791653611
51	50	0.5576940512403744
51	42	0.5214287365940945
51	82	0.4874346543446145
51	48	0.4795887145293428
51	41	0.4708718705655047
51	21	0.46430851541594825
51	120	0.45480356392832777
51	146	0.4462436102487797
51	49	0.44229470835388074
51	69	0.4370269978043183
51	34	0.42910567376204717
51	132	0.42136455796237965
51	145	0.4174335912835602
51	154	0.40623183501215593
51	168	0.3964669854483038
51	67	0.3964669854483038
51	18	0.39467027722113385
51	44	0.3914658473157258
51	178	0.3896862024946413
51	66	0.38389505853511235
155	125	0.7011759277445744
155	157	0.6301289591280569
155	130	0.6839081993280057
155	47	0.6506932055495278
155	48	0.5962962293159011
155	146	0.5942495217061562
155	153	0.5930061189509556
155	21	0.5628124327848865
155	120	0.5323150177850946
155	154	0.5130274130141228
155	149	0.5101555329781763
155	40	0.5072722318138365
155	49	0.504742784356255
155	143	0.4828928573166423
155	132	0.4640810036832635
155	44	0.46029064356964755
155	18	0.4540576807763746
155	42	0.4503824952208869
155	133	0.4350265942375223
155	156	0.4175326762233429
155	118	0.4156566384647182
155	82	0.4135200997317157
155	17	0.4098325885803467
155	145	0.4024843488443688
155	144	0.3973263078515073
155	119	0.39325102209941676
155	34	0.3906865527426027
155	117	0.3905763898258554
146	154	0.7027787643049713
146	44	0.7293279024074031
146	149	0.6810769345676289
146	127	0.6732314736240815
146	48	0.6583750447600029
146	49	0.6421242212201912
146	153	0.6257985193750166
146	171	0.5943206724805795
146	33	0.5855650187832983
146	145	0.5854861596093626
146	120	0.574249353949527
146	42	0.5645045081301716
146	157	0.5615676583724503
146	17	0.5212029853677186
146	130	0.5058151421927759
146	47	0.5028175759696665
146	18	0.49397138758638004
146	15	0.48804434243426026
146	31	0.48443265781167394
146	152	0.47866418930500293
146	119	0.46313106984825864
146	67	0.46035369184974584
146	46	0.45112353933211735
146	134	0.4476520279260864
146	69	0.4473721214005998
146	144	0.4449693292272959
146	117	0.4309884599521713
146	143	0.4291627828289983
146	125	0.4237385464617411
146	172	0.42203051656806573
146	14	0.41769779572544097
146	141	0.41187733460031334
146	16	0.4040418728622376
146	189	0.4024843488443688
146	147	0.39585998625228774
146	34	0.3891687113019419
146	156	0.3867306629655222
146	21	0.38404852035419873
90	92	0.7463084006601888
90	64	0.6442817626364785
90	55	0.6259627531987092
90	94	0.7414130141309261
90	93	0.7251016826517639
90	80	0.7207384473126754
90	60	0.6905257593501932
90	73	0.6723885909597956
90	91	0.6686182130498779
90	85	0.6672779087406683
90	84	0.6421183444176097
90	74	0.6214966695808009
90	97	0.601873701931796
90	65	0.5912853078639498
90	160	0.5899308501014449
90	185	0.5885469203830959
90	86	0.5831152310818862
90	76	0.5750731640008113
90	87	0.5703625224256199
90	169	0.5516917456597035
90	187	0.550863395128526
90	184	0.48831093133778863
90	63	0.48596946259051965
90	43	0.4676903950035113
90	78	0.4673778302690032
90	54	0.4624788463060147
90	61	0.4584049359722524
90	175	0.4229505983567007
90	75	0.39849622418155123
90	180	0.3965259807859896
90	158	0.3911440327526934
90	82	0.3877847018141149
84	86	0.7862754613638698
84	76	0.6855547388818646
84	43	0.6782035548617901
84	92	0.6461262883636267
84	80	0.580409488726926
84	63	0.5542603447668691
84	55	0.5281961482952222
84	74	0.5208022794446812
84	94	0.49855400093624086
84	73	0.49048592783653383
84	54	0.4902048901314939
84	189	0.4759151815725206
84	185	0.47217834569489847
84	169	0.4584128345851913
84	78	0.454589386129225
84	65	0.44301032056766065
84	85	0.4313222430206707
84	160	0.42768500358300676
84	64	0.41925681206772036
84	60	0.4153505164624868
84	187	0.40939151307292515
84	97	0.4039916666352743
84	91	0.3973852554382674
86	65	0.6036754551636478
86	92	0.592993151922309
86	76	0.5866875579435425
86	43	0.5682605253180979
86	69	0.5558724733493792
86	54	0.5379952893579344
86	94	0.5067224461215448
86	91	0.49622846409793964
86	63	0.4952705891649182
86	55	0.48465457087990443
86	189	0.4772908531853874
86	45	0.44476078450806183
86	80	0.4328268687707699
86	169	0.43165590805623927
86	73	0.4294808990979167
86	68	0.42632767919506104
86	78	0.3977388720808973
80	78	0.7730647317064894
80	60	0.7149317652513143
80	92	0.7134079884451664
80	74	0.6943982090108829
80	187	0.6547567336871577
80	97	0.6285043073245706
80	185	0.6113849372780956
80	73	0.6091382030374024
80	164	0.606925865198275
80	93	0.5944629461223452
80	175	0.5711783297848324
80	169	0.5532619231046929
80	76	0.5455755601643505
80	45	0.5357318404242561
80	63	0.5351469306604031
80	85	0.5302838701392842
80	94	0.5291760158137819
80	91	0.5276190975183874
80	160	0.5215889028741281
80	55	0.5103922115586688
80	184	0.506008596017831
80	65	0.500137879072981
80	61	0.4964997682519463
80	43	0.46785444468479165
80	87	0.46691658393387336
80	64	0.45386714042671206
80	159	0.4012349710550774
80	180	0.39225304217612617
35	62	0.7834338749852192
35	68	0.712493424711522
35	24	0.6979386261413683
35	37	0.6494517842685651
35	32	0.6143258885390134
35	141	0.6098484281026566
35	36	0.6012611100401064
35	172	0.598174691183616
35	30	0.5945017415668925
35	69	0.590126409963169
35	61	0.5415243990562306
35	33	0.5297301689190742
35	31	0.5194965742893135
35	67	0.5111608830466342
35	134	0.49535360241682685
35	38	0.4378033189705187
35	41	0.4371240736012658
35	34	0.435845093710406
35	39	0.4344994565439669
35	167	0.4291138324102452
35	42	0.42044297728930996
35	2	0.4150111902775103
35	40	0.41323819972510983
35	145	0.40659081183344725
62	67	0.7184577535159254
62	33	0.664735009293364
62	24	0.6438487295113189
62	31	0.628885295290517
62	68	0.6055407325620062
62	41	0.5961544359394816
62	69	0.5867400192979051
62	34	0.5778041250193368
62	42	0.5736659558516601
62	37	0.5621630056926686
62	141	0.5492104178228968
62	172	0.5484067875062024
62	145	0.5215379448625241
62	171	0.479942833927651
62	167	0.46560964459289644
62	36	0.45651509193443474
62	134	0.4126409735176915
62	44	0.40568060334030437
62	65	0.3835795426371707
73	75	0.7755873492083547
73	85	0.7062990667931668
73	76	0.6495153830866185
73	187	0.7004890022970635
73	184	0.6673555651125386
73	185	0.6289759622297765
73	160	0.6149045791963341
73	97	0.5992396632046031
73	64	0.5652943387808183
73	55	0.5591254616129063
73	74	0.5196571830589134
73	188	0.5193213228482402
73	60	0.5143671418465837
73	93	0.49955275849219494
73	94	0.4975012453549206
73	43	0.469571121855018
73	87	0.4541291227027212
73	169	0.4513465276742417
73	78	0.44672400155239017
73	92	0.42405846737727443
73	65	0.40959959141946883
73	57	0.40548008224121196
73	58	0.39927825084200963
73	175	0.39638270071402837
73	61	0.39603706345212103
75	187	0.6081687103486811
75	188	0.5979113299226769
75	76	0.5876572958242883
75	184	0.5550703897956726
75	85	0.5487563166327107
75	43	0.5107544758274997
75	185	0.4457389224475182
75	186	0.4419246204036883
75	14	0.4350590237476893
75	160	0.4205911470607733
75	97	0.4074334962437405
75	87	0.40451034690709886
75	64	0.3943409747559419
15	116	0.7755474996914347
15	16	0.6773223163587131
15	14	0.6576946567855085
15	115	0.7471445352050862
15	154	0.557170206528611
15	149	0.5397126079310698
15	118	0.5346115025393057
15	117	0.5121131963369654
15	18	0.5073910501503565
15	17	0.5046160835830756
15	119	0.5019279064157465
15	44	0.4997628542712202
15	152	0.47686603531649147
15	120	0.4715642491400186
15	156	0.4193886790169019
15	171	0.41420793442949144
15	33	0.40145309102512944
15	177	0.4012517511303801
15	48	0.3920668758525833
15	71	0.3860160619015255
15	46	0.3835965998410019
15	127	0.3830677048596087
116	115	0.7480355747956218
116	16	0.573531758982395
116	77	0.5355820953866061
116	14	0.5318777250047273
116	149	0.4880367242698822
116	118	0.4804429535079969
116	152	0.4569266230696864
116	7	0.45399417193977387
116	154	0.45363684878237903
116	104	0.4260576204565198
116	117	0.42418148571374364
116	71	0.4025094887312771
116	186	0.38635640597204424
44	49	0.7505921777642198
44	33	0.7016890000601513
44	48	0.6499314418767189
44	149	0.649804354100545
44	31	0.6497581313536729
44	42	0.6428640945849822
44	127	0.5918573459496378
44	18	0.5857686870245857
44	120	0.5809264919285066
44	154	0.5662326166174019
44	67	0.5556651370418237
44	171	0.5519212638175564
44	69	0.5474901119850629
44	46	0.5376754594685017
44	17	0.5251974055843903
44	34	0.5143450787128321
44	152	0.5091117475765446
44	153	0.4965374417156779
44	130	0.49436440257860037
44	145	0.4846698729305167
44	47	0.482547715820317
44	119	0.46838543198274724
44	22	0.4452339511183392
44	157	0.44070065117764234
44	125	0.4364362340337354
44	143	0.4315501246077533
44	115	0.4207557538295513
44	189	0.3888037747379388
44	14	0.3858288278519792
78	175	0.5850127718455634
78	92	0.5829039991531489
78	63	0.5482739161638382
78	61	0.5458985588420332
78	187	0.5226654296858209
78	164	0.5092450802976053
78	76	0.49313934432077705
78	74	0.49025047074075057
78	148	0.48428723267816537
78	45	0.4833298212538245
78	185	0.4791651057694745
78	97	0.4639397586979847
78	199	0.46122800739291786
78	93	0.45341444072765485
78	60	0.4483074654674193
78	160	0.44063618627011764
78	184	0.44059589339485883
78	7	0.4367761715358303
78	85	0.43390708529590044
78	37	0.42409947522856634
78	55	0.4240420637498299
78	65	0.41361128570753514
78	169	0.40498696864654804
78	43	0.40178018560855
78	52	0.38599904193812895
105	107	0.7347486627575206
105	176	0.5360312294278842
105	139	0.5032060051063316
105	104	0.49647716327584845
105	0	0.4783789129742079
105	2	0.43925716256179603
105	4	0.4038242949674962
105	32	0.40118462921332315
45	164	0.7679042330841676
45	65	0.6078220224681782
45	180	0.5526509927233095
45	77	0.5472800011080945
45	175	0.5384711936597418
45	189	0.5163793693009092
45	148	0.5163206986895741
45	169	0.5099039773018744
45	147	0.4977344820547989
45	149	0.491942647430452
45	187	0.4771132291979725
45	82	0.47084073879189786
45	159	0.4594469265516523
45	60	0.44057171681754137
45	43	0.4143404747304102
45	33	0.40430123291945114
45	52	0.4037991868851624
45	91	0.38920265268213267
45	7	0.3869942675666836
45	167	0.3867306629655222
164	175	0.7151663435678001
164	148	0.6390521771089488
164	180	0.6772736022861047
164	187	0.6709670742068737
164	169	0.6129293367999404
164	147	0.5270921134335924
164	159	0.5100815550711819
164	65	0.5026008637746626
164	184	0.4966579842290659
164	173	0.4703424709536938
164	189	0.46872102885838346
164	60	0.45402592693476734
164	82	0.4522856449230497
164	52	0.43043460843485787
164	167	0.4289261657882435
164	77	0.40296190285297484
164	188	0.38599904193812895
171	67	0.746427992977238
171	145	0.6864652895882895
171	173	0.6653875105392153
171	31	0.6272321672441076
171	153	0.5379242294283177
171	127	0.5227308404851025
171	33	0.5073761989132063
171	147	0.48802910603114513
171	149	0.46499068299751417
171	141	0.4501433162290533
171	177	0.4454904799138846
171	50	0.4431389101488608
171	168	0.4373586313985817
171	189	0.43410187892071944
171	46	0.4330543862441026
171	172	0.42073929439913316
171	66	0.41740881849743183
171	154	0.40750021390464847
171	42	0.40271058596772047
171	47	0.39708206149168235
171	49	0.3946871617953004
171	167	0.3940875962295942
171	134	0.3931749375797682
171	180	0.3868752281568397
139	176	0.6533490869233758
139	38	0.6401099520306127
139	0	0.5987459333820087
139	36	0.5667690872226102
139	32	0.5510514355264973
139	199	0.4728618634019447
139	141	0.4198500739626444
139	142	0.4189353122625783
87	191	0.7657620182484389
87	93	0.6816608871132877
87	94	0.6354650364330418
87	64	0.5916039025575796
87	97	0.5616018894995204
87	195	0.5313468576544281
87	91	0.5199928827383743
87	192	0.4875490071014939
87	85	0.4828698525487333
87	60	0.4454904799138846
87	82	0.42724367551086534
87	185	0.4223920811115309
87	74	0.3968883088575073
87	55	0.39558166259639155
191	192	0.5725310231629046
191	195	0.6818268069614843
191	180	0.4738473011885244
191	93	0.47312579752205297
191	173	0.4601487679622377
191	168	0.45147392428306493
191	64	0.43735054418893654
191	82	0.40698303828951415
191	66	0.3926760279575993
191	91	0.39185528422625976
191	97	0.3897794944082565
0	32	0.6158427648336786
0	176	0.49857654391631173
0	144	0.4743821996433634
0	30	0.4521822319428438
0	100	0.4353670477950046
0	2	0.41392622795982886
0	52	0.39202456084486004
176	71	0.551489978881417
176	199	0.5921885954240198
176	177	0.4634923272819737
176	38	0.4346454629632496
176	107	0.42176747617571353
176	52	0.4062234852212745
131	132	0.7589440771015389
131	125	0.5739610805825724
131	133	0.5727998448760658
131	143	0.5409658266658465
131	28	0.5355036440649376
131	21	0.5330527529789543
131	26	0.4942888384594849
131	118	0.49094144785893146
131	130	0.4564359289237042
131	29	0.43462924115580653
132	125	0.676401157964566
132	133	0.5900156012082922
132	28	0.589128330827895
132	21	0.5549458359172801
132	130	0.4688458675905288
132	143	0.4571797758254923
132	18	0.40033684458003704
132	118	0.3882094309395116
94	93	0.6257072543767039
94	91	0.5492593016976764
94	64	0.5053759620640617
94	92	0.49841872889495953
94	50	0.4934722700389499
94	85	0.4677372696297516
94	82	0.4160618983761484
94	60	0.41463862615405717
94	97	0.40022767394558517
94	43	0.39088142895202443
94	65	0.38789514723897184
94	55	0.38374157550579646
173	50	0.7214201104559235
173	66	0.585643866875491
173	168	0.5806282780055314
173	180	0.566606159591151
173	145	0.5634543406341007
173	157	0.5393652480489496
173	195	0.5265791780894099
173	67	0.5097855679730736
173	153	0.4725046409626369
173	82	0.44593121790769263
173	177	0.4169462792959205
173	147	0.3982690755422302
173	47	0.3916097859987014
50	66	0.7559088191419093
50	41	0.6737833251741143
50	82	0.5600458589568037
50	67	0.5344686491587277
50	145	0.5158951918095013
50	47	0.4996052879481266
50	157	0.48598473911566775
50	180	0.4819184058346432
50	168	0.4757063084582207
50	195	0.4104397940021272
50	42	0.39805029363900146
50	91	0.388082029506042
66	41	0.5275036288775495
66	67	0.507012249456821
66	168	0.4359665916244975
66	82	0.4359098945751596
66	195	0.4301983083912045
66	180	0.41834149814402255
93	91	0.682703409978332
93	60	0.664617786184245
93	92	0.6434914593623549
93	61	0.6150102898459242
93	85	0.6116854291313106
93	64	0.6002769325072785
93	97	0.5636112997076854
93	55	0.5504383571500042
93	74	0.5280591428698846
93	195	0.5023616597521453
93	65	0.4849299623997875
93	185	0.4425038219034665
93	37	0.44025736316098757
93	175	0.4194381245607833
93	68	0.4121596164599885
93	63	0.3950416762656966
93	187	0.38992365708506194
93	160	0.38821792384091847
60	74	0.7546200949627316
60	92	0.6854063062773155
60	61	0.6742089938811362
60	97	0.6666172436152217
60	63	0.6508142746581633
60	185	0.6393951850771532
60	169	0.6047548255280973
60	65	0.5905433729522506
60	91	0.5769508321358975
60	187	0.5739074326251016
60	64	0.5627509378752483
60	55	0.5141685491313114
60	158	0.4985089129530782
60	175	0.4639397586979847
60	85	0.44458428591518173
60	167	0.4427370071797749
60	37	0.4204347449776696
60	160	0.41708671582633533
60	76	0.4059395519732765
74	185	0.7459626409149938
74	63	0.6855600389925292
74	97	0.6453800449478485
74	92	0.6323186195814744
74	55	0.5904456755200983
74	169	0.5309735658786522
74	61	0.47492449254698155
74	64	0.4668227400078119
74	76	0.45574690585577027
74	187	0.4529456103095962
74	85	0.4455786447986548
74	158	0.44285759676182074
74	160	0.41715279671499605
74	167	0.4152843155470233
97	185	0.6801966920525945
97	85	0.5774309645745618
97	187	0.5592491773297725
97	61	0.5435918940976369
97	55	0.5319781123809282
97	92	0.5124377288218008
97	64	0.4968387620804601
97	169	0.4851746741557559
97	160	0.48266277964617965
97	76	0.48033526182556147
97	63	0.46307608239285064
97	184	0.4389181377147538
97	175	0.3926252784297488
97	158	0.3892196229759357
97	71	0.383426016026484
49	48	0.7469721927286053
49	17	0.6821103139533388
49	46	0.6439599530784278
49	18	0.6014079413000515
49	154	0.5920067577308675
49	42	0.5619646212571979
49	120	0.5536503874043702
49	149	0.5508564295949566
49	33	0.5373839241256466
49	47	0.5360383560948935
49	152	0.5287799155606494
49	153	0.5164966959818093
49	119	0.4870914957414652
49	69	0.4708640877320427
49	125	0.45695827121367943
49	130	0.4396121973040617
49	21	0.43672761666887333
49	157	0.4331275051449736
49	189	0.4248291239063404
49	67	0.4125248049676476
49	31	0.39869809305335446
49	22	0.38349425269246024
175	180	0.7177942695870506
175	169	0.7212042415301082
175	187	0.6476382990176637
175	195	0.5632632051064899
175	148	0.5623613254545381
175	65	0.5595720953960118
175	172	0.5552571739508186
175	159	0.5283114999583375
175	167	0.5260007630523912
175	160	0.4846851746844741
175	189	0.4649514929031591
175	92	0.46375924466214224
175	91	0.46252601179617864
175	61	0.46215647873806875
175	184	0.452889969726349
175	158	0.45153761568618367
175	147	0.42881191580011424
175	185	0.42729272202402185
175	199	0.42142212789788097
115	16	0.5837154911281136
115	152	0.5598124559860383
115	118	0.5438806779390231
115	154	0.5359528310482441
115	117	0.47782349116143746
115	149	0.4594153696308526
115	156	0.4466759740051582
115	17	0.442777205487001
115	46	0.44272896730475486
115	14	0.4091584147541175
115	119	0.39968165039970127
115	52	0.39739367625439165
48	17	0.7027585196555439
48	154	0.6514536617655525
48	120	0.6042344648856074
48	125	0.5938936282945492
48	119	0.5819458667555225
48	18	0.5738403657504295
48	130	0.5650969781619097
48	46	0.5532411057218419
48	21	0.5401872721195016
48	153	0.5236241711957735
48	47	0.5105918489860054
48	149	0.4990573001617568
48	152	0.4893611653102775
48	42	0.4859923772668809
48	157	0.44442380268511356
48	118	0.4442392116987145
48	16	0.4367923559259686
48	117	0.43233914562848635
48	33	0.4181682349430048
48	22	0.4140836619411674
48	34	0.3955563568416379
48	127	0.3945520777388121
67	33	0.7142074679968065
67	42	0.667294550613296
67	41	0.6084144030811015
67	145	0.5901394448257282
67	31	0.5684906880314426
67	47	0.5072276699646207
67	69	0.4931166395772735
67	172	0.44050724282025805
67	68	0.44009611427409895
67	34	0.42802811785584177
67	153	0.4280036137832864
67	24	0.41534224158863253
67	180	0.4121015060719913
67	71	0.397915636109878
92	63	0.7050590862742653
92	91	0.6938022505698352
92	61	0.658607264406246
92	68	0.5931422541818654
92	55	0.5811517057364534
92	65	0.573135698828387
92	85	0.5555545294081625
92	76	0.5554439021092102
92	37	0.5184078486361687
92	185	0.4980578847840404
92	169	0.4857784809713325
92	160	0.480058273847525
92	69	0.452969455193799
92	54	0.441522180198167
92	64	0.4407731687654219
92	158	0.41792066329426686
92	187	0.4034559821353807
92	43	0.39863080772092774
92	167	0.3946027362589829
185	187	0.655475969902158
185	184	0.6279171166628246
185	76	0.5874739611697082
185	85	0.5699305653869207
185	169	0.561991988472585
185	55	0.5557342568263955
185	63	0.550926081477303
185	160	0.5303701205324556
185	64	0.43821547431835367
185	158	0.4336391778124913
185	188	0.4227206595503602
185	61	0.4164504618377632
185	43	0.4164091325265753
185	186	0.40175502812485053
185	58	0.3939186439221455
185	167	0.38883772747487266
130	143	0.7457585426148792
130	125	0.7422898434866196
130	120	0.5753876456805084
130	157	0.5529704168618597
130	18	0.5522063062965761
130	133	0.5200147706189785
130	127	0.5065514827560381
130	40	0.4804506452167264
130	34	0.47780034028824464
130	47	0.4756289344269379
130	118	0.45777281236049744
130	153	0.4347833369391101
130	21	0.42871397631996633
130	17	0.4238534020375619
130	39	0.422827423624398
130	119	0.4150774093357925
130	144	0.40974106035705143
143	39	0.6727609882695872
143	127	0.5995600231047482
143	125	0.5771909482382851
143	142	0.5745508829661643
143	156	0.45429579782032764
143	34	0.44938548993800337
143	18	0.43857091132904674
143	135	0.4290077645224185
143	157	0.42459963095332187
143	120	0.40795878004883585
143	145	0.3976462696129347
143	31	0.3900338862373309
143	118	0.38715580042041037
143	133	0.3830677048596087
33	42	0.7457585426148792
33	69	0.6287885650325258
33	34	0.6059712131240863
33	22	0.5218509138703825
33	24	0.47924214215804417
33	31	0.47390158219943307
33	154	0.4500157276816642
33	149	0.43925716256179603
33	127	0.4281179607377344
33	172	0.4264749519397012
33	120	0.4114952979970678
33	145	0.4081921528823768
33	14	0.40620678543599875
33	65	0.39549730774492775
33	17	0.3913218894734688
42	69	0.6595518395214262
42	34	0.6490815745186035
42	40	0.515418027970263
42	47	0.5060457928417421
42	120	0.502653179400027
42	41	0.4708952186261247
42	22	0.44730013126557067
42	68	0.438724353096722
42	18	0.43250174813906367
42	119	0.39607078910361365
42	17	0.39567444522497947
42	145	0.3940538078983298
85	160	0.666661690960819
85	76	0.5564181281941677
85	55	0.5458283555335333
85	64	0.5445844887234974
85	184	0.5151021899603587
85	187	0.5073316433933086
85	61	0.4937899279328746
85	91	0.433858380549479
85	58	0.4102485219388319
85	43	0.39423118475281804
125	21	0.6276747677679014
125	133	0.60607245112987
125	18	0.5493640402005261
125	120	0.5004752410686905
125	118	0.4704125580030638
125	157	0.46440264028344064
125	153	0.46170023788781006
125	47	0.4528343256151212
125	119	0.44636373220337744
125	34	0.4427691659679411
125	156	0.4204512095317263
36	38	0.7390669155710015
36	32	0.7022976463281654
36	141	0.6707965997662338
36	24	0.6025110661535005
36	37	0.6005071630821233
36	142	0.5799052915496723
36	41	0.5379952893579344
36	30	0.5377323294301966
36	39	0.5248207355524697
36	31	0.47527291908599956
36	145	0.46822148669105174
36	134	0.46214075036490826
36	68	0.4381104325991787
36	135	0.4226138837415189
36	61	0.41744184874105916
36	172	0.38536911861493867
38	142	0.6984767573397751
38	41	0.5837418615614031
38	199	0.543063297801749
38	141	0.46059796007079423
38	135	0.4598649462383373
38	145	0.4580573253197942
38	32	0.45631717085735934
38	39	0.4550811235360929
38	52	0.44395823999068373
38	24	0.42157837202962384
38	31	0.40490336670553445
169	65	0.6473304941371507
169	158	0.6451932913143347
169	159	0.6356617359591953
169	167	0.6189677448916365
169	187	0.6021287397367439
169	189	0.5349328109623956
169	180	0.5298092967622455
169	160	0.5233119993041363
169	64	0.5190218338982221
169	55	0.5093413609513695
169	54	0.47184414738874025
169	63	0.47070063129934947
169	172	0.42309017749392197
169	184	0.4112045210633677
169	91	0.4071916082656945
169	195	0.3971241769473047
107	4	0.6936985084884997
107	104	0.6870676105318614
107	2	0.5143744960731896
107	7	0.3893129548689927
52	156	0.7315714831725475
52	135	0.6206243868721834
52	122	0.5082667395501305
52	147	0.5889193545394543
52	142	0.5124156062544919
52	149	0.49986788011474065
52	7	0.4580573253197942
52	148	0.45427198903600535
52	100	0.41557391207052635
52	71	0.3971241769473047
52	21	0.39631526811547696
52	31	0.3947124881567426
52	16	0.3899575749376948
156	135	0.6137091359766671
156	142	0.5575286745455953
156	147	0.5355321728877186
156	149	0.5145068592146018
156	127	0.4934268795879464
156	122	0.48181091293193584
156	154	0.4566021628984625
156	31	0.41523466197362613
156	157	0.3926168199426316
156	21	0.3924053361808425
156	16	0.391330358112117
156	117	0.38674767162185103
156	145	0.38450025693188333
133	21	0.5105179156148993
133	29	0.5074430271067426
133	25	0.5046309906847901
133	26	0.4814115266180445
133	118	0.4126741620669546
133	18	0.3968798840273675
135	147	0.7303093674665757
135	142	0.6857031145124934
135	134	0.6139459579527794
135	31	0.5842031448041655
135	141	0.5445844887234974
135	127	0.52175631014186
135	145	0.4986817355733515
135	149	0.49434929035243425
135	7	0.4904023867385348
135	148	0.4692826556539222
135	100	0.45419262173483804
135	39	0.4276441484324986
135	32	0.41697932497677914
135	77	0.4144067382914948
135	2	0.3923038092343075
147	31	0.6505663357523501
147	145	0.5640001098696505
147	189	0.55589320317748
147	149	0.5154033409337369
147	127	0.5129905719254542
147	142	0.5035718388941189
147	148	0.5019279064157465
147	141	0.46454380791514993
147	134	0.4565784171392537
147	167	0.44173951998798044
147	172	0.4297010710239383
147	77	0.4065741180194638
147	180	0.40171309763772756
147	159	0.3883962595365009
43	76	0.7288454168960825
43	77	0.5345043653673917
43	187	0.46005417116589864
43	186	0.45262761660337403
43	160	0.4478758900061184
43	188	0.43626621853718
43	7	0.4312164221417422
76	187	0.5841175064315931
76	184	0.5637409308619645
76	63	0.5250380702860775
76	188	0.5098003701956462
76	55	0.4774375566336599
76	186	0.4724580352795526
76	160	0.47144759681569376
76	61	0.40037043325858257
61	68	0.7049735844404088
61	63	0.6825432023546497
61	37	0.6519254083203707
61	30	0.5384498918524279
61	65	0.5042582228791403
61	55	0.5009847442769078
61	91	0.5000853868881994
61	172	0.43508334513962044
61	199	0.4202453827058791
61	187	0.40549679382374343
61	32	0.400655893584524
61	64	0.39140657287722147
61	167	0.387283309572498
61	160	0.38594798047123235
172	167	0.6390521771089488
172	68	0.5672779504225764
172	141	0.5283547518047994
172	189	0.4983135005250602
172	180	0.4758068836939505
172	30	0.467612264780254
172	145	0.45913130515530026
172	32	0.43720496231958345
172	127	0.4356263574305771
172	69	0.400345241850528
172	65	0.3920668758525833
172	134	0.39160131954779115
141	134	0.7002036739117379
141	145	0.6534923472632922
141	24	0.6372561195344307
141	32	0.6372442412902803
141	31	0.6347192141571771
141	142	0.6184801722222616
141	127	0.5762098461129422
141	37	0.5284628694237566
141	39	0.5261381807246764
141	2	0.4885926548252333
141	30	0.4517207028384587
141	167	0.4499279998964087
141	41	0.39583468710570924
39	142	0.720575025001368
39	24	0.6868088337636823
39	41	0.5385563940068127
39	40	0.5323078513397285
39	34	0.519262895991889
39	31	0.5113603084473465
39	37	0.4992375046092114
39	69	0.48035064723848125
39	145	0.4340450683053904
39	26	0.4332168649492239
142	145	0.5841306824124385
142	31	0.5229270359563001
142	41	0.48901124476674945
142	24	0.4515057705597651
142	134	0.4204512095317263
180	82	0.6605845261455753
180	91	0.6566379311053635
180	195	0.5890434437118744
180	65	0.5284628694237566
180	189	0.47952711259279507
180	168	0.47712095279078703
180	159	0.4647476750403385
180	158	0.40037043325858257
180	178	0.4001772836670501
180	187	0.39300584159147006
180	145	0.3906611315241333
184	187	0.7171294794633131
184	162	0.38020562462776875
184	188	0.5600664490699311
184	186	0.5282466170471466
184	148	0.4951045355248988
184	160	0.48211799703064184
184	58	0.40750855330642183
187	188	0.6441355138305822
187	160	0.560807232321478
187	148	0.5599085738542703
187	55	0.4387485784061278
187	186	0.4381750750733053
187	65	0.43372036999775604
187	64	0.431135013391807
187	159	0.39072044677360723
187	77	0.38938082758880327
199	195	0.5120172837425141
199	101	0.48788434536746106
199	148	0.4659306984258782
199	99	0.41373561684853855
68	69	0.6246595242827832
68	37	0.6095782807725307
68	91	0.5736793738451312
68	24	0.5023691360422152
68	63	0.49728299104416707
68	30	0.49157872515734885
68	65	0.480481411312547
68	40	0.4671589654029423
68	32	0.4222934859229272
119	120	0.7078941093958863
119	17	0.6356200187119788
119	154	0.6114475542954239
119	14	0.5727192112934992
119	117	0.5504104758315422
119	18	0.5243786105158361
119	118	0.4952404002851274
119	149	0.4614877665261016
119	16	0.4316396344522086
119	21	0.4078920923018075
119	22	0.4048197579941052
119	152	0.3938088106450093
119	153	0.3833748357797011
120	18	0.6898921895363362
120	17	0.6106893741397857
120	154	0.579114931780641
120	117	0.5613005896065124
120	14	0.517968960193424
120	149	0.5020775050715561
120	118	0.48987815063758683
120	153	0.47211617953796137
120	22	0.46865079884218785
120	157	0.4469560984010129
120	127	0.43781140221766873
120	34	0.41928153846847754
120	47	0.4040837095252633
149	154	0.7068298793131709
149	157	0.5699845772562152
149	152	0.5529565322339443
149	14	0.5466843122339105
149	153	0.5409870470006872
149	127	0.5324225053099811
149	46	0.5298956075275293
149	118	0.5109614025915544
149	77	0.5019204256944313
149	189	0.474374449991314
149	17	0.47387831934999924
149	16	0.464630065402618
149	18	0.45383537966536863
149	117	0.4529297133601072
149	47	0.4319406506377901
149	144	0.4287874318749256
149	122	0.42633586160727627
149	31	0.4099573864948735
149	21	0.4041757442331487
154	152	0.6807229269107018
154	117	0.6547681594099286
154	17	0.6922951710430912
154	46	0.6116165819962447
154	153	0.590126409963169
154	16	0.5844402293387487
154	118	0.5107914313769795
154	14	0.49239730863453435
154	21	0.4837359051018716
154	18	0.46632206151135885
154	122	0.45236518509483636
154	127	0.448802720405711
154	157	0.43345240906343074
154	47	0.42089564780305605
154	189	0.4007566257235619
154	144	0.3945267475792591
127	145	0.5446266930084972
127	31	0.5381231779642821
127	144	0.5292408102747022
127	134	0.47500193354149883
127	189	0.4250421756248152
127	2	0.4021239437618555
63	167	0.6139210345262985
63	30	0.5912723000764312
63	55	0.520634643420719
63	37	0.506187123605826
63	65	0.4696958329580798
63	189	0.42859970085619337
63	54	0.41272394283645836
63	158	0.3957756534270413
63	161	0.384483213609774
17	118	0.5546758838090482
17	117	0.5974935412841438
17	18	0.5970110740702304
17	46	0.588664558173512
17	16	0.5580040132360146
17	22	0.5144995063498528
17	152	0.5051972375570841
17	21	0.45810473502595883
17	14	0.3987149137158369
17	25	0.3898558182057163
41	145	0.7026117119059596
41	31	0.5748522561037278
41	69	0.5730954065146139
41	40	0.5564664542324881
41	24	0.5086078256430979
41	34	0.4759693251004876
41	37	0.3977388720808973
41	47	0.3925914440827685
145	31	0.6860843903002709
145	157	0.4570927629182002
145	69	0.4554933345613421
145	47	0.45224587213888007
145	153	0.4284445907905147
145	134	0.38779319801141804
145	40	0.38737680686922116
32	30	0.7012623373378464
32	2	0.5469086365872624
32	134	0.5245815882885082
32	24	0.5049067177886433
32	37	0.45774909871327263
32	144	0.41583034150736087
32	100	0.4019646552901354
30	134	0.5535047415105703
30	37	0.5425413272659864
30	2	0.531676905398782
30	100	0.4972302995361945
30	24	0.4578518531471879
30	167	0.405221018055546
134	2	0.6113411008100075
134	31	0.5920197481370336
134	167	0.5153005231999825
134	104	0.5052419227476104
134	24	0.48095813455663283
134	100	0.45253219603215117
134	7	0.4036736373490833
24	37	0.6756790083750601
24	34	0.6227593594868693
24	69	0.5909079571184028
24	40	0.5671015935262612
24	31	0.5257837318521484
24	2	0.4245340515135898
24	22	0.3884472072499003
2	104	0.6973791597223089
2	7	0.496047540799643
2	77	0.44239927114193295
2	4	0.4018640395074322
104	7	0.5462705084170664
104	4	0.43302188712522227
104	77	0.4250585622684915
47	153	0.6720487553110368
47	157	0.5400314501075119
47	82	0.5014864153826498
47	168	0.4943946261344249
47	40	0.4007482317486534
34	69	0.6942117504015531
34	22	0.6241836481426476
34	40	0.6354888831943764
34	37	0.5850982741498706
34	31	0.4077837154302942
34	18	0.3940791492466409
69	40	0.6762600879754587
69	37	0.5858803446622683
69	31	0.5334105849587445
69	22	0.4782015281285938
69	91	0.4686429951413284
69	65	0.42509133472001137
91	82	0.6754561289137768
91	65	0.6284196023448875
91	64	0.5718718894839595
91	54	0.4234923814829763
91	55	0.42316406420340963
91	37	0.41917438623968256
91	195	0.3855649441022698
4	160	0.46647073164685876
18	118	0.5527065564170237
18	21	0.5037434945523791
18	14	0.4450174480803161
18	22	0.42806895657831784
18	117	0.4224742361340755
18	16	0.38596500122297495
195	64	0.3938088106450093
101	99	0.6494864756594949
101	100	0.46187332353988
31	189	0.46563314049445775
31	167	0.43846591012083086
31	46	0.4350184866836295
152	46	0.679761212923851
152	16	0.47496321396378083
152	189	0.442592278537882
152	118	0.44123231319773215
152	117	0.4393297944732944
152	153	0.4337934369430611
46	161	0.5188318480173862
46	151	0.478270944237731
46	189	0.5579489202550667
46	16	0.45535066821785
46	163	0.41902600233540765
167	158	0.5852297907600061
167	189	0.5553401711567382
167	159	0.49731309883034014
167	65	0.4595258137791081
16	117	0.5955546256671072
16	118	0.5233047378206225
16	29	0.4380215417983254
16	21	0.4367438019072772
16	14	0.42983967158617076
16	23	0.3896777210149545
26	29	0.6768999303988378
26	25	0.6661001952690987
26	21	0.5906540757866565
26	28	0.5496013835709437
26	23	0.5074653018148687
26	22	0.46706514864398657
29	28	0.6381757626123519
29	23	0.6448370785383256
29	25	0.5910706400289105
29	21	0.5817805079494575
40	37	0.5319064086378904
40	22	0.4631075042324825
40	144	0.43019015906199193
40	25	0.42027831790495945
37	65	0.4053463798237012
82	168	0.527799478243534
82	65	0.44518584382953075
82	189	0.42228526920611137
82	159	0.4169297560421329
82	64	0.4120350900946277
23	25	0.6727226689793828
23	28	0.4830002040871318
23	22	0.4627225064932109
23	21	0.407133212951733
23	14	0.388693421049572
25	21	0.5984764342369694
25	22	0.5921106723668823
25	28	0.4838661143204482
153	157	0.5849469919918996
153	168	0.5265285862188046
168	157	0.39335245974810884
160	55	0.5573494665100571
160	158	0.448139655384033
160	159	0.4280117818773923
160	58	0.42401745778697314
160	54	0.41371904025458717
160	65	0.40183888404535495
160	64	0.3840314700885582
14	117	0.4518082528125396
14	21	0.40164600535474787
14	118	0.4010671554910198
14	144	0.3869602576227608
117	118	0.5504941161037342
117	21	0.40790042850821495
71	177	0.6530509554778948
65	54	0.5743029705006302
65	64	0.5114636925342507
65	159	0.47852541884320265
65	55	0.4328349953446124
65	158	0.42329540445769526
65	189	0.4054884380663595
158	55	0.4713775975010808
158	159	0.43742332652904914
64	55	0.5322290154052438
64	54	0.46372784698520075
188	186	0.5374692648441203
188	148	0.5969209656505764
188	77	0.5141759054005183
188	7	0.5022868927201045
148	77	0.5921950885122428
148	7	0.5164380350650377
148	186	0.4443676268137402
28	21	0.6009098271158545
28	186	0.3905509660254535
159	189	0.6026257101936171
159	54	0.5676576193784053
21	118	0.47189078785429683
21	22	0.3864499821547855
55	54	0.4050789229608192
7	77	0.6047675108066861
7	100	0.44979240351111655
7	186	0.4054633703876296
77	189	0.4795117113701252
77	186	0.47542772749916284
77	58	0.3849858813922133
189	161	0.5120467966700992
189	54	0.46555481826992917
56	58	0.5851574604338924
56	57	0.547763152956338
58	161	0.47884147232089147
58	163	0.390135626303104
58	186	0.3862713298125995
161	163	0.5788889144821845
161	59	0.3805990598845022
161	151	0.41211810938211807
178	72	0.35103173040206426
