9	108	0.9240564010813911
9	112	0.8963238129633933
9	109	0.8823763330732628
9	11	0.8794873946441865
9	3	0.8300819866541653
9	176	0.8159572582624668
9	106	0.7880252663445667
9	103	0.7643520837821021
9	12	0.7641857265719753
9	70	0.7463039703894143
9	0	0.7064994668168377
9	5	0.7026927166840502
9	197	0.6713792191168458
9	124	0.6435090365852778
9	95	0.6289578302104755
9	139	0.617144628405994
9	111	0.6125421127687402
9	6	0.6094714392674219
9	13	0.6076138984415812
9	24	0.6069637622778357
9	26	0.5766238471301987
9	10	0.5607523902412742
9	123	0.553095364693122
9	25	0.5527204465727282
9	127	0.5526093167286081
9	7	0.5471609076470062
9	122	0.5455755601643505
9	143	0.5453156392037817
9	110	0.543133802198137
9	101	0.54148199259892
9	129	0.5405554314810586
9	15	0.5375617048673377
9	113	0.5356391450876284
9	115	0.5351469306604031
9	114	0.5324081746318666
9	131	0.52901760337042
9	135	0.5248424721060955
9	2	0.5226290876936853
9	29	0.515858498255477
9	23	0.5146024395710227
108	6	0.7167698519541689
108	112	0.879894453260096
108	109	0.8366494898236789
108	11	0.8342940286449823
108	3	0.8289904462391453
108	103	0.8070116651118325
108	176	0.7969511296163154
108	12	0.7864662717826224
108	106	0.7601034339624295
108	70	0.7187914227860779
108	111	0.6957782028732944
108	0	0.6923576531396028
108	13	0.6654655195963449
108	5	0.6621597670403077
108	197	0.6565867336833974
108	24	0.6229674534826648
108	124	0.6224776802554045
108	139	0.612935579937955
108	95	0.6105451304297542
108	7	0.6029631287876591
108	110	0.5903219005941283
108	114	0.5878078470205693
108	1	0.5872185016585642
108	102	0.5850588131640296
108	25	0.562375000295525
108	122	0.5600870384911605
108	10	0.5595240119777568
108	26	0.5575286745455953
108	143	0.5485536130938504
108	123	0.5478751360254728
108	2	0.5373554747734093
108	129	0.5358459092688577
108	15	0.5322003455038945
108	127	0.5306144370284476
108	115	0.5268682029438881
108	131	0.5242408416474763
108	113	0.5213340756085183
108	77	0.5195695828272316
108	135	0.5182688968239662
108	101	0.5117442318548534
108	141	0.5096449318046606
11	112	0.9216685544064713
11	176	0.8568574755255949
11	3	0.8400666637100661
11	109	0.823662122429526
11	70	0.8123838191199542
11	12	0.8008937954316494
11	103	0.7439198132845687
11	106	0.730598558387471
11	0	0.7160007208086204
11	197	0.7059280281284365
11	124	0.6746178687285749
11	95	0.6672279791249539
11	111	0.6620867599786361
11	13	0.6573767746063438
11	7	0.640481665407919
11	123	0.6361858646940933
11	139	0.6310204745504027
11	24	0.6162584874898447
11	5	0.610093322953181
11	25	0.6006478105510547
11	10	0.6003920602352756
11	2	0.5994319021874817
11	110	0.5898330442085566
11	104	0.5880303264063463
11	114	0.5818334280015619
11	113	0.5793009968557415
11	135	0.5737129174817399
11	22	0.5679015648537422
11	129	0.5651650408560079
11	101	0.559496534047588
11	75	0.5593247691185987
11	143	0.5523731005550805
11	78	0.5440919016109935
11	76	0.543866593909661
11	77	0.5392234157251159
11	188	0.5370139871545285
11	26	0.5340470537380121
11	141	0.5328809258569424
11	23	0.5327448648781796
11	199	0.5225563980112838
11	131	0.5223891829104822
11	127	0.5223164681580268
11	15	0.5213559215902884
11	6	0.5178811497571226
11	36	0.5177201356095184
11	115	0.5150434139597206
112	3	0.8537705478843456
112	12	0.8449128353203953
112	109	0.8293654028646669
112	176	0.8103679885748144
112	103	0.789762431440011
112	70	0.7631019231679164
112	106	0.7385628063201362
112	111	0.7200746477013318
112	0	0.6764065827426077
112	13	0.6586695459057392
112	124	0.6512867038715808
112	197	0.6439775122065662
112	113	0.6192329322342922
112	5	0.6168597465984705
112	123	0.6117667819833988
112	7	0.6004687982310419
112	139	0.5955868904407008
112	24	0.5922665074071093
112	25	0.5916104025673499
112	95	0.581409929648146
112	2	0.5759225425936954
112	110	0.5705041896397195
112	22	0.5691874027147272
112	6	0.5634952904020134
112	10	0.5632836867972395
112	114	0.5618414535620665
112	104	0.5428235255725216
112	129	0.5314401483770292
112	23	0.5223310117162399
112	1	0.519686380708471
112	76	0.5163206986895741
112	135	0.5112790677080683
112	75	0.511094395678449
112	102	0.5099927716203307
19	121	0.9132393581861848
19	120	0.8093700653888394
19	20	0.755844521573355
19	119	0.7457585426148792
19	117	0.7234710329638662
19	17	0.6928103379159122
19	115	0.6683693108190947
19	18	0.6479749000299238
19	136	0.6422769915973591
19	116	0.6390403447114211
19	15	0.6325706253691153
19	124	0.6063886933626547
19	123	0.5870350226547578
19	16	0.5841965576988276
19	118	0.5803100113432201
19	22	0.5593453834467689
19	125	0.5475671353496047
19	77	0.5460459608422183
19	23	0.5439018034085695
19	186	0.5361167443893603
19	25	0.526152644144775
19	129	0.5148229608189318
19	147	0.5124819719158825
19	188	0.5122533533118799
121	119	0.8170239534215834
121	20	0.8067674146519861
121	120	0.7872280142042181
121	124	0.7377800297415043
121	136	0.730817609254212
121	117	0.7303560288814726
121	17	0.6947398077496512
121	115	0.6901331754750886
121	18	0.682495127271658
121	116	0.664042360782403
121	15	0.654928088109286
121	123	0.6505374966421471
121	23	0.6035546818830885
121	25	0.5967213862638646
121	22	0.5942107082719539
121	77	0.5941848311115411
121	16	0.5801043698655793
121	125	0.575548166484349
121	138	0.5739476690550609
121	135	0.5675423882388861
121	129	0.5670744570794061
121	118	0.5629422349144622
121	188	0.5593316406381909
121	43	0.550075804250122
121	53	0.5467333898941243
121	44	0.5441834104582172
121	147	0.5364586942085521
121	186	0.536180873390205
121	130	0.5312966188497337
121	78	0.5219164012406202
121	126	0.519759369521669
121	7	0.5164527007486762
70	176	0.9007913150785076
70	139	0.7984422116290816
70	3	0.7531957430555204
70	106	0.7037188840615938
70	109	0.7022875106254819
70	12	0.6851941608481777
70	36	0.6737232589591001
70	5	0.664042360782403
70	199	0.6510678359755736
70	197	0.6364179614389951
70	98	0.633253966315554
70	103	0.6325046367932825
70	95	0.6239394292713456
70	0	0.6227960883612406
70	38	0.5906670981880753
70	96	0.5616635006838618
70	111	0.5561764415331267
70	198	0.5316195173844926
70	113	0.5308873923396809
70	142	0.5223019242959569
70	143	0.5151095366198548
176	197	0.7733864294198086
176	0	0.754038262089869
176	3	0.8052257963097098
176	109	0.7937546884135742
176	139	0.7698665359089004
176	106	0.7675346870056164
176	103	0.7446691360501954
176	95	0.7098145519930928
176	12	0.6911217085214866
176	5	0.6900284177771109
176	199	0.6825485436659621
176	36	0.6022179739512027
176	124	0.5957159303192753
176	101	0.5897613088867455
176	198	0.5888475007456508
176	96	0.5806813052065134
176	143	0.5789221579011791
176	98	0.5666808402568425
176	127	0.5642250962661094
176	141	0.563092497431265
176	2	0.5597849909704776
176	79	0.5555061323845988
176	140	0.5530467768258119
176	114	0.5521854539052792
176	123	0.5516708762277719
176	24	0.5515108543001291
176	13	0.5500548814065666
176	181	0.5498525916518441
176	26	0.5497479337015442
176	111	0.5476581510004557
176	122	0.5461091227807872
176	156	0.5396913462777955
176	115	0.5393156102158824
176	135	0.5269332167515843
176	15	0.5247265359106507
176	10	0.5240087478272359
176	134	0.5227308404851025
176	129	0.5215452248062769
176	142	0.5214505796145802
176	7	0.518451722469592
176	38	0.5156015903777061
176	25	0.5128358187151179
176	32	0.5116556522747284
176	110	0.510983569805102
12	111	0.8935970300296509
12	113	0.7997794680836848
12	3	0.820190747462572
12	13	0.8153883062220563
12	103	0.7808325091874
12	109	0.7172508890216114
12	8	0.687505549311452
12	110	0.6629227798907272
12	139	0.6573199852957148
12	7	0.6503701928040012
12	106	0.6471154862543301
12	114	0.6449013343459041
12	10	0.6293686546336277
12	6	0.6126295761700784
12	124	0.6007117289323659
12	0	0.5880957445928631
12	102	0.5855650187832983
12	25	0.576463623774668
12	104	0.5669726844392504
12	5	0.5485186576884556
12	1	0.5459476965976985
12	123	0.5402510068147428
12	24	0.5339398260874655
12	2	0.5324726602799534
12	22	0.5202773719170766
111	13	0.8299575597888287
111	8	0.7623490740611676
111	113	0.7606223071987522
111	3	0.7130149249636996
111	103	0.7093677196908731
111	110	0.6851358004638983
111	102	0.6788780326416807
111	114	0.6755648660264799
111	7	0.6399328402498287
111	6	0.6061546925535705
111	1	0.5896699959241472
111	139	0.579772534183536
111	104	0.5731827030254765
111	10	0.5688222366340185
111	109	0.5615128845706258
95	197	0.8871964673714129
95	96	0.733471466610677
95	79	0.646155413463652
95	109	0.6620193576891488
95	198	0.6537959044061623
95	78	0.5850259268927799
95	0	0.5825143336598091
95	106	0.5734445145062272
95	199	0.5625664157698169
95	99	0.5363874691809201
95	190	0.5336394972848817
95	135	0.5271065567594104
95	3	0.5212175521648323
95	5	0.5138815956300955
95	98	0.5099779733219345
197	109	0.7037087883248597
197	0	0.665064175305126
197	96	0.6313874392799356
197	101	0.6292720216881624
197	106	0.6253237542813553
197	198	0.6078094112670924
197	79	0.6058826137638113
197	3	0.5966891891238966
197	78	0.5881153685484901
197	199	0.5599978126688027
197	135	0.5536711911962788
197	99	0.5494198936778023
197	32	0.5479241224451745
197	103	0.5460038494340643
197	181	0.5436905176908287
197	5	0.5236532032967754
109	106	0.8295214146705343
109	3	0.7864662717826224
109	103	0.7361443799177974
109	5	0.7141388740616406
109	0	0.6545967421462745
109	139	0.6398915043810456
109	6	0.6105263130457825
109	124	0.5961093120643037
109	24	0.5642659938839772
109	13	0.549140577195714
109	115	0.5449993777329448
109	15	0.5424142980585337
109	143	0.5372416651343862
109	26	0.5362663690973763
109	10	0.525291540955777
109	123	0.5198323507479377
109	127	0.5128579283576442
15	115	0.8778462167143046
15	116	0.8544197983353501
15	18	0.769703563524043
15	117	0.7594397213096443
15	17	0.7357776908856358
15	20	0.7340254023187461
15	16	0.7329258114643586
15	77	0.7305006359583323
15	119	0.7088307672978886
15	118	0.694092575264626
15	14	0.683764460004062
15	124	0.6761841066612392
15	186	0.6565582880565125
15	147	0.6406408793449707
15	120	0.6163701156918976
15	43	0.6160972030274049
15	123	0.6148983602345088
15	25	0.6136717329336516
15	129	0.6125108722039541
15	188	0.6069763940243192
15	75	0.5982517480966859
15	23	0.5979370293896852
15	149	0.5877358493527245
15	125	0.5861167227157507
15	152	0.585433580670183
15	44	0.5677457223038415
15	148	0.56485188876686
15	135	0.5548489434734174
15	3	0.5548074135319009
15	21	0.5542049186717309
15	78	0.5505080550748287
15	136	0.5449220457726013
15	48	0.5403926172817423
15	127	0.5398614202257256
15	0	0.5359599585556726
15	24	0.5323365166634183
15	29	0.5306575425552039
15	7	0.5275324978652552
15	103	0.5265285862188046
15	22	0.515498801258625
115	14	0.7827764066595579
115	117	0.7784403110165099
115	116	0.8454555957266803
115	119	0.7819229639019742
115	17	0.7690915227116345
115	18	0.7304493312656521
115	20	0.715859362000148
115	16	0.6698825297783795
115	120	0.6682032927963633
115	77	0.6450706923255903
115	124	0.6315798323699892
115	152	0.6284135514188285
115	123	0.6178746727854576
115	44	0.6151284108870712
115	118	0.6096976656646769
115	147	0.590992558231243
115	149	0.5880957445928631
115	129	0.5847035396163902
115	125	0.5829700175974645
115	188	0.5821045659493939
115	136	0.5730080969951826
115	127	0.5726116826082154
115	25	0.5713804217442804
115	23	0.5683146892536737
115	24	0.5514203891635265
115	186	0.5434368838348391
115	21	0.5433241258149765
115	22	0.5431267521031168
115	75	0.5364871820800107
115	135	0.5356747986680386
115	29	0.5283619601792758
115	78	0.5236241711957735
115	43	0.5217417545829164
115	3	0.5213704851984903
115	106	0.5154474011349268
115	48	0.5099705740595327
96	198	0.8772254045298223
96	98	0.7548524964343692
96	199	0.7428012770832397
96	81	0.6465804256353032
96	190	0.6350892900172088
96	61	0.6195719195650458
96	79	0.6078976832359017
96	97	0.5972234128954289
96	63	0.5903870487534405
96	185	0.5842558388761778
96	196	0.5464879640301347
96	83	0.5355250407966062
96	183	0.5273303893674379
96	78	0.52714266374166
96	166	0.5212976641203406
96	182	0.5165846782678445
198	199	0.8287713767623434
198	98	0.7140310558769236
198	81	0.6258958498228099
198	185	0.623285544417627
198	63	0.6221222894942234
198	79	0.614201352498997
198	61	0.6069448140830769
198	166	0.6051415884797118
198	190	0.5972427122754945
198	196	0.5955739847618546
198	183	0.5912918116423406
198	182	0.586635091664401
198	78	0.5691197962968213
198	76	0.5494757422453727
198	97	0.5453156392037817
198	141	0.530255117568736
198	135	0.5268393059390379
198	30	0.5225127805551274
198	74	0.5103330491598822
23	25	0.8699320054809876
23	22	0.7854724176883172
23	123	0.752905690290691
23	126	0.7419439113759728
23	129	0.7380806325381797
23	136	0.6955769501228216
23	138	0.6946518501402777
23	124	0.6930338772572181
23	128	0.6810233174951525
23	29	0.6744761722880106
23	77	0.6568597166820174
23	188	0.6437784690255802
23	76	0.6388687409573616
23	186	0.6173922202758438
23	7	0.6158613866203002
23	75	0.5963348937809403
23	43	0.5961737735902842
23	116	0.5892001482326217
23	135	0.5866941158821614
23	78	0.5843941373798812
23	125	0.5843941373798812
23	20	0.5821971200045318
23	18	0.5814695031551221
23	130	0.5796131846997811
23	117	0.5671965613953074
23	118	0.5622382380432056
23	26	0.5569977921759288
23	104	0.5559899332333592
23	34	0.5527760041246212
23	127	0.5483298653667081
23	27	0.5480780553014449
23	2	0.5430491960034958
23	147	0.5408950872418832
23	30	0.5276263136611926
23	21	0.5266803506418869
23	24	0.5206710894503389
23	184	0.5201825550152539
23	133	0.5147494613033514
23	119	0.5110426790519786
25	22	0.8285207002089316
25	129	0.8039209524538478
25	124	0.7566236811600376
25	123	0.8010730082157311
25	128	0.7667116436658965
25	126	0.7517468984059671
25	138	0.7498752532259338
25	29	0.744873981090323
25	136	0.7383445569743521
25	7	0.6956337247762775
25	77	0.6885692895451755
25	76	0.6733517428731944
25	188	0.6550194496067775
25	130	0.6543337715521845
25	135	0.6539046755670895
25	104	0.6528157474896104
25	26	0.6477021565778808
25	186	0.6449305385176372
25	2	0.637511428553274
25	34	0.6357570757269569
25	24	0.6346774130936671
25	75	0.6335473800603477
25	78	0.6335294211875027
25	127	0.6284559063042001
25	20	0.6282622535504746
25	27	0.6215948585184593
25	116	0.6052113022412621
25	125	0.5994126814000016
25	18	0.5964315428391035
25	147	0.5865957387231456
25	30	0.5812907639294218
25	43	0.5810656050817182
25	117	0.5708346144790901
25	13	0.5624023490546618
25	143	0.5594278338412255
25	28	0.558561552647787
25	118	0.558017785712735
25	3	0.5542326323336789
25	134	0.5373554747734093
25	119	0.5368574131438472
25	21	0.5365726383584724
25	73	0.533567970579479
25	0	0.5322146806071546
25	133	0.5319422614629655
25	10	0.5299962895480544
25	110	0.5284268321217858
25	40	0.5266369928033009
25	184	0.5205909056804042
25	16	0.5175590847792194
25	132	0.512577822619214
126	128	0.8657105867668475
126	123	0.7913749292918073
126	138	0.7726620496208066
126	129	0.7327498909700333
126	136	0.7290375610544172
126	22	0.705033940803591
126	76	0.6990754601527513
126	130	0.6540591986239535
126	77	0.6508546236745103
126	188	0.649237794276576
126	29	0.628328830468636
126	78	0.6216378100377286
126	135	0.6187456189901935
126	124	0.6061357149138136
126	75	0.5988613915326505
126	147	0.5950381279449299
126	7	0.5919937670170815
126	104	0.584222905658397
126	133	0.5757286993886843
126	186	0.5674610352222159
126	34	0.5526579384537259
126	185	0.5404138562119907
126	30	0.5348185856848735
126	43	0.5330742282783999
126	132	0.5317629782670059
126	116	0.5302119864259395
126	40	0.5238346263729713
126	196	0.5233700884362239
126	184	0.5133957199444027
126	2	0.5099483758195182
128	129	0.7951930471047034
128	138	0.7818063576087741
128	130	0.7322957489530183
128	123	0.7295899206196166
128	29	0.7288079119606771
128	136	0.7030822974836092
128	76	0.678700081658283
128	22	0.657626558882708
128	188	0.6528960765714491
128	77	0.6437316226703608
128	132	0.6430635377412538
128	78	0.6311167549345098
128	135	0.6244704495271581
128	147	0.6125108722039541
128	7	0.6052683338698188
128	104	0.5941913005169654
128	75	0.5875328967445139
128	133	0.5872512594183041
128	124	0.5837616385782288
128	125	0.5743967876106252
128	28	0.5726788903456917
128	27	0.572551189063356
128	127	0.5698225268718281
128	30	0.5655052389319254
128	186	0.5577560560891
128	40	0.5504453272877876
128	34	0.5452242907175348
128	196	0.536736398800495
128	63	0.5312894415725734
128	143	0.5275252807325459
128	187	0.5265647236497996
128	2	0.522738107971797
128	182	0.5208751521477839
128	184	0.5206492220602755
128	116	0.5184955935735246
146	150	0.8548780758135417
146	144	0.7567946376530709
146	153	0.7072849427685876
146	164	0.6728376160231565
146	172	0.6689222235492452
146	157	0.6685684445834972
146	137	0.6386556271284751
146	149	0.629223697917744
146	154	0.6288550691758358
146	155	0.6179055833749248
146	45	0.6167977943717908
146	171	0.5609580226694941
146	140	0.5501315951236325
146	47	0.5461091227807872
146	165	0.5342543118192614
146	168	0.5341113820829411
146	44	0.5271498849097145
146	51	0.5190729751836131
146	53	0.5189414615129407
150	144	0.8317844981792664
150	157	0.7264976638007874
150	153	0.6586978526949395
150	172	0.6417891230107389
150	140	0.6285285060096257
150	155	0.6258106867469916
150	137	0.6212265493000684
150	164	0.5896112867719615
150	149	0.575875758781957
150	124	0.5732968403728347
150	189	0.5723360504102853
150	53	0.5535047415105703
150	154	0.5464178251068437
150	134	0.542209587711819
150	171	0.5357674890390792
150	20	0.535396650094312
150	51	0.5347686059782215
150	45	0.5325228115112042
150	40	0.5297157810476796
150	148	0.5185248394597323
150	165	0.5171416460979498
116	77	0.7619299307781102
116	147	0.7550460196535204
116	18	0.725982556853137
116	117	0.7201516776261849
116	188	0.7049132178644487
116	20	0.6753256055929173
116	119	0.6741217137094576
116	43	0.673859760207824
116	186	0.6644726074689891
116	118	0.6640255890160005
116	16	0.6604830610268524
116	78	0.6581653730426373
116	17	0.6469759666171447
116	123	0.6395606841066732
116	75	0.63835354807831
116	120	0.6334336290027748
116	124	0.6323846340375359
116	135	0.6315918543564375
116	136	0.628867159849808
116	129	0.6157186020045775
116	44	0.6116416183899896
116	14	0.5931422541818654
116	76	0.591057627165112
116	22	0.5750731640008113
116	148	0.5604369527895169
116	7	0.559839919771606
116	24	0.5594003516063182
116	149	0.5541633458749027
116	138	0.5479171246152716
116	125	0.5458494173308319
116	127	0.5377394378313911
116	152	0.5303341842027455
116	29	0.5235080306301493
116	187	0.5191387228041116
116	0	0.510222106641229
3	103	0.8544197983353501
3	106	0.7805591494034873
3	0	0.7013995337638697
3	5	0.6881483598967943
3	139	0.6855812387084882
3	13	0.6550822495289256
3	124	0.6173303337705912
3	102	0.6149792007727761
3	1	0.612879388940639
3	113	0.6070774369556847
3	6	0.6016121607071506
3	114	0.5936087461118205
3	110	0.5802967463834514
3	2	0.5731759883711
3	123	0.5722015487269662
3	7	0.56485188876686
3	24	0.5555821831602152
3	104	0.5405978980932038
3	141	0.5249801210501767
3	131	0.5124156062544919
3	10	0.5117368506386692
3	143	0.5108283850388495
103	106	0.7358877429353032
103	0	0.6975075529118469
103	13	0.6660946321267441
103	1	0.6603251784376142
103	102	0.6597664824361794
103	5	0.629622223532182
103	113	0.6258593531891576
103	114	0.619824468958124
103	139	0.6190541004581986
103	6	0.5961737735902842
103	110	0.5864973442503201
103	7	0.5460950873309711
103	10	0.5374692648441203
103	104	0.5234136520932084
103	24	0.5233483055816998
103	124	0.5219964330053223
103	2	0.5107618670884025
20	124	0.8539331101012775
20	119	0.8367694567216541
20	17	0.7974977790724809
20	117	0.7389171316141957
20	18	0.7245368647691238
20	53	0.7107213519256758
20	120	0.6526263422651267
20	77	0.6441179608081972
20	136	0.635160883951885
20	14	0.63358329575808
20	49	0.6278807720879094
20	149	0.6275535476749775
20	125	0.6240432371895328
20	157	0.6191219407605526
20	44	0.618615999839444
20	186	0.613222681557727
20	123	0.6044756717610533
20	129	0.6028867510058288
20	16	0.5995215900554977
20	40	0.5973584940329523
20	154	0.5907842859556383
20	188	0.5824020074388297
20	43	0.5783966868703825
20	21	0.5754411575417652
20	118	0.5734310911245022
20	147	0.5714545047732278
20	51	0.5710031273880573
20	48	0.5686531022699176
20	152	0.5545235515965421
20	127	0.5544335196348257
20	135	0.551496937431073
20	68	0.5421036777843574
20	75	0.5412345666790933
20	24	0.5330813865589122
20	130	0.5283042910506621
20	27	0.5256607171084334
20	78	0.5214141742007783
20	153	0.5190802807781559
20	22	0.5162986959606837
20	47	0.5149184988757911
124	119	0.7485944059318285
124	129	0.708591857737143
124	123	0.7073598970173836
124	77	0.6810447652005266
124	136	0.6681700812033075
124	188	0.6633037707898459
124	138	0.6504740439955864
124	127	0.6500758156956551
124	17	0.6464756653683924
124	135	0.6344862752146861
124	18	0.6277414258477271
124	157	0.6182948931674231
124	29	0.615644089627119
124	117	0.612904363482555
124	130	0.6115039030643342
124	24	0.610482403135808
124	7	0.6097039483139364
124	0	0.6088425115988957
124	26	0.6041963694618522
124	53	0.6038279712906213
124	186	0.6035928238065571
124	125	0.6001937692294584
124	22	0.5946827503815434
124	43	0.5856110148504794
124	75	0.582078119162644
124	40	0.580376331523446
124	147	0.577544270942743
124	144	0.5747852977664707
124	76	0.5678744647256431
124	78	0.5673389849217211
124	122	0.5624023490546618
124	133	0.5538029324961221
124	143	0.5479521129979334
124	118	0.5478121479646002
124	104	0.5410011935079234
124	30	0.5395992044910604
124	149	0.5369997546821178
124	120	0.5355963582702072
124	2	0.5321430020391802
124	106	0.5317414610797029
124	14	0.5298452609149616
124	134	0.5294567472328507
124	21	0.5282970820668164
124	101	0.5257982027293218
124	28	0.5180201779072366
124	10	0.5165113604535851
124	154	0.5155722235720589
124	16	0.5133368035379545
124	27	0.513020044947588
124	13	0.512629429245764
124	49	0.5116335056799872
44	149	0.8538518498134184
44	18	0.7758661227981566
44	17	0.7370044006073128
44	45	0.7150490745377577
44	33	0.7133637911937432
44	119	0.6742199025786912
44	127	0.6588280399111514
44	117	0.6581426997120683
44	14	0.6485604464314741
44	27	0.6360310695313264
44	53	0.631778156309911
44	34	0.6135782132751676
44	136	0.5980141204149119
44	152	0.5958062399410929
44	51	0.5922535228456205
44	125	0.586385809583799
44	16	0.5781504149869008
44	62	0.5728132827288742
44	154	0.5706727968308305
44	157	0.5600664490699311
44	48	0.5557619025892645
44	21	0.5550565517048047
44	43	0.5424989869532623
44	118	0.5393794295985509
44	147	0.5391241148943073
44	135	0.5312750867894589
44	26	0.5311817732635344
44	35	0.530635990134926
44	155	0.5244728576100226
44	40	0.5140729107477967
44	24	0.5134914487832991
44	153	0.5127694857056083
149	45	0.7428640250343206
149	18	0.768150313528196
149	17	0.7641025098194132
149	154	0.7076845150019923
149	157	0.7062940553414887
149	119	0.6896562943731879
149	127	0.6804760061126619
149	53	0.6783655338819584
149	117	0.6627153316634727
149	14	0.6415655879515957
149	153	0.6355067674697935
149	152	0.620003023970044
149	16	0.6156627187536933
149	21	0.602791263236479
149	51	0.6004240357440572
149	155	0.5994447156617566
149	125	0.5955804376397097
149	26	0.5925780446013389
149	118	0.5867990324349405
149	156	0.5774376302708834
149	27	0.5717305503783625
149	48	0.5577836118015863
149	140	0.5554300723141464
149	148	0.5540871219002819
149	47	0.5433029815035072
149	52	0.5432747880160066
149	46	0.533818280651425
149	33	0.5328737654395974
136	138	0.853227469576791
136	123	0.8283010854615194
136	22	0.7943827612386132
136	34	0.7542970007790801
136	135	0.7316040177279501
136	33	0.7289860214556486
136	78	0.7065595647418575
136	77	0.7060383774251533
136	130	0.7025610746700675
136	188	0.6892733084644989
136	129	0.6805941179579784
136	76	0.6586242511647508
136	7	0.6502951740421277
136	127	0.6475453990505807
136	75	0.6474699036514334
136	30	0.647191041299004
136	24	0.6406703573638906
136	147	0.6345878268783907
136	18	0.6269348517837472
136	40	0.6184554723201561
136	27	0.6145001875898087
136	117	0.61413284463389
136	43	0.6133911223094399
136	120	0.6021287397367439
136	119	0.5892262613445867
136	186	0.5881088273068875
136	104	0.5797526179228768
136	125	0.5784831898110434
136	143	0.5781237846871563
136	2	0.5623134610886474
136	42	0.5529426472989216
136	29	0.5424072401529582
136	134	0.536558396409562
136	118	0.5350398794035928
136	32	0.5347257632513326
136	28	0.5117737559641327
138	130	0.7678221558620103
138	123	0.8190419493537466
138	22	0.764268917891203
138	76	0.7533903903466911
138	188	0.7281367731511522
138	135	0.7255187366701641
138	77	0.7170371790792316
138	78	0.707534728417824
138	34	0.7026066485025607
138	75	0.6993974332132088
138	129	0.6980104225599496
138	7	0.6830663043696386
138	104	0.6644614377974732
138	30	0.6609732522790549
138	40	0.6491510122829317
138	2	0.6410592902356034
138	143	0.6410121643799542
138	24	0.6310625996108584
138	134	0.6230775852112906
138	127	0.6172065378358433
138	33	0.6003025185970872
138	147	0.5896047631481928
138	27	0.5844599818809675
138	141	0.5809728667513738
138	186	0.5684568461526501
138	63	0.5676779519769555
138	32	0.5611156273347713
138	145	0.5553954964822139
138	184	0.5522619092957343
138	13	0.5462073623448545
138	125	0.5431620018123919
138	29	0.530183230806114
138	73	0.5231740181216639
138	43	0.5218727436773297
138	132	0.520576325826425
138	79	0.518217697152045
138	100	0.5176688961423799
138	140	0.5165406884882198
138	39	0.5145215647171147
138	0	0.5143156601419957
138	42	0.5128358187151179
17	119	0.8497631730572004
17	14	0.7926793509867394
17	154	0.7297301994759152
17	48	0.6580066346577917
17	18	0.7686008722453779
17	117	0.7548137760101586
17	53	0.6744598195003383
17	157	0.6657996795184389
17	125	0.6530394848390871
17	152	0.6457474907961154
17	16	0.6408648649265586
17	21	0.6378852332542476
17	45	0.6284014493385601
17	51	0.6048309325967182
17	153	0.6045200925227493
17	120	0.5978085197614886
17	47	0.5900221199857335
17	46	0.5865891796302773
17	155	0.5764970072969442
17	118	0.5664160213419634
17	127	0.5656072608507818
17	49	0.5440567024533138
119	117	0.745998121976583
119	18	0.7372007729032924
119	14	0.7262425751340433
119	120	0.6816608871132877
119	53	0.6621990733293542
119	157	0.6374995568183391
119	154	0.6370660312935557
119	125	0.6225573016117146
119	16	0.6211651377277788
119	152	0.6103632001759559
119	21	0.5815158337944397
119	51	0.5612046902404321
119	118	0.5603271972811751
119	48	0.5537405321780412
119	127	0.5520047042410761
119	123	0.5434862093031192
119	129	0.5353110425433952
119	77	0.5343400550014464
119	45	0.5204742583478855
119	135	0.5173760279489111
22	123	0.849540699825241
22	34	0.7863899656205255
22	24	0.7050490282987399
22	76	0.7019528726795213
22	188	0.6886902210277147
22	129	0.6771220094115664
22	7	0.6700864444641166
22	104	0.6622608329930152
22	75	0.6575981815841957
22	77	0.6443577933993131
22	78	0.644006775912472
22	2	0.6403046964387311
22	135	0.6321085124837675
22	33	0.6049704335315359
22	30	0.5995728335067085
22	186	0.5938677360651429
22	143	0.5741622165466669
22	127	0.5654168059339952
22	29	0.5541564168066437
22	13	0.5429645787812578
22	130	0.5356106208482457
22	147	0.5353253112323842
22	43	0.5245453466300919
22	73	0.5195549817265358
22	134	0.5189706888966141
22	39	0.513756477331018
22	18	0.5127105178904201
22	187	0.510222106641229
123	129	0.7400726555817849
123	76	0.7390079184907109
123	188	0.7302720334272003
123	34	0.7107559914634791
123	77	0.7090844306367621
123	104	0.702358454565131
123	75	0.6892995526753172
123	24	0.6805994858379109
123	7	0.6727226689793828
123	143	0.6631245237550395
123	78	0.6560687309092239
123	135	0.6533032337291729
123	127	0.6444981244231861
123	186	0.6422769915973591
123	2	0.6400036931237553
123	130	0.6236889783849181
123	30	0.6219812876339273
123	29	0.6087921642830305
123	147	0.5771309285657596
123	120	0.5650084851587962
123	117	0.5480500702701288
123	26	0.5388261224574971
123	185	0.5375617048673377
123	43	0.5371776386133728
123	18	0.5352896389370421
123	134	0.5349756404009572
123	73	0.5324869895846733
123	33	0.5273592656647467
123	13	0.5259935297823717
123	184	0.5212175521648323
123	28	0.5194016518490943
123	0	0.5185979488676705
123	40	0.5108062130682429
123	132	0.5104809460983584
123	39	0.5102812780980075
21	125	0.8347797054729219
21	27	0.6329603704249466
21	18	0.6221651950956602
21	117	0.6194240262237938
21	28	0.6010567555037254
21	51	0.59639932840771
21	53	0.5953287184465538
21	154	0.5863792480285
21	118	0.5809066158497872
21	29	0.5717103563066687
21	155	0.5713265373282236
21	157	0.5537751997893204
21	14	0.5489449826309166
21	153	0.5447251589471857
21	129	0.5432042989362769
21	26	0.5417999738592104
21	122	0.5279221099499412
21	16	0.5241973299864964
21	152	0.5120541747131
125	27	0.7146627795958534
125	130	0.6921128722902914
125	117	0.6917636539573019
125	28	0.6759669379128397
125	18	0.6632421632031524
125	53	0.6479690987070436
125	129	0.6450531754725503
125	118	0.6305809485557393
125	51	0.5864448601186728
125	29	0.5837550463162526
125	127	0.5740013133176812
125	132	0.5588985847827816
125	157	0.5545166265218341
125	48	0.5525537444365002
125	69	0.551065362219317
125	40	0.5475391279268904
125	16	0.5440215013805484
125	154	0.5327018925300965
125	77	0.5320641468028574
125	75	0.5238854163203959
125	26	0.5126957751807503
125	153	0.5123639842856903
125	14	0.5110057363390348
81	183	0.8345673814466185
81	63	0.7505004749206032
81	93	0.7425680989810238
81	61	0.7309107767596796
81	196	0.6908238512691594
81	90	0.6714506153777662
81	182	0.6680593566597014
81	185	0.6387562764281537
81	193	0.6386556271284751
81	190	0.6349042885064182
81	94	0.6285043073245706
81	91	0.6253846474935882
81	87	0.6202061291697331
81	60	0.6189430691234781
81	69	0.6108649204947235
81	83	0.6059838689484807
81	191	0.5913438391006357
81	74	0.5898917298212702
81	76	0.5861495451132033
81	92	0.5844336450040841
81	79	0.5806481637832216
81	194	0.5593316406381909
81	184	0.558726652670228
81	97	0.5531647694059038
81	80	0.5522132569401469
81	166	0.5487143832617916
81	98	0.5472870059157623
81	175	0.5450767004217528
81	187	0.5437186931029042
81	199	0.5234717327129738
183	196	0.7789127063305155
183	182	0.7490117351111446
183	74	0.6003728740084833
183	175	0.7189991942781223
183	193	0.7058979269163691
183	63	0.6941392135458111
183	166	0.6734992973496713
183	61	0.629622223532182
183	170	0.6285285060096257
183	185	0.6165065165272553
183	194	0.6136966686017137
183	93	0.6092073829731637
183	167	0.5991627482549886
183	90	0.5927986095829307
183	190	0.5834583148673107
183	191	0.5834187388982137
183	60	0.576463623774668
183	65	0.5670744570794061
183	187	0.5645590124414451
183	76	0.5643954847383826
183	180	0.5597849909704776
183	69	0.5453296916675922
183	199	0.5419695004812692
183	91	0.5403430570997432
183	94	0.5315334262101278
183	79	0.5131010895214201
13	114	0.833685106469073
13	110	0.7944196539106646
13	7	0.7644352242496792
13	8	0.7300105729856439
13	10	0.7235186884824147
13	104	0.6814466933477145
13	141	0.6664838731319637
13	2	0.6465105881665913
13	1	0.6380631299343701
13	102	0.6277171876110351
13	113	0.6268741527093512
13	24	0.62454364844046
13	6	0.6012611100401064
13	0	0.5946245755497235
13	135	0.5907061635462981
13	134	0.5808999903362627
13	139	0.5328522837296895
13	143	0.5328164793536109
114	141	0.8001035522421004
114	102	0.6810822958732061
114	110	0.7810275833073346
114	10	0.7027787643049713
114	134	0.6957730439104757
114	2	0.6917115040452281
114	7	0.6733790718245902
114	104	0.6502951740421277
114	0	0.6395488647128633
114	1	0.6264915735257963
114	140	0.604856299164724
114	139	0.5850982741498706
114	8	0.5781570723693874
114	24	0.5503337958753614
114	181	0.5490288162368351
114	6	0.5315190766132475
114	37	0.5265285862188046
114	113	0.5258488484026814
114	135	0.5233119993041363
114	32	0.5218654671509616
114	143	0.5141832615940773
114	142	0.5133736268590923
144	137	0.6878428959482609
144	157	0.6871204007144986
144	140	0.6758583094886738
144	134	0.5983865710741457
144	130	0.5939583534861727
144	155	0.5936216985311762
144	172	0.5889258862409261
144	165	0.574711634704557
144	153	0.5696199015534048
144	40	0.5659675996636409
144	171	0.5645998874441032
144	145	0.5629354039156064
144	53	0.5469927379805524
144	141	0.5217926977101989
144	122	0.5140949822786719
144	169	0.5139331085763996
144	164	0.5117220879796651
5	106	0.8316612033445138
5	139	0.6301229297151152
5	0	0.5743565821252165
106	139	0.6736304118409825
106	0	0.6490410641603793
106	122	0.535189746351347
106	156	0.5193140197566777
76	188	0.830640885984253
76	75	0.8051202874002392
76	73	0.7179493608019047
76	63	0.7169351336013455
76	185	0.7070099744264279
76	77	0.7859316243321757
76	78	0.7641441213751738
76	187	0.6948070554336574
76	184	0.6916123993344829
76	186	0.6558522388951381
76	104	0.6434152835539569
76	182	0.6400804381235645
76	135	0.6384779573958919
76	7	0.6375351711149538
76	129	0.6134347830278668
76	147	0.6097039483139364
76	43	0.6025556529020085
76	196	0.5954384565712418
76	90	0.5916948956956668
76	2	0.5852034899006582
76	30	0.5755615412165526
76	130	0.5750865496639755
76	24	0.5593041540986108
76	40	0.5574942154961756
76	74	0.542922266034878
76	34	0.5381373862802704
76	190	0.5284196244328677
76	69	0.5271137783081231
76	199	0.5127031465733783
76	143	0.5124598507089339
76	94	0.5109614025915544
188	77	0.7944934216718652
188	78	0.7733462389685888
188	75	0.7727023458428437
188	147	0.7277983276522128
188	187	0.6902693172554997
188	135	0.6827781510817634
188	186	0.6657941123735057
188	43	0.6556698461130596
188	129	0.6458757348143196
188	184	0.6432277195749447
188	73	0.6403223963955964
188	7	0.6099740297603354
188	24	0.5991306970947671
188	185	0.5813106266144692
188	130	0.5804890581636489
188	104	0.5721477394328892
188	34	0.5654712277790424
188	182	0.5613142882856913
188	2	0.5553263390572235
188	30	0.5541910613799748
188	29	0.5532549840538575
188	143	0.55253290356025
188	63	0.5488541504265977
188	127	0.5285781759924367
199	98	0.7915243722661831
199	166	0.6271472386136943
199	141	0.5996689017286015
199	38	0.595135008740982
199	61	0.5808999903362627
199	37	0.5776175749731131
199	63	0.5593453834467689
199	78	0.5390106098741506
199	36	0.5253422239078515
199	139	0.5223964539679146
199	185	0.5169658087931663
180	194	0.8265349748977496
180	189	0.7823888423153442
180	91	0.7706798935046099
180	175	0.7635609806446986
180	193	0.7132655547591069
180	88	0.6715329801922287
180	90	0.6714341404237743
180	94	0.6482590727593267
180	86	0.6238294909995168
180	196	0.6180601076738574
180	172	0.6117855538810064
180	87	0.5980398149647415
180	69	0.5792212620706664
180	182	0.5732565591433278
180	173	0.566327722364847
180	191	0.5651854581641251
180	84	0.5642659938839772
180	179	0.558506509468952
180	184	0.5534769955962403
180	93	0.548637498243615
180	60	0.5371847529770016
180	195	0.5272870726373292
180	92	0.514896452767054
180	82	0.5141023393043416
194	193	0.8114978652272012
194	90	0.7931620106226912
194	88	0.7543487204215492
194	91	0.7074498211225418
194	196	0.6607986510570301
194	87	0.6360906121918888
194	175	0.628607143333056
194	189	0.6217973115271879
194	94	0.6022434666775759
194	191	0.5830690308322473
194	184	0.5707671958465347
194	93	0.5693293511427606
194	182	0.5342686031131619
194	173	0.5197520709817565
26	127	0.8139758814713579
26	29	0.7691732097915158
26	129	0.7566194059216395
26	143	0.6680870405697527
26	28	0.6371907854447012
26	24	0.6241775441568138
26	133	0.6093520019707748
26	39	0.555008115967255
26	135	0.5506683311810447
26	134	0.5446970273541928
26	34	0.5437186931029042
26	156	0.5420613089901596
26	27	0.5401093657423578
26	2	0.5355250407966062
26	140	0.5262611100927737
26	122	0.5239724761353219
26	7	0.5183566590474835
127	143	0.8026083229392799
127	129	0.7548395902108455
127	24	0.7036986923039431
127	34	0.6753201662029197
127	39	0.656410340688728
127	29	0.6383476229930106
127	134	0.6343249422454745
127	28	0.6249704234548511
127	135	0.6186036534017967
127	33	0.6172189188048025
127	140	0.5920782011579986
127	27	0.5863005033626717
127	130	0.5712389646460727
127	32	0.5655188428545567
127	131	0.560635834482718
127	133	0.5595308812681213
127	30	0.5555199604897026
127	18	0.5543019111127176
127	104	0.5495874246511252
127	62	0.5384427910970546
127	117	0.5338111302328227
127	156	0.5330026412758053
127	35	0.5272798529158305
127	77	0.5261237170001843
127	122	0.5239942393785426
127	2	0.5221201003830308
127	78	0.5153739659523078
127	7	0.5149772851692149
127	0	0.51362397530841
35	62	0.8127575208045812
35	32	0.7645598872932708
35	140	0.6997242265586627
35	37	0.6882010014575757
35	34	0.6024537348074412
35	39	0.5933690708787116
35	142	0.5758289711982334
35	41	0.5753675774623884
35	38	0.5690927515748697
35	31	0.5629217416871688
35	134	0.5561004634308906
35	42	0.5529912432279049
35	36	0.5352182886177267
35	33	0.5212175521648323
35	40	0.5171855986051889
62	32	0.6864811522237959
62	41	0.6782521554895937
62	42	0.6426704340084151
62	34	0.6344982236063942
62	68	0.6112408890793409
62	140	0.5996176674941607
62	33	0.5873167691668488
62	67	0.572107379229562
62	31	0.5645045081301716
62	37	0.5635567098621781
62	40	0.560635834482718
62	137	0.540619130366231
62	61	0.5297517501545449
62	39	0.5211592831542249
62	166	0.5195987841182761
62	145	0.5178665136232347
193	88	0.7756670297002056
193	90	0.7791485730680021
193	196	0.7404433103841491
193	91	0.6888216248457113
193	190	0.6610464508557137
193	93	0.6382646638558944
193	191	0.617602577238759
193	87	0.6175221570650536
193	182	0.5952706127989048
193	175	0.5923314256004262
193	55	0.5890956834757574
193	85	0.5747986900497445
193	83	0.5730954065146139
193	94	0.567264386354147
193	184	0.5586991390742357
193	170	0.548637498243615
193	185	0.5409021615286645
56	162	0.8108480688151702
56	57	0.7891596297591903
56	163	0.7554326717603881
56	100	0.6029567643946312
162	100	0.6395784126304541
162	163	0.7181285962060764
162	57	0.706969961211649
120	117	0.7094372644251847
120	18	0.5898069597139523
120	16	0.5759960523911869
120	118	0.5417575853139949
120	77	0.5115006118346368
153	154	0.8090248660126117
153	168	0.6156068293095235
153	155	0.7433744869867862
153	47	0.7153958788351097
153	157	0.7080387566169718
153	164	0.6815216744504146
153	51	0.6577854372699493
153	45	0.6514191239280116
153	53	0.596566822470345
153	46	0.5910966648335366
153	179	0.5826728739845417
153	18	0.5662869646053081
153	14	0.5560382926147572
153	152	0.5482739161638382
153	82	0.5449501675581803
153	189	0.5413335482984648
153	172	0.5369214706192141
153	122	0.5306144370284476
153	49	0.5297157810476796
153	137	0.5294063680770854
153	165	0.5245598435215908
154	157	0.7553253211189701
154	47	0.7290750392072642
154	46	0.7168962510501904
154	155	0.7058477525630615
154	45	0.6905937658878133
154	14	0.6683914415259977
154	152	0.6631861485049133
154	51	0.6581200251876849
154	53	0.6455375583382487
154	48	0.6101623747939167
154	164	0.6009226051098779
154	18	0.5861232873491474
154	49	0.5673661093652042
154	117	0.5304851039797084
77	147	0.8076036970142362
77	78	0.8035669568851859
77	75	0.7833179783404312
77	43	0.7548955129579757
77	186	0.7517295028188636
77	135	0.7460380331090293
77	7	0.6784033195017952
77	129	0.6559889832501073
77	187	0.6401040494003365
77	118	0.6345758807609755
77	63	0.6184307711959572
77	18	0.6158800077188282
77	182	0.6106517492519051
77	73	0.6083766117867335
77	30	0.605692707373713
77	24	0.601841813569838
77	184	0.5958126900519071
77	104	0.5955094517557843
77	117	0.5954061829581994
77	130	0.5947086038636007
77	101	0.5886776275004003
77	2	0.5787625719387373
77	134	0.571353480151993
77	34	0.5685312957465446
77	185	0.5681792701805538
77	40	0.5667215712414229
77	0	0.5624638792638696
77	148	0.5405200405332746
77	181	0.5398259917870852
77	79	0.5350969755457696
77	69	0.5321931778378258
77	29	0.5268682029438881
77	16	0.524661313245035
77	10	0.5172734954364815
147	43	0.7731451934491078
147	78	0.7558059360333104
147	135	0.7327267362418572
147	186	0.6291693278604893
147	129	0.6000594011333164
147	75	0.5924742185564503
147	148	0.5877358493527245
147	118	0.5839330103747187
147	29	0.5742694607335164
147	182	0.5728468760138686
147	117	0.5650425224677842
147	7	0.554620494578207
147	18	0.5536434526534908
147	187	0.5444789659441823
147	130	0.5415314665312105
147	30	0.5396771714597817
147	34	0.5308514834576993
147	24	0.5108136038006174
147	40	0.5096745416827633
75	186	0.7539217532718192
75	78	0.7531870890017047
75	184	0.7096607075221457
75	73	0.6844560508758354
75	187	0.6582277185462744
75	182	0.6277171876110351
75	7	0.6165437103343019
75	43	0.615644089627119
75	185	0.6111907758629068
75	135	0.606970078189413
75	129	0.60425986030026
75	104	0.5971590766338223
75	130	0.5856898564783521
75	63	0.5829964228200555
75	190	0.5633587804077467
75	0	0.54643886758871
75	101	0.539152488089975
75	24	0.5309304804817312
75	18	0.5206565112661997
75	40	0.519759369521669
75	79	0.5170757122227756
75	2	0.5145436224034166
53	157	0.805085106435584
53	51	0.7967686224583799
53	49	0.7004329733127009
53	47	0.6576776333174733
53	40	0.646394168302931
53	27	0.6328944361058513
53	18	0.6327925195538551
53	155	0.6295014931597598
53	45	0.6133474578414985
53	117	0.5696469222644394
53	48	0.5520464203077677
53	130	0.5218436371161721
53	14	0.518422473550583
157	155	0.7620557408509733
157	51	0.7183851729260949
157	45	0.6591618180421687
157	47	0.635393488874972
157	14	0.5919482970963154
157	164	0.5836429660868714
157	18	0.5636931752461157
157	49	0.5475461298975856
157	156	0.5356676681047415
157	122	0.5258054380537786
157	152	0.5253856634714278
129	29	0.7904762824863913
129	130	0.6605225225511578
129	135	0.6599810177511217
129	133	0.6512809455777845
129	78	0.6508373316891132
129	7	0.6467026151305553
129	28	0.6307556032355307
129	118	0.6207288961577759
129	186	0.6184060688496531
129	143	0.6178746727854576
129	117	0.6159544852320964
129	24	0.6090312703547474
129	104	0.6027466963675279
129	27	0.583827556964879
129	18	0.5805155788459704
129	43	0.5753809563514473
129	34	0.5650969781619097
129	2	0.5627099378080126
129	132	0.552824612951905
129	134	0.5504592673331544
129	30	0.5494478185753048
129	0	0.5413406178400896
129	16	0.5385492943984729
129	101	0.5321501702392886
129	73	0.5119656332103004
78	135	0.7918602731404318
78	43	0.7213865400489966
78	182	0.7002189650349776
78	186	0.6703948798198879
78	7	0.6694081752593551
78	30	0.6418008849941947
78	73	0.6194116997935749
78	187	0.6160289517362364
78	63	0.6134846764006118
78	34	0.6028867510058288
78	24	0.5981040459612297
78	2	0.59187683675002
78	184	0.5893894404070754
78	185	0.5781237846871563
78	104	0.5686192696255301
78	101	0.5581830314553459
78	134	0.5552848409151436
78	40	0.551823902686601
78	79	0.5451680698275903
78	143	0.5445844887234974
78	32	0.5344615056879176
78	130	0.5307652943633788
78	118	0.5274386692008063
78	29	0.5226726978563185
78	181	0.5148156112079043
78	33	0.5131600252838486
78	0	0.51231973393655
143	39	0.7843590888559397
143	131	0.7144670208011001
143	24	0.7456830795351361
143	141	0.7041224805464911
143	134	0.6928623356968464
143	104	0.6289396975069054
143	34	0.6276687074860038
143	37	0.5980526617786759
143	140	0.5891479183159972
143	135	0.5890891537745343
143	142	0.5791680993889782
143	2	0.5652807297807473
143	30	0.5568736241055164
143	7	0.5527065564170237
143	32	0.5489170356410352
143	29	0.5467333898941243
143	28	0.5403218158740036
143	132	0.5364159601089342
143	130	0.5361879984527118
143	110	0.5234209124366946
143	166	0.5191460277160534
143	137	0.51413912329801
141	134	0.7636026749238308
141	37	0.7074498211225418
141	142	0.6942946324021172
141	2	0.6740125870149567
141	140	0.663482941747853
141	166	0.661153410762452
141	36	0.6587035138290381
141	32	0.6505721033492557
141	39	0.6291632863629095
141	104	0.6273231456549934
141	110	0.6230592316385409
141	24	0.6058256490944635
141	1	0.5988934588241173
141	0	0.5849140991790714
141	102	0.5693361097451811
141	7	0.5672304748365369
141	131	0.5637886827089105
141	30	0.5628534259304804
141	139	0.5606975432403971
141	38	0.5338468815624319
141	145	0.5176542556125235
141	10	0.5115522956826966
113	139	0.6090941746146445
113	8	0.5469576970749959
113	110	0.5385847916754668
51	155	0.7990214552022646
51	47	0.7000456280182002
51	45	0.6262728212075239
51	89	0.5780572035492064
51	18	0.5766572214148965
51	49	0.531755805947517
51	40	0.5228107786598283
51	67	0.5201169050320821
51	27	0.5200293621599871
155	179	0.6854434197702794
155	178	0.620003023970044
155	164	0.6718677595218084
155	45	0.663908167940303
155	47	0.6357570757269569
155	89	0.6264065149027985
155	171	0.6092765536376625
155	156	0.6057117011189032
155	168	0.5756350967396754
155	122	0.5566597207383535
155	14	0.5493710221536828
155	137	0.5365085471812449
155	18	0.5322505170301784
155	152	0.5302263637784658
155	165	0.5197082781490414
155	46	0.5160786311845738
52	156	0.7989129597842315
52	45	0.6919930278672928
52	142	0.528333126224339
156	122	0.5827125021383947
156	45	0.6418185274032226
156	137	0.5957288326161587
156	164	0.5692144431270939
156	171	0.5565699973517676
156	14	0.5557342568263955
156	139	0.5445704200155744
156	165	0.5214724219516732
18	117	0.7989129597842315
18	16	0.7760252860977008
18	148	0.5917338881403466
18	118	0.7474668551313088
18	14	0.6333018830411069
18	43	0.630520707990553
18	152	0.6281169628761258
18	48	0.5730483953129051
18	27	0.5708952846678506
18	186	0.5454210252107418
18	135	0.5439299696288983
18	130	0.5262538795622824
117	16	0.7430880183375261
117	118	0.7284842503209492
117	14	0.6091130443984282
117	152	0.588049952670172
117	43	0.5860182439803812
117	48	0.5609785821064026
117	135	0.5488052354088637
117	186	0.5480430738205802
117	29	0.5195403803223939
139	36	0.6951844514515808
139	142	0.596283340546054
139	0	0.5732095608732422
139	140	0.5445844887234974
139	102	0.5294423535693801
38	142	0.7978614861880029
38	36	0.766134009455205
38	98	0.6734719764948418
38	37	0.6651589718256952
38	32	0.6283530379754442
38	39	0.5975514083043532
142	36	0.7566920761763851
142	39	0.6882588988063658
142	32	0.5849667267560766
142	37	0.5817341988627724
142	134	0.5483438519004966
142	131	0.5464248393441204
142	140	0.5122754808668867
42	68	0.7946040293662974
42	69	0.7091937974133865
42	41	0.6803900843737491
42	40	0.6531484438103548
42	86	0.616010336142291
42	32	0.6077778819229483
42	61	0.5861101580054006
42	172	0.5858672096239241
42	33	0.5643954847383826
42	94	0.5513716717943344
42	130	0.5492104178228968
42	27	0.5476581510004557
42	66	0.5267598328956821
42	145	0.5200585443314477
42	93	0.5174565787893556
42	181	0.5102738819300944
68	69	0.7261149557478769
68	40	0.6586412372519956
68	86	0.6508430957592751
68	41	0.6301651340100151
68	92	0.6045518193366348
68	172	0.593550456418775
68	61	0.5893307014835465
68	66	0.5540108886334556
68	94	0.5110722318630605
110	10	0.7587319946959534
110	104	0.7474447896416422
110	7	0.6906251494024108
110	8	0.6693585019242925
110	2	0.6549966110275756
110	134	0.6254759730322668
110	1	0.613203962475079
110	102	0.5794670753886771
110	135	0.5768374092969515
110	24	0.5571012465505008
110	0	0.551907356005667
90	196	0.7522639387834186
90	88	0.7274312778753158
90	91	0.7136436112815386
90	184	0.6893257950771856
90	94	0.6857719838340347
90	93	0.6695350910364978
90	185	0.6493534773111704
90	182	0.6255733680536619
90	87	0.6127295159734371
90	190	0.6090312703547474
90	84	0.6042408138543588
90	73	0.5874870585027184
90	86	0.5566528194003837
90	83	0.5515595609241244
90	92	0.548008090422527
90	69	0.5466632778010584
90	191	0.5437186931029042
90	63	0.5380308164556656
90	175	0.5374692648441203
90	74	0.509852175597611
14	152	0.7400681326236671
14	46	0.6400273083301012
14	45	0.6295196046538212
14	48	0.5541494876615884
14	122	0.5399889467684008
135	7	0.769703563524043
135	30	0.6855653390305235
135	104	0.6723666746270458
135	134	0.6670837043253105
135	34	0.6544481260485391
135	2	0.6446676331651033
135	24	0.6423651051476121
135	10	0.6332958937159271
135	43	0.6179426735611884
135	181	0.5920457280265083
135	130	0.5866416502186182
135	32	0.5737129174817399
135	29	0.5719660966968027
135	0	0.5632563777224162
135	101	0.5567977313625839
135	186	0.5543988885012061
135	140	0.5508912564953952
135	118	0.5508842912687895
135	100	0.5459687544861745
135	33	0.5436059841015043
135	79	0.5426894966530487
135	40	0.5415880035754234
135	39	0.5363376071150211
135	182	0.5315334262101278
135	31	0.5296078622948527
135	63	0.5165040282555685
98	97	0.6561883249327349
98	61	0.5840647994296445
98	37	0.5121943431735929
98	166	0.5108801169942071
98	63	0.5096375291464988
29	133	0.7302113563087026
29	28	0.6988913481653987
29	132	0.581846657244857
29	7	0.5734579375800534
29	130	0.5456528137316932
29	27	0.542661276516064
29	104	0.5315692988675631
29	10	0.5287510992791299
29	30	0.5284700766556253
29	24	0.5227962451300702
29	118	0.5133957199444027
57	163	0.5215233847472116
34	33	0.7837812381961085
34	24	0.7500633980027173
34	39	0.7312599123812881
34	30	0.6734337242067939
34	32	0.6711484690871508
34	2	0.653114038635474
34	134	0.6066984247559898
34	40	0.5902762923057953
34	7	0.5814827408655119
34	104	0.5717238190981004
34	27	0.5500688300456632
34	41	0.5413194089855953
34	130	0.5347757461654182
34	37	0.5282610360050409
39	24	0.737164247947638
39	37	0.6354531125977502
39	134	0.6311348053419963
39	32	0.6249216680597163
39	36	0.6156254598123971
39	2	0.5733572570213246
39	104	0.5552433400077771
39	30	0.5550496325441555
39	131	0.5503825932853594
39	33	0.5287727116045476
39	140	0.5270560037867692
33	27	0.6418008849941947
33	41	0.6183690130387248
33	40	0.6001553818007481
33	32	0.5740415432816486
33	130	0.5733908191319339
33	30	0.5642591778066353
33	24	0.5457862298696031
89	179	0.7836269150338386
89	192	0.6614910025024451
89	87	0.6830716385374407
89	191	0.6629732248857999
89	82	0.6333557835540289
89	54	0.591083652585052
89	83	0.5776042476604113
89	91	0.5651037847774982
179	191	0.6666728020564665
179	165	0.6568995123240238
179	171	0.6135782132751676
179	169	0.6101686517743805
179	164	0.6030649486382634
179	178	0.5928050954425673
179	87	0.5901329274329102
179	189	0.5794870015795304
179	82	0.5617456392408
179	192	0.547413079342666
179	173	0.5466282188797812
179	91	0.5447392242839734
179	137	0.5113012251796499
189	159	0.5938418426055827
189	86	0.6661725093756763
189	91	0.6391054191549488
189	82	0.6374580033620313
189	175	0.6248911934620902
189	191	0.6230347591408866
189	172	0.6156192497212343
189	169	0.5940618978010191
189	84	0.5927013124607492
189	87	0.5661918523950964
189	69	0.5203065437682136
189	92	0.5134988120108097
27	130	0.7820006710444429
27	40	0.7011708441857465
27	28	0.6109087977018622
27	69	0.5510583989112792
27	41	0.5378247326826531
130	40	0.7223826150543715
130	145	0.6094714392674219
130	132	0.5730819751275658
130	28	0.5687072304993297
130	69	0.5564457435341905
130	41	0.5538791911045835
130	7	0.5367079216275926
130	30	0.5335965821776453
130	181	0.5323078513397285
130	186	0.5119951482534737
130	104	0.5104661577633035
130	118	0.5099039773018744
87	191	0.781534063462901
87	91	0.7729439924321517
87	83	0.7522856429153592
87	60	0.647754396904957
87	93	0.6841848810850517
87	94	0.6541278580225101
87	92	0.6392828484097883
87	69	0.6260600507541929
87	88	0.6158303499269875
87	190	0.6155260891783136
87	82	0.6076454377508899
87	192	0.6046596761573547
87	54	0.5895851918153199
87	80	0.5329024066511006
87	159	0.5226145503650007
87	97	0.5226072815866959
87	64	0.5205690357855852
87	86	0.5128652980873007
191	83	0.7507885865328694
191	190	0.686782418175288
191	91	0.6330382809656818
191	54	0.6015292060547177
191	192	0.5917208909664182
191	82	0.590419619948566
191	159	0.5775775921112477
191	175	0.5764769774145178
191	69	0.5695726123461581
191	60	0.5618756693098996
191	92	0.5349470877474064
191	93	0.533417739652059
191	169	0.5274747586715388
191	97	0.5181811236835067
191	184	0.516151993682891
196	182	0.7485240604803297
196	175	0.7172314664178988
196	93	0.7043291476004336
196	185	0.6719829479478038
196	170	0.6424708189961347
196	94	0.629338458928613
196	190	0.6252445817193955
196	63	0.5987972511883736
196	184	0.5660695431097927
196	145	0.5517752164794159
196	91	0.5298812231621847
196	84	0.5252336130178161
196	195	0.5244656082897858
196	69	0.5190510579449272
196	166	0.5189779955529351
93	94	0.7785978742195608
93	66	0.6609394640775232
93	69	0.6923420335887739
93	92	0.6783925239766005
93	91	0.6726569703707881
93	61	0.6551964080200334
93	195	0.6306110659895061
93	41	0.6240615539477572
93	83	0.6105325855836977
93	175	0.5926753636393989
93	190	0.5887887043539421
93	63	0.5861692376282375
93	88	0.5791813905212735
93	182	0.573108837593767
93	50	0.5483788168928297
93	170	0.5470698212261099
93	60	0.5440215013805484
93	40	0.534889978774441
93	79	0.5345686497322998
93	185	0.5250597999945458
93	64	0.5173247635491875
94	69	0.7653895139460661
94	91	0.7099187307559386
94	92	0.701353807395009
94	86	0.6636396539385981
94	175	0.6196335288113531
94	41	0.6176891691390023
94	182	0.6099614709734662
94	88	0.5965925861765936
94	60	0.5901785475672569
94	40	0.5750798568708826
94	84	0.5687884136089266
94	61	0.5568460278201542
94	80	0.5479031287254107
94	63	0.5459476965976985
94	184	0.5433875546136773
94	185	0.5289023711577724
94	195	0.5270271146989831
94	83	0.5183347195150944
16	118	0.753290920440782
16	43	0.5947344561156644
16	186	0.5147935619207776
16	152	0.5124303547082725
88	91	0.7040670129819966
88	66	0.5383930836683632
88	85	0.5157557462340091
88	184	0.5132926130573635
131	132	0.7746692452600998
131	28	0.6637683382485621
131	104	0.5559484793388835
131	24	0.5348185856848735
131	134	0.5153666220177072
132	28	0.7741889339192027
132	133	0.5885992069229384
28	133	0.6572461480298174
43	186	0.6437726134950557
43	118	0.6098484281026566
43	182	0.5900873035293357
43	148	0.5728334389307898
43	49	0.5719189949761425
43	187	0.5423860659768387
43	73	0.5371918672641961
43	40	0.5133441683534092
91	82	0.6404285818568838
91	69	0.7095614170949269
91	86	0.6467840563583293
91	92	0.6196704906945377
91	60	0.6016121607071506
91	83	0.5885992069229384
91	184	0.5708885438436282
91	84	0.5660831342613675
91	190	0.559187322584451
91	175	0.5529009906512196
91	54	0.5264779906187325
91	182	0.5248352266642737
91	159	0.5175810484160014
50	67	0.7705580495869435
50	173	0.6792875559791371
50	174	0.6807604882615939
50	195	0.5701195853802434
50	66	0.5378531618533182
67	174	0.724370556386064
67	171	0.6329723574965875
67	45	0.5964701976206437
67	173	0.5272004309543769
67	195	0.5139036730609035
7	104	0.7537792891760717
7	2	0.7167698519541689
7	10	0.7111516271552053
7	24	0.6743780456351917
7	8	0.6671059037062017
7	30	0.6332479763834812
7	134	0.6215396296440422
7	0	0.5615334253230164
7	186	0.5509887616099904
7	102	0.5390815528062591
7	1	0.5350541538973911
7	63	0.5326517546520217
7	79	0.5172295483847202
7	140	0.5126220570972898
1	102	0.7682732687188347
1	6	0.6357213255868558
1	104	0.5963091177783305
1	2	0.555091146355897
1	134	0.5467684430658769
1	0	0.5277706205258752
102	6	0.6006222410484303
102	8	0.5596751186084099
102	2	0.5524842721620642
102	104	0.5282177782173382
102	134	0.5104439746945457
36	37	0.6824149890079751
36	32	0.5896178103188031
36	79	0.515763086156255
69	92	0.7080138216782911
69	86	0.6974716073318894
69	61	0.7115320015816932
69	40	0.658737479067468
69	175	0.6511312036111142
69	63	0.640746991374946
69	172	0.6178375775569663
69	41	0.599656093630825
69	54	0.5957417346055951
69	60	0.5878863793129625
69	65	0.5760561898428072
69	66	0.5725041342180283
69	182	0.5665790006772328
69	82	0.5611772876534821
69	190	0.5489100487018033
69	64	0.5356106208482457
69	184	0.5330599114884207
69	166	0.519233680743295
69	84	0.5158291420493557
32	37	0.6601954454852308
32	134	0.6501450984626982
32	30	0.6476208817402566
32	140	0.6459981155659287
32	2	0.6225083053790854
32	24	0.6100619326887932
32	41	0.5974163755756177
32	0	0.559482794621279
32	166	0.5583826443317838
32	79	0.5491196235117305
32	181	0.5422378274498494
32	61	0.531612343539468
32	31	0.514734760492167
45	164	0.7636443628358767
45	47	0.6378199874091695
45	171	0.5664092295745864
45	46	0.5586853818150743
45	152	0.5564871642393086
45	31	0.5199709941748669
164	165	0.7117837085475838
164	171	0.7007283016190681
164	137	0.587977986317435
164	173	0.5542464887038693
134	2	0.7574390661696083
134	140	0.7038147793877241
134	30	0.7124343372855082
134	104	0.6908499884866526
134	24	0.6561826307265483
134	181	0.6179859419691535
134	166	0.5977442534224362
134	10	0.5931616993038369
134	37	0.5908168336905499
134	0	0.5836165910356156
134	101	0.5646611947557074
134	100	0.5456528137316932
134	137	0.5195038754844766
134	145	0.5171269946560568
134	31	0.5123492344715946
175	170	0.7153763499268223
175	172	0.7081534345971646
175	195	0.6717854621714281
175	182	0.6719171299705725
175	166	0.6708790962531219
175	169	0.6378318509711048
175	167	0.6370838553590503
175	145	0.6130916335157178
175	92	0.6008523223418726
175	84	0.590914465357807
175	86	0.5566252132801713
175	65	0.5539277144720949
175	165	0.5528385004973019
175	60	0.5527204465727282
175	63	0.5229125048580266
175	61	0.5123861084400433
8	4	0.6031985573758246
8	10	0.6510390295042013
8	107	0.5797459790153677
8	6	0.574483889989012
8	104	0.5503268245098646
61	166	0.760415717902599
61	63	0.7141976697029945
61	37	0.6296101518630592
61	92	0.6033003317925879
61	79	0.5915388982298669
61	66	0.5666944175594665
61	97	0.5523453045826342
61	41	0.551114103226733
61	182	0.5273448276683699
61	167	0.5260224624058865
61	60	0.5243496088246236
166	167	0.6515399945476198
166	63	0.6249399519041952
166	37	0.624915573292541
166	145	0.6179055833749248
166	140	0.6024091394620308
166	170	0.598174691183616
166	79	0.5498177075864458
166	137	0.5419483120649548
166	172	0.5357247104721073
166	182	0.5190948917397108
137	165	0.7597569790288459
137	140	0.6904211100638483
137	171	0.6842274300399322
137	169	0.5379171230148567
165	171	0.7015773036588207
165	169	0.6958039966105574
165	167	0.5575424576274454
165	172	0.5517404383144345
165	60	0.550264078767514
10	104	0.6473653505771725
10	2	0.6315437645883307
10	181	0.6201876684955356
10	0	0.5833923533794715
10	79	0.5700250829258117
10	30	0.5582174520798365
10	24	0.5236967491679078
2	30	0.7187575873613533
2	104	0.7303466971437422
2	24	0.6567516814907698
2	0	0.6010950779682406
2	101	0.5706121037834596
2	100	0.5556582246408595
2	140	0.533439203274031
2	79	0.5199491049284637
2	181	0.5105992419078951
163	161	0.47678104499236457
163	100	0.5957739882341091
0	101	0.720680777994345
0	181	0.6173427116829444
0	24	0.5747183317314376
0	79	0.5707671958465347
0	140	0.5466492544625252
0	30	0.5423084214355893
0	99	0.5176762162936251
186	184	0.6342173562264513
186	185	0.6097604887098094
186	73	0.5837682307632391
186	187	0.5759693226334467
186	118	0.5751534733611003
186	101	0.5740951789229343
186	182	0.5479521129979334
186	104	0.5223382833813993
186	30	0.5101037492357655
104	30	0.6521438516340875
104	24	0.6207473366834977
104	185	0.5286286164838628
83	190	0.7420922164060475
83	54	0.6044629794243659
83	192	0.5740549526538276
83	97	0.5550357939924275
83	92	0.5246540659019475
83	159	0.5096301264128832
63	182	0.6394424765618006
63	185	0.6068374279451915
63	74	0.5947215301433815
63	187	0.5785297629289813
63	79	0.5665722107564027
63	92	0.5599223037482972
63	190	0.5502361897759318
63	73	0.5423507741520068
63	184	0.5379029099585743
63	80	0.5181664937654286
63	167	0.515418027970263
63	30	0.5105474898692696
24	30	0.5838077822570226
24	140	0.569505049794279
24	37	0.5617935482854085
24	122	0.513984617816448
182	187	0.7120796005167745
182	185	0.6723831119871284
182	80	0.6193377347986169
182	184	0.6155695662393017
182	73	0.6045771994067881
182	190	0.5907126741701227
182	74	0.5562455044683671
79	181	0.7452521299164643
79	190	0.5698968054673763
79	41	0.5532896785402147
79	40	0.5269621097979839
181	31	0.5930709494805381
181	101	0.5586785030702024
181	40	0.5517404383144345
181	30	0.5335107437191858
73	184	0.7429670826234862
73	185	0.6080867868655458
73	187	0.6040185542954252
73	101	0.5277056862062224
184	185	0.6915497934642135
184	187	0.639016679008987
184	190	0.5866285330332338
184	92	0.519445463799125
190	55	0.6484387622972264
190	54	0.585834370681354
190	185	0.5665518405322728
40	41	0.7414850546632215
40	49	0.6218218456411001
40	145	0.5984956886699938
40	30	0.5584789860349305
40	86	0.5279653864738408
41	145	0.6233833770811816
41	31	0.5207075335823688
41	92	0.5151683071710903
152	46	0.7356721878597318
152	148	0.536736398800495
152	48	0.5246830548180111
152	47	0.5187075987623312
46	47	0.5846706325658362
46	48	0.5306934617307615
47	49	0.6415302829768292
47	48	0.5991050547839448
47	168	0.5163427007368472
174	171	0.7051345120494846
174	195	0.6238172741117703
174	173	0.6018481913957677
101	99	0.6574846537282516
101	30	0.6327505475408496
101	100	0.6313994661260923
30	100	0.6828955725210636
30	99	0.5218218063978599
30	37	0.5162473536092498
30	140	0.5123492344715946
170	65	0.6309843643936293
170	66	0.636953129723384
170	195	0.6252019450084668
170	145	0.5839132393611943
170	172	0.5829898216298612
170	167	0.5354323166608476
170	169	0.5321358337627811
187	80	0.6429931559960282
187	185	0.5741689198856693
187	74	0.5606221205797278
172	86	0.6148237267270347
172	169	0.6052303134744711
172	84	0.5127178891318751
172	167	0.5097633640732628
92	84	0.5970818629766692
92	60	0.5921950885122428
92	86	0.5917403866119489
92	185	0.543725736764434
92	82	0.5106953430222045
37	140	0.6028612892892026
185	74	0.5868055890654214
171	169	0.5963542249759324
171	173	0.575360887902391
49	86	0.5999057961233276
49	48	0.5929672169422813
49	82	0.5389183726283615
86	84	0.6121858568896891
86	82	0.5736927915307009
169	65	0.5992845251505388
169	167	0.5513299110560707
169	195	0.513918390969926
100	99	0.5101259427210798
173	195	0.5757353847148416
195	145	0.6136280925687689
66	65	0.5504732070715875
66	85	0.5451188725259198
66	64	0.5173247635491875
97	177	0.6109902739880236
167	60	0.5289815953992413
167	65	0.52308685797648
85	160	0.6489773975885182
85	55	0.6294471545730366
55	158	0.5394077917798537
60	80	0.5513020690289129
82	168	0.5463055868855021
82	159	0.5425836648222355
82	54	0.5368289411677285
65	84	0.5354537156841375
178	72	0.5573012093173549
84	74	0.5123418594511897
177	71	0.5980462384101236
54	64	0.5960126053646538
54	159	0.5382013199174546
4	107	0.580137542849365
107	105	0.3274416839987095
58	161	0.5543226932488643
58	59	0.3791614995342074
59	151	0.4524924344019357
