25	128	0.8995392946736024
25	23	0.8850269886003483
25	20	0.6899183910708434
25	124	0.838944793413829
25	28	0.8010730082157311
25	132	0.7306684845857221
25	126	0.7157764691996645
25	131	0.6994434062100164
25	133	0.6735921744932191
25	26	0.6543223344562042
25	29	0.6407293077362379
25	121	0.6062432457466386
128	124	0.8707806820677624
128	28	0.8167578020290838
128	126	0.7736675885641718
128	26	0.6863330755494094
128	21	0.5738470727842881
128	117	0.4804121859339936
128	23	0.8662856945497874
128	131	0.7625165525371222
128	132	0.7608329539227954
128	133	0.7313296935676186
128	130	0.6211467127682859
128	20	0.6175963915299902
128	29	0.6107959630160141
128	125	0.6057876691969832
128	121	0.6051796153184424
23	124	0.8164913025992865
23	28	0.7928651070720127
23	131	0.7442054905514354
23	126	0.7337347077030356
23	132	0.7169691521750468
23	133	0.6776577408350873
23	20	0.6405406399541383
23	26	0.6390699251381339
13	114	0.8844404248694078
13	110	0.8050499198057385
13	12	0.7926793509867394
13	102	0.739407062034707
13	113	0.7040518839732091
13	112	0.685893799479026
13	111	0.6793521789210746
13	2	0.6331521271528211
13	103	0.6291874518970977
13	3	0.6178746727854576
114	110	0.855012610034899
114	102	0.7961836215613812
114	12	0.7943458627047155
114	113	0.7411967899616648
114	112	0.717590604216945
114	111	0.6626536382435425
114	103	0.6414361230892418
114	3	0.6410298371422488
114	2	0.6275959781691257
114	11	0.6185974800684084
12	112	0.8800072964811912
12	113	0.8398900018863265
12	11	0.7268280365374559
12	3	0.7656379071808774
12	103	0.7529273461265091
12	109	0.7474227225026401
12	111	0.6561712420899866
12	9	0.6547167413008748
12	6	0.6489079327786303
12	102	0.6400391154798536
12	0	0.6374401936026289
12	176	0.6367985885489011
12	108	0.6354233016835187
12	110	0.6321505413420141
112	103	0.8041684109290363
112	3	0.7767402991223566
112	108	0.7716121601127337
112	0	0.6466909794655089
112	113	0.7962568282313663
112	109	0.7531697801118823
112	9	0.745292141166351
112	6	0.700870788016201
112	11	0.6602744180618144
112	176	0.6070269179434332
112	111	0.6045391288412404
124	28	0.8128253948131291
124	132	0.7639359999942685
124	126	0.7283293405562743
124	131	0.716239435093134
124	133	0.678041509915362
124	20	0.6626087646523285
124	121	0.636501250122523
28	132	0.8637176916678078
28	131	0.7921584500315308
28	133	0.740845097399268
28	29	0.6743017084332524
28	135	0.6175840198832346
28	126	0.7029507978746892
28	26	0.6574789765516241
28	125	0.6141203876639041
132	131	0.7220668767489389
132	133	0.6577967834870506
110	104	0.6061863204194098
110	102	0.7523854608941601
110	111	0.6593427416966877
110	2	0.6404639715708587
110	113	0.6343129894564842
61	62	0.8437068491451657
61	92	0.6425706374049481
61	60	0.740357467004592
61	35	0.7024040540166805
61	183	0.6780523149630518
61	63	0.630568901050456
62	60	0.7441787198648241
62	67	0.7282354196021124
62	35	0.7261338654814828
62	165	0.6793952550292345
62	137	0.6459981155659287
62	22	0.6173179555525837
113	111	0.7120500226945525
113	103	0.7493407862675636
113	3	0.7068899212027598
113	102	0.6540706426055451
113	6	0.6395429549025712
182	183	0.8352338507304424
182	185	0.7627675787642711
182	195	0.6962628249033409
182	167	0.5790551123323712
182	165	0.7026218384993027
182	196	0.6912783812680087
182	174	0.6868827877599037
182	199	0.6242751987863076
183	165	0.7375703455051578
183	199	0.6741926302831894
183	174	0.6706205517677178
183	196	0.6561370743867725
183	185	0.6516090486245698
183	195	0.6386556271284751
137	165	0.8157566318133642
137	138	0.7600105250181097
137	164	0.7568587196595153
137	172	0.7353003493546152
137	145	0.6250130804265137
137	171	0.6870728898765741
137	140	0.6844932554872393
137	22	0.6605957985583225
137	174	0.6549509302788508
137	175	0.6217114325173688
165	174	0.7813004312314202
165	169	0.6947811923774011
165	172	0.700152698861112
165	196	0.6687232601438816
165	171	0.6587488002169868
165	164	0.6467956896155325
165	60	0.6247022084498091
165	185	0.6204030002851468
165	175	0.607847243950518
84	86	0.8157231749724465
84	94	0.6044249005729859
86	94	0.6437257665366836
86	76	0.6034783897483605
15	115	0.8137733166072876
15	116	0.7288876047208568
15	120	0.7058477525630615
15	18	0.6839561006412074
15	43	0.5189487684726168
15	118	0.3789816755415337
15	151	0.3338367135463777
15	17	0.6468131389370196
115	116	0.7188494184502487
115	120	0.6077715758241591
70	176	0.8061730853233976
70	197	0.6435969125202499
70	38	0.6334096779224251
176	197	0.7468572419450299
176	109	0.6566322428017376
176	101	0.4495530651844053
176	9	0.6242874042434382
103	3	0.7562429315270943
103	108	0.7342605296991936
103	6	0.6725474491181592
103	109	0.6596309310097561
103	9	0.6517241147569591
103	102	0.6274747382951736
9	109	0.8041330767710064
9	108	0.7931249182783005
9	3	0.6762872206726687
109	11	0.6916071825755126
109	108	0.6812645368131416
109	3	0.6585732888754185
102	2	0.6430928602627386
102	1	0.5211082937840467
102	3	0.6177200911884823
108	6	0.7033855746796984
108	3	0.6681091863661769
131	133	0.7254524227761376
131	126	0.6805135909906653
131	26	0.6613109869142536
19	121	0.7914870203930049
19	20	0.6748629951260738
19	119	0.6162398803815485
121	20	0.7727023458428437
121	119	0.6376301292527736
88	90	0.7880252663445667
88	193	0.5964057714476941
88	73	0.5203357144051116
88	85	0.476000262639521
90	94	0.6488384571495962
90	91	0.6462951877487463
174	158	0.4257219871350205
174	196	0.6749337817073284
174	171	0.6700258317393629
174	172	0.6353338575748073
174	169	0.6345340669620528
174	185	0.6099049526406047
174	170	0.6093268537523158
138	141	0.7785978742195608
138	140	0.7472814537518266
138	34	0.6139148034784115
138	166	0.6067742492778796
141	140	0.7727829196068079
141	143	0.7158544865115082
141	123	0.7135209111940423
141	37	0.6881062414314022
141	134	0.6374698761565406
141	166	0.6939111487737243
141	34	0.6624011624036943
141	36	0.6363406086565133
141	24	0.6232916595308133
141	32	0.6055597318294917
3	6	0.6339722074728988
3	11	0.6053380307559945
98	199	0.7767006285903469
98	96	0.6626143741114097
98	71	0.4905238980830383
98	95	0.6383357725954744
98	198	0.6274565496892083
199	177	0.5467824637979465
199	198	0.652832962100461
126	130	0.6283227784018012
126	125	0.6161530381125464
126	133	0.6734446537999674
126	26	0.6475628192608492
140	166	0.7589567969285609
140	32	0.6155074550052183
140	37	0.6146246501955808
96	198	0.7719760605104354
96	81	0.7569355988632053
96	87	0.5590979658492506
96	75	0.49312420789975014
96	95	0.6723557160185862
198	95	0.6972558601340808
198	190	0.5934532930904501
198	97	0.5864186162060208
198	78	0.5454210252107418
198	81	0.668479952520587
32	35	0.770273527960563
32	37	0.7148144157012578
32	36	0.665437660887306
32	30	0.5657092654598057
32	34	0.6892050650500847
32	22	0.6173179555525837
32	166	0.6055533988170301
35	34	0.6158800077188282
38	142	0.7653066654865139
38	41	0.6350117176059612
38	79	0.6179612176229736
38	156	0.6159917198602889
142	181	0.6934597924362437
142	156	0.6464174546839987
142	196	0.6399092202068328
142	145	0.6162832958973595
193	194	0.7628512031301224
193	160	0.44777995598813675
194	187	0.46269892952947067
194	184	0.4023754023192158
185	162	0.5866809999279743
185	74	0.5805420982966666
185	169	0.6387799554399095
81	93	0.6563648082606177
164	45	0.632192566480826
164	148	0.5890760941412924
164	171	0.6399800767082725
164	172	0.6281230175289048
24	37	0.7493802475609042
24	39	0.6061104103205021
37	34	0.6918783583691699
37	36	0.6255794545951977
197	95	0.6603815717795039
197	106	0.6213370709036631
197	5	0.6079165967031738
171	172	0.7456742002678168
171	169	0.6664338481992087
171	175	0.6115790251086674
172	175	0.662272061056077
172	168	0.46950096362368554
172	169	0.6333497949115854
33	34	0.7450742371908369
33	44	0.7169205531673268
33	22	0.6162088670054992
34	22	0.7290703546772388
34	36	0.6585223205444956
34	44	0.6447669708966443
34	123	0.6230041668034625
34	145	0.6042662089621099
60	80	0.49611539208564204
60	92	0.6061104103205021
133	26	0.6820728813797079
127	129	0.7349418637744831
127	143	0.6938852235083739
127	39	0.6665338920637324
127	136	0.6297730937451377
127	123	0.6102941752978814
129	39	0.7073748859585846
129	27	0.5861954932376084
129	52	0.5671219450534923
129	149	0.670367350361875
129	26	0.666428289502904
129	136	0.6122733813744694
129	120	0.611941959565079
129	130	0.6058699554852577
4	8	0.7305379432836799
4	107	0.4944777347492612
8	111	0.6004432201278075
67	68	0.6240066016155587
136	149	0.7255140004101743
136	123	0.6484387622972264
136	44	0.6453158570855609
149	44	0.7011505092375359
149	154	0.665638202216462
149	146	0.6383298472832369
149	72	0.2622099066279978
149	18	0.6189307307812013
149	120	0.6118105820059616
143	39	0.6998211870081225
143	139	0.5529148765075583
123	144	0.590419619948566
111	6	0.6472259085703786
39	26	0.6936933206287185
39	7	0.6734665121030722
120	17	0.6834821506564387
120	18	0.6345878268783907
17	154	0.6974099781711984
17	119	0.6379148874298847
17	49	0.599982604157942
17	18	0.6248911934620902
154	153	0.6203599414070408
154	46	0.5681724984189087
154	155	0.5499084021669168
154	48	0.3650846337801784
154	146	0.6100430976109333
95	5	0.6926074777182629
95	99	0.5316195173844926
195	196	0.6943205292512643
196	173	0.6335892814422289
26	130	0.6092388253336182
181	79	0.6099426322186265
63	92	0.6737451022492486
63	55	0.41797843556642006
92	65	0.628316726258913
92	68	0.6126982868897014
42	49	0.6690161451878776
42	69	0.6416773691077189
49	47	0.6046406442118442
150	157	0.664271507957222
150	69	0.6370541482047155
157	53	0.658250387400233
53	40	0.6006478105510547
94	40	0.6231448757745315
91	180	0.5626415982101142
170	173	0.6458291048422313
170	66	0.6014143243465445
173	50	0.625019173974921
173	179	0.5638637137107662
2	10	0.5595240119777568
65	64	0.4533508851948356
135	100	0.38785266954742537
75	186	0.6142075800277332
87	191	0.5978792038601994
87	89	0.5005801671508289
87	192	0.30365413316873885
190	83	0.5693023159635012
162	163	0.34356582505886746
162	57	0.2881247169071767
167	31	0.4212576333577229
51	155	0.5728804673745373
46	14	0.5301400950894694
52	122	0.5264635340480052
180	189	0.5008873660782271
78	147	0.4809120124693525
14	152	0.4964018084922721
73	161	0.34210976279805577
107	105	0.4942510535984759
16	117	0.4885698161739468
168	159	0.45970722688827587
187	188	0.45220609755596197
159	54	0.4004963812211878
159	82	0.32525261647660403
58	161	0.44916998957171383
31	77	0.442254488694919
56	163	0.41592131670964555
59	151	0.3633239034664841
72	178	0.23661943879028816
