19	121	0.9455384972732606
19	17	0.8338679964494856
19	23	0.7763035842045237
19	128	0.7690506697468344
19	124	0.7548524964343692
19	136	0.7373285763249745
19	28	0.7371916420682599
19	25	0.7267195225678208
19	123	0.7240186552194228
19	20	0.7159032382568442
19	29	0.7145844895065261
19	115	0.7084424567085748
19	126	0.7074498211225418
19	132	0.6967056471860197
19	120	0.6872998330771016
19	21	0.6847748318712845
19	119	0.6830022886718496
19	133	0.6507912164267144
19	22	0.6494517842685651
19	131	0.6461612382578311
19	14	0.644965581037625
121	136	0.7475595121788526
121	120	0.6983025917106523
121	17	0.7876079870059783
121	128	0.7643105040148808
121	124	0.7471754578408241
121	23	0.7457674193664019
121	28	0.7299732040382791
121	115	0.7109291374560256
121	119	0.7099732881888001
121	123	0.7092683461060633
121	126	0.7047521903929297
121	25	0.6965872699335927
121	29	0.6926490990025417
121	132	0.6829542700116322
121	21	0.664126209591363
121	20	0.6553961133991137
121	133	0.6538359811360335
121	131	0.6354709982370309
121	22	0.6176644301241613
22	23	0.9198882711289383
22	123	0.8846797336014807
22	28	0.8192064671091648
22	128	0.8086098888201517
22	126	0.7876079870059783
22	25	0.7848971907608329
22	132	0.7717335164194024
22	29	0.7396381462436437
22	131	0.7223873966534047
22	133	0.700275026990741
22	124	0.6709670742068737
22	21	0.6642044534088068
22	26	0.6418949699918216
23	128	0.8989652601237885
23	123	0.8920553083162337
23	29	0.8381135624126432
23	25	0.8342028197770841
23	186	0.5663956458090156
23	28	0.879894453260096
23	126	0.8718882464229804
23	132	0.838618703820104
23	133	0.7828925577091361
23	124	0.7623909532572992
23	131	0.743352116436715
23	21	0.7169351336013455
23	17	0.6612209505437214
23	115	0.6262302745776482
23	26	0.6196088860289874
23	120	0.6165623062059387
23	20	0.6114663379075127
28	132	0.9140984389501473
28	128	0.8814429490297025
28	131	0.8251996194058178
28	21	0.757178911503344
28	75	0.606755294182529
28	123	0.8345673814466185
28	126	0.8266616689782654
28	25	0.8262496067529781
28	133	0.822144830515255
28	29	0.8010013403273428
28	124	0.7505223115530221
28	17	0.6524311121409504
28	129	0.6520173976462751
28	26	0.640746991374946
132	133	0.8338984603255486
132	128	0.8437644711717188
132	131	0.816257829830535
132	126	0.8073252961887444
132	123	0.7894612209549805
132	29	0.7758661227981566
132	25	0.746436849750044
132	21	0.7283481214639843
132	124	0.6917427948582477
132	129	0.6769757761185391
132	26	0.6263700566398954
198	199	0.9140655481287143
198	96	0.8633362100916894
198	98	0.8016097858692758
198	97	0.7088307672978886
198	190	0.7014096943952158
198	197	0.6975948347077722
198	81	0.6657273008519089
198	70	0.6600826021922576
198	95	0.6560972086660481
198	193	0.6156502994124377
198	66	0.6145126352272146
198	182	0.6116729121594676
199	177	0.660031812988893
199	98	0.7869997431786115
199	96	0.766917641306069
199	70	0.7110873669775171
199	197	0.6533777427357702
199	97	0.6365904715272125
199	190	0.6197813598538513
9	112	0.9059581292944849
9	108	0.842811217363712
9	109	0.8154888242037076
9	3	0.7715312246887882
9	12	0.7030266689004454
9	106	0.6926855138426884
9	11	0.6461321135341834
9	0	0.6430576730106757
112	106	0.7077793469489151
112	11	0.661125266023704
112	108	0.8392998417645721
112	109	0.8050147275100382
112	3	0.7703955033782102
112	12	0.6926386941138915
112	0	0.6375411065661688
112	103	0.6260296473618582
128	126	0.877294529013317
128	124	0.8120775660096895
128	123	0.8516969565144178
128	25	0.8315069694007472
128	29	0.8079511925283114
128	133	0.8026083229392799
128	131	0.7546889744076581
128	21	0.7080686762130295
128	17	0.666711688557933
128	20	0.6393065005025499
128	26	0.636792643635468
128	115	0.6298877233391129
128	129	0.6288006573792633
128	120	0.6264794232073906
128	14	0.6111845113662641
123	126	0.8584177615321709
123	25	0.7804809917203339
123	124	0.7538742731155214
123	131	0.7450653397706318
123	29	0.7265920903082992
123	133	0.7100675036851852
123	21	0.6442291184931009
123	115	0.6190109245458439
126	124	0.749156563176993
126	133	0.7488712273839077
126	25	0.7385355336127452
126	29	0.7344310021236551
126	131	0.6890160194572353
126	21	0.6177324594734567
96	98	0.8758119575033825
96	95	0.7161225347433166
96	97	0.7091937974133865
96	190	0.761392494566893
96	87	0.7409533537988942
96	81	0.7316644302048302
96	83	0.7225212533806746
96	66	0.6876689886700186
96	197	0.6665727915286732
96	93	0.656944988576517
96	91	0.6481721002766861
96	70	0.6308940770390364
96	191	0.6185048709022855
96	85	0.61233588967769
98	81	0.8181842821347185
98	66	0.8033897456264965
98	190	0.782466403717559
98	91	0.7775324165425952
98	87	0.7395611375412824
98	83	0.719703692869626
98	80	0.7195735203971677
98	85	0.6946156262624313
98	93	0.6857349018789785
98	97	0.6779874802810254
98	55	0.6552192361284225
98	185	0.6372204838936448
98	187	0.6346236634112606
98	74	0.6343727503687134
83	87	0.8652337672019806
83	190	0.8268515530645671
83	191	0.7515903004565384
83	91	0.7513987878468146
83	55	0.6847110966227188
83	81	0.668822753822976
83	85	0.6586921914862609
83	74	0.649058426193225
83	93	0.6382587376358809
83	66	0.6346356083157655
83	88	0.6277838398330658
83	185	0.6174602866060687
87	91	0.7912253916751391
87	191	0.7809885806698397
87	85	0.7254050474612129
87	89	0.6076391300423416
87	190	0.7819229639019742
87	55	0.665231448818639
87	93	0.6601954454852308
87	74	0.6580519944514311
87	66	0.6321505413420141
87	88	0.623517865131076
87	81	0.6169154970679726
66	81	0.8519439182097039
66	91	0.827167608137782
66	80	0.7930507159361432
66	93	0.7711261727442524
66	92	0.7689280731454042
66	74	0.7414130141309261
66	97	0.687152071342064
66	55	0.6746941462263005
66	180	0.6516320642505798
66	85	0.6328644629257462
66	185	0.6320244436086432
66	94	0.630731516733076
66	190	0.6216930279272638
66	170	0.6145624227171969
66	194	0.6121170771258779
81	92	0.7940504633279928
81	91	0.7912253916751391
81	93	0.7624746924946535
81	74	0.7607276505913719
81	80	0.7424559300054911
81	185	0.7177021504614247
81	190	0.6997242265586627
81	97	0.6894359934125598
81	170	0.6881009762971677
81	183	0.6802396763102924
81	55	0.6792875559791371
81	63	0.6744325633836091
81	182	0.6675662735566554
81	88	0.6278625987735134
81	85	0.616456920504053
42	68	0.8510365383334149
42	62	0.7956338279075366
42	146	0.732249371263348
42	40	0.6918105827096863
42	35	0.7705174224272988
42	137	0.6768674206894739
42	32	0.6304363584361731
42	172	0.6229246178061354
42	140	0.6218525115672516
42	30	0.615227859824503
68	62	0.7192647613202201
68	35	0.6842965621573887
68	40	0.6840093174064766
68	172	0.6631805466264381
68	146	0.6126108352755751
108	3	0.7380851848743785
108	109	0.7122077418767638
108	106	0.6225756739407605
108	12	0.6132413999516498
35	62	0.8382028096671155
35	32	0.6877322368139029
35	37	0.6769757761185391
35	140	0.7149708728201741
35	137	0.6503759629525969
35	30	0.6400863410561081
35	146	0.6298696257534553
62	137	0.719332326664584
62	165	0.6562395694256532
62	140	0.6552877132743015
62	146	0.6146059827552011
29	133	0.7789520327667899
29	21	0.7153568199008613
29	25	0.7028394914243653
29	124	0.7014757315506396
29	131	0.6915967488410928
29	17	0.6624516696155188
29	26	0.6574335564510688
170	183	0.8355963485294372
170	185	0.7383536537863231
170	182	0.7579629097216412
170	175	0.7568459044221851
170	196	0.712965760486685
170	193	0.6748738861778292
170	194	0.656302193363834
170	180	0.6216930279272638
170	187	0.6170641347225437
183	196	0.8342636307616296
183	182	0.809301070201781
183	167	0.6740071299078497
183	175	0.7383309112526432
183	185	0.7073049321234394
183	194	0.6361858646940933
196	182	0.7042636319432671
196	175	0.6668949617514869
25	20	0.7470340708132925
25	124	0.7843590888559397
25	21	0.7049132178644487
25	17	0.6900127016282982
25	131	0.6791852147726425
25	133	0.6578251477237135
25	115	0.6220609892951141
25	34	0.6104635834540773
133	129	0.7026522165717323
133	131	0.7236711398071421
133	21	0.6715933705112518
133	124	0.6618227065022506
133	26	0.6580690031428258
17	15	0.7627257570123043
17	115	0.7358510632376266
17	119	0.7241803863759674
17	117	0.5487772822827022
17	48	0.5448587672726429
17	16	0.49628876228899016
17	124	0.7425142630698577
17	20	0.7337439402351241
17	21	0.7312413014792999
17	14	0.7245178623651526
17	136	0.6895094412443571
17	120	0.6864229860326907
17	125	0.6813770552264635
17	116	0.657847837769659
91	55	0.7275113114124466
91	73	0.6672113345870717
91	74	0.7603946287039904
91	80	0.7549987261198411
91	190	0.7235758660027499
91	93	0.7222487022316176
91	85	0.6923316201944122
91	92	0.6917636539573019
91	94	0.687315661318918
91	180	0.6639864522957204
91	185	0.6408412926333088
190	185	0.7252723600092862
190	191	0.7312180363207466
190	193	0.6821156611720607
190	55	0.6432394445861215
190	85	0.6287764723816432
190	187	0.6139272654976787
175	182	0.8265983324105189
175	180	0.7042636319432671
175	187	0.6599132813801356
182	187	0.6635445141963162
182	185	0.659235327483347
182	167	0.6551050836204392
131	21	0.6982820961985641
131	124	0.6634101627206883
131	26	0.6424708189961347
131	39	0.6308519370916473
131	129	0.6281169628761258
60	65	0.8220475831694545
60	64	0.5225927438021621
60	67	0.7636026749238308
60	92	0.670367350361875
60	61	0.6667505714299167
60	63	0.6437960351647988
60	74	0.6384009460374889
60	41	0.6187641332622886
60	94	0.6159296606175915
65	67	0.7910009077038852
65	63	0.7341775636693124
65	92	0.6697446923484551
65	61	0.6425060515127448
13	102	0.8192722364853975
13	111	0.768232289952225
13	3	0.7036128646517363
13	114	0.7845129529017602
13	10	0.7061286377190054
13	110	0.6569108818352637
13	2	0.6480561106563009
102	114	0.8003912354841726
102	110	0.7483129230058114
102	100	0.5228180453107345
102	111	0.7339931161902675
102	2	0.7232660356476455
102	10	0.706143678870781
102	3	0.6842646565545519
95	197	0.8159238341600454
95	99	0.482770157519416
95	70	0.7470517478889498
95	176	0.7212714157690607
197	176	0.8123498131044307
197	70	0.7165315101836369
109	106	0.6782953510667882
109	3	0.6568938274563728
109	11	0.6479807012776221
70	176	0.8148849781226681
176	142	0.6218157122270386
124	20	0.7458472982148697
124	21	0.695189618601444
124	115	0.6667005784993034
124	14	0.6424062189938562
124	125	0.6307977516903145
124	136	0.6237561851002837
124	119	0.6147366403817109
2	10	0.8094735162958914
2	110	0.7393571974875589
2	31	0.6731002301689664
2	134	0.6478182379223786
2	114	0.633104195254358
10	110	0.7965494218360177
10	31	0.6920816122058777
10	8	0.6343906771639475
10	1	0.5870022521988061
10	111	0.671011056100774
10	114	0.6144628428417852
10	134	0.6141639857200829
137	140	0.8088520567404266
137	165	0.6663004190383265
137	33	0.6610520809943937
137	146	0.7422179940278121
137	32	0.6541736249670465
137	172	0.6285224564524313
137	174	0.6113786751552254
140	146	0.7675346870056164
140	141	0.7158301080212488
140	32	0.6841742431185165
140	144	0.6175159703629942
15	116	0.806976789080175
15	43	0.6599640846641751
15	18	0.5799384760800922
15	118	0.5095560949268371
15	14	0.6942117504015531
15	115	0.675885469348115
15	138	0.6149916366314708
116	188	0.38734280877405636
116	115	0.7018767753429
114	101	0.4761626653908386
114	111	0.6767644558549262
114	110	0.6626312020426285
114	3	0.6349520378045723
110	104	0.5440003798176561
110	111	0.7097153052447029
92	69	0.6774792435292655
92	93	0.7640192676285121
92	74	0.6833489148557079
92	63	0.6769541073798403
92	94	0.6468131389370196
92	80	0.6285164068191909
92	97	0.6233894909747203
80	74	0.7718143894117713
80	94	0.7095216930324492
80	187	0.6390758409966351
80	93	0.6311588714887236
80	180	0.6199845557390306
80	73	0.6114538155760225
67	61	0.7400545633476334
67	63	0.6431104528705153
67	41	0.6343010363642176
166	167	0.7895742194833861
166	172	0.6671336512663125
167	172	0.6311227718129526
167	63	0.6262545873943467
145	165	0.7880631649758927
145	174	0.783279334019
145	172	0.6675330109081693
165	171	0.766670425180218
165	172	0.675184157575131
165	174	0.7733462389685888
4	107	0.7876459513816276
4	8	0.7494372378104189
4	105	0.5369357047730475
107	8	0.7360985674002959
174	171	0.6183134241664415
174	50	0.61813426237805
191	193	0.6466560706644137
44	149	0.7798940308605187
44	45	0.7196699493080925
44	144	0.6383298472832369
44	147	0.6285768997295466
149	147	0.6771761563234164
149	154	0.6680095209608093
149	156	0.597197679312891
149	138	0.6229001385993792
149	31	0.6109714729168584
147	148	0.7746292534061424
74	94	0.7512681384413057
74	93	0.6861637753613559
74	88	0.664226806112687
74	73	0.6479226854174227
74	55	0.6347968348494785
74	185	0.632978350918597
74	194	0.6288308869154844
3	103	0.6566436193342865
3	0	0.6446267230640385
3	12	0.6745197764865595
3	11	0.6185357425337805
93	88	0.7121042467713756
93	97	0.6637403667405984
93	94	0.6487631796750926
111	113	0.5315692988675631
146	144	0.6521093677810165
146	172	0.664081492305406
146	32	0.640576021055628
171	164	0.6875846415723534
171	169	0.6182207622966005
171	172	0.6248668124128298
134	141	0.7658447272865299
134	31	0.7201083504776022
134	30	0.6515630137731099
134	32	0.6199537738273085
141	36	0.6259809979750354
141	32	0.6158862145987619
141	31	0.6105451304297542
30	32	0.7628512031301224
32	37	0.6683084452733882
21	125	0.7531394870450614
21	26	0.6269834055637686
21	20	0.619867574321748
61	63	0.7563927256926856
61	69	0.7388671873929
63	69	0.6860526317004011
94	84	0.6993769989123353
94	82	0.6266191334864641
94	90	0.5943012686464744
94	86	0.6833489148557079
45	164	0.7487877690518873
164	173	0.6521266100448696
136	138	0.7179445152799634
136	20	0.636536940728969
136	119	0.633104195254358
136	150	0.6149232356229253
20	11	0.6297911949786541
20	150	0.6208456745548232
69	86	0.6326785868678659
185	187	0.687241790605812
185	193	0.6715604314433106
185	194	0.6373867602373592
115	14	0.7294636171343659
115	119	0.6645787045422239
115	120	0.6593766563839012
14	152	0.3770360386151378
84	86	0.7240662314733443
31	36	0.6415243985501187
31	7	0.615855179434548
138	143	0.6666450237617881
138	24	0.6358762231637358
138	150	0.622293889477946
138	130	0.5613759285358438
138	127	0.6598173031553384
155	157	0.7172460334751632
155	153	0.6877216961815129
155	72	0.3674829978100235
155	178	0.29485018664352486
155	154	0.6295678986269466
155	47	0.6206120902121445
39	143	0.712862492263476
143	127	0.7087760315465206
127	26	0.637226423356346
106	5	0.5945405342438635
180	194	0.6832742829197651
180	189	0.5315334262101278
180	187	0.6676327908602203
129	26	0.6879956583954181
38	142	0.69498804651691
38	78	0.6129855222869208
142	181	0.6603477366681202
142	139	0.6402220876485987
40	51	0.6639473119371958
40	41	0.6560801222361591
36	79	0.6915028322420138
36	139	0.6593879606833241
79	181	0.6673444722334878
26	24	0.6293626156446547
153	47	0.6432042686475549
193	194	0.6836366471528073
6	105	0.6745034254635578
52	156	0.6725310183887903
52	122	0.6096788172572332
154	46	0.6122858836475008
33	34	0.6677491704976278
73	184	0.6394661204897976
73	76	0.5970947326879602
73	58	0.4031461632900829
51	53	0.6605281596138957
51	50	0.6548309955362512
51	47	0.6357332426032601
11	0	0.6292478604111059
177	71	0.4525719558630656
43	77	0.5524773245123898
27	130	0.6528846018873512
173	160	0.4937067445491693
47	49	0.6113974612941234
82	168	0.5274675409296775
82	159	0.3866541207561302
7	135	0.6244582486416247
169	158	0.46874443754712525
46	151	0.33729754701210085
89	179	0.6067932036831549
179	192	0.5325228115112042
179	195	0.5150948432251768
64	54	0.44495328903862924
56	57	0.510983569805102
56	161	0.48823477237568347
56	163	0.4632174715035637
57	162	0.41370246338631145
161	58	0.417103236461952
59	151	0.37235982305881393
