19	121	0.9048043199539167
19	20	0.7844744959422172
19	17	0.7356263058412711
19	124	0.6075445052152431
19	123	0.5950316686102318
19	23	0.5400101987822399
19	28	0.5140287656436755
19	29	0.5000253913196292
19	120	0.4769432915105846
19	119	0.4749090034653331
121	17	0.7566578807382766
121	124	0.6783655338819584
121	85	0.319885902586
121	20	0.7777695718812938
121	119	0.5890434437118744
121	123	0.5612663415629632
121	28	0.5224037249493797
121	120	0.5218072522059207
121	29	0.49911737310813364
121	117	0.4990873372345781
121	23	0.4988394955204987
12	13	0.8591003458050602
12	111	0.8384108787851536
12	113	0.8179858400529356
12	112	0.6127732334760934
12	110	0.6730236519019671
12	1	0.6704939705883478
12	102	0.6432394445861215
12	10	0.6279534584992775
12	11	0.5435003016047438
12	107	0.5326159395927905
12	105	0.4983586001958914
13	1	0.7368947433298866
13	110	0.736451149840618
13	111	0.7796980718128887
13	113	0.7307803346252547
13	10	0.6975332261771421
13	102	0.6664727569988536
13	107	0.6051542643994533
13	104	0.5492034341053721
111	102	0.7037441221601574
111	105	0.5997585498108944
111	113	0.7493364013508453
111	110	0.6862695966924686
111	1	0.6359357855189902
111	107	0.5954578198166803
111	10	0.578662808195759
111	112	0.5325801226259415
111	11	0.49226093846903174
28	132	0.8375771355543588
28	131	0.7862372812721045
28	29	0.6575073616882386
28	23	0.6447786562570209
28	25	0.601184486302663
28	123	0.5947926191856687
28	133	0.5573425728559139
28	21	0.5551741656838116
28	125	0.5328379622081918
28	22	0.5270198922367153
28	126	0.5101185449681167
28	117	0.4957459062307891
28	143	0.4886154928070019
28	24	0.48645053046206926
28	124	0.47363789784431415
132	131	0.7466670330395605
132	23	0.5743565821252165
132	29	0.5457160142984396
132	25	0.5362307472231965
132	123	0.5302623058257225
132	22	0.5041314389923608
132	133	0.5007450212823495
132	126	0.4830078711581281
132	128	0.47996592324148235
95	197	0.836138733892433
95	38	0.7796196454007878
95	99	0.5169145146923617
95	199	0.7000405286213155
95	198	0.6688061732065772
95	79	0.6649860914853494
95	98	0.6165437103343019
95	106	0.608584429763179
95	181	0.606211621331711
95	70	0.5860248097680815
95	5	0.575099935019227
95	96	0.5587335308770734
95	41	0.5516013064656105
95	32	0.5351968820325113
95	9	0.500070388446075
95	81	0.4907516804480196
95	97	0.4829925369420713
95	139	0.4821333481273579
95	142	0.47980428408215725
197	198	0.7048327132084834
197	106	0.6230408773796566
197	199	0.7433207948727905
197	38	0.7284138460236588
197	181	0.6731658571974406
197	79	0.6478762673159967
197	5	0.535753229822335
197	195	0.5258777871135158
197	142	0.5192409846692181
197	145	0.5189706888966141
197	196	0.5055174215552404
197	98	0.5038031915458298
197	41	0.5007749908589955
197	99	0.4932150219472716
197	139	0.48930792669116857
113	110	0.6768457460828596
113	10	0.5992717078357579
113	112	0.5760495082116559
113	102	0.5702275697144232
113	104	0.5588848319816166
113	1	0.5574735391443828
113	107	0.5292048141139634
113	11	0.48535815811554206
175	183	0.8177872030881536
175	167	0.7607992612148076
175	169	0.707749402773557
175	170	0.6966284489327528
175	165	0.658040654950741
175	182	0.6342412663536722
175	166	0.6339961300358428
175	174	0.6133225050334837
175	172	0.5404492528987188
175	176	0.5286358219636307
175	171	0.4944399592268431
175	156	0.4878995845960703
175	189	0.48013522455855706
183	166	0.7527150486180335
183	167	0.7233375608236011
183	165	0.6805350664561791
183	169	0.6534808881584836
183	198	0.6039423293805115
183	182	0.593576363717897
183	181	0.5742292464727473
183	174	0.5730483953129051
183	170	0.5469226542527974
183	196	0.5310453687731028
183	176	0.516445367944727
183	195	0.4947496633681022
183	156	0.48558745295913147
23	25	0.8156227716945306
23	29	0.7499058897150574
23	22	0.7343757239197828
23	123	0.6837325107235595
23	26	0.6158179347144735
23	20	0.6045708545043289
23	133	0.6093457150310885
23	128	0.5852166404842493
23	126	0.5729812299105634
23	124	0.49778713844706574
23	24	0.4806506037001262
23	21	0.47704371354615765
23	131	0.47670377332494196
23	129	0.47328877324271446
25	27	0.5929283121653947
25	29	0.7258217143867051
25	22	0.6837218603808454
25	128	0.6272261014079771
25	26	0.5897221766061577
25	123	0.5691265572849177
25	125	0.5561004634308906
25	133	0.5421531045608435
25	24	0.5268393059390379
25	126	0.5174931897765486
25	21	0.4989746920279818
25	20	0.49031124071529525
25	34	0.4832991649698014
25	129	0.48090432519602094
88	90	0.8147841647385698
88	55	0.36616753054268186
88	82	0.5572391588226606
88	94	0.5486025474401018
88	193	0.49259424508915867
90	94	0.69102244883962
90	73	0.4832225190740533
90	82	0.5298164897452269
123	126	0.8090939505866975
123	133	0.6546424600004499
123	128	0.727976995876349
123	22	0.6257559311745516
123	127	0.607576048740721
123	129	0.5948249293117588
123	124	0.5823160959075324
123	24	0.5590979658492506
123	143	0.5540108886334556
123	125	0.5389112769202454
123	29	0.531676905398782
123	34	0.5160712945182467
123	117	0.5106140275251857
123	20	0.5009922343822432
123	131	0.49322258929936935
123	27	0.4851593818966584
123	118	0.47859480706276986
126	128	0.8004630987535003
126	127	0.6617383995276688
126	133	0.5960899721078057
126	129	0.5778574139474271
126	22	0.563092497431265
126	143	0.562662100896997
126	24	0.543676429525219
126	125	0.5420259995563305
126	34	0.5125851952211812
126	27	0.49977035660462116
32	36	0.8086791076345657
32	61	0.7878736120778563
32	42	0.7036431591089676
32	41	0.6800945856904422
32	35	0.7039510075811765
32	62	0.6692204890331667
32	68	0.6538417060836992
32	30	0.6339064141685237
32	67	0.6099551914651243
32	38	0.5963091177783305
32	114	0.5881807767328439
32	31	0.5792943527137018
32	60	0.5641432927229394
32	139	0.5319279205617874
32	49	0.5049439703084765
32	199	0.4857632004375268
36	37	0.6047675108066861
36	61	0.6599189264874933
36	41	0.6058699554852577
36	30	0.5701128357051788
36	42	0.5653079474731687
36	35	0.5527273915354212
36	62	0.5502152722265864
36	114	0.5487563166327107
36	38	0.5438172973940285
36	67	0.5220473575251449
36	31	0.5119287377063491
4	8	0.8033188212481339
4	10	0.582368966081603
4	107	0.52035759158593
4	6	0.49251850626758986
8	10	0.5709492084908624
8	107	0.5599017087919433
8	6	0.5078512889881039
8	110	0.49713243414693403
44	149	0.8021809276512728
44	31	0.6473943955421565
44	18	0.6413772633439617
44	7	0.6169402730673504
44	135	0.5871726375631903
44	164	0.5778574139474271
44	136	0.563092497431265
44	33	0.5444297160812817
44	45	0.5341899972172761
44	39	0.48414178077973086
149	136	0.7159617311379489
149	164	0.6431221808985734
149	7	0.6352145722413116
149	154	0.5953222625709503
149	18	0.6927739351820609
149	135	0.5608552151051356
149	146	0.5577698340990407
149	33	0.4877243155120763
149	155	0.47502516440534465
128	127	0.6609732522790549
128	129	0.6363763115311056
128	22	0.5879060106548771
128	133	0.553567165325834
128	143	0.5428023649493309
128	125	0.5170610594170888
128	26	0.5012768027700698
128	130	0.4998378742307004
128	24	0.48499114746054467
128	27	0.48346775986286245
128	34	0.4831765279808489
35	62	0.7981883267475829
35	61	0.7978251415834422
35	60	0.6864600018979297
35	42	0.6459864616866688
35	68	0.6294954558430539
35	67	0.5966891891238966
35	140	0.5940295423169092
35	31	0.5657704599164236
35	30	0.5559968419468887
35	49	0.5505219937389859
35	33	0.524291601792452
35	134	0.502653179400027
35	41	0.48927750298560724
35	166	0.48655739440700563
35	37	0.48194143814114915
35	137	0.4777617540247094
62	61	0.7626002534727578
62	60	0.7284795571797903
62	42	0.6674720224653893
62	49	0.6525115115068658
62	67	0.6345400405893266
62	31	0.6131103567308083
62	30	0.5934209014698856
62	68	0.5830888314010467
62	33	0.5759492745068578
62	140	0.5757754950552244
62	134	0.5407535854353239
62	45	0.5234935116912982
62	37	0.5229415667506288
62	137	0.48761761072793264
61	60	0.7916737206403102
61	68	0.737470011429225
61	63	0.699668079776546
61	67	0.6347311566359568
61	42	0.6673666576954773
61	92	0.6422769915973591
61	37	0.583827556964879
61	30	0.559482794621279
61	81	0.5372772327485985
61	31	0.5313181502236248
61	41	0.4818569830947049
61	49	0.48101194029415967
60	68	0.6439365398521998
60	67	0.6127732334760934
60	166	0.5833857568073675
60	45	0.5782768920906024
60	63	0.5718517002613357
60	92	0.5375048202280619
60	41	0.5217126425537124
60	42	0.49166972183190527
165	166	0.7913375537619973
165	137	0.7247173326792933
165	171	0.6993616724363686
165	167	0.7351165619503444
165	140	0.6220487283400626
165	174	0.5941848311115411
165	169	0.556197161220383
165	164	0.5225563980112838
165	134	0.5163206986895741
165	145	0.5099927716203307
165	172	0.5028325193090949
165	141	0.50095478310508
165	176	0.49812555620137877
165	156	0.4898857507943303
166	139	0.7094024937847613
166	172	0.6708790962531219
166	174	0.645216639736426
166	137	0.7092335586900425
166	167	0.6672168828404028
166	140	0.6565127711686997
166	141	0.6136405616270202
166	145	0.5934468149201163
166	199	0.590992558231243
166	134	0.567888014943591
166	176	0.5590017209913953
166	171	0.5311961300294866
166	198	0.489688122519508
166	68	0.489072111825645
166	196	0.48884383579863133
166	181	0.47737579000425373
20	17	0.7419304254988327
20	124	0.6741108023640454
20	29	0.6012291848264859
20	119	0.48910254356907334
137	140	0.7817285896860793
137	138	0.5630651797424108
137	141	0.6919200604078396
137	134	0.684019959885958
137	172	0.5875721836652398
137	146	0.5865432638255885
137	139	0.5303054337667447
137	171	0.5082741561616487
137	167	0.49402430521528523
140	134	0.7537490604062889
140	146	0.6590487019917934
140	141	0.7097996667770717
140	139	0.6610408206425973
140	114	0.599470341688602
140	138	0.5339326769666726
140	30	0.5248714531128404
140	164	0.5183200927810945
140	145	0.5129979402943862
140	150	0.4935176578021614
140	42	0.48229451676825663
38	199	0.7460424673484796
38	41	0.7015112850306515
38	142	0.6792121492301476
38	79	0.6677990374946919
38	98	0.5829634160993941
38	70	0.5634952904020134
38	181	0.5607866671180455
38	145	0.557273632088133
38	139	0.541729324752845
38	198	0.5085040337221052
38	106	0.4784637354080853
38	52	0.4760157309672595
3	9	0.7676579257761829
3	5	0.618492521715033
3	103	0.594611646963689
3	0	0.5598948436527404
3	109	0.6667172434761408
3	108	0.6055153991315545
3	106	0.5936476024472386
3	112	0.5302047976353296
3	11	0.5148744059772181
3	70	0.4953234168263983
9	108	0.730444666793836
9	109	0.7221099496979784
9	5	0.5904782432538104
9	103	0.5867269044210113
9	106	0.5745039886904189
9	11	0.5345972185757532
9	112	0.5212248354495036
9	70	0.5144259735410418
9	0	0.5046086299193816
193	194	0.7652237916612884
193	190	0.5577078306335832
193	184	0.4852358402243719
193	180	0.6129230935853931
194	180	0.6256707435801343
194	195	0.4988920748254481
167	182	0.654436691945874
167	169	0.6994127581885691
167	189	0.6100870450535073
167	172	0.5606495480781714
167	80	0.5347186225295684
167	171	0.49670318273292174
167	176	0.4932982587146711
167	170	0.47975809548158477
17	119	0.6405583308448382
17	120	0.5766638960408963
17	124	0.6239699632981811
17	14	0.514800911758827
17	115	0.5059490771845341
17	117	0.49784731268780424
17	16	0.48703047401375993
17	29	0.4800351871934325
81	96	0.7564226750100116
81	92	0.6666172436152217
81	97	0.6307134510586299
81	93	0.5999121972152847
81	74	0.49753886904454103
81	98	0.7395701983937369
81	198	0.6139646497193232
81	63	0.5954707282626464
81	80	0.47722907535132236
96	98	0.7536713146352757
96	198	0.7111565697536877
96	97	0.5892066766260095
96	93	0.5502152722265864
96	74	0.4894144002821038
134	141	0.7302860342031807
134	114	0.679836515214175
134	146	0.6187826468470384
134	30	0.608584429763179
134	139	0.5732364174894219
134	150	0.5629832192925116
134	138	0.5118918403135625
134	42	0.5097337578170854
134	2	0.5067373106181513
134	172	0.47949630985205
98	198	0.7198241778373641
98	70	0.6636732275462944
98	199	0.5694847795280167
98	97	0.5541702748663655
98	78	0.536465816291039
29	133	0.6090123975825779
29	26	0.5837484539773108
29	124	0.5695523443886641
29	125	0.4880824321407461
29	16	0.48236357905023625
29	117	0.4808582000033676
29	22	0.47531936470062636
199	139	0.7046917863628186
199	181	0.701470652197029
199	198	0.6798526495544863
199	145	0.6564957011030644
199	142	0.6440477419347178
199	196	0.5679693097875348
199	195	0.5594278338412255
199	79	0.557604477691899
199	41	0.5312822642191484
199	135	0.5303557462292787
199	70	0.5266008591779751
199	176	0.5208751521477839
199	182	0.5034300063989003
199	114	0.4773371834650386
22	34	0.745247683890702
22	24	0.6409061135317995
22	129	0.603001313534093
22	26	0.5679422127374119
22	127	0.5644908812831191
22	33	0.5105622765434934
22	133	0.4950290446376721
34	33	0.7212042415301082
34	24	0.6908656699504441
34	127	0.6780307045746176
34	136	0.5671829954802036
34	129	0.5523036083209698
34	143	0.5402651692387083
34	39	0.5359670859867006
34	18	0.5301688525388182
34	138	0.5099705740595327
34	27	0.48693130356418496
68	42	0.6139210345262985
68	92	0.5805222088241091
68	172	0.5429293183507196
68	63	0.5370068709565379
68	41	0.5162766925501837
68	69	0.474769588490225
1	110	0.5876049206498948
1	102	0.5791680993889782
1	107	0.4776537026793284
110	10	0.7184045292796047
110	107	0.689944590797721
110	104	0.6251897624055777
110	102	0.6035737531901448
108	103	0.5906866312133173
108	112	0.5729812299105634
108	109	0.5374692648441203
108	11	0.510251692973465
108	105	0.4757372560096501
141	114	0.6535954657278678
141	150	0.5925845330755
141	139	0.5909209735202956
141	172	0.5379952893579344
141	42	0.5114710765453961
141	30	0.5094450335509515
141	146	0.49747867024266673
141	138	0.4761085347485515
141	2	0.47363789784431415
181	198	0.7263276269248142
181	195	0.6672501708056205
181	79	0.6628386915215583
181	196	0.6447202264413423
181	182	0.5820648953074355
181	145	0.5459406771482506
181	135	0.48802148771804904
198	195	0.622936856952063
198	196	0.5642591778066353
198	182	0.5562247863944804
198	97	0.5192994133459957
198	70	0.5034673333707261
127	143	0.7258784913819063
127	129	0.6942894528165214
127	24	0.6199353037642471
127	136	0.5458002720641462
127	138	0.5367079216275926
127	39	0.5133220736802063
127	125	0.5118328005564252
127	27	0.5094894601383912
127	133	0.4876633431338247
127	33	0.48413412467530365
143	39	0.6923628595123574
143	130	0.5419906882085862
143	129	0.6149481097876556
143	24	0.5951802138601837
143	136	0.5448236098686948
143	104	0.4971926604990012
143	27	0.49229124503900423
109	106	0.5756016635656678
109	103	0.5168265733116626
109	5	0.4948780404403998
109	0	0.4908351838466402
33	136	0.6168907198457885
33	18	0.5866416502186182
33	49	0.5850588131640296
33	39	0.5410224126947877
33	24	0.5018605772205236
33	42	0.49783226957695775
10	102	0.5119508752353826
10	107	0.5105327028930705
10	104	0.49548187783096154
136	18	0.6972404447836669
136	146	0.5259139587900427
136	7	0.5169145146923617
136	24	0.5004302682462929
136	138	0.49563276241858206
136	118	0.4890036360495173
136	125	0.4788491793924304
136	39	0.47608533479729354
6	105	0.7119908594677536
105	102	0.4870228459634355
139	176	0.6492320093361532
139	70	0.6244826501079319
139	114	0.624439946741896
139	145	0.5964122144108256
139	142	0.5178372404459035
169	189	0.6791636658894653
169	170	0.6459922886639404
169	182	0.4773294619360484
7	135	0.7040720558429036
7	18	0.5555476157781051
7	52	0.4986291415806384
7	104	0.49180619671156356
7	2	0.4846010113666568
135	142	0.6285587526549132
135	52	0.5370282193212212
135	18	0.5079848524494829
135	164	0.4868473802997712
135	147	0.482547715820317
42	49	0.669816373573115
42	30	0.597847075876914
42	146	0.5362948652213556
42	37	0.535189746351347
42	150	0.525617294890335
42	114	0.5029520552042333
42	40	0.4932150219472716
161	163	0.7024901705854177
161	58	0.6145935374125039
161	189	0.387172802496483
161	56	0.5368716486733554
163	56	0.644059445834081
163	59	0.2792145428239284
163	58	0.5642114631114529
41	145	0.6920555601522899
41	67	0.626521947989719
41	79	0.5267381568307928
41	142	0.49188200564946793
195	196	0.7014960482524837
195	182	0.5771375977261824
196	145	0.6111657174168804
196	174	0.5313612109122322
196	182	0.4744441942127943
63	92	0.6136654988253528
171	170	0.557645820943446
171	174	0.5438384249317482
171	156	0.4904251715682883
18	39	0.5319422614629655
18	15	0.5204013438984796
18	24	0.4980503653631556
18	125	0.48944481862839223
18	118	0.4879148235272741
170	174	0.48972613186597314
129	138	0.5584789860349305
129	133	0.5185613951114942
129	26	0.5102738819300944
129	24	0.49088831767851754
39	24	0.5653147517039491
39	37	0.5620398781388968
39	27	0.49517247093245503
39	40	0.4932301565768196
145	174	0.6351847461716782
145	142	0.5877554860036251
5	106	0.691695857664694
94	82	0.6024855863228324
94	43	0.59830953352134
94	53	0.5371562950638837
94	69	0.5671355123535928
24	27	0.5771042511542678
24	125	0.4844632702184736
43	76	0.6853903994043807
43	69	0.6701690837807159
43	77	0.5605192565046303
43	82	0.5465510825070157
43	180	0.5014415033488262
43	86	0.49997289125955696
43	53	0.49141945514303836
76	77	0.6447903413160224
76	75	0.6194363523486048
76	69	0.5572046836361494
76	86	0.4772059074473482
11	112	0.6832902766795456
11	103	0.5068190599638057
112	70	0.6219506297166287
112	103	0.5732901270270193
112	176	0.4784020472506611
114	30	0.6592466355099125
114	150	0.5856832867659542
114	144	0.5538306639742747
114	142	0.5131894913505386
114	146	0.5014714450049994
142	79	0.5164160359715311
142	52	0.497433517996625
189	159	0.4247225803947658
189	180	0.5048620122819906
189	80	0.49747867024266673
124	119	0.6236034292274737
124	133	0.5228035119329403
124	117	0.5186198802114804
124	125	0.5149478926279406
124	148	0.4858014012153235
124	155	0.48372824506907625
31	45	0.6745742751174502
31	67	0.6238172741117703
31	30	0.5448868918166206
45	164	0.5541772037810319
45	65	0.53373962184814
45	67	0.4991398992262674
172	150	0.5088301871318975
172	146	0.4812117584532345
2	104	0.6704334179606786
2	30	0.5676372860873261
2	138	0.47898789405813064
69	86	0.6614066296832576
69	53	0.4909793957521289
49	40	0.5234063916737187
49	146	0.5329740043379023
49	30	0.4907213133404019
49	86	0.4900301396238492
92	65	0.5552710075866079
92	86	0.5365085471812449
92	84	0.5184882819124198
92	93	0.4853658023530234
176	177	0.6646847748250968
176	156	0.6327085718095855
176	71	0.6020841169873572
176	160	0.4468040417431797
176	70	0.6317240761625491
176	179	0.48060446386972355
177	71	0.564899552846225
177	156	0.5004452594871818
70	71	0.5491335927110947
65	84	0.6631749446736617
65	80	0.5620398781388968
65	86	0.549664194912592
84	86	0.5948443144649338
84	64	0.502503696418153
86	91	0.5048247556241201
30	100	0.41305575161939406
146	150	0.6560345551347462
146	155	0.5292048141139634
146	164	0.6124046399700062
146	138	0.48815098892758757
150	144	0.5711379030804943
133	162	0.3325299002005623
133	26	0.5167019710154106
182	80	0.6213739059450596
182	187	0.4767192282478414
182	78	0.5359528310482441
174	158	0.4670729671089382
174	179	0.5009173299517302
77	75	0.5637545746313891
56	57	0.2902323800093122
56	58	0.574865646847445
164	147	0.5135650776554768
164	153	0.489976946866954
119	115	0.5809463673144458
119	120	0.553483932190001
119	154	0.5423013623815474
119	14	0.524523600722517
119	117	0.5110131250326523
119	152	0.48850890983073864
21	125	0.6369650153861809
21	27	0.48961209824267643
125	27	0.5631334716572393
125	118	0.49564030586284225
125	122	0.42728454777979713
156	173	0.495059241889514
156	52	0.5058002590213766
156	179	0.49855400093624086
180	82	0.601771652417812
180	91	0.49285170126925054
80	78	0.558231219791651
75	188	0.41025683886621395
50	173	0.6189060531802458
50	66	0.5313468576544281
51	155	0.6137777010683042
51	89	0.5227744442655721
51	40	0.520663800396221
51	52	0.5120172837425141
51	179	0.5109761808094316
155	153	0.5197958610831869
155	157	0.49235943045748776
155	52	0.49797516703479466
155	40	0.49797516703479466
155	154	0.4851593818966584
115	152	0.6049894535095713
115	14	0.5830756310988155
115	151	0.3736941415293994
115	46	0.5321645064106331
115	15	0.5279942359665917
115	117	0.4885165233839957
115	154	0.4863054775397427
152	154	0.5951156339654285
152	14	0.5427741497130298
152	46	0.4985915721950519
93	87	0.5424919299664871
93	54	0.3036995221879434
154	48	0.3602124449328599
154	46	0.562662100896997
154	157	0.4814422557439754
27	40	0.5137711982653965
27	130	0.5032582781251091
89	179	0.587991071801306
89	87	0.5241610681781477
89	72	0.28225446027375445
89	191	0.5315621244886216
179	191	0.5384285893569057
179	168	0.46668195440409255
179	178	0.44199704075979174
14	46	0.5700858362353007
14	15	0.5394999604166337
120	117	0.5311889516846413
46	15	0.48241729001300615
190	191	0.48930792669116857
87	83	0.4825323727182045
87	191	0.5116039758294298
15	16	0.5008049592350239
15	148	0.48871444965772853
15	116	0.42427168921187747
191	192	0.4456828285204715
153	47	0.4824096172404086
99	101	0.42281921141997664
16	118	0.48445561722799974
185	187	0.4788183506634185
116	186	0.34984752135554875
