28	132	0.9428482314285784
28	29	0.8667839288498187
28	27	0.8662607374783334
28	19	0.851312040589516
28	21	0.7768196217002344
28	118	0.7363184059799919
28	25	0.8292092616143376
28	133	0.8280812158964155
28	121	0.82337248516354
28	125	0.8224039223532954
28	128	0.8097835676953946
28	23	0.8043802965686855
28	17	0.7737879921535749
28	126	0.7621814934124131
28	120	0.7548654020733687
28	124	0.7299685326129653
28	129	0.7168962510501904
28	16	0.6944862265114168
28	131	0.6885535130492789
28	117	0.6536813792493974
28	136	0.6411299699564456
28	14	0.6362632430750667
28	123	0.6329963307293848
28	15	0.632492637883808
28	18	0.6262728212075239
28	20	0.6253298439452983
28	26	0.6109087977018622
28	119	0.6060281619180906
28	53	0.5981040459612297
28	40	0.59757069592802
28	127	0.5905563979689055
132	125	0.8175552134600151
132	29	0.8163245635663063
132	27	0.8155558088732844
132	19	0.807499338852785
132	128	0.8001755075879333
132	133	0.7989129597842315
132	25	0.787949451160801
132	121	0.7780065059806152
132	23	0.7682732687188347
132	21	0.7477711904987281
132	126	0.7327498909700333
132	17	0.7204692384737702
132	118	0.7180317240301698
132	129	0.7056218803065761
132	120	0.7038904681099774
132	124	0.6861690671177793
132	131	0.68614260760945
132	16	0.6584940021944387
132	117	0.6220058125948648
132	20	0.6050401700757154
132	14	0.5960061576364823
19	121	0.9324842026141122
19	17	0.869347061402283
19	124	0.8086791076345657
19	120	0.7961103915733028
19	25	0.8350523291356802
19	27	0.8322461236965065
19	23	0.8082287849405888
19	29	0.8081247298442552
19	128	0.790851133297592
19	133	0.78455140382778
19	126	0.7803246031367226
19	21	0.7549901264515164
19	136	0.7421371429861662
19	20	0.7304773166655707
19	18	0.7211082547977806
19	15	0.7126460204694772
19	16	0.7019376544941165
19	123	0.6984306627225068
19	129	0.6977385478380708
19	118	0.6962988884111103
19	125	0.6952154532731323
19	22	0.6824791009314883
19	117	0.662036209265563
19	119	0.637725068017156
19	53	0.6355425339748693
19	26	0.6278444247744837
19	14	0.6206428312898787
19	40	0.5996689017286015
121	27	0.8164579656821893
121	17	0.7994188269681072
121	136	0.7985871613416389
121	128	0.7976797051606821
121	124	0.7932732523570101
121	120	0.7894235428825076
121	25	0.7820395155017229
121	29	0.7710045352808395
121	126	0.7699886993454392
121	23	0.7528277157803166
121	133	0.739715135582525
121	123	0.7249878482320269
121	21	0.7172994406552992
121	125	0.6956079191926896
121	118	0.6827995030584616
121	129	0.675717048627223
121	22	0.6511369638551642
121	18	0.6503759629525969
121	15	0.6438428748854892
121	20	0.638643784597412
121	119	0.6344862752146861
121	53	0.6245985404256994
121	16	0.6238172741117703
121	40	0.618418420175569
121	117	0.61628949780813
121	26	0.5945922535080685
126	128	0.9225518506769015
126	123	0.8397721283784081
126	25	0.8078470028162288
126	23	0.8072208031240707
126	27	0.8027506052048986
126	125	0.7583413424184114
126	29	0.7422808632375368
126	129	0.7366936042264026
126	124	0.7261527741166406
126	133	0.7133785242414803
126	21	0.692248302657356
126	118	0.6899498305261859
126	136	0.6843071967761427
126	22	0.6768186511741282
126	17	0.6732970794495685
126	120	0.6606521561542683
126	16	0.6156316698270989
126	127	0.6085781334749426
126	26	0.600762858108643
126	20	0.5907517362978008
128	27	0.8441385406188758
128	129	0.783279334019
128	25	0.8427532737470014
128	123	0.8215606264257427
128	125	0.8184815801667497
128	23	0.8008220701180462
128	29	0.7892350632681202
128	133	0.7772158650338983
128	21	0.7145844895065261
128	124	0.7108005229476211
128	118	0.7059531105240525
128	17	0.701968090223993
128	120	0.6915654459059704
128	136	0.6905309910558236
128	127	0.6697667494394215
128	22	0.669010620976945
128	16	0.6477718089938278
128	26	0.6386733903578303
128	130	0.6158055191961357
128	117	0.6016695832505746
128	40	0.594941229853004
23	25	0.9186018928570671
23	27	0.8365894762561794
23	29	0.8129949833148498
23	124	0.7787159822335012
23	133	0.7749490147965189
23	21	0.7743491368975481
23	129	0.7534941482845791
23	17	0.7324533822975688
23	20	0.7258595668158091
23	22	0.7238568444177407
23	125	0.7067247814950384
23	123	0.6939059638645698
23	16	0.6747159371505627
23	26	0.6662225656512885
23	118	0.6650362898957336
23	120	0.6491162947529631
23	18	0.61628949780813
23	119	0.6002065644246525
23	136	0.5979241798098444
23	117	0.5955610787755536
23	14	0.5919288088338327
23	15	0.5907907956564545
25	27	0.889034312520286
25	133	0.8605861495195513
25	16	0.7326155699277052
25	29	0.8619289639494668
25	21	0.7711261727442524
25	124	0.7678221558620103
25	17	0.7674935948013599
25	129	0.7355023906690603
25	125	0.7234567349636108
25	120	0.711551749908049
25	22	0.7108005229476211
25	26	0.6910328984547044
25	118	0.6884798807834408
25	20	0.6800569609044987
25	117	0.6607479469788516
25	18	0.6599753734633086
25	123	0.6565924225846561
25	15	0.6465280485497181
25	119	0.6246595242827832
25	116	0.6067932036831549
25	14	0.6061040839804528
25	136	0.5989768247943411
27	125	0.8234690786261251
27	26	0.7418135227473357
27	40	0.7282823834992421
27	29	0.8635397899126698
27	133	0.8022165753674935
27	17	0.7730647317064894
27	21	0.7726620496208066
27	120	0.7334899468527848
27	124	0.7319291800446711
27	53	0.719920534594695
27	129	0.7190378352681026
27	16	0.7148779850393073
27	22	0.7102360363986976
27	118	0.7063241229896998
27	123	0.6991930387507591
27	136	0.6863224964660071
27	127	0.6761406823079915
27	130	0.6730947607713504
27	18	0.6649637791519404
27	15	0.6522070650228134
27	20	0.6416479556563475
27	39	0.6315858434011778
27	117	0.6224776802554045
27	14	0.6195780808332368
27	119	0.6191897718232239
27	131	0.6042852544873082
12	113	0.883082854147616
12	112	0.877800331454916
12	13	0.8235012658431546
12	3	0.7676989927544061
12	9	0.8266933294094176
12	108	0.782660201044987
12	111	0.7660927024227149
12	109	0.7655965241530651
12	11	0.7540339477943446
12	103	0.710042712598028
12	0	0.6472433411905864
12	102	0.6433097883180716
12	106	0.6003281034581741
12	114	0.5957933394888824
113	112	0.8165246340729675
113	111	0.8079164682358245
113	13	0.7917110429574807
113	108	0.7361489607985945
113	102	0.710558004817721
113	9	0.6995149082569315
113	109	0.6754561289137768
113	11	0.6747268321716234
113	3	0.6732861458814832
113	103	0.665576935894564
113	114	0.6427115203899253
113	0	0.6209317041674794
9	112	0.8793060655634277
9	108	0.8174888819203715
9	109	0.8327985550352341
9	11	0.8125537663398222
9	3	0.7500196542319053
9	103	0.6959277815685565
9	13	0.6820194000736227
9	0	0.6802450490135729
9	111	0.6695792264933343
9	106	0.6542765830787994
9	102	0.6303459673892864
112	11	0.8598581009444137
112	109	0.8449700501114723
112	108	0.7909634729865193
112	3	0.6907454287823511
112	13	0.687035932940107
112	103	0.6766343571572324
112	106	0.6699211159866814
112	111	0.6675274668743678
112	0	0.6468131389370196
112	114	0.619824468958124
112	102	0.5913633481284523
13	111	0.8736277633396574
13	114	0.7014757315506396
13	102	0.74645456250235
13	108	0.74130492128086
13	3	0.7077244473513249
13	1	0.698973187154604
13	0	0.6770841022099764
13	10	0.6640367702678491
13	103	0.6458116173603986
13	109	0.6085970221097442
111	102	0.8291155146962703
111	105	0.6317961816591011
111	108	0.807185960854146
111	1	0.6916749948138557
111	114	0.6720761719132735
111	3	0.6677270054638001
111	103	0.6365785763243353
111	10	0.6240981854067092
111	110	0.6183010702434811
111	0	0.6173241446997944
193	194	0.8701021546545361
193	187	0.7638527069116797
193	185	0.7521163073808841
193	159	0.6505144240031563
193	88	0.671999400783648
193	198	0.6626760732550938
193	195	0.6603477366681202
193	96	0.6381876170949657
193	170	0.6293686546336277
193	190	0.6174231606630175
193	183	0.5999698035868473
194	88	0.7808325091874
194	185	0.7329952267956282
194	90	0.7047521903929297
194	187	0.6825111529555671
194	184	0.6534980767033711
194	96	0.6369115275188088
194	73	0.6248485258260325
194	74	0.6020649918004316
194	81	0.6016695832505746
17	18	0.806976789080175
17	15	0.8051554627003688
17	119	0.7196410235492635
17	14	0.6973688863328698
17	49	0.5845850652299022
17	120	0.765016496090474
17	29	0.7580735159010962
17	16	0.7261480470608287
17	21	0.7187865893624306
17	124	0.7164682485538907
17	133	0.7087063555179232
17	20	0.7058929097997859
17	118	0.7056369429205773
17	53	0.6894202527466694
17	125	0.681296688216739
17	22	0.668247570778093
17	129	0.6571836604873038
17	117	0.6523679309060207
17	136	0.6309542705076213
17	26	0.6230102854234245
17	40	0.6177077225978985
17	44	0.6025429142147916
17	123	0.6014909149159137
17	115	0.600296122189828
29	133	0.8515595918822132
29	125	0.7540210045173913
29	129	0.7528926960065451
29	21	0.7458872295970149
29	124	0.7066146455546309
29	16	0.7061386652243297
29	120	0.7022368278410203
29	118	0.6965512345442502
29	26	0.6850774312823027
29	15	0.6466095213823011
29	18	0.6342472436959217
29	131	0.6313934527409822
29	117	0.6271472386136943
29	53	0.6237256377365265
29	119	0.6236645372928558
29	22	0.6167544232656175
29	20	0.6137714682607119
29	40	0.6091130443984282
29	123	0.6024091394620308
29	14	0.6004815868219043
133	21	0.7038904681099774
133	16	0.6919304851961758
133	129	0.6786569300194809
133	124	0.6727883569815675
133	125	0.6710275480936575
133	120	0.664271507957222
133	118	0.6519024079901236
133	117	0.6400981466944937
133	15	0.612735761560571
133	26	0.6010695299656934
133	18	0.5983801517006176
133	20	0.5930644667736024
11	109	0.794640886881113
11	108	0.6656994595671518
11	3	0.6382468849689046
11	106	0.6294411165722348
11	103	0.6215764495802218
11	0	0.6165437103343019
109	106	0.6941651211842251
109	108	0.6765313323836771
109	3	0.6552306497339047
109	103	0.6434797408367066
109	0	0.6256768289032663
123	136	0.8136719599691766
123	22	0.7579671646116655
123	138	0.7910757593741417
123	127	0.696618154613245
123	129	0.6630628900142356
123	125	0.6526780063275921
123	26	0.6274747382951736
123	124	0.6027594301424216
127	143	0.8377263053423244
127	130	0.7773741900040386
127	26	0.7630183753269552
127	138	0.7342789636167528
127	125	0.6727609882695872
127	136	0.6651701229481924
127	39	0.6394779420002218
127	129	0.6341097456407723
127	149	0.6197382470088657
127	131	0.5943594780730506
143	138	0.6787540146175887
143	26	0.6698439399511561
143	130	0.6519196583502657
143	39	0.634091808154633
143	142	0.607834633362653
70	176	0.8337156008410261
70	71	0.6824737586722608
70	177	0.6110090743699652
70	139	0.6049387320339114
176	199	0.6145997601220972
176	177	0.6206489792764812
176	156	0.6071532062738446
176	71	0.5994126814000016
176	173	0.5987074418008186
102	1	0.7636026749238308
102	110	0.6973586126568528
102	108	0.7450697885138804
102	103	0.6932365070570514
102	114	0.6787863708790917
102	0	0.6782629548233705
102	3	0.6685076083238503
102	104	0.6504625061751249
102	10	0.6410651806277062
137	140	0.828206886863358
137	150	0.674705041835456
137	134	0.6379030259866265
140	150	0.7192213192698862
140	134	0.6665394493523985
140	34	0.6180724675551389
140	141	0.6031858341923265
125	131	0.6907402000387078
125	21	0.7605211398432692
125	130	0.7400093280758004
125	118	0.7283434263396479
125	129	0.7163855040241387
125	40	0.6575130384916062
125	120	0.6391527402764495
125	16	0.6292478604111059
125	26	0.6214966695808009
125	124	0.6201753609977613
125	53	0.6116729121594676
125	136	0.6020713669395055
125	14	0.6003984554906188
125	149	0.5956965762974853
62	67	0.8231146691951405
62	34	0.7212618202797473
62	37	0.7170566128291851
62	41	0.6284075004167194
62	42	0.6541450211880586
62	24	0.6285648017558354
67	91	0.6477427884697445
67	42	0.6857031145124934
67	34	0.6412595212008918
67	64	0.6169712413470191
67	41	0.6043995131376246
95	197	0.8229856338211163
95	198	0.6599527955670296
95	5	0.6386260202335725
95	96	0.6307736673147742
95	106	0.6269651984670332
197	106	0.6905048318051371
197	5	0.6364060618439671
197	198	0.6022116005777028
33	44	0.818646556589384
33	42	0.7488185196214259
33	22	0.7430880183375261
33	34	0.743611512596445
33	40	0.6394188314242584
33	53	0.5994062743172232
44	18	0.6609845144173693
44	22	0.6557496523742257
44	136	0.6286615770286837
44	42	0.6051859528564207
44	40	0.5911031708424079
108	3	0.7214488823919436
108	103	0.7058477525630615
108	0	0.6503355703362588
108	114	0.6115226846090751
108	106	0.6060661243296853
76	77	0.8145150879924825
76	86	0.7546631465650555
76	73	0.7515206741610193
76	90	0.6569734088070661
76	75	0.6451524286757212
76	92	0.6376479317467741
76	88	0.6305448051282622
76	74	0.6029949496015599
77	75	0.6627882304732045
77	116	0.6203353346547282
77	86	0.6238478157595504
77	73	0.6155323004164168
77	43	0.5990473550909649
136	138	0.8009654977711894
136	22	0.663258966163803
136	120	0.6200830450323989
136	40	0.6077778819229483
136	124	0.5998673879587503
20	124	0.813062780121674
20	21	0.655550109247062
20	18	0.6478936746679246
20	129	0.5926883382038696
124	21	0.7208969865092599
124	129	0.7145453377478419
124	119	0.6954582114062898
124	120	0.6318562612215812
124	118	0.6124671321984393
124	53	0.5920002624124271
88	90	0.811770864909819
88	73	0.712276721416964
88	81	0.6631469337952415
88	86	0.6332839148379851
88	74	0.6329663639987042
88	96	0.6152651481288397
88	185	0.6007692489101325
90	73	0.7239758307002004
90	92	0.723308952615646
90	81	0.6926022747334086
90	74	0.6482532751199974
90	86	0.6240676593814243
90	185	0.617979760997201
68	69	0.8070116651118325
68	84	0.6324086370173435
68	92	0.6298515274838377
68	63	0.5997969658093447
69	42	0.6958452628572759
69	30	0.6464582029533043
69	37	0.6732806789870178
69	35	0.6478820698418258
69	63	0.6172560598776837
69	65	0.6065341004133459
18	15	0.7654309286652831
18	16	0.6663782579020711
18	22	0.6456891860134799
18	118	0.6010823041205314
18	53	0.5977571073049178
18	21	0.5908558884341929
15	115	0.7158057277858414
15	43	0.6232733139625648
15	16	0.6908656699504441
15	14	0.6863806778307355
15	120	0.6818375090596496
15	118	0.6483170450184876
15	117	0.6370541482047155
15	119	0.6157434370170349
15	22	0.6035228948365552
15	26	0.6006989458704144
138	22	0.5991435177892959
138	26	0.5948572375160189
104	110	0.7980431222370914
104	2	0.6675274668743678
104	7	0.6224593042661231
104	10	0.6082128176282652
110	10	0.7423437193819682
110	2	0.6979283683647007
110	7	0.7217987414761914
110	114	0.6643776557979633
110	135	0.6281351266062802
120	117	0.6930338772572181
120	118	0.6756246589151983
120	16	0.6617552622616197
120	21	0.6515342395537689
120	119	0.640776462595394
120	129	0.5962640068148749
51	155	0.7891219040742815
51	40	0.7331293864929996
51	47	0.644965581037625
51	53	0.7155911064533026
51	154	0.6543280530416125
51	157	0.6435090365852778
51	144	0.6018290576876706
155	154	0.7073948702239476
155	144	0.6788079402559486
155	157	0.6405524339568174
155	149	0.6392710219097858
155	130	0.6310024198137999
155	40	0.6219015730827333
155	46	0.6104573100736479
96	198	0.785395799036761
96	81	0.6879166509463888
96	185	0.6364953014230739
96	75	0.6019055883745349
198	190	0.7211034547343185
198	199	0.7099534501082281
198	97	0.5996304765136053
198	195	0.6613222401209864
198	175	0.6051859528564207
198	191	0.6010631427731008
198	183	0.5923249341271527
129	26	0.7198723596842578
129	131	0.676715673795385
129	118	0.6564217230485891
129	21	0.6465047678883689
129	16	0.6223735405748319
129	22	0.5982581690067316
129	39	0.5949670710353516
167	169	0.7823888423153442
167	166	0.6776955936384783
167	63	0.6360489331248247
167	172	0.6404639715708587
167	158	0.6165932977966289
169	172	0.7052652122677969
169	171	0.6580236451400587
169	158	0.6365131472942421
3	103	0.7779670323220053
3	0	0.687247067556759
103	0	0.6391409104497378
103	106	0.59534162996716
130	144	0.6931793661539631
130	40	0.6666394678806274
130	149	0.6294290403425955
130	26	0.6231448757745315
130	131	0.6153024336802149
21	122	0.5758022337425626
21	118	0.6774143156261498
21	16	0.6589355561178932
21	119	0.6367807535814594
21	14	0.609496580437084
21	53	0.598630450341849
21	117	0.5942883323726734
21	116	0.5927921236463978
34	42	0.7676168524923973
34	31	0.7450519931431285
34	24	0.717721546049533
42	31	0.6669005142255574
42	24	0.6476092698459852
42	30	0.6130354597378967
42	35	0.5961222049843516
45	164	0.7674935948013599
45	156	0.6163391103423608
45	52	0.6063064888250574
164	156	0.6409002211004985
164	154	0.6107332663575803
164	144	0.6095719965910278
164	149	0.599592048533598
7	10	0.7671234810235872
7	135	0.6855123353803616
7	2	0.6907192843417843
7	114	0.6420830820171882
10	114	0.6611759252137174
10	2	0.6276262833825383
10	8	0.6273352748162322
10	1	0.6125233686594966
187	147	0.7448027465608443
187	170	0.7002852191457248
187	189	0.6155509336719445
187	188	0.6072857760156292
187	182	0.663387766648149
187	183	0.6273170809602391
187	184	0.6199537738273085
187	74	0.6108085014286755
187	185	0.5958384897265572
187	81	0.5917143922640925
1	8	0.6325886206597289
1	105	0.6105451304297542
1	6	0.6034211633953973
26	39	0.7385991661702255
26	22	0.734790073015289
26	16	0.6237928394217312
26	131	0.6057813389456372
26	40	0.5913893590887809
22	16	0.6065214579322848
86	94	0.7557373265550945
86	82	0.5473640537396985
86	73	0.6301229297151152
86	92	0.6045327834784635
185	195	0.6821049666616684
185	81	0.6960205931554364
185	74	0.6296765422810161
185	75	0.6083262191023641
73	184	0.6748030890860357
73	162	0.5364017147977529
73	74	0.5984507605840734
35	37	0.7492662337455639
35	32	0.6232243890930959
35	30	0.6040757157306257
37	24	0.6072731517825755
31	134	0.6545167243789614
31	24	0.604856299164724
31	30	0.5933301947059398
147	182	0.7030519556867009
147	188	0.602491956395636
40	53	0.7429402014303598
40	144	0.674988224471652
40	39	0.6106392070099053
53	144	0.6321865631172847
53	157	0.6301832204252032
53	119	0.6122483759098171
52	156	0.7422090116454886
156	145	0.6234383993789006
63	65	0.7411021434943121
63	61	0.7058628056128083
63	64	0.6190726032751869
65	84	0.6668838565811689
65	64	0.6208333833892387
65	61	0.6748085354571929
83	190	0.7403348726271625
83	87	0.6300988113034878
83	191	0.5939130466593183
190	191	0.7159568571150574
190	195	0.6624516696155188
190	87	0.6042408138543588
81	92	0.7393753309886448
81	74	0.706469414032734
81	93	0.6532688406879811
81	61	0.6892470624446748
81	195	0.6315197178819452
92	61	0.7098889685645068
92	84	0.6407116234176912
39	142	0.6407352023580112
39	144	0.601605780040683
98	199	0.7380897371433773
98	78	0.6239333222373556
199	160	0.4036150423618358
199	182	0.6057939993716343
118	16	0.714310333182665
118	117	0.6954582114062898
118	115	0.6826072932781936
118	119	0.6262849767023375
118	14	0.6215887222819982
118	149	0.5921496352797144
87	191	0.7359106655533503
87	54	0.41806921373530315
87	192	0.32887830432748444
87	89	0.6149170168905422
191	179	0.6172870086703186
191	178	0.41604536038859974
16	117	0.7225881614376665
16	115	0.6744380147540174
16	14	0.6289094748136729
195	196	0.7270590975201776
195	183	0.6467840563583293
117	115	0.6878745069726474
119	14	0.6308398964230619
119	115	0.6217298364209461
150	134	0.6467026151305553
115	116	0.6168225761795975
115	14	0.6096285514664783
5	106	0.711077479741774
106	0	0.60907530414124
50	89	0.7082182360638788
89	179	0.696092763869189
154	46	0.6591957470421039
154	48	0.5733102668335425
154	157	0.66941369414936
154	149	0.6095405745343051
154	144	0.6048372743537908
172	171	0.6211712792283465
172	175	0.5968823431457017
144	157	0.7045608759139532
144	149	0.6920347172112555
144	142	0.62607221157818
157	146	0.5740884747371906
114	0	0.7001221104042566
114	139	0.6495731923083412
114	142	0.6188381834772658
170	183	0.6200645797783868
170	175	0.6131665222435896
6	105	0.6982103528894653
2	141	0.6178437602860445
14	152	0.6147366403817109
14	149	0.633768816698091
179	173	0.6761135397015167
179	153	0.6137839337993856
149	152	0.5959997098314526
149	46	0.5959545730442087
71	177	0.662036209265563
166	175	0.6540591986239535
173	145	0.6033766497122655
184	161	0.5856110148504794
184	188	0.603402086563075
38	142	0.6734063989357737
38	41	0.6111845113662641
56	163	0.671313303813366
56	58	0.5421531045608435
56	57	0.5215743438219252
56	162	0.6076580529380164
163	162	0.607910292290734
134	100	0.5815290704271925
66	91	0.6637123933759913
66	60	0.6521495986805762
66	41	0.6016695832505746
91	93	0.6212326900376649
91	41	0.6141764416190549
75	186	0.6425588951945268
165	171	0.6594218717926871
165	174	0.573021530075651
165	180	0.5714545047732278
46	152	0.6118731469591377
78	80	0.6582843884429694
175	183	0.6100870450535073
93	79	0.533424894269045
30	32	0.6304363584361731
47	153	0.6124108895373028
55	158	0.6420007925163782
32	36	0.6343010363642176
8	107	0.6204952567166154
8	4	0.41303916378344113
43	148	0.6152775769518476
153	168	0.5621493260837663
79	181	0.5924158077549564
100	101	0.5611224787888541
99	101	0.5695793681780713
58	151	0.4574091315398394
72	178	0.4832225190740533
151	59	0.39868127212261534
160	85	0.31344391931351395
