9	108	0.940481255812637
9	109	0.8764394463812308
9	11	0.8636668845420625
9	3	0.8256457675119735
9	103	0.7867331543754649
9	12	0.7834338749852192
9	5	0.7569398693158724
9	112	0.7552608912707374
9	106	0.7505223115530221
9	0	0.6808356002245143
9	13	0.6505086556557909
9	105	0.6095028655379607
9	111	0.5615950434278958
9	36	0.5553678344339943
9	113	0.5547658808253583
9	102	0.5452664531665734
108	12	0.8244003582255589
108	11	0.8554691668223631
108	109	0.8207137201369871
108	103	0.7716526184582204
108	3	0.7597231554264752
108	106	0.7407593671099398
108	5	0.7349096718864131
108	112	0.7295150801161581
108	0	0.6736249495835046
108	13	0.6472084752731871
108	105	0.6377191349119431
108	111	0.6103820235341939
108	36	0.5769575033747805
108	113	0.5748522561037278
108	6	0.5557688138379304
108	32	0.5531300680092588
108	102	0.5519977512946308
95	197	0.9078223459254406
95	96	0.7380168927751021
95	97	0.6185172197840204
95	198	0.6155633554599791
95	81	0.5591941956414002
197	96	0.6721858198972813
197	198	0.6096662512692147
197	70	0.5556374869770524
197	97	0.5531578292801349
11	112	0.8962057873306564
11	109	0.8273569903733742
11	3	0.7784403110165099
11	103	0.77286346846821
11	113	0.7270166700878553
11	5	0.7147068099037522
11	12	0.7031783629532495
11	106	0.691194830555699
11	0	0.6652481724984656
11	36	0.5852100652309328
11	70	0.5779373381019691
11	13	0.5602380064386321
11	32	0.5557964580643863
112	113	0.7867331543754649
112	103	0.7883282881925061
112	109	0.7739885406174654
112	3	0.7609340074403863
112	70	0.695809155142647
112	106	0.6905833041383079
112	5	0.6654878052288093
112	0	0.6383772476630551
112	36	0.6215641765733046
112	12	0.5933301947059398
112	32	0.5483298653667081
38	142	0.8937379808828897
38	36	0.8426953105941292
38	52	0.691805368692439
38	39	0.6434094233485227
38	139	0.7710045352808395
38	24	0.6096788172572332
38	114	0.5953480856121628
38	156	0.592941280731937
38	176	0.5765904709210045
142	139	0.7102013451399434
142	36	0.6945276393209734
142	52	0.6776631485983038
142	39	0.6116353594064008
142	156	0.5966634300286401
142	114	0.594514672766724
70	176	0.8931933404003516
70	71	0.7640192676285121
70	177	0.7433073703475553
70	36	0.6399269353524418
70	139	0.633834629189304
70	98	0.6233161192212658
70	199	0.5614718009897098
70	113	0.5599085738542703
176	177	0.7888576575171622
176	139	0.7143593057591308
176	71	0.7536713146352757
176	199	0.6542422664025147
176	98	0.619467166324484
176	36	0.6189924194379448
176	156	0.5678609141998986
123	126	0.8864062118789988
123	136	0.7836269150338386
123	138	0.7334021560444483
123	23	0.789762431440011
123	129	0.7860845008565741
123	132	0.7834338749852192
123	25	0.7376888801675093
123	133	0.7260629483163012
123	28	0.725958908528386
123	128	0.7036431591089676
123	124	0.6669393794704351
123	116	0.6373689477532251
123	29	0.6095594279981806
123	148	0.6032812505859528
123	20	0.591811864723681
123	135	0.5758690750723627
123	131	0.5733304059472958
123	149	0.5666672626464553
123	125	0.5639182758663889
123	121	0.5450485841531206
126	132	0.7930507159361432
126	23	0.7819618205114095
126	128	0.7653895139460661
126	133	0.7567946376530709
126	129	0.7475286297285474
126	25	0.6994944805296375
126	124	0.6959741902687475
126	28	0.6934234527261547
126	136	0.6456192103349034
126	29	0.6192575936464582
126	138	0.5776575550636978
126	20	0.5757621252496802
126	116	0.5755347914442301
126	148	0.5640205666397979
126	125	0.5593110258488085
126	131	0.5452032084585199
32	114	0.8829506853302401
32	141	0.8364693888577557
32	79	0.7787159822335012
32	36	0.7646014289348992
32	13	0.7339331474347403
32	0	0.7311668469834212
32	111	0.711798509150102
32	102	0.7023787216997806
32	110	0.6912313862663757
32	103	0.6594388263411259
32	1	0.6487863433274391
32	134	0.6450298186138734
32	3	0.6306411815240942
32	39	0.6256524871538455
32	10	0.6203476381835319
32	30	0.6187271040307483
32	2	0.6067173819215875
32	139	0.6043360391786213
32	106	0.6037644282758194
32	12	0.5879452712612955
32	7	0.5724369064678054
114	101	0.6113911993243949
114	141	0.8028572569570245
114	79	0.7519990168791411
114	36	0.7387309346113564
114	110	0.6682973778490211
114	139	0.667787956457785
114	0	0.6553504745315248
114	111	0.64023979077893
114	134	0.6347789235190283
114	39	0.6174912227906727
114	102	0.6011333976686021
114	30	0.5831284304604948
114	13	0.5705311700227923
114	144	0.5654100028571739
114	127	0.5483718240477508
36	139	0.8825975498099431
36	141	0.6052239764734414
36	39	0.6045645095251504
36	79	0.6030649486382634
36	156	0.5982774312759079
36	0	0.5753341288926149
36	106	0.5681115491013145
36	52	0.5644159281243359
36	12	0.5410789938256511
139	156	0.6192945834740026
139	141	0.5456106765717962
96	198	0.8805475635698624
96	97	0.832307586743129
96	98	0.8272307564397037
96	71	0.6776090676679155
96	81	0.6707360917903462
96	83	0.6448546037535573
96	177	0.6291149516454507
96	190	0.6211897032722622
96	61	0.6060344891784151
96	37	0.5879976144278304
96	55	0.5797194226155507
96	87	0.5660627474186011
198	97	0.8033897456264965
198	98	0.7545641181650926
198	81	0.718839753201021
198	190	0.6639249443844939
198	55	0.6318742836099038
198	37	0.629634294897285
198	61	0.6020522412919876
198	199	0.5712457014680417
198	88	0.544830641502726
109	3	0.757750082968241
109	106	0.7528797011353876
109	103	0.7383900383476268
109	5	0.7258784913819063
109	12	0.6467200680637718
109	0	0.6364774548703638
109	113	0.5890173219835583
71	177	0.8727488606000399
71	98	0.7502470501941583
71	199	0.593213549579157
71	97	0.5537405321780412
177	98	0.7705580495869435
177	199	0.6602292926628707
3	103	0.8705629445817508
3	13	0.7638527069116797
3	106	0.7607529270441292
3	0	0.7577798884240594
3	12	0.727520725821299
3	5	0.6847376542491898
3	1	0.6809214249362536
3	102	0.6757061803509429
3	111	0.6591674730618692
3	113	0.6395015841139324
3	7	0.5726587288326591
3	110	0.5644431848953584
3	141	0.5439229281887165
103	106	0.7852041470719804
103	0	0.7592915439711859
103	13	0.7867331543754649
103	102	0.7547277117861046
103	111	0.7209450138003112
103	12	0.7069199383279536
103	113	0.6921493391075317
103	5	0.6685297316353589
103	1	0.6517241147569591
103	110	0.6190972726287638
103	7	0.610789693694806
103	10	0.5956578661786233
103	141	0.5780372277067143
146	150	0.8699076815344667
146	42	0.7246745992612458
146	144	0.7047169559502691
146	49	0.678770193077777
146	140	0.6645787045422239
146	137	0.6357689918342537
146	165	0.6119607250317158
146	172	0.5988934588241173
146	127	0.594934769365238
146	171	0.593777103574727
146	153	0.587415019362412
146	145	0.5671490793459172
146	130	0.5532480449262405
146	180	0.5479801023237204
146	40	0.5410294856040109
150	42	0.6698935547785948
150	171	0.6490005501209838
150	144	0.6464174546839987
150	140	0.6068311104234941
150	180	0.5964830819330067
150	49	0.5669251846158938
150	172	0.5479731051073028
88	90	0.8652840326086637
88	87	0.8329210928356701
88	193	0.7035169153277947
88	97	0.6848226264342564
88	190	0.6305508292227647
88	81	0.6175963915299902
88	76	0.5791946813456531
88	83	0.5649267877706184
88	73	0.5569357112526361
88	80	0.551413429769607
90	87	0.7248075293681238
90	193	0.6643217918536263
90	97	0.6115915443774562
90	81	0.6112095688933823
90	73	0.5994126814000016
90	194	0.592123660312108
90	76	0.5682605253180979
90	190	0.5513647118631643
15	115	0.8622371392046546
15	116	0.7517121061855867
15	16	0.7447314950515266
15	118	0.6945638717544796
15	152	0.6903583066179574
15	117	0.6489368777642136
15	29	0.6323606298433679
15	18	0.6266069863650024
15	43	0.6210545776703823
15	14	0.61813426237805
15	17	0.6143881450844921
15	133	0.6067868856247379
15	149	0.5924093172813988
15	21	0.5813635903877147
15	28	0.5444226800801333
115	117	0.7251206512035814
115	116	0.7480752119771085
115	16	0.7217508373609578
115	152	0.7009114881451521
115	118	0.6856342329116417
115	133	0.6606972368698439
115	17	0.6558636359024563
115	29	0.6453975491468649
115	120	0.640328296230105
115	23	0.6026893905812022
115	21	0.5998865923866471
115	14	0.5888083038435861
115	18	0.5792411968061488
115	149	0.5771309285657596
115	132	0.572174644695694
115	28	0.5498177075864458
115	43	0.5459827926952665
13	111	0.8619803707791953
13	1	0.820550438652127
13	102	0.827041248837174
13	12	0.7902510873584745
13	10	0.7773741900040386
13	0	0.70809859326698
13	110	0.6940148318464953
13	7	0.6820889243489634
13	106	0.6503182580891221
13	2	0.6411064112578256
13	141	0.6178499429387239
13	105	0.6103820235341939
13	79	0.5888017707573058
13	113	0.5626005907598958
13	104	0.551253342526573
111	102	0.831630366815777
111	12	0.8095769169706817
111	1	0.7895742194833861
111	110	0.7387309346113564
111	10	0.730164673762534
111	106	0.6932157295551022
111	105	0.6855017337782517
111	0	0.6818803145335472
111	2	0.6412948470152566
111	7	0.6187641332622886
111	141	0.6126920408433397
111	104	0.6116040633399816
111	8	0.5757955491861968
111	134	0.5610813689110151
111	79	0.5482529339473388
29	133	0.8509262060564111
29	26	0.7005144671630322
29	23	0.8181842821347185
29	129	0.7265071076864567
29	25	0.706469414032734
29	28	0.7003157938977362
29	132	0.6460214224210564
29	131	0.6025238056082889
29	116	0.601222799553423
29	21	0.5849733048568826
29	16	0.5734378028538522
29	117	0.5724637984915562
133	23	0.818712509353181
133	129	0.7965859698265251
133	132	0.7938656480362157
133	28	0.7674524962890185
133	25	0.741970881329271
133	116	0.6885166986907564
133	148	0.6272261014079771
133	118	0.6188381834772658
133	131	0.6099551914651243
133	128	0.6092010942712074
133	136	0.6033448519220607
133	117	0.5965474988837266
133	21	0.5900612310349792
133	16	0.5833989498746078
133	135	0.56980226745687
133	7	0.5483997949679009
193	194	0.8409180224504615
193	191	0.7037289795141496
193	183	0.7018615539526313
193	187	0.6899603097662086
193	87	0.6771978130349209
193	190	0.6524138817943897
193	185	0.6329843442647329
193	196	0.631170904106411
193	184	0.6090815943756663
194	196	0.6811627066935821
194	185	0.641359603947995
194	187	0.6235545372873991
194	183	0.6200891999644056
194	184	0.6107646156441198
194	148	0.5778107864047781
194	190	0.5668573211852663
194	147	0.5641023867976638
28	132	0.8366794890768107
28	21	0.6985586890178093
28	131	0.6924721766873098
28	129	0.7310458212678639
28	25	0.6901384126009462
28	23	0.6609169371209841
28	116	0.6313874392799356
28	148	0.610068210894875
28	136	0.6092199601472105
28	128	0.5917988693955314
28	125	0.5878209365053852
28	75	0.5793209288199886
28	186	0.5759693226334467
28	118	0.559283538386807
28	138	0.5534561853542465
28	117	0.5463055868855021
132	128	0.8084020980034398
132	125	0.7611444170870846
132	25	0.7813393851514348
132	129	0.7340023411369531
132	124	0.715552069869178
132	23	0.7079439944573741
132	116	0.6992952502751913
132	21	0.6870306530875642
132	148	0.6634101627206883
132	20	0.6572631885188455
132	121	0.6449480601166403
132	136	0.6382053982514906
132	138	0.6335892814422289
132	131	0.6042916028422579
132	118	0.6039169186201484
132	149	0.5980976232073131
132	77	0.5879190978314476
132	135	0.5799583858746112
132	27	0.5681454106028195
132	117	0.5567011271526654
132	75	0.5411992124651851
141	110	0.7077244473513249
141	79	0.7005602994266704
141	134	0.6974767426296415
141	102	0.6548309955362512
141	30	0.6484561477741652
141	0	0.6363465593249443
141	10	0.6055153991315545
141	2	0.5971848120605706
141	127	0.5859131809114223
141	1	0.5785630271324073
141	167	0.5699170616499859
141	7	0.5674949336590608
141	140	0.5514343077211132
2	10	0.8339593728373399
2	7	0.8243042252380148
2	134	0.7368353294407468
2	110	0.7705174224272988
2	104	0.7429536423264952
2	1	0.7210554502921045
2	30	0.7115073145928983
2	102	0.7027483969040074
2	135	0.6396375027963874
2	31	0.6215396296440422
2	78	0.5707537111964415
10	110	0.8199942785182761
10	7	0.765265231744924
10	102	0.7571490423135322
10	1	0.7390759910387389
10	104	0.6555444066691364
10	0	0.6129230935853931
10	79	0.5958062399410929
10	135	0.5873036678327048
10	134	0.5612115406949434
87	191	0.7418899642652594
87	83	0.7370363766735496
87	97	0.6926282889369638
87	54	0.5015088703860725
87	190	0.6877111552591577
87	60	0.5474270859677273
87	81	0.5459055787513458
97	81	0.7212954032812053
97	98	0.6960102819052227
97	83	0.646068032517809
97	190	0.6415008600882688
97	61	0.5947150670419283
97	55	0.583788006856476
102	110	0.7796196454007878
102	1	0.8174225286870628
102	0	0.7335407619273868
102	7	0.7258406411507538
102	104	0.6654042279893274
102	12	0.6585166570236668
102	134	0.6404108859799545
102	106	0.6153086476711309
102	105	0.6149543281376385
102	135	0.6006094558363794
102	100	0.5695118063957822
102	78	0.5442749063589819
5	106	0.8302063309193327
5	12	0.6874000675850709
5	0	0.669259137298203
106	12	0.7271674979569598
106	0	0.7269365142324979
106	113	0.6007309029493801
106	1	0.5464879640301347
98	199	0.7622233981554813
98	61	0.6600600299579569
98	37	0.6384068704419882
98	81	0.616649077844514
37	61	0.82631305858419
37	63	0.7005042814307026
37	166	0.6831729738805135
37	92	0.6576322341184764
37	68	0.607058492901109
37	81	0.6054457258699742
37	199	0.5920197481370336
37	24	0.5809927405208273
37	93	0.5616498098478309
61	81	0.7140751674106859
61	93	0.7125574246887849
61	92	0.6699596985761928
61	63	0.6424297109601801
61	166	0.6173860319691747
23	25	0.8261226401623752
23	129	0.7595032017741847
23	136	0.6483170450184876
23	7	0.6271775719795497
23	116	0.6126545629578554
23	135	0.5984635975641689
23	131	0.5857818243715812
23	128	0.5846772141298697
23	20	0.5620809234252253
23	117	0.5554231573013909
23	104	0.5502431621389217
25	128	0.6939163336109221
25	129	0.6903740084550103
25	27	0.6379801199578169
25	136	0.6357928231397536
25	125	0.6336730730562977
25	20	0.6308278554506435
25	149	0.6126420697170465
25	138	0.6030649486382634
25	116	0.5916234023561634
25	21	0.583801190533806
25	135	0.5721342863396628
25	124	0.5613622312407219
25	121	0.5564802609805326
12	105	0.6882010014575757
12	6	0.6771599130198348
12	1	0.6733189457023696
12	0	0.6488616168947674
12	113	0.5616018894995204
7	135	0.7443482271745488
7	104	0.7851274441380265
7	110	0.7731451934491078
7	78	0.734675030997603
7	1	0.7043392258675009
7	134	0.6457882996638622
7	30	0.6269105730672484
7	129	0.6079229010389631
7	31	0.5817871232253766
51	155	0.8238549755237552
51	154	0.7503519423526185
51	153	0.7305938960959438
51	53	0.7218945289624176
51	47	0.6681977577157828
51	14	0.6329363953711701
51	164	0.6110529392475376
51	44	0.5811649508364017
51	46	0.5770775725110958
51	49	0.5733773945186138
51	179	0.5717843978495694
155	154	0.8081594204828048
155	53	0.7404658967331402
155	153	0.7407142362109728
155	130	0.6375351711149538
155	49	0.6342173562264513
155	14	0.6133349815905355
155	164	0.592954248990899
155	47	0.5892523732256583
155	48	0.5774176329509787
155	44	0.5734579375800534
155	179	0.5655052389319254
155	125	0.5475601336089427
30	134	0.8219827249528102
30	31	0.7335130456305227
30	127	0.6817946989156768
30	167	0.6155819875685586
30	34	0.580250316599484
30	140	0.5602380064386321
30	144	0.5530398353947964
30	110	0.5489379959985035
134	100	0.600232153893481
134	110	0.6671003539720468
134	127	0.6505144240031563
134	104	0.6458640777730374
134	1	0.6166242874764573
134	31	0.5904521892206809
134	34	0.5732095608732422
134	167	0.566755511612692
134	135	0.5567770317282342
134	78	0.553019010641081
1	110	0.6602969789736607
1	105	0.6304845600048654
1	0	0.6287885650325258
1	135	0.5888540332933926
1	78	0.579699504507418
1	104	0.5625254032438591
110	104	0.7869997431786115
110	0	0.6832796142458804
110	79	0.6732260059934428
110	135	0.6513557975467974
110	100	0.5873233197185025
110	78	0.5695726123461581
148	188	0.8192064671091648
148	116	0.7447314950515266
148	186	0.712695230527329
148	147	0.6744870737788136
148	184	0.6896720252735846
148	77	0.6646401169185084
148	75	0.6567403077968005
148	129	0.6044693256310703
148	135	0.5880172418457611
148	185	0.5754210911711345
148	76	0.5569357112526361
148	187	0.5435425766714317
148	118	0.5408384901925908
188	184	0.6988401895017884
188	186	0.653578281001902
188	147	0.6453333637699734
188	77	0.6165375115575515
188	116	0.6150911124882306
188	76	0.5939971849107306
188	75	0.5905433729522506
188	187	0.5591048399054634
14	152	0.816791089979436
14	46	0.7272146172734305
14	154	0.7156984340160283
14	17	0.7074048619325364
14	48	0.5993742377511886
14	47	0.5976542676395863
14	53	0.5780572035492064
14	153	0.574631264377739
14	164	0.563584005400251
14	20	0.5504662372407378
152	46	0.7214872410987616
152	17	0.6443870326089675
152	154	0.5683553089733765
152	117	0.5650561368528844
152	48	0.5468455532974708
47	153	0.8114637153345854
47	45	0.5944176812724417
47	154	0.6615584887035725
47	179	0.6289276086577057
47	82	0.6228940186070846
47	46	0.6186345189230947
47	89	0.5936476024472386
47	86	0.5719795536385471
47	168	0.5634475154035836
47	49	0.5633041677957806
153	154	0.7888954248973453
153	49	0.6318562612215812
153	164	0.6316098867666438
153	53	0.6151221946784525
153	179	0.6056040607691351
153	46	0.571070519082597
153	168	0.549685130645542
153	40	0.5463196177363123
153	165	0.5456106765717962
4	107	0.810573870679804
4	8	0.7400002802180042
107	8	0.7944934216718652
128	124	0.7176973013903907
128	125	0.6764499783250563
128	129	0.6597551881233757
128	138	0.6452808416831678
128	121	0.618165156924859
128	20	0.6080426688555127
128	27	0.5577078306335832
128	116	0.5450907580963138
154	53	0.7381807684122991
154	49	0.6713407698138347
154	46	0.6559149187354077
154	17	0.643544188995172
154	48	0.6419184882218598
154	164	0.6338406116880131
154	20	0.5983801517006176
154	119	0.5939130466593183
154	130	0.558960468583279
154	179	0.541093138343032
154	157	0.540619130366231
78	135	0.8022165753674935
78	77	0.6858090622290947
78	31	0.6446384120410945
78	104	0.5777908020175146
78	43	0.5486934155408713
135	77	0.7387354773438604
135	104	0.7315110530142692
135	129	0.6243911383235329
135	116	0.5737263343975553
135	186	0.5664703527111762
135	20	0.5609648758920183
135	124	0.5540594017874685
135	75	0.5520325152592485
135	149	0.5441411772143632
183	187	0.8008937954316494
183	166	0.785969852475765
183	196	0.7514945599829514
183	175	0.6941703024961033
183	63	0.6128606572305979
183	185	0.569207683139438
183	92	0.5599840844660532
183	180	0.5479241224451745
187	185	0.6550365777558134
187	76	0.6287341457083867
187	166	0.611941959565079
187	184	0.5969338392041003
187	63	0.5914413773177042
187	196	0.5831812248961944
129	138	0.6587827618757067
129	131	0.6503817330261376
129	104	0.6313032428517935
129	136	0.6013760249159328
129	116	0.59489600482433
129	21	0.5431549520237025
8	105	0.6365845239636354
127	143	0.7943458627047155
127	137	0.7433118452558248
127	140	0.6753582403901172
127	22	0.6321865631172847
127	144	0.6315497760750995
127	34	0.5994062743172232
127	167	0.5789886389657304
127	31	0.5763768176101192
143	137	0.6280443011099502
143	140	0.5582862875647095
75	186	0.7888198841778917
75	73	0.6184060688496531
75	59	0.40770034078654693
75	116	0.665047444282033
75	77	0.6354650364330418
75	76	0.5750463917507435
75	185	0.5703895092736346
75	184	0.5495525260090284
186	116	0.7085520236728086
186	184	0.6603082589826873
186	77	0.6313633846763765
186	76	0.5722284515267042
113	0	0.5735518904756506
166	175	0.7080686762130295
166	199	0.6350296200684626
166	196	0.632426638455285
166	63	0.6161096113592368
166	195	0.5697549927950226
166	170	0.5412911294413814
136	19	0.6498967851780403
136	149	0.6416714865684325
136	117	0.6191651070512912
136	121	0.615134627019215
136	120	0.6065151365767341
136	138	0.6039867952569958
136	116	0.5601968370522336
136	119	0.553567165325834
79	0	0.6039486818787736
83	190	0.7763830424157556
83	55	0.6345161456253713
83	191	0.5662258227726944
190	55	0.7400093280758004
190	185	0.5681521826722683
190	191	0.5554508168915183
6	105	0.7711667060610581
20	124	0.769377317564061
20	121	0.7258264461807495
20	53	0.7079439944573741
20	119	0.6453041855860346
20	125	0.6442583659931164
20	17	0.6309723270670858
20	149	0.6276626471280287
20	19	0.6239027859242798
20	77	0.5684771515107843
124	125	0.7103103631955947
124	121	0.686602744057794
124	53	0.5825870034787017
40	144	0.7676579257761829
40	130	0.6827407823160558
40	53	0.6125608561891032
40	42	0.6105953067503511
144	130	0.7575285720041157
144	140	0.6893992641792787
144	42	0.6423709787805987
144	137	0.5980012726790155
144	49	0.5628875847701769
199	24	0.5425766087542842
125	27	0.6769161842632925
125	21	0.6498679025310966
125	149	0.6265644690422315
125	121	0.6012291848264859
125	53	0.5863136282431627
125	119	0.5689913229012664
125	130	0.5560659248568449
125	138	0.542724770101404
0	101	0.5972427122754945
130	27	0.6752929681509167
130	53	0.6719719790220331
130	49	0.6017525159459939
130	145	0.5711244268966478
130	41	0.5595240119777568
116	118	0.7005348377714768
116	77	0.668817227024772
116	149	0.6124983754422391
116	21	0.579971658686069
116	43	0.5649267877706184
116	117	0.560628977569665
196	169	0.5894938497741458
196	175	0.6332479763834812
196	63	0.586005112174119
196	185	0.5735921513838348
196	180	0.5490288162368351
196	195	0.5458494173308319
16	118	0.6998773102211963
16	117	0.6939059638645698
16	18	0.6209255596911389
16	120	0.616834966624932
16	17	0.5579489202550667
137	164	0.6724378983982716
137	22	0.644977261274942
137	140	0.6716866834553292
137	44	0.6558123470149292
137	165	0.620679718064782
137	33	0.6168907198457885
137	49	0.6033066920413129
137	34	0.5609031941213458
17	18	0.743065626495739
17	120	0.733078505046617
17	48	0.7321658743044512
17	119	0.7118330414312097
17	117	0.6406526707791618
17	149	0.6008012017657692
17	19	0.5748991223596248
17	46	0.5625595805410859
18	48	0.6145873146264216
18	120	0.5872119498757781
18	149	0.5865760612136898
18	117	0.5482739161638382
191	89	0.6302615869888039
191	192	0.5679557614163726
191	179	0.5673254222383064
191	173	0.5557964580643863
191	159	0.5425554400910128
84	86	0.7405652568018043
84	189	0.573806829426501
84	82	0.5604369527895169
86	189	0.5986176173565281
86	45	0.5837814149023628
86	82	0.5425554400910128
53	49	0.6683029115981866
53	27	0.6042154175189974
53	164	0.5835374584930674
53	119	0.5580659869604135
53	121	0.5460459608422183
77	43	0.6776469250887754
77	21	0.5659268174382368
77	147	0.5496293004899689
165	171	0.7363916509831062
165	145	0.7234662670327416
165	49	0.6936673802501611
165	174	0.6395074944533747
165	62	0.6229001385993792
165	179	0.6192329322342922
165	140	0.6123046364829327
165	67	0.5943271402715224
165	45	0.5608483606524153
171	67	0.7326248352804792
171	179	0.6119544699527272
171	174	0.5597025885438902
171	145	0.5596407794594196
89	179	0.735915249874537
89	82	0.6786245632152821
89	192	0.6675108343288634
89	178	0.5412274959893864
89	122	0.4873355350948257
89	94	0.6729470592026925
89	50	0.6385431108685039
179	192	0.635774949774265
179	94	0.5978663528973829
179	82	0.5814364075320999
179	180	0.5578111662844903
44	164	0.7354978002729647
44	49	0.6262424311382547
44	33	0.5917533833244306
44	22	0.5670201804924023
164	49	0.6236767579913202
164	31	0.5763834954692704
164	149	0.5597231901883316
138	149	0.5573563600873574
120	117	0.719361279075194
120	19	0.6956750099763155
120	119	0.6152402895651689
67	62	0.6386615482805585
67	174	0.574631264377739
67	42	0.5663209295972691
48	119	0.584920677895557
48	149	0.5498804975231628
48	46	0.5490777140726386
172	175	0.7312785221945555
172	68	0.6497407965846537
172	69	0.5753943349325912
172	65	0.5433593648023529
175	180	0.6906356099959828
175	170	0.6204214529452159
175	68	0.6046723637374404
175	174	0.601746136968513
175	195	0.5748120820251075
175	92	0.5413264786802999
119	121	0.730005902105913
119	149	0.69581431360295
119	19	0.612998007108848
119	117	0.5517543498106965
121	19	0.6621541515586952
121	149	0.6588676542771208
117	118	0.6394188314242584
117	19	0.5608140872355167
117	21	0.5506752987865665
117	149	0.5436975616587407
42	49	0.6144815155600117
42	140	0.6070079720487921
42	33	0.5508216007760031
145	174	0.7017905123222293
145	41	0.6284196023448875
145	195	0.6431573631725672
145	180	0.5758289711982334
145	140	0.5492523185171259
145	62	0.5459055787513458
50	94	0.7222439186289471
50	173	0.6528157474896104
50	64	0.49522530539669896
94	82	0.7158349838589104
81	80	0.6804169369268707
81	93	0.6906199189972585
81	92	0.5992396632046031
81	76	0.5466212068655485
82	159	0.6330023238479013
93	85	0.48234055895579336
93	92	0.647284014671735
93	195	0.5733975313231318
93	63	0.5633929107905625
22	33	0.707509757804062
22	34	0.6952051196199807
22	26	0.6345758807609755
33	34	0.5685245279864105
68	92	0.7063491774165157
68	91	0.6696950595726368
68	69	0.6608324504254804
92	66	0.6174045966599475
92	63	0.5931228083678579
92	91	0.579832278808703
92	60	0.5688019430498281
174	195	0.663438156139909
174	173	0.6095531435868363
174	170	0.5723360504102853
174	62	0.5709357279969042
26	39	0.6160165414167234
63	185	0.5541702748663655
184	76	0.6145001875898087
184	73	0.5949153874407084
184	185	0.5547728031351301
21	43	0.5439510934898389
149	27	0.6006286335392711
149	43	0.5613690799267291
34	140	0.5868252584951708
34	39	0.5795268518828185
52	156	0.6811198229674494
52	39	0.5601831133084003
180	189	0.5885796000475182
180	91	0.6001937692294584
180	168	0.558836694756353
180	159	0.5446899942644003
140	35	0.6771057639080347
140	167	0.6292176571043544
140	62	0.5771442668096255
60	91	0.6815645143711967
60	66	0.6073425812695061
60	80	0.5606152635129066
91	168	0.584031855052086
156	45	0.5628397618562463
80	182	0.5875852786899322
35	24	0.6685407928474209
35	62	0.6335294211875027
147	185	0.5728132827288742
24	62	0.5544681488484321
195	41	0.5693766597435861
69	181	0.5358031357440167
185	158	0.5198542436363256
185	74	0.4929728272687611
173	170	0.576697268016198
99	101	0.6472607731338184
157	189	0.640469869592095
189	182	0.6069511302246677
65	169	0.6337448826078775
65	167	0.5502571066347131
169	170	0.5733438316382593
169	167	0.5579489202550667
76	73	0.6059142581180638
58	161	0.5970046382540337
161	56	0.5906736092734074
56	162	0.5556927858774883
56	163	0.508229655361655
57	74	0.582679478869276
57	162	0.5378673759799396
178	72	0.5337038647931185
85	160	0.5399039318274693
59	151	0.5221710158641222
