9	108	0.9374765517228197
9	109	0.9258762254330278
9	3	0.795707209591946
9	106	0.7054461026856549
9	103	0.7422314671012894
9	70	0.6987327330316363
9	112	0.6795029248152192
9	5	0.6552078222237996
9	11	0.6363584604346069
9	0	0.6275474858714886
9	95	0.6123858908088414
108	109	0.895157698346352
108	103	0.7949723410181191
108	3	0.7843590888559397
108	112	0.7321333973207313
108	70	0.6942531937034789
108	11	0.6790720700733551
108	0	0.6224348018794854
108	106	0.6220058125948648
109	103	0.7560673574808222
109	3	0.726304003658004
109	106	0.6774521915191999
109	112	0.6729470592026925
109	70	0.6539275713152227
109	95	0.6284619566979142
109	0	0.6146744266711164
109	5	0.6120420340919566
19	121	0.9235433245991531
19	20	0.8003912354841726
19	117	0.7251917734733937
19	124	0.7393299952247887
19	16	0.6995200150101402
19	128	0.6565184610411576
19	17	0.6469120056346206
19	118	0.6337209473041843
19	120	0.6331820821236875
19	123	0.6250313608432221
19	25	0.6160909987468164
121	20	0.7481632754957522
121	124	0.736583837012919
121	117	0.7161322779740731
121	16	0.6761515388367338
121	128	0.6474699036514334
121	25	0.6121170771258779
121	17	0.6100242618436483
23	25	0.8795779635467377
23	22	0.7120648119215837
23	128	0.8262813352900373
23	126	0.8069419074192337
23	20	0.7340484618078519
23	29	0.7276524987811188
23	129	0.7240186552194228
23	124	0.7014757315506396
23	28	0.694113304108984
23	133	0.658845017943993
23	131	0.6583637137647947
23	27	0.6477079613594465
23	39	0.6440243332314332
23	26	0.6175963915299902
23	117	0.6082947211837821
23	132	0.6067868856247379
25	128	0.8791926052681882
25	27	0.712493424711522
25	29	0.7548223810035251
25	20	0.7162248247470547
25	126	0.7131328911066727
25	124	0.6954891903861485
25	28	0.685782578024453
25	16	0.6705435070041523
25	117	0.6409827082656367
25	133	0.6354292640179091
25	132	0.6190479326998098
25	129	0.6074877220398722
128	126	0.8401843393618424
128	124	0.7720164626875494
128	29	0.7646429642244537
128	20	0.7497526751027249
128	133	0.7000252300022817
128	28	0.6977847294206033
128	117	0.6873420402714479
128	16	0.6785112586423196
128	129	0.6724817222224978
128	132	0.6664004949100246
128	27	0.6645340353557866
128	118	0.6111845113662641
96	198	0.8740060734630651
96	95	0.6892418130236243
96	97	0.7650994333518354
96	98	0.7539303851814613
96	81	0.7139624266657236
96	197	0.6823027678731509
96	176	0.6311528550659611
96	199	0.609301704307948
198	97	0.7908885857840292
198	98	0.7643105040148808
198	81	0.7300105729856439
198	199	0.75217710592705
198	197	0.6709780701230209
198	182	0.653813080596727
198	176	0.6356140588021785
198	183	0.6204706566806047
198	196	0.6141951248937613
12	111	0.856724520941792
12	113	0.7414670461325605
12	13	0.73761594114055
12	3	0.6494980388556492
12	104	0.6242874042434382
12	11	0.6207104549452475
12	70	0.6198922042786547
12	10	0.6167358345022406
12	112	0.6087732827751677
111	13	0.7477094666828581
111	113	0.7172363221733072
111	104	0.6794114073626383
111	110	0.6792336954790107
111	10	0.6629003579606627
111	102	0.6467782396168633
95	197	0.8443970312791651
95	176	0.6389634267549583
95	70	0.626704154811887
95	106	0.613465966959724
197	176	0.6587884218911458
11	112	0.8410643893367471
11	70	0.7035977164638862
11	1	0.6899865066009953
11	103	0.6777712884717868
11	3	0.6673278323596957
11	0	0.6501104584304201
11	13	0.624909478449191
11	113	0.615687556518682
112	103	0.7915617182268457
112	70	0.7761048307019827
112	3	0.7115813702898596
112	113	0.6841476469284646
112	0	0.6332180255851716
112	102	0.610369474705297
126	123	0.7096706350148454
126	124	0.6923680658130185
126	129	0.6895356691766366
126	20	0.6847960746265983
126	28	0.6703012721327212
126	29	0.6516550786768038
126	132	0.640511153625375
126	133	0.6369174709180155
126	22	0.6156937657687797
126	117	0.607418311948484
182	183	0.8390336225444242
182	187	0.771490747609057
182	196	0.7084075873294378
182	60	0.6929351204859219
182	199	0.7579799288947354
182	81	0.6550023207845722
182	76	0.6510563136120792
182	147	0.6465164083695568
182	185	0.6462660716813771
182	175	0.6230164039671477
182	98	0.6167606193672163
183	199	0.7734266136549595
183	166	0.7552222263539023
183	175	0.7186077038353895
183	170	0.6991470342374293
183	196	0.6977077568939345
183	185	0.6819659114719822
183	81	0.671126486107711
183	174	0.6483576211276284
183	167	0.64549089342757
183	60	0.6230102854234245
183	187	0.6093205665061532
183	165	0.6088928540104259
20	124	0.8278925532823471
20	123	0.716307608406737
20	117	0.6724543328849153
20	129	0.6686292718956971
20	27	0.642652824427508
20	40	0.6413478306398096
20	144	0.622177453152528
20	39	0.6217114325173688
20	28	0.6214107382399582
20	29	0.617280819064622
20	16	0.6151719222061152
124	119	0.6828635519908796
124	117	0.6906513003445149
124	129	0.6665505637074829
124	123	0.6606352496573368
124	103	0.6461961854421486
124	29	0.6285950461197829
124	120	0.6254272682107024
124	17	0.6217850440125637
42	68	0.8277037031443036
42	30	0.6500296211786508
42	69	0.6383890970015599
42	37	0.6154701845944802
42	172	0.6104698567579135
68	37	0.6457708106008799
68	69	0.644959740805965
5	106	0.8246244836851256
3	103	0.8232758439697265
3	70	0.7282495094894945
3	102	0.6730619428394339
3	0	0.6461437636494689
3	113	0.6294230021137577
103	102	0.7220573042221902
103	70	0.7118823672919802
103	0	0.6654265168846055
103	113	0.6294894184503382
28	132	0.8196007602280324
28	131	0.7907762105510507
28	29	0.7695404907559447
28	133	0.7410345208355885
28	27	0.7023432534667979
28	129	0.6501855084181348
28	16	0.6350534889574173
28	39	0.6282804118044476
28	125	0.6241287095269301
28	117	0.6240981854067092
132	133	0.7405923493839676
132	131	0.7236235063520642
132	29	0.7093080989234022
132	27	0.608099391321445
8	107	0.818712509353181
8	4	0.7726620496208066
107	4	0.7825827003127326
107	105	0.637511428553274
107	10	0.5350612910297274
71	177	0.8174557080157586
177	97	0.6359238736539543
177	176	0.6185295683602392
114	181	0.814481428733854
114	32	0.8142793580070412
114	139	0.7755873492083547
114	2	0.7745092406641984
114	141	0.753386066284917
114	13	0.7180511006913687
114	134	0.6975229570859152
114	38	0.663482941747853
114	24	0.6428054182374966
114	110	0.6350534889574173
114	142	0.6234750774805952
114	140	0.6176582451794419
114	36	0.6127170245695568
114	135	0.6124733810002869
114	1	0.6102941752978814
181	135	0.6766126699324025
181	32	0.7360939857775799
181	79	0.6667950045537968
181	38	0.6411711947715591
181	2	0.631375412130031
61	81	0.8143130501761575
61	63	0.8055420173331989
61	35	0.751089488988216
61	93	0.7187720886745794
61	166	0.6518621545257642
61	98	0.648392397718434
61	92	0.6448662868536782
81	93	0.7737077293047196
81	98	0.700275026990741
81	97	0.670246198820876
81	63	0.6512982202341574
81	199	0.6294652681193738
81	74	0.6216071307625276
81	78	0.6164135199707433
32	38	0.7319941725390161
32	31	0.6458116173603986
32	36	0.6309422324215427
32	79	0.6973432016054859
32	2	0.6713517556977434
32	37	0.6291149516454507
32	13	0.6112095688933823
32	30	0.6104259420226025
6	105	0.8142793580070412
98	199	0.8123838191199542
98	97	0.7056971869996087
98	176	0.6666561353018835
98	35	0.6311167549345098
199	166	0.7653895139460661
199	175	0.676211244496403
199	176	0.649642553461531
199	196	0.6383298472832369
39	143	0.8118731484163844
39	26	0.7459715115774161
39	127	0.6787863708790917
39	129	0.6716263069247009
39	131	0.6601898040282488
39	22	0.651821897387678
39	133	0.6185604384641631
39	123	0.611247152886809
143	127	0.8088866297788947
143	129	0.7206567461675899
143	26	0.6751678334538815
143	130	0.6686016242265799
143	131	0.6670226499189761
143	142	0.6527526214808219
143	123	0.6324446392101641
10	110	0.8104023161652112
10	13	0.7556300910235423
10	2	0.7344263959787952
10	104	0.6562395694256532
10	7	0.6219935502669397
110	104	0.7583073468833961
110	13	0.7267431156472994
110	2	0.718298055568151
110	134	0.6066921055474375
127	129	0.738926211509461
127	123	0.689472719100868
127	26	0.6683969740178277
127	130	0.6638186822842987
127	144	0.6166552752454455
16	117	0.8078122616877889
16	115	0.6648912558706386
16	118	0.6436672010531179
16	15	0.6598003635862393
16	29	0.6334695533476494
117	115	0.6497292396965306
117	118	0.6390640092040193
117	120	0.6383239218953529
117	119	0.6187209322248544
63	167	0.7191585597120902
63	65	0.6452516601099088
63	92	0.6226062929641129
63	62	0.6182948931674231
63	35	0.6086788648904862
87	191	0.803637801527719
87	82	0.7176876030395107
87	179	0.6179426735611884
87	89	0.6170703270028697
191	179	0.6979181103016617
191	83	0.6686292718956971
191	82	0.6097227958020515
166	167	0.8030348957454018
166	175	0.7467157027595508
166	35	0.6606972368698439
166	140	0.6482474774055006
166	172	0.6399269353524418
166	145	0.6220855102899828
167	172	0.6556299374877401
167	175	0.6485083001465541
146	150	0.8021452742154098
146	138	0.6886744495284853
146	140	0.6852684249784152
146	172	0.6796643746312394
146	33	0.6481894961262684
146	49	0.634671441209952
146	136	0.621956761452634
146	149	0.6182516514962105
146	144	0.6157248108723797
150	149	0.7487482278683556
150	144	0.7317155394789648
150	136	0.6570813886558108
150	138	0.6493187755554994
150	157	0.6316219079938062
29	133	0.7945302967623327
29	26	0.6649303084262262
29	131	0.659873763542442
29	129	0.6431339086249332
133	131	0.7072949375873973
133	26	0.6895304237348582
133	129	0.6894412401564964
1	13	0.7915990582756497
1	102	0.7658447272865299
1	2	0.7001985767278969
1	0	0.6667394624082691
13	2	0.7425142630698577
13	102	0.6846367255940484
13	113	0.6656883225342842
13	7	0.6572631885188455
13	36	0.6218525115672516
193	194	0.7909634729865193
193	187	0.6762058170761741
193	196	0.6275899168982039
193	180	0.6236889783849181
194	90	0.6122983856143371
97	93	0.6120357800081941
131	129	0.7241994083356638
131	26	0.624683915692466
138	140	0.7855873005379931
138	144	0.7615941559557649
138	34	0.7328239746993913
138	141	0.7567219937887764
138	123	0.6806799952690871
138	136	0.6610802305712642
138	134	0.6495096017513966
138	33	0.6469410799370189
138	145	0.613060426626664
140	141	0.7738281142631604
140	137	0.7094322974022685
140	172	0.7019934513738514
140	34	0.6334276413464708
140	145	0.6148050666293086
38	142	0.7803246031367226
38	79	0.7110873669775171
38	139	0.6074246223400962
142	52	0.6229062585154312
142	141	0.6592522894113748
70	176	0.7795804230222143
70	113	0.6561655476596111
70	0	0.6108022322606373
78	80	0.7766212690369726
78	76	0.7243610505024086
78	77	0.642799550187834
80	76	0.7358327217692635
80	73	0.6239394292713456
80	77	0.6169774347736807
51	155	0.775706860676419
51	53	0.7287516463568334
51	49	0.6606521561542683
51	130	0.6062748682444151
155	154	0.7223873966534047
155	153	0.7166677259778386
155	157	0.7228843058619874
155	47	0.7110379279864851
155	53	0.6319884095360607
155	46	0.613060426626664
155	149	0.6106768328168443
139	141	0.7312133830848877
17	119	0.7749490147965189
17	120	0.7190813010683963
17	154	0.7175032814682777
17	48	0.6374520668512492
119	120	0.7139624266657236
119	154	0.6745579263001799
119	48	0.6236584268292981
2	134	0.7570124571204113
2	30	0.6441881688274983
2	141	0.6229307374172199
2	31	0.6132788346733365
2	102	0.6086914549380072
141	24	0.6790990122147321
141	134	0.6691652709443373
141	34	0.6339662266425808
141	144	0.6334994882157322
93	66	0.6008587120683468
40	144	0.772742635837965
40	34	0.6436437727485577
40	130	0.6140207208876579
144	123	0.6795136901844193
144	136	0.6704279127334491
144	130	0.6599471509067013
144	134	0.61091506556798
187	147	0.6701525572464794
187	76	0.6598963456110248
187	60	0.6556242359565088
137	165	0.7710045352808395
137	171	0.7330461216715203
137	174	0.6713078103920068
137	175	0.6624123867489933
137	169	0.6591052637447502
137	172	0.6365666808185652
137	164	0.6299782010082163
165	174	0.7636026749238308
165	175	0.7574561170954393
165	164	0.6644167561426151
165	171	0.6880114579285337
165	169	0.6637291776175552
165	60	0.6339781882273838
165	180	0.6149543281376385
88	90	0.7682732687188347
88	85	0.520240905395658
102	0	0.6909492934462874
102	113	0.6305809485557393
174	170	0.7105282971119063
174	175	0.7511897205246846
174	171	0.6934026855935408
174	169	0.6455900506018613
47	153	0.760432588106894
47	154	0.6761081109599981
47	46	0.653601193820101
47	44	0.6150662453594882
153	154	0.7125180414905239
153	149	0.6800838361171389
153	46	0.628867159849808
153	44	0.6193500630613132
44	149	0.7598288405331949
44	46	0.6738160848115441
44	33	0.6654989476001275
44	154	0.6387503564861466
44	136	0.6265523205506742
44	45	0.6143445663058608
44	49	0.6093897219999045
149	136	0.6914193311908521
149	120	0.6861267310329863
149	154	0.68599969489018
149	157	0.6203722443252562
104	113	0.6671669458950354
104	7	0.6520518886956979
175	145	0.6523162304232186
175	172	0.6596987120883538
175	180	0.6457824700514951
175	170	0.6366023664271986
175	196	0.6318322303076245
175	92	0.6219015730827333
175	195	0.6143072100836992
134	123	0.6261512495110517
134	30	0.6229858104861418
134	31	0.6221835820665629
56	163	0.7554756006650991
56	162	0.680878514917832
56	161	0.5979820004989412
56	57	0.6631917503090868
163	57	0.6530280139006444
163	162	0.6402338898110468
91	180	0.7522986646108182
91	94	0.6832209656514808
91	86	0.614456618449391
180	196	0.6532975017428778
180	189	0.5862939408069981
35	92	0.6489542438539837
35	62	0.6126483163757206
123	129	0.7465431103989967
123	22	0.6891053026756272
123	136	0.6749936683438746
123	34	0.6234261727352074
129	26	0.7213865400489966
129	22	0.6540134197035057
129	118	0.6081056934344244
26	22	0.6149978544461002
50	173	0.7453010318263134
173	164	0.6486994734319835
173	179	0.5942171773698554
173	157	0.6211651377277788
53	157	0.741516567021514
53	49	0.6886797067673056
53	130	0.661968798943603
157	154	0.6957575665912782
48	154	0.7405020314130053
48	46	0.6120170172975764
48	49	0.6074814124148666
154	46	0.7234233705493411
154	49	0.6406821480426739
154	152	0.6205321544810617
154	120	0.6144068205564824
73	184	0.739515829258225
73	75	0.674099890724411
73	76	0.6347132428040844
184	161	0.6155571446041934
184	59	0.3554428436014495
76	77	0.6609957762579238
171	169	0.6969217164692002
52	156	0.7328378634647098
52	122	0.48758712097062684
34	33	0.730826927230456
34	31	0.6243057118576635
34	24	0.6210791487084331
33	49	0.7067898457277648
33	136	0.6431456360495972
14	152	0.7249356608821752
152	46	0.7021151601128321
46	151	0.49298039700935997
62	92	0.7218849514583587
62	65	0.6485488588942249
62	60	0.6070206027218894
92	65	0.6713956962832924
92	69	0.6060787778533652
120	18	0.6300867516417539
120	136	0.6423063646673557
82	159	0.620919415138493
82	168	0.5186491209416658
27	130	0.701231842186723
170	196	0.6652816178555968
15	115	0.7088009124916043
15	18	0.6136218579248714
15	116	0.6088425115988957
15	188	0.6074498631399345
115	116	0.6414890904043349
196	185	0.6847907640468703
196	195	0.6684965462243975
41	145	0.7078541962612389
49	67	0.5746915431620495
84	86	0.7046263371341775
86	69	0.6094022947300035
7	135	0.7036633539927428
172	178	0.4097160966822959
130	125	0.649208868823301
179	89	0.6968857137044034
179	192	0.5730819751275658
45	164	0.6971222390043492
0	101	0.5978149459728089
185	74	0.6218893081615156
162	57	0.6674165706543983
75	186	0.6178252118696129
43	186	0.6736795688467627
43	188	0.6719171299705725
186	188	0.6141764416190549
188	116	0.6434270037385941
188	148	0.598630450341849
188	77	0.6251166603902947
65	64	0.45086862652500137
83	190	0.6477427884697445
30	100	0.537860268954855
30	37	0.6207965080610728
125	21	0.6371254421956681
190	55	0.6474582878465399
190	54	0.5476511502566194
55	158	0.5886449536061641
85	160	0.6447435992717571
161	58	0.4242306886654564
101	99	0.5565561926013423
72	178	0.5337682261180782
