19	121	0.9338024454050029
19	136	0.6857401995190939
121	136	0.7088058884689988
28	132	0.9292817916246182
28	131	0.907699166656368
28	126	0.7402535190170896
28	23	0.7327637829925662
28	133	0.7208153242212071
28	128	0.6797289361258545
28	21	0.6786245632152821
28	22	0.677668556288228
28	129	0.6740344147077613
28	25	0.6733244120815368
28	26	0.6674165706543983
28	123	0.6543566448461178
132	131	0.8786694013631247
132	126	0.7363046706204376
132	133	0.6814199109149904
132	128	0.6775279325291261
132	23	0.6742253568171473
70	176	0.9245951996060373
70	71	0.824143897899997
70	177	0.769703563524043
70	11	0.6760592489828854
176	177	0.831352607157051
176	11	0.7203682291366432
176	71	0.8060330061770533
12	113	0.9144921920696545
12	112	0.8846362575557941
12	13	0.7904387647961494
12	0	0.7488800110900452
12	103	0.8515870741679885
12	3	0.8508434075447141
12	108	0.8494015004093862
12	111	0.8298953153678232
12	9	0.8162244547908584
12	11	0.7646844931625605
12	102	0.7210074389266187
12	109	0.6994076499349049
113	111	0.8370989518700613
113	103	0.7900632615498875
113	112	0.7877977490905004
113	108	0.7789520327667899
113	3	0.7780459734975503
113	13	0.7690915227116345
113	102	0.734504691240394
113	9	0.7053456193506382
113	0	0.6690989994822487
113	11	0.637202665051367
88	90	0.9139997303980469
88	87	0.7646014289348992
88	85	0.7505223115530221
88	193	0.7334113983344309
88	78	0.6982615995415119
88	81	0.6973175150869326
88	194	0.687146793085486
88	98	0.6744816230701765
88	96	0.6477021565778808
88	185	0.6374164461971563
88	76	0.6335653382505378
90	194	0.7488360899281247
90	81	0.7255376810228842
90	78	0.7127198329260269
90	76	0.6867084448758608
90	193	0.6700203210485921
90	85	0.6603590153364954
90	185	0.65120032158888
90	87	0.6421712329238646
90	184	0.6400391154798536
90	98	0.6376538657600874
90	93	0.6362394357057486
131	133	0.7387945267589676
131	126	0.7124244883988746
131	23	0.7039913615468273
131	129	0.6855176360724049
131	26	0.674536126847829
131	22	0.6702627215896305
131	21	0.6615134990933257
131	128	0.6607028716242269
131	123	0.6575357449585709
131	25	0.6533376240741802
96	198	0.9002050974504324
96	98	0.8315995251576949
96	85	0.8307338735252467
96	190	0.7987320184797889
96	193	0.7326294678550469
96	83	0.7307849941922285
96	79	0.7123259840951466
96	97	0.710280634377353
96	95	0.7095216930324492
96	93	0.70144017457887
96	81	0.6989424996786392
96	87	0.6727445661585677
96	185	0.6660000473672684
96	78	0.6632309608578976
96	197	0.6494633483659552
96	55	0.6420419391159492
198	190	0.811770864909819
198	193	0.7809885806698397
198	97	0.757750082968241
198	98	0.827199184900554
198	85	0.7418225168678448
198	81	0.7379485855539352
198	185	0.7284091518567768
198	83	0.7269129352102812
198	95	0.7167844388698805
198	79	0.698323086077807
198	197	0.6871837393582324
198	93	0.6797988658606774
198	199	0.6766072479427678
198	194	0.6707030836762916
198	191	0.6445332003968169
198	78	0.6428758289492263
198	87	0.638430567303557
9	108	0.898465252779632
9	112	0.874359779561193
9	109	0.8731533860515777
9	5	0.711645539107474
9	3	0.8327679078263681
9	11	0.8067324992013722
9	103	0.8005349390169532
9	0	0.663236562067674
9	111	0.6312731690917572
108	112	0.8636160598611123
108	3	0.8284893422660332
108	103	0.8018598407417695
108	109	0.7698665359089004
108	111	0.7689280731454042
108	11	0.7322354566319341
108	102	0.6903583066179574
108	0	0.68667145289191
108	13	0.6666450237617881
126	128	0.8909058491668602
126	123	0.8295214146705343
126	129	0.7362588817059287
126	127	0.7198530877779051
126	133	0.697718020828428
126	125	0.6942428333095648
126	23	0.6652481724984656
126	25	0.6583467167124806
126	21	0.6453858797561675
126	22	0.640481665407919
128	127	0.7761048307019827
128	123	0.8213655073856203
128	125	0.7317341226298233
128	129	0.7282260260018257
128	25	0.711117026997421
128	133	0.7002444488127954
128	23	0.6939578097181135
128	22	0.6893520356701599
128	21	0.6569961436472114
128	118	0.6392177989173278
128	26	0.6314475704732792
112	11	0.8672556540821672
112	103	0.8668336573525198
112	3	0.8474120647009011
112	109	0.8280497851438107
112	111	0.7290141349887839
29	133	0.8844186464298214
29	26	0.8002114766253648
29	21	0.7159958473440484
29	129	0.7033906271314933
29	25	0.6905728420998102
29	127	0.6596083349321711
29	23	0.6539848054454818
133	26	0.8089557590784529
133	129	0.795376808035601
133	21	0.7394795778065586
133	127	0.7273888991647091
133	25	0.685332068606841
133	23	0.6745906232730245
133	125	0.6310987038434958
109	103	0.7858169038423167
109	11	0.7718952374404182
109	3	0.7636026749238308
109	5	0.6572972674809348
109	106	0.6369828433125778
40	144	0.8708773447952878
40	145	0.6993565634681274
40	41	0.7519512182027852
40	140	0.6561883249327349
40	141	0.6505663357523501
40	47	0.6410003821608026
40	142	0.6391172498889897
40	42	0.6361858646940933
144	140	0.7950827203833498
144	141	0.7491258480552434
144	142	0.7137613621826135
144	114	0.7145649141867134
144	146	0.6886902210277147
144	145	0.660804284471232
144	42	0.6480039055166047
144	35	0.6454092182363105
144	157	0.6430694023964043
144	41	0.6411711947715591
144	172	0.636953129723384
144	24	0.6335413938452502
11	3	0.7527887205995915
11	103	0.7463394107041015
103	3	0.86277491361022
103	111	0.715576468258007
103	0	0.671790949177495
103	102	0.6437784690255802
15	116	0.8668336573525198
15	115	0.7901384096830795
15	14	0.7851274441380265
15	18	0.6819070655833069
15	152	0.7003667461081843
15	16	0.6880219905882756
15	148	0.6610014070665419
15	43	0.6564160319060164
15	118	0.6510447909485126
15	188	0.6387148352459119
116	148	0.723199264813216
116	188	0.6787917633331153
116	115	0.7671646300232999
116	14	0.6887427879852506
116	118	0.6772411229382403
116	152	0.6677325468332607
116	16	0.6558408415888258
95	197	0.8639968172849302
95	199	0.657870526621508
95	79	0.655424635261161
95	98	0.6332240158965605
95	99	0.6307796885226
197	199	0.7530052936357432
197	181	0.7243277777405626
197	101	0.6638690203049187
197	79	0.6970245621569731
3	111	0.7069949700013022
3	0	0.683386225469155
3	102	0.6516263104565583
3	13	0.6399741724154722
23	25	0.8485358207402374
23	22	0.8449128353203953
23	21	0.7499934048195863
23	26	0.6892365635302109
23	123	0.6457125088300986
23	129	0.6358821797401472
25	21	0.7618879813039355
25	22	0.8003912354841726
25	26	0.7334483647830864
25	123	0.6951947856794648
25	127	0.6636732275462944
25	129	0.6349580061257732
75	186	0.8466208896857171
75	77	0.657887542476782
186	187	0.6733845373940424
22	123	0.7148633162407245
22	21	0.6741435355176281
22	26	0.6400745351154532
10	110	0.8387966454653977
10	7	0.6334396165832239
10	13	0.7295899206196166
10	114	0.6531713790955507
10	1	0.6487110570615595
110	13	0.7336839239327826
110	104	0.6449889412109232
110	102	0.7188300876738786
110	1	0.6571041178203494
110	114	0.6553333587223584
78	98	0.8374875736899556
78	76	0.7277042520409992
78	147	0.6991879274240757
78	135	0.6689387995083647
78	81	0.7070949874800763
78	184	0.6931222165362536
78	185	0.6434328637177978
78	193	0.6428816960181938
98	81	0.7665054880243773
98	193	0.7024901705854177
98	85	0.7011962612670026
98	93	0.6979642693301852
98	79	0.6807873156063029
98	185	0.6563534244064103
98	190	0.6525000267824422
98	199	0.6513557975467974
98	87	0.6490410641603793
98	97	0.643737478728643
111	8	0.5790750528412723
111	13	0.750823489756266
111	102	0.7066747239491923
111	1	0.6618170865580052
193	194	0.8337156008410261
193	190	0.7662578925820325
193	185	0.7638943566343299
193	85	0.75787779837503
193	87	0.7217364647778963
193	83	0.7156350172683398
193	81	0.7089750297326916
193	191	0.693662191958516
194	185	0.7931990970835009
194	81	0.7850123445621904
194	74	0.6900546099125562
194	93	0.6893940168565584
194	196	0.6771220094115664
194	190	0.6528214857681482
79	181	0.8320308418417124
79	93	0.7626002534727578
79	99	0.6451465908546209
79	81	0.6638466485939
79	190	0.6435148955087732
181	196	0.7174741688725449
181	93	0.6520518886956979
181	199	0.642271116756966
177	71	0.8269148059054208
85	55	0.6787755857514229
85	190	0.7892727710934515
85	83	0.7660513890607366
85	87	0.724736323520272
85	81	0.6974716073318894
85	93	0.6641988650472481
85	185	0.6479574958357365
123	136	0.7352176583997013
123	127	0.7104738264055083
123	118	0.6963091916247865
123	125	0.6941340318023207
123	129	0.6926543013387643
123	117	0.6721255171541249
123	21	0.6542308269116951
35	37	0.8295214146705343
35	140	0.7360023391578764
35	62	0.7344770598511912
35	32	0.7305519324064909
35	24	0.7211322540766999
35	42	0.7057423633634352
35	30	0.655475969902158
37	134	0.6804169369268707
37	32	0.7316597834992162
37	141	0.7132950286326134
37	62	0.6957162905812362
37	140	0.6947501543378766
37	42	0.642547152682299
170	174	0.8282696911300458
170	195	0.7366478726041863
170	175	0.7271910584718139
170	183	0.7153079899459179
170	196	0.7026066485025607
170	166	0.6960721451005333
170	180	0.6504394296335979
170	145	0.6309061163403956
174	195	0.774269047812396
174	183	0.7721780090248965
174	145	0.7564953958632459
174	166	0.7007384810733523
174	196	0.665047444282033
174	175	0.6596817678247375
174	180	0.644398727765286
114	141	0.814414093765686
114	32	0.79126278495432
114	139	0.6905623797723164
114	36	0.6761406823079915
114	142	0.6474118216186036
141	140	0.7321009170079928
141	32	0.693428644329307
141	172	0.6696895444504306
141	36	0.6600769592454269
141	134	0.6524253687670399
190	83	0.7934585376241938
190	185	0.726941229831261
190	93	0.6682420362892675
190	55	0.6579839529700658
190	87	0.641683251571512
190	81	0.6364893526478976
26	21	0.7612159198942994
26	52	0.6455025601070837
26	129	0.7858933901791727
26	127	0.7591602353990421
26	118	0.6598568262086663
26	125	0.6597213033965742
44	149	0.8024659492867823
44	33	0.7182593295106159
44	164	0.6768945122973204
44	45	0.6601333853614682
149	33	0.7439466070872742
149	48	0.6834768220985217
149	154	0.6763089255093151
149	18	0.6718732454220875
195	196	0.802038279583332
195	183	0.7374335182377126
196	175	0.7581798268871178
196	183	0.7651408924653712
196	93	0.7085719412694818
196	166	0.6620305921477995
196	199	0.643544188995172
137	140	0.8002114766253648
137	62	0.7533903903466911
137	138	0.74416087141222
137	146	0.7354289362282092
137	34	0.7256607925154713
137	24	0.6878060131219154
137	42	0.6766668857933966
140	146	0.7523681037270689
140	24	0.7235329837933452
140	62	0.7040821413516871
140	42	0.6906617602156576
140	142	0.6558465402793564
34	138	0.7959638616217392
34	33	0.788706528399007
34	39	0.6582617213795693
34	24	0.6563249634632986
34	62	0.6526665259493327
138	39	0.6667394624082691
138	130	0.6454617254108848
129	127	0.7942351319253553
129	21	0.683631320707047
129	125	0.675107972684722
129	118	0.6706920803812235
127	125	0.7792271463231238
127	118	0.7381853192702369
127	143	0.6940822104108049
127	21	0.7054963337215793
83	191	0.6961339979620078
83	87	0.7305426063927482
83	55	0.6385549559711415
185	81	0.7270685250844626
185	74	0.685507034615644
185	135	0.6612490889561407
32	36	0.6902117247730943
32	30	0.6750644319952243
32	134	0.6365845239636354
13	102	0.7619718738602599
13	139	0.7041376065729409
13	1	0.7311575389464704
13	0	0.7204500009563225
115	16	0.760099211502638
115	118	0.6877585871263054
115	152	0.7122570143806147
115	120	0.696479153222683
115	14	0.6739416388845342
115	17	0.6717690007108914
115	117	0.6571154819545664
1	102	0.7888954248973453
1	6	0.6376894682507696
102	0	0.7324162991612936
155	157	0.7870378033235761
155	51	0.7554026176676777
155	154	0.7471356995721871
155	47	0.6588789719962647
155	146	0.6452925137852377
155	153	0.644539046128675
155	171	0.6327505475408496
157	124	0.6379504699437087
157	51	0.7249166816003316
157	47	0.6734829050575762
157	146	0.6516320642505798
157	153	0.649174155800504
42	62	0.7857403934599794
42	146	0.7273182556490367
42	49	0.6798687832366723
42	41	0.6421477276757971
62	41	0.7529576615574893
62	49	0.6980411881584301
62	146	0.6716263069247009
62	24	0.6658330808312891
62	67	0.65235069808628
175	180	0.7852808259187325
175	169	0.7485592353123887
175	183	0.702049239637062
175	182	0.6968960005670675
175	166	0.642693912393378
175	92	0.6350415546645175
175	167	0.6350296200684626
180	169	0.6316279184934958
14	152	0.7515554894018999
14	17	0.724299255544808
14	43	0.6762600879754587
14	18	0.6589977900393637
14	46	0.6553904088023806
81	93	0.7755873492083547
81	74	0.7490600190890437
81	61	0.6631917503090868
81	97	0.724864482899653
81	92	0.6365845239636354
84	86	0.781417274731799
84	189	0.7376205003341543
84	82	0.6466269779274746
86	189	0.7636860443814609
86	69	0.6728047773249414
86	77	0.6563192710505149
86	82	0.6556698461130596
86	94	0.6463825246608211
125	21	0.7388717281121439
125	118	0.7005093743325435
45	164	0.7781248901089726
45	171	0.7564825641305541
45	31	0.689976028083982
45	67	0.6397379387312324
45	173	0.6320965035553813
164	146	0.6988146074884459
164	171	0.6982667238131169
164	31	0.6810769345676289
164	154	0.6333497949115854
76	77	0.7764624759548159
76	184	0.6592296733582431
77	20	0.5264852187899314
77	188	0.6415950066876865
77	187	0.6361739591917016
17	119	0.775627192544398
17	120	0.727087379390511
17	18	0.6503124871899612
119	120	0.7032642945124142
165	171	0.7755076439929965
165	173	0.6991061364760714
171	173	0.7163319527053233
171	146	0.6864388504105232
171	67	0.661496626761777
183	166	0.678700081658283
73	184	0.7688054199701443
73	161	0.47184414738874025
73	162	0.4660950931408827
184	147	0.7077144646878943
184	59	0.3936736157883094
184	187	0.6864441383912706
87	191	0.6692480953062624
189	82	0.6985586890178093
89	179	0.7624328260682536
179	173	0.654379516942699
21	122	0.5693023159635012
21	118	0.664511698981433
21	16	0.6360310695313264
16	117	0.6807765848875793
16	118	0.6834288617994446
145	166	0.6919356974821467
145	41	0.6670504030325799
145	172	0.6438721472607472
39	143	0.7560459385635852
39	27	0.6837697846292864
39	130	0.6777604758036074
143	130	0.6448312366492337
51	53	0.724864482899653
51	47	0.7196940521989692
199	182	0.7041981042885257
199	166	0.6613785016895684
41	67	0.6869778505718739
146	154	0.6932988326494212
146	150	0.6491567982750044
146	49	0.6594218717926871
152	46	0.694993216397132
36	139	0.7511287141487235
139	0	0.656302193363834
169	167	0.702358454565131
169	158	0.46347662363915443
154	46	0.7260203906018966
154	48	0.7259305282724584
118	117	0.6497581313536729
118	18	0.6416479556563475
27	130	0.7366295780686595
136	120	0.6372620585429649
136	117	0.6310204745504027
47	153	0.7277559970161082
153	168	0.6538760541975672
120	117	0.6776847789182506
46	151	0.5747719051752856
46	54	0.5157337260129972
46	48	0.6463534142384314
46	43	0.6369115275188088
91	92	0.7259494487177759
91	65	0.6775982506022938
91	66	0.6454675591648402
91	64	0.6775495701787357
91	82	0.6519139083051896
91	60	0.6473479226956252
92	64	0.7220573042221902
24	142	0.6569961436472114
148	43	0.6733626746745813
148	188	0.6410298371422488
50	173	0.721769999836877
50	80	0.6135782132751676
63	167	0.7174013764165347
63	65	0.6835301043999877
142	38	0.5924417688801802
5	106	0.6739525547907466
147	187	0.7092882230786569
147	135	0.6672446229965074
166	172	0.681189506649154
82	94	0.6521898259071843
82	159	0.5296006671016247
68	69	0.6971839163145246
191	160	0.6653763652016811
191	192	0.6022370936111263
2	30	0.6836579522075861
2	134	0.6367569725648656
30	134	0.6793198687670952
65	60	0.6674276616087754
101	100	0.5133368035379545
101	99	0.641336057029589
52	156	0.622171324162227
6	105	0.5631607862696778
4	107	0.631375412130031
4	8	0.5616292730170689
54	178	0.3383074608591867
100	57	0.3277719732870841
56	163	0.5124672245201599
56	58	0.4072917067734003
161	58	0.41260778387281394
72	178	0.3529328847264563
