126	128	0.942859334102977
126	125	0.8621858209324796
126	124	0.8612332346882612
126	133	0.8490948452121349
126	123	0.8655852599389307
126	129	0.8210398813328771
126	120	0.7995992196179786
126	136	0.7777695718812938
126	29	0.7616781380309163
126	127	0.7564782867568952
128	123	0.8776166292285276
128	125	0.8599623227109792
128	124	0.8490948452121349
128	133	0.8005708505231333
128	136	0.7891219040742815
128	129	0.7715716955231351
128	127	0.7673291628971807
128	120	0.7599513849656465
22	23	0.9285826639905341
22	34	0.7995631526253862
22	25	0.8978854110475681
22	26	0.8267882792999697
22	28	0.7811055703071178
22	29	0.7616781380309163
22	121	0.7527843874755509
23	25	0.9099270130963045
23	26	0.892666383126141
23	29	0.8836758833492901
23	28	0.8338375274924286
23	133	0.8156897126727793
23	120	0.7840125415759935
23	21	0.7820006710444429
23	19	0.7768989196342072
23	124	0.7746692452600998
23	121	0.7724201414876498
23	14	0.7711261727442524
23	17	0.7679042330841676
23	132	0.764227325410443
23	15	0.7558530954249281
23	129	0.7429805223213487
15	115	0.9234991920547055
15	14	0.8935164074771524
15	17	0.8581016933656267
15	16	0.776938559361336
15	43	0.6827301048697753
15	46	0.5410153397090317
15	116	0.8457120848443733
15	119	0.8091630128060368
15	120	0.7974977790724809
15	118	0.7930878200496706
15	18	0.7888954248973453
15	26	0.7857786516571593
15	152	0.7751486644329698
15	186	0.7737879921535749
15	29	0.7728231971500104
15	19	0.7707204956255254
15	117	0.7679452622422656
15	21	0.7600147488260266
15	44	0.7502514214549997
15	129	0.743709845730129
115	116	0.8955147694689439
115	186	0.8349917815028782
115	118	0.7982608942411189
115	152	0.7763830424157556
115	14	0.8725580798967696
115	119	0.8239834383747222
115	17	0.8052961072689242
115	120	0.8013236650435529
115	117	0.7623490740611676
115	29	0.7562258071439552
115	16	0.7522769614585122
115	121	0.7488844028444461
115	19	0.7445443790349119
115	21	0.7429894817870825
25	26	0.8237907123400424
25	28	0.7781248901089726
25	29	0.7771366656241188
25	34	0.7771366656241188
25	19	0.7526717033499559
25	17	0.7468174408864099
116	14	0.7939026228340771
116	186	0.7829699614369604
14	17	0.8433029500738807
14	119	0.8153212669083203
14	120	0.8091975355343408
14	19	0.7932732523570101
14	29	0.7774533155746914
14	186	0.7748691116085118
14	121	0.7692956932965338
14	133	0.7639359999942685
14	152	0.7638943566343299
14	26	0.7619718738602599
14	117	0.7529836436692466
14	28	0.7503344629494955
14	129	0.7460823725263078
14	18	0.7434281695224328
14	118	0.7430924965062192
120	121	0.8928287844980484
120	119	0.8637176916678078
120	124	0.8480872329570748
120	117	0.8051906323366375
120	44	0.7729439924321517
120	17	0.82697803782785
120	19	0.8259002466232753
120	129	0.818943174000803
120	28	0.8069070201283433
120	136	0.7939026228340771
120	133	0.7922701689754608
120	132	0.7854724176883172
120	29	0.7851657986162295
120	18	0.7776510218755575
120	125	0.7686008722453779
120	26	0.757485953729542
120	118	0.7571106344168955
120	123	0.7562643355491703
120	21	0.7425366958654622
121	19	0.8770870463698611
121	119	0.8456836053289665
121	124	0.8281126414440081
121	28	0.7967686224583799
121	132	0.7849739659876644
121	17	0.7754279140490018
121	129	0.7670411640822605
121	117	0.7491433999478418
26	28	0.8348100172267903
26	21	0.7847819827163672
26	29	0.8720080996065762
26	133	0.8228565134637136
26	129	0.8002474399066897
26	17	0.760221636777868
26	132	0.753208723647388
95	197	0.8861273214270042
95	96	0.8199287458952353
95	79	0.7555442734223062
95	198	0.8181181564189024
95	181	0.7490424621994943
95	97	0.7407322893728849
95	98	0.7397604143848513
197	198	0.7842051282320935
197	181	0.781417274731799
96	198	0.8848100694639156
96	98	0.8610264704221899
96	97	0.8030704063892763
96	90	0.7776905446907474
96	74	0.7617620945230412
198	181	0.8384405830144531
198	190	0.7399550369116215
198	98	0.8457405595430936
198	97	0.7939395917615267
198	81	0.7715716955231351
198	185	0.7492750056163328
198	79	0.7418584906811506
29	133	0.8467341445537611
29	28	0.8318461148378062
29	129	0.786160903075338
29	21	0.7798940308605187
29	124	0.7677400534276979
29	17	0.7668352612051261
29	132	0.7545167446041072
29	119	0.7475551005981158
29	19	0.7412733869535948
28	132	0.8790335931785936
28	133	0.8202561941535007
28	129	0.794714584339707
28	131	0.7863899656205255
28	19	0.7770574415910063
28	124	0.7723798016593523
28	17	0.7631854455105621
28	119	0.741106651137035
132	131	0.831537826450843
132	133	0.8054015312503902
132	129	0.7683961672446238
132	124	0.7565296109697702
132	19	0.7485416484229556
123	136	0.8330129426177612
123	124	0.80445087968031
123	138	0.7639776369921208
123	125	0.7609466365351748
123	129	0.754753533781623
123	34	0.7501902178342202
19	20	0.7337670203798675
19	17	0.8327372555126745
19	119	0.8285207002089316
19	124	0.78908417243487
19	129	0.752094590511213
19	18	0.7459005388664159
111	113	0.8701992897385635
111	110	0.7999235630992785
111	8	0.7466006523541522
111	105	0.6513154942154864
111	12	0.8062780854127238
111	13	0.7635609806446986
113	12	0.8092320526759558
113	110	0.7721376317949524
183	196	0.8673052190105061
183	174	0.8342636307616296
183	169	0.8248483505469288
183	170	0.8005708505231333
183	179	0.6698218869964421
183	167	0.5944047477662814
183	182	0.7774928691336652
183	175	0.7727023458428437
183	166	0.7489722241199136
196	166	0.795303321199988
196	169	0.7930507159361432
119	17	0.8625702768507499
119	124	0.7861990951761446
119	129	0.7824276260507608
119	118	0.7686827102039782
119	117	0.7577373082334902
119	18	0.7485636318701899
119	125	0.7420293079907913
17	18	0.7952298109829266
17	129	0.7820783538838978
17	21	0.7585579670074587
17	118	0.7571277052393967
17	124	0.7541633483604089
17	125	0.7516555599018332
17	117	0.7468970376533823
17	133	0.7436830307936875
125	127	0.7692956932965338
125	124	0.7862372812721045
125	129	0.776502183473887
125	21	0.7622233981554813
125	118	0.755818798463273
124	129	0.8018598407417695
124	133	0.795266569014468
124	136	0.7510458992564294
98	97	0.807534130525019
98	81	0.7976797051606821
98	177	0.6731931986635861
98	38	0.5845982302820087
4	107	0.8596233396909541
107	8	0.7144229596491407
9	108	0.8539601876132961
9	109	0.8115320095777538
108	12	0.7946040293662974
108	109	0.7512115054066264
108	112	0.7494547710378707
193	194	0.8497631730572004
193	185	0.8101962671488045
193	88	0.7951562773791394
193	180	0.7006723095202126
193	74	0.7439644682935856
194	185	0.8080553317445136
194	81	0.7452699133568433
133	129	0.8345066718570142
181	135	0.6078976832359017
181	79	0.7489810048005326
186	75	0.8001395327937327
186	188	0.6992952502751913
129	118	0.7599513849656465
129	44	0.7533601205460108
174	182	0.8080553317445136
174	175	0.7944196539106646
174	170	0.7874180754044551
174	169	0.7608455876309141
136	138	0.7658033759344274
136	44	0.769703563524043
169	172	0.62803824546836
169	158	0.4826397682137494
169	170	0.7973521337025553
137	146	0.8169574481832885
137	140	0.7810275833073346
137	145	0.7690098104979513
109	70	0.664271507957222
109	106	0.6622439903407208
88	90	0.8112245108525383
88	87	0.7506620271963023
88	85	0.6387148352459119
90	55	0.6208088001423651
90	74	0.785969852475765
90	93	0.7561016243801785
90	87	0.7470605860306172
90	81	0.7405110644140543
185	74	0.7956705216691234
185	187	0.7810665798528781
104	110	0.8096458228559417
104	2	0.6944551638842289
110	13	0.7674524962890185
12	112	0.8060330061770533
12	13	0.7792664237678312
182	187	0.7625165525371222
182	60	0.6835620702847535
182	175	0.7633941398448121
97	72	0.5797592567534081
112	103	0.8038148135281783
112	11	0.6645842878565729
117	118	0.7455365377543104
103	102	0.7670411640822605
103	3	0.7618040631770231
35	62	0.8033897456264965
35	32	0.6700809345856263
35	37	0.647313064901741
62	42	0.7441073196786495
62	40	0.7337300913353767
1	102	0.8025727380953344
1	13	0.7503169824971089
33	44	0.8007503218250772
33	34	0.7480796157789368
44	52	0.6272624952833649
44	18	0.7552308190118903
170	160	0.5840252659456808
75	77	0.7784009048808903
75	73	0.7565980287592092
74	81	0.7992744089799904
74	80	0.7853574806834959
74	76	0.745198773233476
81	93	0.7684371208306457
81	92	0.742666773235557
81	63	0.696618154613245
6	105	0.7985871613416389
73	184	0.7960005028582062
73	76	0.7596385784311607
73	56	0.5749192067431974
166	165	0.7913001723163873
166	145	0.782853846754305
166	139	0.7590373423830682
175	195	0.6875793692624953
165	171	0.7484888814353452
165	164	0.7128182249874712
165	173	0.628867159849808
165	145	0.7710856331757044
76	77	0.7872280142042181
76	78	0.7817674766872483
77	86	0.6544252575438889
77	78	0.7531438148215975
51	155	0.7818452324513049
51	53	0.7211226545728083
51	47	0.6133162666401742
155	157	0.7273983171354845
155	154	0.6946984185213975
155	153	0.6159606911945915
140	141	0.6989476144367112
13	10	0.676314351534991
83	190	0.7775324165425952
130	138	0.7728231971500104
130	27	0.7593211857402532
130	127	0.744513181652279
138	144	0.6991470342374293
127	143	0.7540857150466533
93	64	0.63815798032103
180	189	0.7646014289348992
180	82	0.5543019111127176
189	159	0.5973906512139375
27	24	0.6895566502203756
139	114	0.6646233689791234
32	36	0.7582860975793554
143	39	0.7206615526714932
87	191	0.7366432990713778
87	192	0.48250935750976554
42	49	0.6276262833825383
144	150	0.7439510724885119
144	40	0.6986969071996617
92	65	0.7405065479469748
92	61	0.7195156497265321
65	91	0.6470224779775965
20	53	0.6911008139125088
71	177	0.7300292558226202
177	176	0.6754126258416833
68	69	0.728873542727582
68	61	0.6816234116347103
157	149	0.6646233689791234
164	45	0.7102013451399434
45	31	0.6057813389456372
195	199	0.7059531105240525
141	142	0.6129418229994374
52	156	0.6969165734321463
52	122	0.5707334836440645
154	48	0.5145803837006535
2	30	0.6090249795073172
60	67	0.6753201662029197
60	50	0.5973520623662363
43	148	0.6136530303792143
84	91	0.677224882274438
91	94	0.5673254222383064
10	7	0.6386911529065046
10	0	0.6272685606629388
176	70	0.6645172831863444
114	134	0.640469869592095
106	5	0.4611177826546875
56	161	0.6516780919032614
56	162	0.6151221946784525
56	57	0.6024855863228324
56	58	0.5617661721498696
56	163	0.5156529793728849
172	168	0.5720737436100992
0	101	0.6145686458092375
50	66	0.6212940932173768
50	89	0.6082695214693543
101	99	0.6062495703995653
135	147	0.6111970402829738
135	100	0.5304060549562607
54	159	0.5996304765136053
38	41	0.5690589439409087
72	178	0.4418280509673967
46	151	0.33808605512251455
151	59	0.254435827341204
