108	112	0.9264876263393075
108	9	0.9203790027351588
108	109	0.8472146226579921
108	12	0.8454270728317258
108	3	0.8448556011894459
108	103	0.8205177662735397
108	113	0.7790306672613712
108	111	0.7621814934124131
108	70	0.7377754729016076
108	11	0.6909963235382233
108	176	0.6861743588015827
108	1	0.6612209505437214
108	102	0.6525976373856035
108	106	0.6435851967091624
108	6	0.621650081213825
108	0	0.564579450288932
108	13	0.5637613964007266
108	53	0.5287150772130741
108	45	0.5103478402124918
112	12	0.8958509479613503
112	9	0.8940594927272222
112	3	0.869761648955709
112	103	0.8427242946129131
112	109	0.8337460901286765
112	113	0.8325839173486111
112	70	0.8202889094474948
112	176	0.7598034797690495
112	11	0.7592407221786525
112	111	0.7551491782800265
112	106	0.6583750447600029
112	1	0.640245691671253
112	102	0.6361263341524866
112	0	0.610193758930239
112	6	0.5807144447054006
112	13	0.5802370502541281
112	53	0.5386131881205829
112	45	0.5207075335823688
112	17	0.5080738811887874
112	139	0.5077177011055575
9	109	0.9161304158317881
9	3	0.8716242013155459
9	103	0.7971334913829123
9	12	0.768968944964352
9	106	0.7451898795251581
9	70	0.6937503831277229
9	11	0.6790289588415047
9	113	0.6633653693869956
9	176	0.6393538010591578
9	111	0.6354888831943764
9	0	0.6179241288118404
9	1	0.609175938697159
9	102	0.5978342241457709
9	5	0.5944952758516613
9	53	0.5347114817314383
9	155	0.5327663500220585
9	6	0.5308945738873212
9	17	0.5289815953992413
9	51	0.5134472678302381
9	52	0.5080071106519618
109	106	0.7948987255192402
109	3	0.8472992693562228
109	103	0.7939026228340771
109	12	0.7053405944396228
109	70	0.687241790605812
109	11	0.6671724947406781
109	0	0.6623899377609905
109	176	0.636727244590521
109	5	0.6121045707190942
109	155	0.5846837956169417
109	113	0.5793009968557415
109	17	0.5595720953960118
109	1	0.5586716242484702
109	102	0.5583413504190144
109	111	0.5418494236788787
109	120	0.5412699189795612
109	52	0.540880938438733
109	53	0.5302407408260651
109	149	0.523762062843663
109	156	0.514131766650568
12	113	0.9140819950426762
12	70	0.8855891844779378
12	111	0.8597277228788405
12	3	0.8303305926268034
12	103	0.8124518145774522
12	13	0.7724604750845695
12	176	0.7622233981554813
12	11	0.7404704138022504
12	1	0.7317387682475673
12	102	0.6850031305086978
12	0	0.6185048709022855
12	6	0.6033003317925879
12	139	0.5792810641986861
12	106	0.5625390743934638
12	157	0.5389325638151546
12	53	0.5345757920577062
12	114	0.533424894269045
12	124	0.5204378020718684
12	45	0.5144774473016394
113	111	0.878646605351874
113	139	0.6714835632946192
113	70	0.806976789080175
113	103	0.7469235651534605
113	176	0.7424200271377039
113	3	0.735621717268135
113	13	0.7318873921212762
113	1	0.713947718621099
113	102	0.6770407752937088
113	11	0.6542422664025147
113	6	0.6078661592574245
113	114	0.5317629782670059
113	0	0.5209844469690019
3	103	0.8894736893515753
3	70	0.8248163853905348
3	106	0.761846025437114
3	11	0.7579416343039856
3	176	0.7465298299000374
3	0	0.7342927883443204
3	1	0.7197133332627496
3	102	0.718298055568151
3	111	0.6967210849005839
3	13	0.6231448757745315
3	155	0.5865695018899706
3	5	0.5858672096239241
3	53	0.5831878238542995
3	17	0.5764569468392735
3	157	0.5448447045409262
3	124	0.5212248354495036
3	120	0.5175371204603781
3	154	0.5158731759042389
3	51	0.5141759054005183
103	0	0.7581075398011732
103	70	0.824976158450697
103	176	0.7835883191236844
103	102	0.7696220396904334
103	11	0.7511417880237581
103	106	0.7172800208376191
103	1	0.7160835590292701
103	111	0.7144817065926059
103	13	0.6648689384923907
103	114	0.59175988156531
103	124	0.5812046842888478
103	155	0.5771309285657596
103	17	0.556694226275698
103	53	0.5349328109623956
103	152	0.5325299756676054
103	120	0.5276840400622828
103	5	0.5250090962766046
103	139	0.5240305099300895
103	157	0.5205471652076678
103	79	0.5181152866642141
70	176	0.8490948452121349
70	11	0.7926050073122877
70	124	0.64839819355384
70	13	0.7337070084809134
70	111	0.7099236908746827
70	0	0.7008657001791571
70	1	0.7001730897379631
70	102	0.6731877305176023
70	106	0.6117542670021864
70	114	0.602663919347227
70	139	0.5983865710741457
70	157	0.5783035153082074
70	53	0.5637545746313891
70	155	0.5581141844423124
70	152	0.5501176478656171
70	45	0.5452032084585199
70	154	0.5406262076375284
70	17	0.5387054681170099
70	120	0.537860268954855
70	79	0.5279076838327094
70	164	0.5224037249493797
70	119	0.5223819117770829
70	156	0.5220037081645852
70	38	0.5193286258639502
111	13	0.7998155004820107
111	6	0.6907454287823511
111	1	0.7578820545552005
111	102	0.7167941631318392
111	176	0.6870887274754417
111	139	0.6554531552538766
111	11	0.6047611682057495
111	114	0.5354109169500829
111	8	0.5225854747959338
154	155	0.8674785609039173
154	152	0.8135029222418537
154	46	0.7655551347882272
154	164	0.6743725934559077
154	192	0.4265158570231859
154	157	0.8006067562798326
154	153	0.7845129529017602
154	17	0.7802072476135008
154	119	0.732717473875523
154	120	0.7245131115920613
154	53	0.7182012320791437
154	146	0.6906931380953084
154	51	0.6713462627926657
154	14	0.6643050312228918
154	47	0.6555272984867597
154	48	0.6528100091361515
154	125	0.6416891339598122
154	122	0.6388391476754837
154	150	0.6262545873943467
154	173	0.6191712733588135
154	149	0.6049957933488269
154	45	0.5999378008150998
154	115	0.598514942411609
154	156	0.5801242738867828
154	18	0.5544681488484321
154	44	0.5460670155115669
154	179	0.5453156392037817
154	189	0.5229633623722199
154	27	0.5228107786598283
154	50	0.512806338133464
154	124	0.5112716817331564
155	17	0.8336546070121552
155	157	0.8108138134967686
155	153	0.7858169038423167
155	51	0.776263845845238
155	119	0.7497351597403997
155	125	0.7366432990713778
155	72	0.5409941202925712
155	152	0.8052257963097098
155	53	0.7590034313389311
155	120	0.7535503348344569
155	149	0.7203874713667514
155	46	0.7167941631318392
155	14	0.6947191137106021
155	122	0.6834821506564387
155	47	0.6698218869964421
155	48	0.6686182130498779
155	146	0.6560801222361591
155	18	0.6501855084181348
155	150	0.6410769611853464
155	115	0.6406998334943016
155	44	0.6301530760199686
155	164	0.6283893469540892
155	45	0.5828181636686219
155	156	0.5821971200045318
155	136	0.5798057264117418
155	27	0.5736995002580226
155	124	0.5679151144560964
155	0	0.5562316924959368
155	173	0.5539693029350531
155	21	0.5510444720649712
155	118	0.5467404006817976
155	26	0.5410082666467437
155	16	0.5392092308099824
155	106	0.5368431773086377
155	130	0.5245670918532743
155	144	0.5138079992777925
155	52	0.5133073435200085
155	20	0.5063209908345054
155	40	0.504817304066842
19	121	0.8637176916678078
121	124	0.5812642792717136
38	142	0.8564849154724974
38	45	0.6451932913143347
38	164	0.5965861453653072
38	52	0.5920132529724031
38	156	0.581383450532603
38	181	0.5742560562878335
38	139	0.5587335308770734
38	39	0.5509678689231103
38	199	0.5380805511813054
38	79	0.5379597603488105
38	176	0.5237185210772921
142	156	0.7340576851295577
142	52	0.6251166603902947
142	199	0.6149107980816784
142	164	0.5974292372954239
142	39	0.5934338583487802
142	98	0.5740616572244529
142	181	0.5703220398447029
142	45	0.5655732554678019
142	173	0.5393368840318542
142	176	0.5172295483847202
53	157	0.8554155231440526
53	20	0.6693860989604489
53	17	0.7881389443207019
53	51	0.7706392851249643
53	47	0.7157033117386338
53	150	0.6361739591917016
53	153	0.632756543770354
53	152	0.6233100044129962
53	48	0.617899401409826
53	27	0.6143881450844921
53	119	0.608099391321445
53	40	0.6025110661535005
53	45	0.5868383710635929
53	120	0.5745508829661643
53	50	0.5741152910183065
53	125	0.5603546380034085
53	149	0.5548766285649578
53	46	0.5499990837811499
53	14	0.5449220457726013
53	24	0.5378460546753292
53	173	0.5372416651343862
53	130	0.5357247104721073
53	18	0.5342328743057664
53	44	0.5306647265428066
53	146	0.5205180033745272
53	26	0.520240905395658
53	164	0.5160786311845738
53	124	0.5090376632822252
157	150	0.7224686732677338
157	17	0.7579246128087831
157	51	0.7506794869328756
157	152	0.681848210865935
157	47	0.6797450748539527
157	153	0.6665394493523985
157	164	0.6391054191549488
157	146	0.6340798494513996
157	120	0.6257376779464572
157	119	0.6235667607297385
157	46	0.6124608833200472
157	125	0.6007692489101325
157	122	0.5967535814826178
157	173	0.59489600482433
157	48	0.589010791359148
157	45	0.587676935245125
157	50	0.5655596527760834
157	14	0.5604986816137654
157	149	0.5379597603488105
157	20	0.5344043551725445
157	124	0.5342257283152302
157	189	0.5326804053259038
157	156	0.5295215149461756
157	130	0.5174639011383558
157	40	0.5132115901066855
157	27	0.5129316222524807
157	44	0.5081480635126552
28	132	0.8520809556043095
28	131	0.6993718901584721
28	128	0.6519369080356698
28	25	0.6438194556282703
28	126	0.5868908182593389
28	133	0.5369001188152617
28	23	0.5130126768054533
132	131	0.7220046503828665
132	128	0.6756083526450878
132	25	0.6499545448409275
132	133	0.6195103026839935
132	126	0.5919937670170815
176	11	0.7371048857059073
176	1	0.6763360549037638
176	102	0.647766005039397
176	139	0.6471154862543301
176	13	0.6290786974143526
176	106	0.6289457418174591
176	124	0.622177453152528
176	0	0.6023900260197522
176	114	0.5562524103393408
176	98	0.52175631014186
176	156	0.5130937222108992
176	199	0.5115153790260482
17	120	0.7570209956339302
17	48	0.7279957973085975
17	119	0.7457363495775594
17	51	0.7380305524046464
17	149	0.73141341078451
17	152	0.7304726526026024
17	18	0.7059731751656835
17	153	0.7045709476514713
17	14	0.7001628944423068
17	125	0.6974407940410245
17	46	0.6669449313520482
17	47	0.6660056117695783
17	44	0.6585053297582361
17	115	0.6287099573651173
17	136	0.6019183424142525
17	20	0.6013058021144497
17	150	0.5762499236601042
17	45	0.575808918221949
17	124	0.5747250286813405
17	146	0.5728939033799932
17	26	0.567488154125585
17	122	0.5626142602175906
17	27	0.561458105847589
17	16	0.5562178802161969
17	164	0.5279798113725357
17	118	0.5272148719962205
17	21	0.52212737425106
17	129	0.5197666679857122
17	43	0.5184882819124198
17	106	0.5172441977050628
104	110	0.8307338735252467
104	107	0.6603138988754776
104	2	0.785319156311037
104	10	0.7320080977691572
104	7	0.6797665921342191
104	134	0.5948249293117588
104	114	0.583055830068204
104	123	0.5220473575251449
104	135	0.518151863544118
104	138	0.5086893660696045
110	2	0.7977160729683721
110	10	0.7711667060610581
110	7	0.6893520356701599
110	114	0.6572518282674932
110	107	0.561088220749545
110	134	0.5466422426782698
110	138	0.5222801079331253
110	102	0.5101037492357655
167	175	0.8291780178236323
167	63	0.7269129352102812
167	37	0.7234710329638662
167	183	0.7179493608019047
167	60	0.7141388740616406
167	166	0.7056921670493806
167	169	0.6905257593501932
167	172	0.6809536043822983
167	61	0.6723009185553165
167	185	0.5713669511020721
167	171	0.5345043653673917
167	92	0.5306575425552039
167	76	0.5283763766997118
167	65	0.5123639842856903
175	183	0.802359109049221
175	169	0.7281696586537095
175	172	0.7106669114021796
175	166	0.7073349140350018
175	60	0.7133048526965056
175	37	0.6674221161685985
175	63	0.6614741292779973
175	61	0.6483692136252075
175	196	0.6417714794693936
175	92	0.6080678796068448
175	65	0.5698292798562267
175	165	0.5609580226694941
175	185	0.5541494876615884
175	171	0.5511558782400284
175	182	0.5421107389821037
175	187	0.5205690357855852
175	76	0.5073464955346797
175	170	0.50657378458498
1	102	0.8242721703413975
1	13	0.8173561537547558
1	114	0.7310365096915773
1	2	0.6926230862403949
1	139	0.6625638863034808
1	0	0.6433097883180716
1	7	0.6232549677082454
1	10	0.590842870493978
1	11	0.5814033099847217
1	6	0.5688425295256143
1	106	0.546537056715417
1	30	0.5328952464626941
1	129	0.5267092543452809
1	79	0.5148082615212026
102	114	0.7711667060610581
102	13	0.7879873617397541
102	0	0.7328887837129588
102	11	0.6028294604165155
102	2	0.5988229082479036
102	7	0.5718651598200547
102	106	0.5402864123008025
102	139	0.5249511446068098
102	144	0.5224109958548776
102	10	0.5175664060672649
13	114	0.7553811485125418
13	2	0.6596309310097561
13	10	0.6535095353588803
13	0	0.6260174854719733
13	7	0.611941959565079
13	139	0.6060281619180906
13	11	0.5814562651368359
45	164	0.8155558088732844
45	156	0.6530050711248432
45	44	0.6500815896724582
45	52	0.626837729611633
45	120	0.616704851701334
45	152	0.5803431723955448
45	46	0.5654304118568444
45	173	0.5612115406949434
45	48	0.5417717151352694
45	146	0.5273015118519156
45	119	0.5237475492256007
45	149	0.5171782733767382
164	156	0.7667528558315212
164	173	0.6905571485001949
164	120	0.6577400494161273
164	146	0.6353278940280248
164	152	0.6330322883023979
164	52	0.6153335028700969
164	44	0.6035228948365552
164	122	0.5720468337290613
164	46	0.5525815311967186
164	147	0.5511071404559081
164	149	0.5447814184554849
164	119	0.5428446855065346
164	153	0.5401306138542533
164	135	0.5361309958132776
164	79	0.5292336111949546
164	181	0.5221710158641222
164	124	0.5192555922935156
164	189	0.5184297858940631
164	78	0.5181884385288328
164	24	0.5141832615940773
61	63	0.8151200177437997
61	183	0.7434863147949957
61	97	0.6381639078271245
61	37	0.7298190109900771
61	198	0.7223969596442227
61	81	0.7094124286058404
61	185	0.6908290788571108
61	92	0.6775387515005343
61	60	0.6483228418309972
61	166	0.623615651450297
61	196	0.608162409002161
61	76	0.6059079294005993
61	96	0.6024792161732707
61	95	0.5702073241525298
61	74	0.5596201750475549
61	55	0.5422378274498494
61	85	0.5400951999518774
61	93	0.5344543621407492
61	190	0.5344114992542179
61	90	0.5216398571647893
63	37	0.807081400289957
63	92	0.7297021486176172
63	55	0.6158179347144735
63	54	0.4355291247869861
63	183	0.6888268800572034
63	60	0.682900909020991
63	76	0.6316699898653662
63	74	0.6072731517825755
63	185	0.6050591875222979
63	69	0.5990601777826623
63	169	0.5758891259702071
63	85	0.5700655858247932
63	198	0.5620125130766859
63	65	0.5511001776083383
63	166	0.5486235181523064
63	172	0.5471328824360033
63	91	0.5180421272189828
63	158	0.5164820312070643
63	35	0.5105031280347581
136	149	0.8150528909300782
136	123	0.7385628063201362
136	44	0.7986596014798681
136	135	0.6765421783440492
136	26	0.662036209265563
136	129	0.6564900109317646
136	120	0.6508834421495964
136	18	0.6248546214311418
136	130	0.6022116005777028
136	27	0.6018099232886474
136	7	0.5883508020047667
136	24	0.5782236419603646
136	115	0.5627577709506141
136	125	0.5562731274912955
136	152	0.5490148447362428
136	14	0.5484767086709869
136	33	0.5392730605187158
136	31	0.5297445564856045
136	29	0.5270921134335924
136	119	0.5226654296858209
136	16	0.5207293991507291
136	52	0.5205325844428944
136	124	0.5192555922935156
136	127	0.5146318463388627
149	44	0.8044861627200633
149	18	0.7879873617397541
149	120	0.7686827102039782
149	115	0.7126755473458796
149	43	0.6778469689413987
149	151	0.40060552388243337
149	14	0.7196554867409266
149	152	0.6965563826721675
149	125	0.6847907640468703
149	118	0.6785058623809866
149	129	0.6769866100478223
149	26	0.6650976353484647
149	119	0.6563192710505149
149	15	0.6469120056346206
149	135	0.6206551271867694
149	16	0.6162522851968566
149	27	0.6057686782128584
149	123	0.5944370809550961
149	124	0.584071388074263
149	46	0.5837418615614031
149	21	0.5754277800383234
149	7	0.5626142602175906
149	153	0.5605604042105213
149	48	0.5577491669688567
149	130	0.5575217828894019
149	122	0.5556167486218764
149	29	0.555091146355897
149	148	0.5532411057218419
149	127	0.5438032119858913
149	51	0.5357033201572965
149	52	0.5332102225574625
149	116	0.5295862764865329
149	24	0.5244221107715177
149	106	0.5220691811800439
149	146	0.5185613951114942
152	14	0.7323699391294916
152	119	0.7398826336932833
152	120	0.7310690990173495
152	46	0.7150197509904661
152	115	0.6828528778977146
152	125	0.6705435070041523
152	122	0.6653540736366966
152	153	0.6521783327886524
152	44	0.6041455712668234
152	18	0.6009481601765064
152	156	0.5951543828247116
152	124	0.588305031086422
152	51	0.5831350300343464
152	48	0.582368966081603
152	52	0.5513647118631643
152	27	0.5242335898940607
152	21	0.5209917326831044
152	146	0.5204159273955175
152	26	0.5118180398616416
152	173	0.5077919196107036
37	60	0.7228986286997805
37	35	0.7057022068789861
37	92	0.6728430888817575
37	69	0.6285345554907741
37	36	0.6200338028283825
37	172	0.6197259283660767
37	62	0.5919872715448308
37	166	0.5820450589473305
37	76	0.5733505443682791
37	183	0.5702748066651507
37	65	0.5536503874043702
37	169	0.5383575760681676
37	55	0.5139036730609035
44	26	0.6793575636906628
44	120	0.697327789909298
44	18	0.6321085124837675
44	14	0.6255916274498141
44	27	0.6085340573114673
44	52	0.589963448219491
44	46	0.585394143233593
44	135	0.5831152310818862
44	24	0.5780971531557344
44	31	0.5662937577575763
44	130	0.5601419402318082
44	33	0.556859826116508
44	40	0.5562869385417919
44	115	0.5521924047791421
44	119	0.5494129122616409
44	129	0.5471959374356875
44	48	0.5444789659441823
44	156	0.5335536643223981
44	125	0.5263117216753277
44	181	0.5250960146540941
44	127	0.5232902146255959
44	123	0.5204523848099617
44	153	0.5091858243278112
44	43	0.504832207106164
183	196	0.7378210382749127
183	185	0.7080337697704717
183	74	0.6232305049685883
183	60	0.7175857535448897
183	169	0.6634045638139846
183	166	0.5988549778439044
183	198	0.5947021406083987
183	81	0.5613690799267291
183	182	0.5452945599333333
183	92	0.5379881837090202
183	165	0.5345257941762735
183	193	0.5289599897022254
183	65	0.5244438598728319
35	62	0.7987682183045379
35	69	0.7563970043607668
35	172	0.7402399579741079
35	32	0.6624011624036943
35	36	0.6516493251827267
35	137	0.6352205372278932
35	141	0.6186715550282612
35	140	0.6123046364829327
35	68	0.6075381962801719
35	166	0.5808867390782867
35	67	0.5784299587717678
35	42	0.5702140727501234
35	49	0.5277056862062224
35	145	0.5246033323710224
35	92	0.5062466231639379
62	69	0.7168622251591675
62	42	0.675717048627223
62	172	0.6707965997662338
62	137	0.6344504282200698
62	32	0.626953060022029
62	36	0.6107834242970125
62	141	0.5831812248961944
62	67	0.5706053597267073
62	33	0.5641160224137686
62	34	0.5506334920023804
62	49	0.5463897673911928
62	140	0.5312104864903915
62	171	0.5264418486210946
62	145	0.5240087478272359
62	68	0.5146833052694018
2	114	0.7868474426808585
2	10	0.7865044158629269
2	7	0.756969760674403
2	134	0.6408295060334903
2	24	0.603173110701847
2	123	0.5615608119163522
2	135	0.5583000537394208
2	107	0.5499502568308463
2	139	0.5406474389922838
2	138	0.5134251763328656
95	197	0.7948987255192402
95	96	0.7512376451048572
95	75	0.6093394280147832
95	198	0.706369219683814
95	81	0.680164450789202
95	83	0.5656344637723794
95	99	0.562662100896997
95	199	0.5595652265668754
95	190	0.5458002720641462
95	101	0.514131766650568
197	199	0.7444819810177158
197	198	0.6955924349808833
197	81	0.6821210083178346
197	182	0.642394472557942
197	96	0.641023946297008
197	75	0.5428870033070092
197	196	0.5263912466278452
197	99	0.5223310117162399
197	78	0.514800911758827
106	5	0.707204974038004
106	0	0.655590025199112
106	11	0.6047231109890976
106	101	0.5676982838829754
106	79	0.5254363395009564
106	14	0.5234209124366946
106	115	0.5217199206749273
106	18	0.519029140023661
106	52	0.51719292375787
106	120	0.5049439703084765
68	69	0.7927536710926497
68	42	0.68958811961591
68	92	0.5943982808978839
68	172	0.5854730153363106
68	67	0.5641910128025632
68	49	0.5395283173963833
68	32	0.5388828933229864
68	91	0.5118549410319803
69	49	0.657569802419536
69	172	0.7228699824029552
69	92	0.6614797537605556
69	42	0.6458174465963014
69	86	0.5827653353665434
69	91	0.573759875340022
69	32	0.5408031145496186
69	36	0.5100445632874127
11	0	0.6206243868721834
11	124	0.5289743935764278
18	118	0.7261149557478769
18	15	0.7221338766950897
18	16	0.7129706772498737
18	115	0.7062840322257569
18	14	0.6764391298697525
18	43	0.6575981815841957
18	120	0.6366856222463236
18	125	0.6346893566336859
18	21	0.6130417015748829
18	46	0.594353010666503
18	51	0.5932848356725083
18	129	0.5796131846997811
18	27	0.5785896371095166
18	148	0.5712187537183624
18	116	0.5711850672995048
18	117	0.5545789494293298
18	26	0.5407606612526594
18	48	0.5346971999060809
18	119	0.5284484547314932
18	20	0.5202627855361738
18	29	0.5114120023413138
18	153	0.5099187771096214
146	150	0.7872280142042181
146	189	0.6834661647641692
146	153	0.6711429734529425
146	180	0.6619182341734022
146	137	0.6011397840165936
146	47	0.6003217073580948
146	46	0.5771309285657596
146	120	0.5473150243797079
146	145	0.5444719304793193
146	40	0.5408880128785727
146	173	0.5341685576422922
146	144	0.5206492220602755
146	140	0.5205909056804042
146	179	0.5178372404459035
146	135	0.5085411039619403
146	171	0.5077399674484797
150	144	0.6411299699564456
150	20	0.638939757120439
150	47	0.6158179347144735
150	153	0.6051542643994533
150	51	0.5994062743172232
150	189	0.5954707282626464
150	180	0.5902567447426849
150	40	0.578602941636194
150	140	0.5568529270067493
150	135	0.5366011213392802
150	145	0.5243496088246236
150	114	0.5051599978288865
114	144	0.6652370234527497
114	7	0.7301926841083216
114	0	0.6759017643826725
114	10	0.664042360782403
114	139	0.64549089342757
114	79	0.6173922202758438
114	24	0.6029313060550229
114	134	0.5926494135876809
114	135	0.5595583576608675
114	124	0.5421389830075002
114	181	0.5101185449681167
114	101	0.5080071106519618
114	123	0.5058746718671223
10	7	0.6767915544315006
10	107	0.5929088587388668
10	8	0.5481899831565052
10	24	0.5305210323044293
10	139	0.5254942503988042
10	4	0.5186710506931242
153	47	0.743378960897249
153	51	0.6450181397325485
153	46	0.6430694023964043
153	48	0.6035101794807685
153	120	0.5977249720224568
153	119	0.5966312294304575
153	14	0.588049952670172
96	198	0.7783614926100388
96	81	0.601873701931796
96	97	0.587676935245125
96	199	0.5872578107394145
96	98	0.5327806730697654
96	83	0.5268031829702322
96	75	0.5180128613183826
198	81	0.7269176511518465
198	185	0.667161396975352
198	196	0.6536813792493974
198	97	0.6326006171406908
198	199	0.6110278740626872
198	190	0.6082506208787829
198	182	0.5840647994296445
198	75	0.5613279866573029
198	83	0.5471188693704858
198	193	0.5418635515098149
126	128	0.7779275525210765
126	25	0.6884325382592368
126	133	0.6272988864194342
126	23	0.6266191334864641
126	129	0.5678744647256431
126	123	0.5614238666466548
126	29	0.5380308164556656
126	124	0.5104957341314494
126	131	0.5075766651821949
126	21	0.5074950003707117
128	25	0.7714097747108976
128	133	0.6635277226017317
128	23	0.6356378979867952
128	129	0.6014270902092008
128	29	0.5995856436014415
128	131	0.5759626400015632
128	124	0.5259356608828716
128	123	0.5205107127264966
128	21	0.5084002270220495
52	156	0.776660951895433
52	78	0.6379504699437087
52	181	0.6072037130192393
52	122	0.5855518763572095
52	120	0.5723293260573458
52	125	0.5352325592926368
52	79	0.5237257782283916
52	199	0.5088450088178743
156	173	0.6859202760557896
156	122	0.6302073345816847
156	120	0.5851048507114869
156	181	0.5347043408569422
156	125	0.5306000679095758
156	98	0.5207148221810609
156	39	0.5134619951170656
156	26	0.5084002270220495
51	47	0.7751087468840967
51	20	0.6243240187861286
51	89	0.6054837306177215
51	46	0.6020012361875772
51	48	0.5877162120093418
51	49	0.567948987115367
51	50	0.5527968369398166
51	125	0.5508773259654425
51	119	0.5328809258569424
51	14	0.5325228115112042
47	49	0.6412241926680606
47	20	0.6004432201278075
47	46	0.5954513654783995
47	48	0.5927921236463978
47	42	0.5649744459266169
47	67	0.5086671286763881
47	40	0.5071013966620143
76	86	0.7743090954556575
76	77	0.645216639736426
76	91	0.6328165018918964
76	87	0.6119544699527272
76	84	0.590126409963169
76	90	0.5816084837579019
76	92	0.579420578249106
76	94	0.5742158411033441
76	184	0.5256751905724787
76	75	0.5250597999945458
86	49	0.7393617309633853
86	84	0.6922639261015164
86	91	0.646452381997756
86	77	0.6165499090346165
86	94	0.6065783466816451
86	82	0.5396488209057668
86	92	0.533818280651425
86	87	0.5223455549705939
86	89	0.5170390796403237
25	23	0.7455320959684866
25	29	0.5783434478252237
25	133	0.559242304887762
25	21	0.5199272149991724
120	119	0.7239758307002004
120	14	0.6953187740004274
120	115	0.6929351204859219
120	125	0.6844932554872393
120	46	0.6468364036456222
120	124	0.6378259192279716
120	48	0.6134347830278668
120	122	0.6018928340277446
120	129	0.5722957031380779
120	26	0.570483953544294
120	21	0.543479163037421
120	27	0.5432042989362769
120	16	0.5428164721080331
120	118	0.5318992378440242
120	117	0.518444410353568
120	15	0.5179177387653906
120	130	0.5132705167963134
46	14	0.7061837854933956
46	48	0.63074958172386
46	115	0.6038660934162885
46	122	0.567589839048313
46	119	0.5605878344767832
46	125	0.544317130869605
46	16	0.5425342707386199
81	182	0.765265231744924
81	190	0.6308940770390364
81	196	0.6756192235652734
81	185	0.6528214857681482
81	75	0.5985726994880242
81	193	0.5959416761275537
81	93	0.581409929648146
81	199	0.577550935330404
81	83	0.5608140872355167
81	97	0.5362948652213556
81	78	0.5287583034637876
81	184	0.5245525951138632
81	186	0.5119065994973349
182	196	0.7270402415690636
182	187	0.6418655705059021
182	147	0.6059965244661096
182	193	0.6640311796790482
182	199	0.6560345551347462
182	78	0.6315317413870006
182	185	0.5957739882341091
182	184	0.5572529483593749
182	186	0.5550496325441555
182	80	0.5479801023237204
182	190	0.5392305080679514
182	166	0.5112790677080683
182	181	0.5106362053848962
179	180	0.7610055646873132
179	89	0.7109983717312925
179	168	0.6171632020373389
179	191	0.6638746130470288
179	87	0.6047611682057495
179	189	0.5432747880160066
179	91	0.5290104019285702
179	82	0.5092524869543688
180	189	0.6673832960146824
180	89	0.6258836845828245
180	91	0.614332114537792
180	171	0.6019948602040776
180	165	0.566606159591151
180	194	0.546501990894926
180	168	0.5413476873051742
180	94	0.5372701193786286
180	82	0.5298236826519892
180	174	0.5225563980112838
99	101	0.7598288405331949
99	75	0.5486444881742204
99	186	0.5470978491971928
99	79	0.5104587634825407
101	0	0.6092325370147703
101	79	0.5772642971480132
101	5	0.5419059331653523
101	75	0.5301041465626326
101	181	0.5118032788646631
29	129	0.7597189271870813
29	125	0.6549052447428915
29	133	0.6432687557942373
29	26	0.6359357855189902
29	21	0.6171012872581877
29	124	0.5751467813377904
29	131	0.5716497699352611
29	123	0.5500130336478565
29	27	0.533532204364285
29	118	0.5296150574118684
29	130	0.5149625890499384
29	23	0.5138006392265775
129	123	0.7145747019864999
129	133	0.667094804163847
129	26	0.6559092209418415
129	124	0.6235789838671962
129	125	0.6172498698899103
129	7	0.5880303264063463
129	135	0.5687681188704141
129	118	0.5576664915317853
129	131	0.555651312163076
129	15	0.555008115967255
129	130	0.5548004916061589
129	21	0.5512603036857228
129	27	0.5294999263942777
129	115	0.5199126213335994
129	14	0.5198688385158868
129	127	0.5161226495922894
0	79	0.6134534936165387
0	144	0.5458283555335333
0	5	0.5433452694371643
0	124	0.5302982459671585
32	36	0.7579586547671153
32	30	0.7052802899781897
32	42	0.6751515086713273
32	140	0.6204706566806047
32	141	0.5711244268966478
32	31	0.5480640629391627
32	40	0.5430703485860044
32	20	0.5249656329806096
36	141	0.6500469446855696
36	30	0.6285345554907741
36	140	0.5116039758294298
7	135	0.7257459963398748
7	24	0.6590034472212101
7	123	0.655156455951063
7	124	0.5924028267309405
7	144	0.5546412661158008
7	26	0.5422237077339566
7	138	0.5393652480489496
7	79	0.5188464641359879
7	134	0.5164233690784393
119	125	0.6485314770247117
119	124	0.6308278554506435
119	14	0.5987908367314445
119	115	0.5831020313954036
119	48	0.5779573174085563
119	122	0.5224473492428473
119	26	0.5065291802492642
23	22	0.5815952489725219
199	98	0.6602969789736607
199	78	0.5658248497574692
4	107	0.7425142630698577
4	8	0.5950122901449131
4	160	0.5390106098741506
4	66	0.5385705929940813
4	170	0.5234789924484211
107	85	0.5644159281243359
107	160	0.543986298392717
107	66	0.542527214134685
107	8	0.5363447304965275
107	170	0.5188537720815372
88	90	0.7419663865038084
88	193	0.7068398870021292
88	73	0.641471435312167
88	87	0.6270683629591313
88	184	0.5946568956694872
88	85	0.5565561926013423
88	75	0.5393794295985509
90	85	0.609911232761789
90	87	0.6443344006750308
90	193	0.6100870450535073
90	73	0.6052113022412621
90	74	0.6045518193366348
90	184	0.5757554402314391
90	185	0.528109621751808
90	91	0.5103478402124918
21	125	0.7402941985322783
21	118	0.6207288961577759
21	122	0.5837550463162526
21	27	0.5771109206226108
21	14	0.5651922637796393
21	16	0.5598948436527404
21	115	0.5323293504469399
21	130	0.5266658983334891
21	124	0.5106435978538049
125	122	0.6843975792831491
125	118	0.6474582878465399
125	115	0.6407705685023765
125	14	0.6379030259866265
125	124	0.6192945834740026
125	130	0.6098484281026566
125	16	0.5858672096239241
125	27	0.5849404135832539
125	26	0.5242625964515257
125	15	0.5190802807781559
172	166	0.6920555601522899
172	171	0.6412712967743956
172	137	0.6052683338698188
172	92	0.5449853180661309
172	169	0.5419695004812692
172	141	0.5270054470837958
172	60	0.5265936322245672
172	145	0.5054653080616706
49	20	0.6478298444026114
49	42	0.5621698453817684
49	82	0.5087783088553294
123	138	0.677825347415699
123	135	0.677089517744494
123	22	0.6765313323836771
123	33	0.5843216995394845
123	34	0.560155664898187
123	31	0.5589467171656596
123	130	0.5233047378206225
123	30	0.5191168076132128
123	26	0.5167825985304882
123	15	0.5155501976729188
123	24	0.5086448906044753
196	193	0.7032946183927594
196	195	0.6222326106332933
196	185	0.6753636792658565
196	93	0.5999506021542009
196	184	0.5879845290978408
196	194	0.5585890723925897
196	190	0.5503965347119154
196	187	0.5416516018943783
196	97	0.5335107437191858
196	74	0.5333748103472539
196	83	0.5302263637784658
196	87	0.518203067992058
196	191	0.5114415400476149
196	169	0.5103108620148359
14	115	0.701353807395009
14	122	0.5923314256004262
14	15	0.5858212345656416
14	43	0.572786406715366
14	27	0.5714343012344024
14	48	0.5668165994336648
14	116	0.5465861456445071
14	118	0.5400739506923354
14	26	0.5332960994852227
14	16	0.522679965950839
14	124	0.5068339225019606
92	65	0.5945082072052469
92	60	0.5915453990087308
92	91	0.5568943205127549
15	116	0.7292155433477922
15	115	0.6967107931625787
15	118	0.6781981544257827
15	148	0.623860031885184
15	43	0.6221651950956602
15	16	0.6209808572312197
15	117	0.545877498654234
15	77	0.5195330795065313
15	75	0.5050482673569707
116	148	0.6117292361210176
116	118	0.5953674520859721
116	115	0.5637613964007266
116	43	0.5537890662963021
116	77	0.5314186208927579
165	171	0.728615630514333
165	60	0.6543737990308042
165	137	0.6835407599862455
165	169	0.513866876964711
165	174	0.5075172734963379
171	137	0.7080387566169718
171	169	0.5914673845863071
171	60	0.5640682964113083
169	64	0.33086564462647616
169	60	0.6535840093187687
169	158	0.537632803786441
169	65	0.5253422239078515
71	177	0.7263181778239854
177	98	0.5151095366198548
118	16	0.6882431094897099
118	115	0.6576889823708042
118	148	0.6061610182801134
118	43	0.5980655082852914
118	117	0.5946504317992852
118	122	0.5098003701956462
135	31	0.6112784707755388
135	144	0.5852758143009673
135	181	0.5844138915383148
135	24	0.570578382730055
135	138	0.5642455454211879
135	140	0.5638364307869322
135	130	0.5637682180931476
135	26	0.5494478185753048
135	78	0.5410507038724843
135	40	0.5405695873245262
135	134	0.5398047338058655
135	33	0.5242988529375977
135	30	0.5107988222603634
135	22	0.5069825313109824
135	145	0.5048098524343301
6	105	0.7234186039285891
6	139	0.5285565574962753
6	8	0.5198834330919544
60	65	0.6201568991786316
60	94	0.5552295057574838
60	84	0.5309017553587091
60	91	0.525812673302148
60	80	0.5195987841182761
60	74	0.5186637408517987
27	130	0.7223634879674
27	26	0.641912608777574
27	40	0.6171941565612159
27	122	0.5074801512435044
130	40	0.5523036083209698
130	26	0.5399110168266608
131	133	0.6075634315605049
73	184	0.7204836658842233
73	193	0.635774949774265
73	75	0.568950746583593
73	185	0.5294639439502752
73	187	0.5096449318046606
184	193	0.6856925181424006
184	159	0.5848088292486979
184	58	0.501089598921982
184	187	0.6026830228878403
184	87	0.5876049206498948
184	191	0.5770308819218142
184	185	0.5591460826285533
184	75	0.5563490844660179
184	194	0.5546828071172851
184	186	0.543479163037421
184	160	0.5433100296839171
184	85	0.5303773075696901
184	83	0.5120689305724253
184	77	0.510222106641229
16	117	0.652970654713814
16	115	0.6163329090431293
16	148	0.5134767221014201
115	117	0.5699643233824387
115	122	0.5502780228029265
115	124	0.5192701996144122
115	43	0.504973770970028
89	87	0.7032946183927594
89	94	0.6763903081883214
89	82	0.5598742477738794
89	50	0.5155722235720589
89	191	0.5116039758294298
137	140	0.6891630630240689
137	145	0.6763523316597272
185	193	0.6091319134925944
185	74	0.6001617798975262
185	190	0.5900416758565136
185	75	0.5190875862968551
185	97	0.5084669615971854
166	141	0.6294290403425955
24	26	0.7072649522826502
24	40	0.581409929648146
24	140	0.5380379216458427
24	144	0.5244221107715177
24	124	0.5239289475962536
24	138	0.51413912329801
26	143	0.606312812711131
26	127	0.5671965613953074
26	124	0.5615881972793766
26	39	0.5475041169232553
193	194	0.5935310251371069
193	190	0.5593453834467689
193	85	0.5476651516676121
193	75	0.5475321258795177
193	160	0.5470838353649878
193	187	0.5399889467684008
193	159	0.5346472111118329
193	74	0.5219309531541229
30	31	0.674187175603442
30	100	0.5498595682347575
30	42	0.5950639645150182
30	40	0.5472729962237546
30	134	0.5284196244328677
30	140	0.5201023153122148
87	191	0.6850668177586193
87	94	0.6474757114410682
87	91	0.5965990269110295
87	83	0.5946892138673698
87	190	0.5460810515745639
87	97	0.533660953807982
87	74	0.5131158239156519
87	85	0.5116261233306583
87	93	0.5074875758447868
22	34	0.703254185983595
22	33	0.5926104862031557
34	33	0.6257437624319679
34	40	0.5718113197379093
34	138	0.5703827626770759
79	181	0.7009369234080269
79	78	0.605534399319444
79	124	0.5321931778378258
181	78	0.6551621636138509
181	39	0.5160566209584171
50	173	0.6959793464321266
50	174	0.5996753056622821
50	66	0.5521854539052792
50	41	0.5173394108994173
173	174	0.55994976261384
173	145	0.5227163052837763
84	91	0.6642770953537434
84	65	0.5933561124620165
140	141	0.6898188156226486
140	145	0.6094525825857076
140	31	0.5721948228346044
140	134	0.5576664915317853
140	40	0.5284484547314932
140	144	0.519773966373886
140	33	0.5187222174592123
141	145	0.5459617352666607
42	33	0.6408471858199191
42	67	0.5920457280265083
42	20	0.638122413695716
42	40	0.5929996354750794
42	31	0.5535741009213754
83	190	0.6874897289015681
83	191	0.6005135569551983
83	97	0.5638023254015018
83	75	0.5378389474208888
83	93	0.5370424511821942
190	75	0.5831944227354366
190	191	0.5295071226544527
191	187	0.5829039991531489
191	97	0.5580040132360146
191	194	0.5211301468267905
122	124	0.5397763887598748
189	159	0.5428728976798229
41	145	0.6824310179733016
41	40	0.6369293574893033
145	40	0.6498332408770529
145	174	0.5336180400747677
145	33	0.5172954679394286
43	148	0.6248546214311418
43	77	0.5583207024250694
43	20	0.5563007492849754
43	188	0.5336538017099506
138	33	0.5559001129665354
138	134	0.5536850600069425
94	93	0.5310740877956958
94	194	0.5253205030990988
31	33	0.634886381269009
31	40	0.5988357363167581
20	40	0.59187683675002
20	144	0.5274242328795182
144	40	0.6645842878565729
40	33	0.598591950464028
91	82	0.6330622508601079
91	65	0.5295071226544527
78	147	0.5303341842027455
78	186	0.5094376288556508
78	77	0.5051302046918268
77	188	0.6267102271928543
77	148	0.6054203878374347
77	75	0.5820582832643729
77	186	0.5591117138848104
187	80	0.5967986515612521
187	186	0.5735518904756506
187	194	0.5730282465004252
187	147	0.5388828933229864
187	188	0.5193651398047011
97	93	0.5463897673911928
97	85	0.5187733805096479
39	143	0.6295377154638032
188	148	0.5329095667631937
93	195	0.6246778179543198
93	66	0.512120573699926
195	174	0.5586785030702024
74	85	0.5644363708179868
65	85	0.5506056192781897
85	160	0.6172560598776837
85	66	0.5961995560487048
85	55	0.5520533727168854
85	170	0.537234551382236
160	170	0.5331887516082562
160	194	0.5135429897878462
55	158	0.5929023741095668
75	186	0.6070521780629127
80	194	0.5827653353665434
66	170	0.5814562651368359
161	163	0.5502013268100445
161	56	0.44905822805959006
161	58	0.43524547152631715
161	162	0.4329243830136882
163	57	0.3331790219348102
72	178	0.544134138072268
59	151	0.4914801333109628
