19	121	0.9209731866287343
19	119	0.7047270232886151
19	17	0.6820087029369527
19	20	0.6719171299705725
19	124	0.6361382408667414
121	119	0.7332033812211604
121	124	0.6964276579574041
121	20	0.6908708969605932
121	17	0.6665505637074829
121	16	0.6162398803815485
23	25	0.8958509479613503
23	22	0.7577074982603502
23	128	0.817621523311327
23	126	0.781572980872008
23	124	0.7273323855853735
23	123	0.7088208159779473
23	132	0.6761949620155115
23	133	0.6523449536631394
23	20	0.6502028258444829
23	28	0.6095845648774201
23	130	0.6028103621718821
25	128	0.8584703762877184
25	124	0.7408586315547122
25	132	0.7240091391418898
25	126	0.7705174224272988
25	22	0.6895776301067369
25	123	0.6714561068816042
25	133	0.6666116873636779
25	20	0.6583637137647947
25	28	0.6422828663622874
25	130	0.6417891230107389
25	21	0.623774512603968
25	29	0.619867574321748
12	112	0.8849185770210715
12	103	0.8312290249304503
12	9	0.8179527474295689
12	3	0.8299886742512516
12	11	0.7994910013354529
12	108	0.7773346179910728
12	109	0.7739885406174654
12	176	0.7372601167683296
12	113	0.7341314619542813
12	110	0.6834128737219223
12	10	0.6571097999247953
12	0	0.6474466717408126
12	13	0.6306833400819524
12	111	0.6284559063042001
12	106	0.6167358345022406
112	11	0.8232113899809563
112	109	0.816824372492372
112	103	0.8008220701180462
112	3	0.7830860215838422
112	9	0.7699072633249859
112	106	0.6956285638031665
112	108	0.6941392135458111
112	176	0.6763740329735447
112	113	0.6404403787304119
112	0	0.6068753314652322
126	128	0.8783498924156893
126	124	0.6909074840094096
126	123	0.6851676344913178
126	133	0.6266616460139616
126	22	0.6213861836818567
126	132	0.6061673439299687
128	124	0.7255945074838528
128	132	0.7033350462524368
128	123	0.6995046945361774
128	130	0.6740616976686452
128	133	0.6718128964645479
128	22	0.6038533863479983
95	197	0.8775936483065501
95	198	0.7236806656708972
95	79	0.6981590990807301
95	181	0.6307074290152216
95	96	0.6216132667701355
197	181	0.7121190336817285
197	198	0.711250465768678
197	79	0.6581483681566299
165	167	0.8772254045298223
165	175	0.75221618394564
165	137	0.7101517802150648
165	172	0.6633821674442942
165	169	0.7128674104990868
165	174	0.6363287070924505
165	166	0.6274989887046121
165	196	0.5915453990087308
165	140	0.5908038148273359
167	169	0.7452565758759591
167	175	0.7037239318233938
167	137	0.6444864318291184
167	166	0.5940489558380226
44	149	0.8677505303148358
44	33	0.866410415065304
44	49	0.8349312136439884
44	136	0.7551964468224475
44	34	0.7486295723389559
44	18	0.717042037621232
44	154	0.7089849766797918
44	7	0.7041779395193402
44	135	0.6947449810797051
44	42	0.6946673735809844
44	171	0.6624516696155188
44	150	0.636727244590521
44	46	0.6365250441630567
44	67	0.618615999839444
44	120	0.6139521886181333
44	31	0.6035483246272595
44	146	0.6025620221304817
44	155	0.6014207073162611
44	144	0.5995344013791437
44	138	0.5966376697037934
149	136	0.8135705538363528
149	135	0.7965128680225904
149	154	0.7936436759335153
149	150	0.7927908223090464
149	171	0.7404342753762699
149	49	0.7398600041717247
149	33	0.7321890701118982
149	146	0.6999232227866449
149	7	0.6877269665339534
149	138	0.648432966987932
149	155	0.6454675591648402
149	34	0.6432101314925326
149	18	0.6381342695401075
149	157	0.6259445077371372
149	42	0.616834966624932
149	120	0.6026448151158202
149	144	0.5951156339654285
33	34	0.8539331101012775
33	42	0.851312040589516
33	136	0.7885174828580042
33	49	0.7423347407326186
33	138	0.738699133604504
33	146	0.7065144922534711
33	7	0.6971479391377156
33	135	0.6914663028055489
33	31	0.6778956130874743
33	171	0.6517068567491932
33	150	0.6319523727306005
33	18	0.630936213264572
33	62	0.6120045084410547
33	24	0.6111657174168804
33	35	0.6092954167553066
33	127	0.59458578886911
33	67	0.5937058817604872
33	154	0.5931876250566358
96	198	0.8556567751997242
96	81	0.7172266105928355
96	97	0.7014655727721574
96	98	0.6787216557205451
96	80	0.64165383849761
96	90	0.5922145673154937
198	190	0.6799010486267146
198	183	0.6657829778612426
198	81	0.632342625900809
198	199	0.6287220516888294
198	97	0.6234261727352074
34	24	0.7779275525210765
34	37	0.708268075227023
34	42	0.8002474399066897
34	138	0.7591051521173291
34	7	0.7095713474059097
34	31	0.7031985839920738
34	136	0.6956285638031665
34	135	0.6861637753613559
34	127	0.6855335377124936
34	36	0.6726022134276854
34	26	0.6427584717278565
34	35	0.6274201704229724
34	141	0.6191281076025968
34	143	0.5911031708424079
42	40	0.5662122348524672
42	146	0.769703563524043
42	138	0.7554154983823267
42	136	0.7422898434866196
42	35	0.6925658518213744
42	62	0.6527181852912557
42	135	0.6506586082977024
42	37	0.6483808058221421
42	49	0.6353696372642065
42	7	0.6311107379801197
42	31	0.6302013061565389
42	150	0.6132601176568516
42	171	0.6074687929348749
38	142	0.8470169462900544
38	70	0.7570679528368447
38	156	0.6995761845801685
38	41	0.6612040666031691
38	79	0.6300867516417539
38	139	0.6027466963675279
38	181	0.5944112145578007
142	139	0.8073601159641531
142	156	0.7536324338386253
142	70	0.7665054880243773
142	176	0.692976705454082
142	166	0.6420243053118528
142	145	0.6325826223054141
142	141	0.628903430046932
142	181	0.6048436160341492
142	199	0.5978149459728089
9	108	0.8446837827050955
9	109	0.8192722364853975
9	3	0.7624328260682536
9	103	0.7399233626130098
9	11	0.7353784262715263
9	106	0.6567516814907698
9	0	0.6561712420899866
9	176	0.6466502522675261
108	103	0.7530052936357432
108	3	0.733790098831128
108	6	0.6966644767921214
108	109	0.6866873070347812
108	111	0.6310926866612615
108	110	0.6259323437153941
108	0	0.6057623477314257
108	176	0.6032367250844393
108	13	0.6028740203010177
3	103	0.8409765839764958
3	109	0.7145991702620229
3	11	0.6800892109403439
3	0	0.6630180598280019
3	113	0.6422299907611698
3	110	0.6106831035166089
3	106	0.6071279510611423
3	102	0.6006158484807997
103	0	0.6898974299878506
103	109	0.7376752054113999
103	110	0.7041426484397493
103	11	0.6793144834853532
103	102	0.6766939909725987
103	113	0.6738215444935942
103	111	0.6428699618048227
103	13	0.6389989289381962
103	106	0.6228695378754782
103	176	0.6174293485112189
103	10	0.5964186572971043
35	62	0.8351733637441744
35	37	0.8283010854615194
35	140	0.7441162456317468
35	32	0.7363458748787085
35	31	0.6969474305791983
35	70	0.6436437727485577
35	67	0.6351966768268777
35	171	0.6005263444709733
62	31	0.7403077571661415
62	65	0.6085970221097442
62	32	0.655236356424469
62	140	0.6435207543568631
62	37	0.6430224830432164
62	137	0.601873701931796
62	67	0.5975642667969681
62	41	0.591954793029998
136	138	0.8349917815028782
136	146	0.7840895943598267
136	150	0.7572514377833481
136	135	0.7569185164060346
136	154	0.7252865791000148
136	127	0.7073049321234394
136	18	0.6893572835716922
136	120	0.6893100498531353
136	49	0.6709780701230209
136	7	0.6647461716923101
136	144	0.6543966702293853
136	171	0.6159296606175915
136	143	0.6157434370170349
136	24	0.6012930333342458
138	127	0.7529100215882956
138	146	0.7625165525371222
138	135	0.7553081412535525
138	24	0.7039257840444446
138	141	0.7020745950902583
138	143	0.6873103853108381
138	150	0.6684080387796156
138	144	0.6671114533663117
138	140	0.6634045638139846
138	114	0.6588846307439826
138	7	0.6535553669856458
138	2	0.6155819875685586
138	37	0.6039867952569958
138	26	0.5943012686464744
138	137	0.5911161826294083
49	154	0.7292717277940147
49	53	0.6509237848635738
49	47	0.6456075466675942
49	18	0.6318021899569893
49	46	0.6156316698270989
49	150	0.6055660647652538
49	51	0.602912211494442
49	155	0.6028103621718821
49	146	0.5946762868188419
18	120	0.8320000668134153
18	46	0.7635192799978552
18	17	0.7519816364572035
18	152	0.7045659118181932
18	115	0.7043896129438638
18	154	0.6905048318051371
18	119	0.6775657976462819
18	15	0.6553561796516915
18	14	0.6518449019164347
18	48	0.6439072716232479
18	118	0.5988998720519583
18	127	0.5905759349169941
120	17	0.7479650955162475
120	46	0.732911926566418
120	115	0.7222917515462847
120	152	0.7194867106434516
120	154	0.7177409405240228
120	119	0.6812109452992324
120	127	0.6433566781060993
120	15	0.6386497059007598
120	48	0.636156100370058
120	118	0.6361203806817451
120	14	0.6151221946784525
120	26	0.5967728976916911
120	129	0.5958513891027197
81	90	0.8300508876832562
81	92	0.8292092616143376
81	63	0.7898752872883983
81	80	0.7533168724351378
81	183	0.7436070421440187
81	74	0.7558702423504221
81	97	0.6927999374950897
81	88	0.6848066955678569
81	76	0.6808195060092298
81	194	0.6568256032188365
81	60	0.6448253946848006
81	93	0.6144628428417852
81	61	0.6051225740247875
81	83	0.6044693256310703
81	185	0.6009801022821413
90	88	0.7778485744896865
90	194	0.7725814384934345
90	74	0.7602089745972008
90	76	0.7514858547335874
90	92	0.7381944207845519
90	80	0.6886639348336114
90	73	0.6750481030241562
90	185	0.6617271573330704
90	83	0.619793677122489
90	84	0.5990217087857902
51	155	0.8298330502808464
51	47	0.7281696586537095
51	53	0.7260487630294706
51	154	0.654751020713555
155	154	0.7672469090839741
155	125	0.7218370597896052
155	72	0.4657114554254413
155	53	0.7218083214694297
155	157	0.6909858729121809
155	144	0.6769595246745326
155	47	0.6543680810440761
155	27	0.6293082613232069
155	46	0.6012483401849968
92	60	0.7307383954577921
92	80	0.7167941631318392
92	63	0.703097467422122
92	74	0.6903897096416685
92	183	0.6601051732346268
92	76	0.6538588804775156
92	61	0.630400204068757
92	93	0.5994126814000016
92	194	0.597403513548456
37	36	0.7378802632089291
37	141	0.7078541962612389
37	32	0.7044198417826453
37	31	0.6598229495293471
37	140	0.6597438935125088
76	80	0.8239192175335397
76	73	0.6970965370793072
76	84	0.6911164849775456
76	77	0.6874000675850709
76	75	0.6834128737219223
76	88	0.6635221252549786
76	74	0.6573199852957148
80	88	0.637077914079587
80	74	0.6133848847578689
80	77	0.5917728778163467
11	176	0.8118731484163844
11	109	0.7467909038747441
11	0	0.6794813931989923
11	106	0.6102188648605088
15	115	0.8205831056692874
15	116	0.7926793509867394
15	16	0.7416965748927189
15	14	0.7370729167093214
15	152	0.7224591123492629
15	119	0.6522185573917906
15	17	0.6375826526056102
15	123	0.61060157844577
15	20	0.6049323915042504
15	46	0.5997777581557355
115	152	0.8057525767742321
115	119	0.7749090662984006
115	16	0.7716121601127337
115	118	0.6429638270630703
115	116	0.7536281134245186
115	14	0.7151956545360935
115	17	0.7102558584264583
115	46	0.6771165943170562
115	117	0.6156689283096305
115	124	0.6006669868717327
7	135	0.8193051130920512
7	10	0.690677449480563
7	24	0.6580123048931685
7	2	0.6408059319274557
7	127	0.6260357281925965
7	150	0.5941201328288352
135	100	0.5761296827048245
135	150	0.7490073452640575
135	146	0.6763957331131375
135	2	0.6406408793449707
135	154	0.6362870492325949
135	24	0.6336730730562977
135	141	0.6334635661464727
135	114	0.6331521271528211
135	144	0.6236584268292981
135	10	0.6166986549118596
135	127	0.6114663379075127
135	171	0.6095657123329112
135	139	0.6067173819215875
135	140	0.6043487345842089
109	106	0.775706860676419
109	176	0.6328165018918964
109	0	0.6073678260557623
114	141	0.818778440521973
114	13	0.7858169038423167
114	2	0.7283575115074779
114	134	0.6010312056583963
114	140	0.7554841856677187
114	139	0.728014597645889
114	36	0.7020035953353146
114	10	0.6924201248545874
114	104	0.6419831571272533
114	110	0.6054457258699742
141	139	0.8043802965686855
141	140	0.7908885857840292
141	36	0.7811835329442752
141	166	0.7138496488880589
141	143	0.6420889592726091
141	2	0.6333677606113414
141	13	0.6303339139581035
176	70	0.744522095521995
176	139	0.7056771067735866
176	156	0.6542937404066103
176	0	0.6338047155581723
176	131	0.6203168787890916
139	70	0.7706392851249643
139	140	0.7491170717144774
139	36	0.6823401784916207
139	13	0.6702406910836313
139	166	0.6245558471927091
139	10	0.6165375115575515
139	156	0.6085466508842151
152	46	0.7841281116903962
152	14	0.75384837152914
152	17	0.6817090646166409
152	116	0.6737177979526048
152	119	0.6679319868510358
152	16	0.6499256659479712
152	154	0.6295558255897118
152	124	0.611704204014849
152	118	0.594482344190567
20	124	0.8042390621983634
20	119	0.6036500315119626
124	130	0.658726157619639
124	123	0.6538016298778829
124	22	0.6263579032766041
124	132	0.6235239773476838
124	21	0.6197998356422967
124	133	0.6182022278601828
124	28	0.5928440089855608
124	119	0.5906736092734074
17	119	0.7977524349742879
17	46	0.7084922641083942
17	14	0.6864494262994206
17	48	0.6389870951795864
17	16	0.6321265253070337
119	16	0.6628162651322064
119	46	0.6275111134528285
119	14	0.6245558471927091
127	143	0.7972792761699289
127	26	0.7942351319253553
127	129	0.7782037821614253
127	39	0.7019934513738514
127	144	0.7013588883877416
127	24	0.6971325192726935
127	131	0.6377132017310566
127	27	0.6041709709781538
143	24	0.6457766403638345
143	39	0.6376538657600874
143	26	0.6354173392733555
143	10	0.5906866312133173
174	175	0.7964031716381845
174	170	0.7706392851249643
174	145	0.6645396192638378
174	166	0.6434094233485227
175	169	0.7579501446645573
175	164	0.7058678231543879
175	170	0.7551405831558448
175	171	0.6995506540290629
175	137	0.672700770621708
175	166	0.6726514950079557
175	172	0.6576719586788462
175	145	0.6557382523768481
175	140	0.615687556518682
26	22	0.7215543581814771
26	39	0.7205317527482022
26	129	0.7495205112789023
26	24	0.7362039261077138
26	27	0.6885850653892925
26	144	0.6017014819765528
154	46	0.7234615010326567
154	150	0.6615641120700306
154	53	0.650023846526198
154	48	0.6468945601503461
154	47	0.6395370450166866
154	146	0.6201630531946708
154	157	0.6160289517362364
154	144	0.6022498396672633
150	157	0.756114473398728
150	146	0.7517729898251314
150	53	0.5930515011290498
116	16	0.633481527522442
116	14	0.6143009837789343
140	137	0.7674935948013599
140	166	0.7194047030052172
140	146	0.6701690837807159
140	32	0.6554702663522439
140	171	0.6439892179150759
140	13	0.6320604749483995
140	36	0.6180415672789914
140	70	0.5954190926340134
63	61	0.7138888801418605
63	93	0.6809643302799937
63	60	0.6711099980985604
63	97	0.5960899721078057
13	111	0.764393657193493
13	10	0.7610181905149751
13	110	0.7573665882073309
13	113	0.7092434983042356
13	8	0.6900703243262977
13	6	0.6703618442488081
13	102	0.669865991724139
13	2	0.6634437546008961
13	36	0.6454733928434861
13	1	0.6265766172293201
13	104	0.6115352052560643
83	190	0.7856638590269437
83	87	0.7326572618770202
83	88	0.64922043922996
83	185	0.5938547894891324
190	55	0.5065886520943638
190	87	0.6945742232312438
190	185	0.6913149288933996
190	88	0.6124921269465665
190	194	0.5974871112310435
46	48	0.6528444381330929
46	14	0.692612680631045
146	171	0.7160835590292701
146	137	0.6744434660508943
111	113	0.7836655048955081
111	8	0.7817674766872483
111	6	0.781572980872008
111	110	0.776938559361336
111	102	0.6432042686475549
113	110	0.7260109325767149
8	4	0.6182022278601828
8	6	0.7405968645802484
8	110	0.5970818629766692
98	199	0.7816507974422188
98	177	0.6021861063160735
199	177	0.719361279075194
199	70	0.6481721002766861
199	166	0.6304363584361731
6	105	0.6502028258444829
6	110	0.6149978544461002
6	10	0.614201352498997
36	32	0.6786515357351589
36	10	0.6231999248288062
36	24	0.6198121524528905
36	2	0.6118105820059616
36	31	0.6039740911045116
36	30	0.592714286410038
129	29	0.6879113832033379
129	27	0.7000762229002164
129	133	0.6948018829661616
129	131	0.6718128964645479
129	144	0.6443227038606971
129	39	0.6335294211875027
129	125	0.6320844943233591
129	118	0.6047675108066861
129	28	0.5964379854948243
24	39	0.6692922615004712
24	2	0.6509986972934738
24	22	0.6308398964230619
24	144	0.614655761066448
88	87	0.7667940616777212
88	74	0.701231842186723
88	194	0.6938178093991011
88	73	0.6653763652016811
88	84	0.6617159148408978
88	185	0.6607930175683766
88	184	0.6257863516984651
88	91	0.6073804479889149
110	102	0.7227410433135092
110	10	0.7026724671970576
110	104	0.6100305405093465
161	163	0.7758263165339067
161	162	0.761531152607548
161	58	0.6763360549037638
161	56	0.6712583662807071
163	162	0.7298423783479203
163	56	0.653601193820101
106	5	0.6609676210982367
106	101	0.5954900903551072
84	86	0.7755873492083547
84	75	0.6921649666618002
84	77	0.6889424763940968
84	43	0.6439892179150759
84	188	0.6107708852716695
84	91	0.6009098271158545
86	91	0.7353095358874414
86	94	0.6259201793890928
86	69	0.650992935249002
86	82	0.6480213079064481
194	185	0.7542323380581385
194	74	0.7289625916326414
194	183	0.6786299578656946
16	117	0.6501566445395829
70	156	0.6832849454991403
70	71	0.6432980651169152
70	32	0.6161902580625281
170	171	0.7023483205707525
170	145	0.6911008139125088
170	169	0.6543509266348869
170	172	0.608124599313484
137	171	0.6669171712034198
137	169	0.5995664283441319
87	191	0.7261527741166406
87	89	0.6792875559791371
87	82	0.6412830720458497
87	193	0.6259809979750354
87	185	0.6237928394217312
87	184	0.5987587632945148
87	91	0.5946892138673698
191	193	0.7633524137208783
191	180	0.6211160029764863
191	179	0.616010336142291
191	89	0.6124171390280538
193	173	0.7268846381210664
193	180	0.6571722981452347
193	185	0.6011397840165936
193	189	0.5974228064739403
193	187	0.5959674696534286
162	56	0.6878481646335253
162	73	0.6227226278676056
162	58	0.6105890349783424
162	184	0.5990281204773065
162	185	0.5966183486532365
10	2	0.6251714879300031
10	0	0.6193130773569685
74	73	0.7311063398770159
74	185	0.7468926161722071
74	183	0.6205690494980599
4	107	0.7590585346944061
169	172	0.6428640945849822
169	171	0.6426234736170506
169	164	0.6005263444709733
22	123	0.7307570357688306
157	53	0.7298704169262282
157	27	0.6620530601726092
157	125	0.6260235664549839
157	130	0.625567281435974
157	144	0.5907061635462981
184	185	0.7559559614261252
184	188	0.6953084432207145
184	73	0.7219759265814882
184	75	0.6716866834553292
184	186	0.6480445100403966
185	73	0.689934111123882
185	187	0.6633933657777155
185	183	0.6257133392429484
156	145	0.7331663860270979
156	52	0.6918679321381531
73	75	0.7524462027521355
75	43	0.665292765714645
75	77	0.6621485360027161
75	188	0.6481952945924544
75	186	0.6227899670727943
28	132	0.7467732112124092
28	133	0.7036583053783753
28	21	0.7021354409153207
28	27	0.6756246589151983
28	125	0.6739525547907466
28	130	0.6223551606963831
132	130	0.7009725297809796
132	133	0.6882431094897099
132	21	0.5983929903708488
39	131	0.7461798959579707
39	144	0.6890317768392661
39	27	0.6028549236681683
183	196	0.7297395492161778
183	182	0.7212138386805169
183	160	0.5687545886599656
171	67	0.7359473382336328
171	31	0.6107269962705133
31	78	0.5962575620841057
31	30	0.6505432646142787
32	30	0.672120034644384
32	166	0.6328224972867058
32	68	0.5999570027085505
67	41	0.6769324374676102
67	47	0.6073993803136777
67	66	0.5896047631481928
91	82	0.6777550693595905
91	69	0.6126608094634504
145	195	0.6514479056467886
145	41	0.6759995207132379
145	166	0.5944952758516613
79	181	0.7317666405263228
181	166	0.6028358263445561
60	61	0.6581370311928935
60	45	0.6198183107436773
60	69	0.6136156232044593
43	77	0.7301039762599889
43	186	0.6521323573162345
43	188	0.5906866312133173
53	27	0.645496726804981
53	47	0.6185172197840204
53	125	0.5938742092378213
196	182	0.6125795989205896
196	172	0.5965990269110295
2	104	0.7094571318121013
2	102	0.589963448219491
27	125	0.7281978435591651
27	144	0.7058527703171458
27	130	0.6510793580389983
27	21	0.639873787875073
27	29	0.5981618472891833
125	21	0.7156301385682056
125	122	0.595135008740982
125	144	0.6669227233812586
125	130	0.6515399945476198
47	153	0.7044299174944235
173	180	0.6587827618757067
173	50	0.6200214915140484
102	1	0.6578535100945669
102	104	0.6268073749372488
102	0	0.6242507869576853
182	187	0.6804437876529609
182	147	0.6371967252858821
177	71	0.6551621636138509
21	133	0.6586582226679896
21	29	0.6141453012978704
21	130	0.5964895239739104
61	69	0.711413488015108
61	93	0.6189800823175212
69	68	0.6868563772510856
69	66	0.6279776848689016
69	93	0.6084269995661048
69	65	0.5911942468906639
186	188	0.7064543866852365
186	59	0.49251093197507545
186	148	0.6098986724428141
188	148	0.635250361024088
164	180	0.6883378356096624
164	45	0.6881430953422187
153	168	0.6181960495619339
153	179	0.6450414971938733
133	29	0.63404995136631
133	130	0.6077715758241591
97	93	0.6280019100214668
50	94	0.6990959113209045
50	64	0.5400881169418728
50	52	0.6090564329782102
180	189	0.6980309332452718
180	179	0.6734883692285419
180	187	0.6116040633399816
189	159	0.5762432442613593
189	147	0.6112408890793409
52	41	0.6638074952406359
0	101	0.6731767940047676
56	57	0.6374639397971283
56	54	0.5532272270827002
56	58	0.6333018830411069
68	93	0.6187826468470384
68	66	0.6169464668761329
93	66	0.6113160497150918
89	82	0.6474640957865907
89	179	0.6453041855860346
179	192	0.5950897998551825
101	99	0.6200891999644056
66	85	0.6118356089059492
55	158	0.48760236599794865
59	151	0.5062391859827224
72	178	0.4849605555236127
