126	128	0.942859334102977
126	125	0.8621858209324796
126	124	0.8612332346882612
126	133	0.8490948452121349
126	123	0.8655852599389307
126	129	0.8210398813328771
126	120	0.7995992196179786
126	136	0.7777695718812938
126	29	0.7616781380309163
126	127	0.7564782867568952
126	14	0.7378893737288217
126	23	0.7363870736760358
126	17	0.7355987733897991
126	121	0.7328563808685246
126	119	0.7278876741190686
126	28	0.7264740528859187
126	26	0.7245606162252431
126	118	0.7195301183311099
126	117	0.714648101567819
126	19	0.7138006035192422
126	132	0.7135012751172513
126	25	0.7027281505472682
126	143	0.6880325229581535
126	15	0.6873103853108381
126	21	0.6867137291546903
126	115	0.684413526954312
126	18	0.6826980707813413
126	34	0.6788780326416807
126	44	0.6649358870659814
126	138	0.6608944089733376
126	22	0.6547110278035811
126	130	0.6509007323343164
126	152	0.6429286298542554
126	27	0.6265523205506742
126	116	0.6133724094251638
126	53	0.6118606345809791
126	186	0.5959739178427506
126	33	0.581409929648146
126	131	0.5718786190708949
126	16	0.5700453347216297
128	123	0.8776166292285276
128	125	0.8599623227109792
128	124	0.8490948452121349
128	133	0.8005708505231333
128	136	0.7891219040742815
128	129	0.7715716955231351
128	127	0.7673291628971807
128	120	0.7599513849656465
128	14	0.7115665604151074
128	29	0.7105629558557588
128	17	0.706344166672727
128	119	0.7022266904298918
128	121	0.7009114881451521
128	118	0.7002342555158024
128	117	0.6967056471860197
128	23	0.6933663403393746
128	19	0.6891368094058115
128	130	0.6856342329116417
128	25	0.6843337820495181
128	132	0.6828955725210636
128	138	0.6814841856875096
128	34	0.6812002261202332
128	28	0.6787486216511074
128	115	0.6659610944757647
128	26	0.660714140909621
128	15	0.6594896859615843
128	21	0.6544652766413181
128	18	0.6535381806872166
128	143	0.6461321135341834
128	44	0.6436554870516353
128	22	0.6314535831749691
128	53	0.6167854030093162
128	152	0.6118856590310604
128	27	0.6036881665290721
128	116	0.5886188131059351
128	186	0.5775709280315068
128	33	0.5768107183369825
128	16	0.5651446228555299
128	131	0.5376043651361423
128	155	0.5258994903477024
22	23	0.9285826639905341
22	34	0.7995631526253862
22	25	0.8978854110475681
22	26	0.8267882792999697
22	28	0.7811055703071178
22	29	0.7616781380309163
22	121	0.7527843874755509
22	120	0.7382080725521316
22	19	0.7357868633744483
22	21	0.7341360724303999
22	17	0.7330322420647876
22	132	0.7225021343065907
22	124	0.71458938316163
22	119	0.6982769721416425
22	14	0.6979283683647007
22	133	0.69429981191579
22	15	0.6887059918752568
22	129	0.6835301043999877
22	18	0.6496078742366627
22	131	0.648392397718434
22	115	0.6345519876164455
22	117	0.6342771292698479
22	186	0.6332958937159271
22	125	0.6289457418174591
22	123	0.6268741527093512
22	33	0.6233772631114166
22	16	0.6046089227682984
22	116	0.6040439601450301
22	118	0.5963284498955689
22	44	0.595638510081547
22	136	0.5792345519713002
22	152	0.5538861232446043
22	20	0.5477701524732796
23	25	0.9099270130963045
23	26	0.892666383126141
23	29	0.8836758833492901
23	28	0.8338375274924286
23	133	0.8156897126727793
23	120	0.7840125415759935
23	21	0.7820006710444429
23	19	0.7768989196342072
23	124	0.7746692452600998
23	121	0.7724201414876498
23	14	0.7711261727442524
23	17	0.7679042330841676
23	132	0.764227325410443
23	15	0.7558530954249281
23	129	0.7429805223213487
23	119	0.7297629223728579
23	34	0.7221099496979784
23	115	0.7200168636083373
23	186	0.6886902210277147
23	18	0.6863119170921743
23	117	0.6844560508758354
23	125	0.6777550693595905
23	16	0.6733517428731944
23	118	0.6580690031428258
23	116	0.6558978251304729
23	44	0.6507739219652884
23	131	0.6297187859406054
23	123	0.621060720544347
23	33	0.6151221946784525
23	152	0.6138524887916214
23	136	0.6044312472400205
23	20	0.5642864416544761
23	75	0.5263261814425514
15	115	0.9234991920547055
15	14	0.8935164074771524
15	17	0.8581016933656267
15	16	0.776938559361336
15	43	0.6827301048697753
15	46	0.5410153397090317
15	116	0.8457120848443733
15	119	0.8091630128060368
15	120	0.7974977790724809
15	118	0.7930878200496706
15	18	0.7888954248973453
15	26	0.7857786516571593
15	152	0.7751486644329698
15	186	0.7737879921535749
15	29	0.7728231971500104
15	19	0.7707204956255254
15	117	0.7679452622422656
15	21	0.7600147488260266
15	44	0.7502514214549997
15	129	0.743709845730129
15	28	0.7263984864309551
15	121	0.7196024519849534
15	125	0.7183754943321707
15	133	0.7146970258803819
15	25	0.7103301810000299
15	124	0.6963297971912481
15	132	0.6923212065116655
15	33	0.6492493639320749
15	136	0.6374995568183391
15	34	0.6296403304658298
15	123	0.6179303104713526
15	131	0.596276896045849
15	52	0.5943012686464744
15	75	0.5869891434777925
15	188	0.5844665659077821
15	143	0.5765637685680121
15	127	0.5690318964485257
15	122	0.5556167486218764
115	116	0.8955147694689439
115	186	0.8349917815028782
115	118	0.7982608942411189
115	152	0.7763830424157556
115	14	0.8725580798967696
115	119	0.8239834383747222
115	17	0.8052961072689242
115	120	0.8013236650435529
115	117	0.7623490740611676
115	29	0.7562258071439552
115	16	0.7522769614585122
115	121	0.7488844028444461
115	19	0.7445443790349119
115	21	0.7429894817870825
115	129	0.7353416866245872
115	26	0.7300666182233404
115	133	0.7253860954106216
115	124	0.7232517287499687
115	18	0.7219376243083896
115	125	0.7128526555818907
115	28	0.6998415964490418
115	132	0.693319605542483
115	44	0.6931066287643429
115	25	0.6700754246332945
115	43	0.6539103996164121
115	75	0.638643784597412
115	136	0.6282440946119998
115	188	0.6135220932163976
115	131	0.6062811925139138
115	123	0.6011525564822326
115	33	0.5702410663708728
115	122	0.5609511693700823
115	52	0.5536711911962788
115	34	0.5535949072472776
115	143	0.5348757007674875
115	127	0.5337253192551431
25	26	0.8237907123400424
25	28	0.7781248901089726
25	29	0.7771366656241188
25	34	0.7771366656241188
25	19	0.7526717033499559
25	17	0.7468174408864099
25	21	0.7395203603880992
25	124	0.7247553132602145
25	133	0.7210074389266187
25	14	0.7195349410604971
25	132	0.7164001074645723
25	121	0.7127247531953567
25	120	0.7068298793131709
25	129	0.6874739078390887
25	119	0.6843178311038073
25	125	0.6658831777968566
25	20	0.6647015203156812
25	18	0.6549052447428915
25	123	0.6411947501473854
25	117	0.6329963307293848
25	186	0.6224838054326522
25	118	0.6163949185955929
25	116	0.6065846672703991
25	16	0.606211621331711
25	131	0.5914673845863071
25	136	0.5835704317327107
25	33	0.583451719064879
25	44	0.5831218308096746
25	53	0.5819194125794139
25	152	0.5665722107564027
25	27	0.5262538795622824
116	14	0.7939026228340771
116	186	0.7829699614369604
116	119	0.7311715008998118
116	120	0.7237282908536095
116	117	0.7199638860838595
116	17	0.7193902289866425
116	118	0.7143886859467515
116	152	0.6865657419124205
116	121	0.6835673976772979
116	16	0.680653160618617
116	29	0.6796267088956468
116	129	0.678602983881435
116	19	0.6737560234528289
116	18	0.6713847115794117
116	133	0.6705600178141675
116	26	0.6664394068214238
116	132	0.6629003579606627
116	21	0.6578761986478954
116	28	0.6514824412344326
116	43	0.6473421132513483
116	124	0.641912608777574
116	188	0.6278565408499075
116	125	0.6175902057448155
116	131	0.6152527189999474
116	44	0.6030267684967394
116	75	0.5888605657642003
116	123	0.5671897784762278
116	136	0.5605809770255431
116	34	0.5307293790001623
116	33	0.5250887718743088
14	17	0.8433029500738807
14	119	0.8153212669083203
14	120	0.8091975355343408
14	19	0.7932732523570101
14	29	0.7774533155746914
14	186	0.7748691116085118
14	121	0.7692956932965338
14	133	0.7639359999942685
14	152	0.7638943566343299
14	26	0.7619718738602599
14	117	0.7529836436692466
14	28	0.7503344629494955
14	129	0.7460823725263078
14	18	0.7434281695224328
14	118	0.7430924965062192
14	124	0.7396064391231862
14	21	0.7362405642521187
14	132	0.7327637829925662
14	125	0.719636202346596
14	16	0.7149024316387955
14	44	0.6976513001337703
14	123	0.647858859287387
14	75	0.6351787807304045
14	136	0.6349401009347935
14	34	0.6241470230846424
14	131	0.6130104916246525
14	43	0.5839330103747187
14	33	0.582910601343942
14	127	0.5653963964727386
14	143	0.559482794621279
14	188	0.5575562404019128
120	121	0.8928287844980484
120	119	0.8637176916678078
120	124	0.8480872329570748
120	117	0.8051906323366375
120	44	0.7729439924321517
120	17	0.82697803782785
120	19	0.8259002466232753
120	129	0.818943174000803
120	28	0.8069070201283433
120	136	0.7939026228340771
120	133	0.7922701689754608
120	132	0.7854724176883172
120	29	0.7851657986162295
120	18	0.7776510218755575
120	125	0.7686008722453779
120	26	0.757485953729542
120	118	0.7571106344168955
120	123	0.7562643355491703
120	21	0.7425366958654622
120	152	0.711205991872166
120	186	0.7100327956702749
120	131	0.703683547739718
120	34	0.6946363260525542
120	16	0.6831036420139598
120	33	0.6438194556282703
120	127	0.633780783288148
120	143	0.6047421399426457
120	138	0.5640751146424184
120	75	0.5558033689289479
121	19	0.8770870463698611
121	119	0.8456836053289665
121	124	0.8281126414440081
121	28	0.7967686224583799
121	132	0.7849739659876644
121	17	0.7754279140490018
121	129	0.7670411640822605
121	117	0.7491433999478418
121	136	0.7375156218636644
121	29	0.7373513928123198
121	131	0.7366158564594898
121	133	0.7358189649594191
121	44	0.7322632852834363
121	18	0.721530389351347
121	26	0.7137809834111223
121	21	0.7104094409566689
121	125	0.6958658942578206
121	186	0.6933559553330021
121	123	0.6872523444351749
121	118	0.6783871261041479
121	34	0.6477021565778808
121	152	0.6434270037385941
121	16	0.640387290419648
121	33	0.5961802193201732
121	75	0.5680438203270126
121	127	0.5492732678286438
121	143	0.5393794295985509
26	28	0.8348100172267903
26	21	0.7847819827163672
26	29	0.8720080996065762
26	133	0.8228565134637136
26	129	0.8002474399066897
26	17	0.760221636777868
26	132	0.753208723647388
26	19	0.718298055568151
26	124	0.7156642880027984
26	18	0.7152689209519305
26	44	0.7034057840604213
26	119	0.7015620696595808
26	118	0.6977077568939345
26	34	0.6861743588015827
26	16	0.6805189599666532
26	186	0.6783277446734065
26	125	0.6781225406300508
26	117	0.6752494474472983
26	131	0.6571552540720965
26	152	0.6274262338242266
26	33	0.6192699238943987
26	143	0.6172498698899103
26	123	0.600232153893481
26	136	0.5878078470205693
26	52	0.5684974561763424
26	127	0.5651446228555299
95	197	0.8861273214270042
95	96	0.8199287458952353
95	79	0.7555442734223062
95	198	0.8181181564189024
95	181	0.7490424621994943
95	97	0.7407322893728849
95	98	0.7397604143848513
95	78	0.6610464508557137
95	190	0.6286978627372485
95	185	0.5960770784191882
95	70	0.5921626223020962
95	76	0.5831680267490794
95	99	0.5801309084065627
95	74	0.5652671204729567
95	54	0.5596064383886168
95	87	0.5585202707248127
95	81	0.5572598430124693
95	83	0.5559208418727652
95	177	0.5535810364401299
95	193	0.5418141027618743
95	191	0.5327305410673837
95	88	0.5298740308651808
95	135	0.5256969001979264
197	198	0.7842051282320935
197	181	0.781417274731799
197	96	0.7036482079364882
197	98	0.6913149288933996
197	79	0.656944988576517
197	97	0.6276444655976359
197	177	0.6098672703047666
197	70	0.5995792385924782
197	190	0.5859854138875707
197	185	0.5707402262384884
197	78	0.5539762340767705
197	135	0.5476371485389077
197	199	0.5445282120530539
96	198	0.8848100694639156
96	98	0.8610264704221899
96	97	0.8030704063892763
96	90	0.7776905446907474
96	74	0.7617620945230412
96	79	0.737246423039852
96	81	0.7357914495176207
96	78	0.7262614774538089
96	181	0.7243610505024086
96	190	0.7183948512419048
96	93	0.7083328555853862
96	88	0.6948898051386537
96	87	0.6923784781980619
96	76	0.6803954550305386
96	185	0.6694854329957614
96	194	0.637760665059303
96	83	0.6357570757269569
96	193	0.6333737490262106
96	73	0.6252019450084668
96	54	0.5742761628408928
96	63	0.5723158771205524
96	55	0.5668844674808257
96	85	0.5647429281453307
96	184	0.556604507883265
96	177	0.5501943539866803
96	191	0.5478821343154839
198	181	0.8384405830144531
198	190	0.7399550369116215
198	98	0.8457405595430936
198	97	0.7939395917615267
198	81	0.7715716955231351
198	185	0.7492750056163328
198	79	0.7418584906811506
198	194	0.733646985132768
198	74	0.7219998632554552
198	90	0.6826446748017708
198	93	0.6738979723169396
198	193	0.6606746971077299
198	177	0.6543394899879206
198	78	0.6526263422651267
198	76	0.6234139457866141
198	63	0.6224409275905307
198	87	0.619442515296483
198	83	0.6192637588086068
198	199	0.6060534704992471
198	191	0.5902241639323955
198	88	0.570639079240825
198	54	0.541891806253053
198	71	0.5366580836328025
198	55	0.5288375444667578
29	133	0.8467341445537611
29	28	0.8318461148378062
29	129	0.786160903075338
29	21	0.7798940308605187
29	124	0.7677400534276979
29	17	0.7668352612051261
29	132	0.7545167446041072
29	119	0.7475551005981158
29	19	0.7412733869535948
29	118	0.717241177859062
29	125	0.7082381725762964
29	117	0.702915385919943
29	186	0.6979334972888308
29	16	0.6908761238985189
29	44	0.6855123353803616
29	18	0.6634549513000167
29	152	0.6266555730240906
29	131	0.6260843720976291
29	136	0.6232916595308133
29	34	0.6105514027378957
29	123	0.5979434540643582
29	33	0.5699305653869207
29	143	0.54350734764067
29	75	0.5406898996356612
29	127	0.5370495669980353
28	132	0.8790335931785936
28	133	0.8202561941535007
28	129	0.794714584339707
28	131	0.7863899656205255
28	19	0.7770574415910063
28	124	0.7723798016593523
28	17	0.7631854455105621
28	119	0.741106651137035
28	21	0.7316830163473304
28	117	0.6979540122694304
28	18	0.6889109535952376
28	34	0.6832529568867433
28	44	0.6831356428671836
28	125	0.6785058623809866
28	136	0.6588110612071603
28	186	0.658250387400233
28	16	0.6582163836716464
28	118	0.6565639773313027
28	123	0.6508200390284468
28	33	0.6011078515088215
28	152	0.5777175200034248
28	20	0.5589948457822036
28	143	0.5293343913770892
132	131	0.831537826450843
132	133	0.8054015312503902
132	129	0.7683961672446238
132	124	0.7565296109697702
132	19	0.7485416484229556
132	119	0.7335823317984402
132	17	0.7311016850077859
132	21	0.676097253256734
132	125	0.672421463248544
132	117	0.6661168842514936
132	136	0.6557325522660268
132	123	0.6547281680710204
132	34	0.6496020941030174
132	44	0.6388391476754837
132	18	0.635262290012105
132	186	0.6291874518970977
132	118	0.6141453012978704
132	16	0.5976542676395863
132	33	0.5712861207835449
132	152	0.563584005400251
132	20	0.5338969302175612
132	143	0.5306934617307615
132	75	0.5288663570913169
123	136	0.8330129426177612
123	124	0.80445087968031
123	138	0.7639776369921208
123	125	0.7609466365351748
123	129	0.754753533781623
123	34	0.7501902178342202
123	127	0.7395928493522017
123	133	0.7258595668158091
123	19	0.7008860510994283
123	17	0.6886323890110894
123	119	0.6822760438148305
123	130	0.6664671988211681
123	18	0.6622439903407208
123	117	0.661547241747443
123	53	0.6558351428235462
123	118	0.6536183776475378
123	44	0.6363049030555143
123	33	0.6260904522431521
123	27	0.6098044602831373
123	143	0.6070332330883074
123	152	0.5869760344489884
123	21	0.5734042434373552
123	131	0.5517334824511693
123	20	0.537462153538006
19	20	0.7337670203798675
19	17	0.8327372555126745
19	119	0.8285207002089316
19	124	0.78908417243487
19	129	0.752094590511213
19	18	0.7459005388664159
19	133	0.7271533608256646
19	117	0.7145502319624732
19	21	0.7051596504291626
19	44	0.6950035559419954
19	136	0.674988224471652
19	34	0.6730783521367278
19	118	0.6724159847179477
19	131	0.6716647293855198
19	125	0.6712199056191781
19	186	0.640511153625375
19	152	0.6270683629591313
19	16	0.6210361485906774
19	33	0.5973970824196162
19	53	0.5936411265835541
19	127	0.5328021570690032
111	113	0.8701992897385635
111	110	0.7999235630992785
111	8	0.7466006523541522
111	105	0.6513154942154864
111	12	0.8062780854127238
111	13	0.7635609806446986
111	1	0.6691818371469713
111	112	0.6614403808200362
111	104	0.6479574958357365
111	103	0.6352563255559862
111	102	0.632078489593484
111	108	0.5894155445951414
111	6	0.5234209124366946
113	12	0.8092320526759558
113	110	0.7721376317949524
113	13	0.7313669039408397
113	112	0.7297348743801606
113	8	0.655550109247062
113	1	0.6519369080356698
113	103	0.6334216536143114
113	104	0.6312250471267327
113	102	0.6094211532505204
113	108	0.5913698509839015
113	105	0.5723898424628323
113	70	0.5634884656329793
183	196	0.8673052190105061
183	174	0.8342636307616296
183	169	0.8248483505469288
183	170	0.8005708505231333
183	179	0.6698218869964421
183	167	0.5944047477662814
183	182	0.7774928691336652
183	175	0.7727023458428437
183	166	0.7489722241199136
183	165	0.7256039775986365
183	60	0.6565582880565125
183	195	0.6069763940243192
183	139	0.5722957031380779
183	171	0.5719526394471781
183	187	0.5513925511273463
183	199	0.5384782941092437
196	166	0.795303321199988
196	169	0.7930507159361432
196	170	0.7354105699167438
196	175	0.7258974148490808
196	174	0.6981129645335086
196	165	0.6787540146175887
196	195	0.6611984384741328
196	179	0.6141453012978704
196	145	0.5938871553525242
196	172	0.5855321621409018
196	167	0.5566183115580355
196	139	0.5455263939751893
196	182	0.5347329038967306
196	199	0.529787717355991
196	171	0.5243641098223043
119	17	0.8625702768507499
119	124	0.7861990951761446
119	129	0.7824276260507608
119	118	0.7686827102039782
119	117	0.7577373082334902
119	18	0.7485636318701899
119	125	0.7420293079907913
119	21	0.7292014956997432
119	133	0.7125278877110216
119	186	0.7123949400549525
119	152	0.7036986923039431
119	136	0.699300360100988
119	16	0.6910746940267064
119	44	0.6901907798838497
119	34	0.6403164964855315
119	131	0.6390225955480187
119	127	0.5921885954240198
119	75	0.5757621252496802
119	33	0.568341769374617
119	188	0.5402864123008025
119	43	0.5336323449578451
17	18	0.7952298109829266
17	129	0.7820783538838978
17	21	0.7585579670074587
17	118	0.7571277052393967
17	124	0.7541633483604089
17	125	0.7516555599018332
17	117	0.7468970376533823
17	133	0.7436830307936875
17	44	0.7202479400724315
17	16	0.7199687025692099
17	152	0.7137907936052289
17	136	0.6975332261771421
17	34	0.69200866191221
17	186	0.6536928331127406
17	131	0.6455550564371964
17	33	0.609534289893118
17	127	0.5978856292263591
17	53	0.5919742803696139
17	43	0.5775109478497376
17	20	0.5606221205797278
17	143	0.5530328938870025
17	188	0.5340899399884276
17	138	0.5303269967080974
125	127	0.7692956932965338
125	124	0.7862372812721045
125	129	0.776502183473887
125	21	0.7622233981554813
125	118	0.755818798463273
125	136	0.7354013863557982
125	133	0.7178524371428766
125	117	0.7116702162607174
125	18	0.6961906873410616
125	152	0.693485747212106
125	34	0.6795029248152192
125	44	0.6771328393805883
125	130	0.6609507271091346
125	143	0.6471503593931185
125	53	0.6396847694868042
125	27	0.6220609892951141
125	155	0.6171941565612159
125	16	0.6145624227171969
125	138	0.6019119654327777
125	33	0.5997073241786085
125	186	0.584137270287415
125	131	0.5347543253747258
125	154	0.5266297662304652
125	157	0.524625075769126
124	129	0.8018598407417695
124	133	0.795266569014468
124	136	0.7510458992564294
124	117	0.7380578698491701
124	118	0.7241566073765736
124	21	0.7141682731420169
124	18	0.6689774741591091
124	44	0.6663893765542329
124	34	0.6587827618757067
124	186	0.6574108446090657
124	152	0.6446968524053815
124	131	0.6390699251381339
124	127	0.6328884416215853
124	16	0.6062748682444151
124	33	0.55944157449746
124	138	0.5583138196067091
124	143	0.5499642077716983
124	20	0.5481969779955836
124	130	0.5323150177850946
124	53	0.5245018541305569
98	97	0.807534130525019
98	81	0.7976797051606821
98	177	0.6731931986635861
98	38	0.5845982302820087
98	181	0.7325692390909203
98	93	0.7221099496979784
98	79	0.6909127104417851
98	74	0.6899498305261859
98	90	0.6846207870900716
98	87	0.6730236519019671
98	71	0.6420125490650707
98	190	0.6337748000310404
98	194	0.6241287095269301
98	83	0.6166986549118596
98	185	0.6026066045806144
98	78	0.5980783544845881
98	193	0.5977571073049178
98	199	0.5936864560147189
98	191	0.5829238054946202
98	88	0.5688425295256143
98	63	0.5425413272659864
98	76	0.5418352955417329
98	80	0.5333819654222071
4	107	0.8596233396909541
4	8	0.6464232760911107
107	8	0.7144229596491407
9	108	0.8539601876132961
9	109	0.8115320095777538
9	112	0.728385679996566
9	12	0.7145355491087485
9	103	0.683535432229534
9	3	0.6711209901784301
9	70	0.6556128326697603
9	106	0.6006605948416294
9	13	0.596341337589458
9	10	0.5507031684412788
9	0	0.5482599280961972
9	11	0.5470838353649878
9	102	0.5444437878537429
108	12	0.7946040293662974
108	109	0.7512115054066264
108	112	0.7494547710378707
108	103	0.6765204861297958
108	13	0.6119294488712018
108	70	0.6057686782128584
108	3	0.599944201523051
108	102	0.5440707823461971
108	1	0.5290680113299414
193	194	0.8497631730572004
193	185	0.8101962671488045
193	88	0.7951562773791394
193	180	0.7006723095202126
193	74	0.7439644682935856
193	187	0.7275536740948517
193	87	0.695932938377897
193	90	0.6891683135306099
193	80	0.6851358004638983
193	191	0.6738815961401811
193	81	0.6517183621626857
193	97	0.6138836470913656
193	181	0.6077148174856171
193	189	0.5875590883327729
193	190	0.5815687784780766
193	76	0.5655664541604087
193	182	0.5630720092799893
193	177	0.5590498453035214
193	73	0.5585202707248127
193	79	0.5579075972916069
193	85	0.5484976835248555
193	184	0.5433100296839171
193	83	0.5429081611734621
194	185	0.8080553317445136
194	81	0.7452699133568433
194	90	0.7327961953366553
194	74	0.7273465149050943
194	181	0.6822706987843625
194	187	0.6729415877433177
194	180	0.643608628029731
194	93	0.6412889595683091
194	190	0.6391645698007223
194	87	0.630978345768334
194	191	0.6290847399762644
194	88	0.6275353620362651
194	175	0.6055977282935696
194	80	0.5931228083678579
194	97	0.5879125542816329
194	177	0.5703152924785128
194	182	0.5611087758037989
194	195	0.5607935222627425
194	167	0.5458283555335333
133	129	0.8345066718570142
133	117	0.7086864455414549
133	21	0.695478864346796
133	136	0.6952929465124059
133	118	0.6833489148557079
133	131	0.6741544459803925
133	44	0.6689885233940552
133	186	0.6601051732346268
133	18	0.6600148819134715
133	143	0.6581030185109434
133	127	0.6323186195814744
133	152	0.621515081494198
133	16	0.6199537738273085
133	34	0.6070648076626365
133	33	0.5616566553042941
133	138	0.5598811131437086
181	135	0.6078976832359017
181	79	0.7489810048005326
181	81	0.709759969768359
181	185	0.6978103833491055
181	97	0.6736358740248697
181	74	0.6441589168051752
181	199	0.6377784625588045
181	78	0.6195842420250809
181	190	0.5795733404008047
181	167	0.5779839554062872
181	93	0.5763100347847222
181	177	0.5750530849287278
181	90	0.5630446906682154
181	63	0.5596751186084099
181	195	0.5318275257098222
186	75	0.8001395327937327
186	188	0.6992952502751913
186	118	0.671329783634911
186	117	0.6690271933879972
186	16	0.6683471789288412
186	21	0.6620699104102971
186	129	0.6570131939931629
186	77	0.6409473584360991
186	152	0.6403931894230542
186	43	0.6133287433502708
186	184	0.5999890043282889
186	18	0.5942948005480139
186	73	0.575548166484349
186	131	0.5693090748737528
186	44	0.5686869329904563
129	118	0.7599513849656465
129	44	0.7533601205460108
129	136	0.7358556484360135
129	127	0.7344724543828798
129	18	0.7202046254033574
129	21	0.713928106914837
129	117	0.71000800211863
129	143	0.705094286954849
129	131	0.6985586890178093
129	34	0.6710935094254803
129	152	0.6592975179394299
129	33	0.6383120708926442
129	138	0.6204952567166154
129	16	0.6174479115973595
129	27	0.5663481002059512
129	130	0.5543365476223014
129	52	0.5336538017099506
174	182	0.8080553317445136
174	175	0.7944196539106646
174	170	0.7874180754044551
174	169	0.7608455876309141
174	60	0.635262290012105
174	179	0.6293263801144992
174	165	0.593109844107388
174	171	0.5919612888867753
174	173	0.5621972033691582
174	166	0.5593385120809143
174	187	0.5463196177363123
174	195	0.5447251589471857
174	139	0.5304132416123108
136	138	0.7658033759344274
136	44	0.769703563524043
136	127	0.7317619953164928
136	34	0.7292670461324025
136	33	0.7098790472706014
136	130	0.6842380665508546
136	18	0.677024526490023
136	143	0.6625190031968174
136	118	0.654379516942699
136	27	0.652924761970656
136	117	0.6498794558151181
136	152	0.6077715758241591
136	53	0.5958513891027197
136	21	0.5815224521493032
136	131	0.5604369527895169
136	24	0.55187953946078
136	144	0.5286358219636307
136	62	0.5279293228943206
131	44	0.6092765536376625
131	21	0.5962962293159011
131	34	0.57691080308602
131	18	0.5568391285567232
131	117	0.5542464887038693
131	118	0.5495595058908815
169	172	0.62803824546836
169	158	0.4826397682137494
169	170	0.7973521337025553
169	175	0.6854964328681842
169	165	0.6791636658894653
169	171	0.6481257080368988
169	166	0.640688043268756
169	179	0.6150475942099284
169	182	0.6013887916999114
169	65	0.5431549520237025
137	146	0.8169574481832885
137	140	0.7810275833073346
137	145	0.7690098104979513
137	165	0.7229988711708777
137	166	0.690410643545508
137	114	0.6367450816022763
137	62	0.5957868891474857
137	141	0.5629832192925116
137	172	0.5379029099585743
146	140	0.7373787703764851
146	42	0.6595970364462312
146	145	0.6529419723111953
146	62	0.6411770837287908
146	114	0.62803824546836
146	144	0.6025938671215002
146	172	0.6015100608308032
146	35	0.5942689273853743
146	40	0.5705109348509335
146	138	0.5573908268212096
146	165	0.5444648949378438
146	141	0.5420824937317693
109	70	0.664271507957222
109	106	0.6622439903407208
109	112	0.6314235189071701
109	103	0.580952992289141
109	12	0.5650697509302722
109	10	0.5303413716211586
109	0	0.529787717355991
88	90	0.8112245108525383
88	87	0.7506620271963023
88	85	0.6387148352459119
88	74	0.7325507048554284
88	73	0.6956337247762775
88	76	0.687373692621231
88	80	0.6662892980150974
88	78	0.6260114044128261
88	185	0.6226981385964682
88	184	0.5984635975641689
88	79	0.5974999712604061
88	97	0.5845653170745285
88	81	0.5770909119866418
88	180	0.5534353744211877
88	93	0.5339255277695364
88	191	0.5317629782670059
88	190	0.5243206059168234
90	55	0.6208088001423651
90	74	0.785969852475765
90	93	0.7561016243801785
90	87	0.7470605860306172
90	81	0.7405110644140543
90	190	0.6535095353588803
90	97	0.6422299907611698
90	185	0.6381401973488204
90	78	0.6304905848590753
90	76	0.6282077746815214
90	92	0.6110028076525649
90	80	0.5981554252267247
90	83	0.5899373698789036
90	85	0.5880237841645239
90	73	0.5845521512528031
90	79	0.5843809675561117
90	64	0.5751869323229747
90	63	0.5679896317671549
185	74	0.7956705216691234
185	187	0.7810665798528781
185	81	0.7186077038353895
185	76	0.663001247282026
185	80	0.6483460283294018
185	78	0.6318202143951304
185	190	0.6278686566210487
185	73	0.6148486057865742
185	191	0.6026511832697108
185	97	0.5988998720519583
185	184	0.5874805098746855
185	87	0.5833131894343723
185	180	0.5816812695738734
185	79	0.5522063062965761
185	63	0.5514273484806952
185	93	0.5493500760640735
185	189	0.5298740308651808
185	182	0.5266008591779751
104	110	0.8096458228559417
104	2	0.6944551638842289
104	13	0.7045608759139532
104	102	0.6737396415370855
104	1	0.632348627290894
104	103	0.6054140531375434
104	10	0.5898982500602786
104	8	0.5374265958608146
104	112	0.5289887971458624
110	13	0.7674524962890185
110	102	0.6872681746352419
110	1	0.6707305906224965
110	2	0.6576606091776676
110	10	0.6571268457900853
110	12	0.6534980767033711
110	8	0.652161092548679
110	103	0.601924719318959
110	112	0.5790019342548912
12	112	0.8060330061770533
12	13	0.7792664237678312
12	103	0.6776361090492895
12	3	0.61778192955729
12	1	0.6020841169873572
12	105	0.6013696414087775
12	70	0.5825407601260866
12	8	0.5686869329904563
12	102	0.5485256489229289
182	187	0.7625165525371222
182	60	0.6835620702847535
182	175	0.7633941398448121
182	170	0.650450968054463
182	179	0.5950381279449299
182	80	0.5691738820468014
182	180	0.5642114631114529
97	72	0.5797592567534081
97	87	0.7360252533424504
97	79	0.736006922129713
97	93	0.691805368692439
97	74	0.6898397810442082
97	81	0.6897349423659301
97	190	0.6872101273769575
97	83	0.6842008374889879
97	177	0.6321625489040623
97	63	0.6112220971974901
97	191	0.5996945170024925
97	78	0.5786894135541001
97	54	0.5743632832318938
97	76	0.560155664898187
97	71	0.5526579384537259
97	80	0.5409870470006872
97	55	0.5297085869976588
112	103	0.8038148135281783
112	11	0.6645842878565729
112	3	0.7191537315677083
112	13	0.6902431399385687
112	1	0.6575016848102196
112	102	0.655783850572262
112	70	0.5454912729695729
117	118	0.7455365377543104
117	16	0.7316597834992162
117	18	0.7101319522738792
117	21	0.6938333675806809
117	152	0.6875635518979003
117	44	0.649388176362902
117	33	0.570821131368301
117	34	0.5680912312770036
117	127	0.5642864416544761
117	75	0.5554162422118197
117	143	0.5376825684812809
103	102	0.7670411640822605
103	3	0.7618040631770231
103	13	0.7014300148027122
103	1	0.6877322368139029
103	11	0.6205629005193535
103	10	0.5570253816996024
103	0	0.5558655632530344
35	62	0.8033897456264965
35	32	0.6700809345856263
35	37	0.647313064901741
35	40	0.699029440842397
35	42	0.6284196023448875
35	36	0.5784831898110434
35	141	0.5784099958618755
35	138	0.5682876079014996
35	49	0.5663956458090156
35	144	0.5558310116189805
35	24	0.554994276493812
35	140	0.5456809036388593
62	42	0.7441073196786495
62	40	0.7337300913353767
62	24	0.65764925937792
62	138	0.6281956674295691
62	49	0.613060426626664
62	140	0.601899211239524
62	33	0.5965925861765936
62	32	0.5909795435214905
62	130	0.5235661033452519
1	102	0.8025727380953344
1	13	0.7503169824971089
1	2	0.6069763940243192
1	8	0.6002385510686972
1	3	0.5725982401370519
102	13	0.7374608885350241
102	3	0.6219015730827333
102	10	0.6162212725852534
102	2	0.5895329982094978
102	0	0.5670812413065354
102	11	0.5303341842027455
33	44	0.8007503218250772
33	34	0.7480796157789368
33	18	0.6405406399541383
33	27	0.6396434113972437
33	143	0.6247570826080283
33	152	0.6033003317925879
33	24	0.6002065644246525
33	21	0.5991755681813846
33	118	0.5952318722414323
33	127	0.5885599924796734
33	52	0.583451719064879
33	149	0.5751200124747669
33	39	0.5554369872500864
33	138	0.5307365622253012
44	52	0.6272624952833649
44	18	0.7552308190118903
44	143	0.7190136851703086
44	118	0.7141535739167607
44	152	0.6926751099629791
44	21	0.650577870871117
44	127	0.6441823185737804
44	34	0.640587814151764
44	27	0.6384187190240577
44	149	0.6095468590988778
44	39	0.6059205867588356
44	16	0.5766305221410979
44	138	0.5673796711252714
44	24	0.549775844176156
44	130	0.5416939973290441
44	7	0.5235298084683725
170	160	0.5840252659456808
170	179	0.6645228673170399
170	175	0.6460330753969288
170	166	0.5520394678218888
170	165	0.5368289411677285
75	77	0.7784009048808903
75	73	0.7565980287592092
75	76	0.7078541962612389
75	184	0.6543452083488213
75	188	0.6207780693668106
75	78	0.6026575513468463
75	16	0.5747518157111754
75	21	0.5393510661933836
34	53	0.6587657813819385
34	18	0.6563249634632986
34	27	0.6384601866785732
34	21	0.6309663082898845
34	127	0.6203476381835319
34	138	0.5955094517557843
34	118	0.5850916975112952
34	20	0.5768974594535545
34	24	0.5510932146840234
34	152	0.5379810779836507
34	130	0.5299603333985998
74	81	0.7992744089799904
74	80	0.7853574806834959
74	76	0.745198773233476
74	87	0.7332033812211604
74	93	0.7137417398336828
74	78	0.710280634377353
74	73	0.6988197240341343
74	63	0.6623787128208791
74	190	0.6496887882227654
74	187	0.6022243472479397
74	79	0.5990858222442814
74	191	0.5936022697868114
74	83	0.5811185916395191
74	184	0.5740281336015642
74	55	0.5512046122635975
74	64	0.5499014261210631
74	57	0.5415243990562306
81	93	0.7684371208306457
81	92	0.742666773235557
81	63	0.696618154613245
81	80	0.6856501297556139
81	61	0.647313064901741
81	187	0.6240493428518117
81	79	0.6239272151271577
81	65	0.618757961914629
81	87	0.6176396898868576
81	76	0.6142760777949035
81	78	0.5935115931634422
81	91	0.5927077994738424
81	167	0.5922989674650421
81	177	0.5872512594183041
81	190	0.5635294130934707
81	64	0.5477071540602657
81	199	0.5438595517800812
81	85	0.5369143534276567
81	191	0.5330098003194911
6	105	0.7985871613416389
118	18	0.7148535366921231
118	16	0.7128329813772517
118	152	0.7072449606655951
118	21	0.7053456193506382
118	127	0.6392000565589299
118	143	0.5980398149647415
118	43	0.5843282851825174
118	52	0.5486514780281269
118	122	0.540873863922364
118	155	0.5288375444667578
73	184	0.7960005028582062
73	76	0.7596385784311607
73	56	0.5749192067431974
73	78	0.6972455833054603
73	77	0.6909283893055952
73	87	0.5769775166295497
73	54	0.5416162702604277
73	80	0.536430205114462
73	190	0.5346614940062978
184	76	0.660511248202276
184	78	0.6344145784961727
184	77	0.6165499090346165
184	188	0.5514273484806952
184	56	0.5341471173801564
166	165	0.7913001723163873
166	145	0.782853846754305
166	139	0.7590373423830682
166	114	0.6540076970016102
166	140	0.6156502994124377
166	172	0.5985085245745602
166	175	0.5502919665314184
166	171	0.5309089367538442
18	16	0.6976820958044603
18	152	0.678705475283668
18	21	0.6747213846978484
18	127	0.6109652057399751
18	143	0.604856299164724
18	43	0.5569150162284623
18	53	0.5503128815486784
175	195	0.6875793692624953
175	187	0.6468654828384701
175	199	0.6131540415542165
175	167	0.5939712976018923
175	92	0.5768173911924447
175	180	0.5694577514289121
175	60	0.5595858328236692
175	179	0.5434016490598103
165	171	0.7484888814353452
165	164	0.7128182249874712
165	173	0.628867159849808
165	145	0.7710856331757044
165	139	0.6457824700514951
165	60	0.5704367332945712
165	179	0.5510514355264973
165	140	0.5304994755383177
76	77	0.7872280142042181
76	78	0.7817674766872483
76	87	0.6134597303263909
76	80	0.6057370250387348
76	63	0.579865467572902
76	86	0.5715083774901664
76	79	0.5603340575770545
76	190	0.5457792086573697
76	93	0.5406474389922838
77	86	0.6544252575438889
77	78	0.7531438148215975
77	188	0.6210791487084331
77	43	0.5675423882388861
77	147	0.5318920669738748
80	187	0.6565867336833974
80	87	0.651982903898095
80	91	0.6420478168996954
80	78	0.6050401700757154
80	180	0.5854861596093626
80	84	0.5416586679915263
21	16	0.6955872734333362
21	152	0.6698770171674887
21	52	0.5582518707829616
21	127	0.5416727999561781
21	43	0.5292840031529686
21	122	0.5241175514991385
145	140	0.6734009336607516
145	139	0.6191774395899762
145	173	0.6070206027218894
145	114	0.5873298701932111
145	164	0.5531439487982566
145	171	0.5373270241981521
51	155	0.7818452324513049
51	53	0.7211226545728083
51	47	0.6133162666401742
51	40	0.6278141332546767
51	157	0.621895440660262
51	154	0.5600664490699311
51	153	0.5234136520932084
155	157	0.7273983171354845
155	154	0.6946984185213975
155	153	0.6159606911945915
155	53	0.6913880135331643
155	130	0.625792435574813
155	144	0.6251532127689349
155	40	0.598303113225906
155	152	0.5711850672995048
155	47	0.569910309666077
155	138	0.56242285981653
155	127	0.5463406634376341
155	27	0.5321071598942837
155	149	0.5300897666183012
78	79	0.6126857947204395
78	87	0.5822566110733849
78	135	0.5721410129247614
78	93	0.5702275697144232
78	147	0.5613759285358438
78	57	0.550724069876566
78	189	0.5397976476591207
78	190	0.5322146806071546
78	63	0.5267020285336083
187	180	0.6545167243789614
187	189	0.5759158594229563
187	191	0.5382226297535558
140	141	0.6989476144367112
140	138	0.6661836335112179
140	114	0.6446150337855774
140	144	0.5708413559190365
140	40	0.5649812539269077
13	10	0.676314351534991
13	2	0.692727126478955
13	3	0.6261026123057967
13	37	0.5399039318274693
13	70	0.5368360592763955
13	0	0.5286502326946229
83	190	0.7775324165425952
83	87	0.7224686732677338
83	191	0.6311167549345098
83	93	0.5983737322502646
83	177	0.5410153397090317
190	87	0.697492148093093
190	93	0.6488037152777346
190	191	0.6258593531891576
190	55	0.5912007517458319
190	79	0.5543296204739825
16	152	0.6239943891479243
16	43	0.5348971176633617
152	143	0.5687613538036672
152	154	0.5526996112240127
152	127	0.5497270000400216
152	52	0.5402580880649823
152	43	0.5326947302050058
130	138	0.7728231971500104
130	27	0.7593211857402532
130	127	0.744513181652279
130	144	0.6952309532140595
130	157	0.6802020653406464
130	143	0.6661780714805003
130	53	0.6578364928959496
130	40	0.6486705130430198
130	24	0.5977699608800632
130	150	0.5474270859677273
138	144	0.6991470342374293
138	127	0.7134178092858801
138	27	0.629972169695558
138	40	0.6233589207447606
138	53	0.6158489721723409
138	143	0.6014653859545388
138	141	0.5835110785159519
138	154	0.5563421796706413
138	157	0.554592798119501
138	150	0.5442467551530646
138	24	0.5430703485860044
127	143	0.7540857150466533
127	27	0.6672335271561745
127	24	0.6061799949996168
127	53	0.5728737492563498
127	157	0.5513229506644045
93	64	0.63815798032103
93	63	0.669402656295462
93	87	0.6580009643477934
93	79	0.6398029150491827
93	92	0.6210668633420103
93	55	0.5823491403436117
93	61	0.5346543525972473
180	189	0.7646014289348992
180	82	0.5543019111127176
180	87	0.5877423949799672
180	191	0.5573356791249275
180	91	0.5419624377523861
189	159	0.5973906512139375
189	84	0.5844073068957997
189	82	0.5400031148541341
3	11	0.6313333147133235
3	0	0.5349328109623956
27	24	0.6895566502203756
27	143	0.7394659824063368
27	53	0.6815323848685707
27	157	0.6281775059812034
27	40	0.5890303830015814
27	39	0.5755347914442301
139	114	0.6646233689791234
139	176	0.58121130626151
139	142	0.5713938920786179
32	36	0.7582860975793554
32	61	0.6467607889410043
32	42	0.5883704169585601
32	114	0.5589535929129014
32	68	0.5518934478867412
32	40	0.539606292779797
36	142	0.5579764673603523
36	114	0.5517056582305481
36	141	0.5475811386008941
36	41	0.5427953112551175
36	38	0.5401447788796317
79	63	0.6322585984700947
79	87	0.5492802507790606
79	85	0.5444437878537429
79	54	0.5439510934898389
143	39	0.7206615526714932
143	24	0.6619069967396132
143	149	0.6108147705201291
143	157	0.6024218813730859
87	191	0.7366432990713778
87	192	0.48250935750976554
87	54	0.5647224958364135
87	55	0.5531161869131423
87	91	0.5444648949378438
87	82	0.5374194840960538
171	164	0.6806638946979907
171	67	0.5446407604905702
171	173	0.5375759252627182
171	179	0.5368716486733554
42	49	0.6276262833825383
42	40	0.6539161235908749
42	69	0.5904131058633819
42	68	0.5468525628585476
144	150	0.7439510724885119
144	40	0.6986969071996617
144	157	0.6545052920721601
144	53	0.6168597465984705
144	154	0.6036690993658312
144	141	0.5433805072757283
150	37	0.6152651481288397
92	65	0.7405065479469748
92	61	0.7195156497265321
92	91	0.6409591420147187
92	69	0.6232305049685883
92	167	0.5716430377313714
92	94	0.5671083774456154
92	68	0.5668573211852663
92	84	0.551413429769607
65	91	0.6470224779775965
65	84	0.6155385115780566
65	61	0.5958965344981972
65	167	0.5466422426782698
65	68	0.5245308494344183
191	177	0.5519768919947313
20	53	0.6911008139125088
40	53	0.6350176851692513
40	157	0.5627167713448186
40	24	0.5515456451296036
40	49	0.5439792575653445
71	177	0.7300292558226202
71	176	0.577750831164529
177	176	0.6754126258416833
177	199	0.5352539647321479
68	69	0.728873542727582
68	61	0.6816234116347103
68	172	0.5246758077030671
69	86	0.6145748688247885
69	61	0.5930385351769218
69	91	0.5383930836683632
69	94	0.537298572399888
157	149	0.6646233689791234
157	53	0.7021100897342131
157	154	0.6781495472053344
157	24	0.5471258759415792
53	154	0.5902632606739769
39	24	0.6669060666255695
39	149	0.6551393325139654
39	52	0.56682338658462
39	142	0.5657908566838215
39	156	0.5430562469409127
61	167	0.5872709131507972
61	31	0.546950688663887
61	63	0.5351826105938033
61	60	0.5327663500220585
164	45	0.7102013451399434
164	60	0.6461262883636267
164	67	0.5937188318732337
164	173	0.5851311561883614
164	149	0.5310166485303959
45	31	0.6057813389456372
45	67	0.6142075800277332
45	60	0.6108649204947235
45	49	0.5769708456216065
45	149	0.5378318400899965
195	199	0.7059531105240525
195	167	0.5411992124651851
199	38	0.5684839198095898
199	167	0.5587060175885253
199	176	0.5540247499185732
188	148	0.5924547489813892
188	43	0.5831350300343464
141	142	0.6129418229994374
141	114	0.5835374584930674
52	156	0.6969165734321463
52	122	0.5707334836440645
52	7	0.6123046364829327
52	43	0.5418282313583319
52	149	0.5311961300294866
156	149	0.6133599337863742
63	64	0.5741957324719145
63	167	0.5557688138379304
63	57	0.5256245321168879
154	48	0.5145803837006535
154	149	0.6595574893978718
154	47	0.597146208459393
154	153	0.5657908566838215
2	30	0.6090249795073172
2	37	0.6406172955700854
2	10	0.5828577816624552
2	7	0.5356106208482457
60	67	0.6753201662029197
60	50	0.5973520623662363
60	31	0.5534492484533451
60	91	0.5524286888151478
43	148	0.6136530303792143
43	7	0.5267526076168381
84	91	0.677224882274438
84	86	0.599662497718116
84	94	0.5497828216030071
91	94	0.5673254222383064
10	7	0.6386911529065046
10	0	0.6272685606629388
10	70	0.6352026420408043
176	70	0.6645172831863444
67	31	0.5847561868952947
67	50	0.5653487717038955
67	49	0.5543850355101577
67	41	0.533303255399763
179	173	0.5920327382355804
179	89	0.5774109670237171
114	134	0.640469869592095
149	7	0.5433100296839171
70	106	0.5776975323830024
106	5	0.4611177826546875
56	161	0.6516780919032614
56	162	0.6151221946784525
56	57	0.6024855863228324
56	58	0.5617661721498696
56	163	0.5156529793728849
56	54	0.5541633458749027
161	58	0.5349256724553321
7	0	0.5989832370235669
7	135	0.5573632535878146
173	50	0.5282466170471466
172	168	0.5720737436100992
49	47	0.5445633855466906
0	101	0.6145686458092375
50	66	0.6212940932173768
50	89	0.6082695214693543
50	94	0.5294207625026223
153	47	0.5989126982771894
153	168	0.5463897673911928
101	99	0.6062495703995653
135	147	0.6111970402829738
135	100	0.5304060549562607
30	31	0.5351469306604031
31	38	0.5302335523403815
54	159	0.5996304765136053
54	72	0.5764769774145178
38	41	0.5690589439409087
72	178	0.4418280509673967
46	151	0.33808605512251455
151	59	0.254435827341204
