19	121	0.9502741348320617
19	136	0.6927895367860467
19	20	0.7776905446907474
19	117	0.6298696257534553
19	17	0.5958642881714417
19	120	0.5915323973740932
19	123	0.5731424139446073
19	25	0.5539277144720949
19	16	0.5379810779836507
19	23	0.5083928116922585
121	20	0.8094735162958914
121	136	0.6610746008047597
121	117	0.6001169916073276
121	123	0.5652194854724036
121	120	0.5578869347723934
121	17	0.5450064074514154
121	25	0.5346614940062978
121	16	0.5136313371747173
121	23	0.4719218800307694
9	108	0.9242169695492585
9	3	0.86027455811251
9	109	0.8193051130920512
9	112	0.8034251992697311
9	103	0.761451327700884
9	12	0.7290000785296378
9	6	0.6598794091713496
9	11	0.6238355993290728
9	105	0.5928829197602935
9	95	0.5865498234571098
9	102	0.5861232873491474
9	1	0.572282253431572
9	106	0.5640819327966091
9	176	0.5575217828894019
9	0	0.5380876558362807
9	111	0.5379881837090202
9	5	0.4891786177182012
9	13	0.4795656143570455
108	103	0.7888576575171622
108	12	0.7388853498672797
108	3	0.8196664003861792
108	112	0.7645183392989421
108	109	0.7423212722586983
108	6	0.7003208894399393
108	105	0.6407116234176912
108	1	0.6327505475408496
108	102	0.6291391196123652
108	111	0.6164073195887996
108	11	0.5270776698032528
108	13	0.5257186091386239
108	95	0.51124213707826
108	176	0.5107470844910943
108	0	0.4885774291320992
108	113	0.4832225190740533
108	106	0.48131164878543786
23	25	0.8821990783813353
23	22	0.6494460021072138
23	20	0.6330742353520986
23	26	0.6244033408852755
23	27	0.5819061850295232
23	17	0.5796530262275402
23	120	0.5664839347840875
23	21	0.5560244760327651
23	18	0.5397196949958282
23	136	0.5148082615212026
23	123	0.5098595760674699
23	24	0.49576853297416246
25	20	0.6662837373923343
25	26	0.6188073305575097
25	17	0.6034148045280311
25	27	0.5948055434667249
25	120	0.5701938267264551
25	22	0.5671490793459172
25	21	0.5548212571529659
25	136	0.5282898730068006
25	123	0.5060829877833714
25	133	0.504742784356255
25	44	0.4822868428112547
25	125	0.4817801980102336
25	128	0.4784020472506611
25	18	0.47378526133805093
25	14	0.4718830146267727
3	103	0.7875700166496489
3	112	0.7590797253971845
3	109	0.7551921500067311
3	12	0.7278923758801835
3	0	0.6382824420620393
3	102	0.6313393288578114
3	176	0.6259749164590649
3	11	0.6157868953452054
3	6	0.5734780716134815
3	106	0.5644363708179868
3	1	0.5627441047229756
3	95	0.5561211856534124
3	5	0.5276768245286692
3	13	0.5245308494344183
3	111	0.5122828565674195
3	105	0.4744519432030953
3	70	0.4730093664629875
98	199	0.8594927597201111
98	32	0.6237561851002837
98	176	0.5738940198659742
98	197	0.5695726123461581
98	71	0.5534492484533451
98	198	0.5391666742288947
98	70	0.5355963582702072
98	36	0.5353039080843267
98	177	0.5102886741904387
98	96	0.48725928097132204
98	61	0.4826934605194685
98	95	0.4769510167247063
199	197	0.6654320889230337
199	176	0.6060787778533652
199	166	0.5943271402715224
199	198	0.5827389193682286
199	142	0.5618961978358262
199	145	0.5491754984681744
199	70	0.5364515720496508
199	32	0.5314616751748774
199	114	0.5267092543452809
199	177	0.5174492563645746
199	71	0.5079848524494829
199	175	0.4930712280749514
199	140	0.4720928660183771
194	196	0.8499298295958776
194	180	0.8094735162958914
194	193	0.7379394767817986
194	173	0.7415615790017341
194	195	0.7329258114643586
194	191	0.6721638926587847
194	170	0.6696729986405974
194	183	0.6531025696446137
194	175	0.6440535939220892
194	179	0.6428347573542194
194	184	0.5884684813409647
194	159	0.5325084829694963
194	182	0.5050482673569707
194	189	0.4988394955204987
194	187	0.48403458857190496
194	192	0.48060446386972355
194	174	0.4790726523576949
194	87	0.47493998133438703
196	175	0.7921211985817456
196	195	0.7774928691336652
196	183	0.7865044158629269
196	170	0.748172080398265
196	180	0.6984767573397751
196	173	0.6899603097662086
196	145	0.6102690730443205
196	193	0.5850061942065159
196	191	0.579772534183536
196	179	0.5719862819939644
196	166	0.5548212571529659
196	171	0.5136166133664776
196	169	0.5026755992553752
196	187	0.4945759423657945
196	165	0.4895816864473632
196	146	0.4721861161343063
126	128	0.8409473056758365
126	123	0.645088208500667
126	118	0.5975385495043904
126	129	0.5771576047455713
126	125	0.5659064252869098
126	130	0.5488611379794617
126	27	0.500265344791505
126	120	0.48495290735392665
126	21	0.47934998069771656
128	125	0.6874053423602825
128	130	0.65495664063424
128	118	0.6153272891850599
128	21	0.5885469203830959
128	27	0.5802171501587654
128	123	0.5769241464105658
128	133	0.5767506591737263
128	129	0.5746848458272587
128	53	0.5200366578166721
128	28	0.5121648362908855
128	29	0.5079032332362013
128	155	0.48780814476345247
12	113	0.8352036097632558
12	111	0.804944325918415
12	13	0.7947514242848038
12	176	0.7275066041052829
12	112	0.7273747716947473
12	103	0.7146578869897735
12	10	0.6928675350786595
12	102	0.6752440070287248
12	6	0.6524368554399184
12	1	0.6484097849991729
12	0	0.6214291533574843
12	114	0.6183443076371072
12	70	0.6115539856522946
12	110	0.6088928540104259
12	109	0.6046850510106564
12	105	0.5878471145517155
12	104	0.5565009705263669
12	2	0.5415385339296458
12	139	0.5406545159574893
12	8	0.5293631829715428
12	11	0.5260875563572454
12	36	0.47860251649597907
113	10	0.7746292534061424
113	13	0.7690506697468344
113	111	0.7660927024227149
113	110	0.7125377336508948
113	114	0.710211257280137
113	139	0.6757496516935686
113	104	0.6333497949115854
113	176	0.6277596037264597
113	102	0.5769041313082773
113	70	0.5633178214102471
113	8	0.5559277513545294
113	142	0.5538930553078331
113	2	0.5418847426820731
113	1	0.5396559086590185
113	103	0.5373270241981521
113	7	0.5229488320338127
113	6	0.5046011761804634
113	79	0.49962029568929056
113	0	0.4949459960287989
113	112	0.49265483077427313
113	105	0.4895740833124169
113	141	0.48284684711431636
104	110	0.8337765743326858
104	2	0.7295525025518903
104	7	0.7223156654139077
104	13	0.6938489251145872
104	10	0.6909492934462874
104	114	0.6656604786546781
104	102	0.6482300838110043
104	141	0.6334036899626977
104	139	0.6223000169429662
104	111	0.5972169796150572
104	135	0.5871071108864917
104	134	0.5468105043421397
104	70	0.5387551519926839
104	1	0.5260730915673916
104	8	0.5009173299517302
104	36	0.48459335971097917
104	103	0.47783120797167744
110	10	0.798369702044168
110	7	0.7581330550180317
110	13	0.7153128732557821
110	111	0.669286740984836
110	102	0.6345639343403277
110	139	0.6197444062157464
110	114	0.6116416183899896
110	8	0.5791880359719528
110	2	0.5701263349783462
110	70	0.5541633458749027
110	1	0.5409799736322718
110	141	0.5161299857285315
110	176	0.4841570927661873
110	103	0.4802044738809089
110	135	0.479942833927651
110	107	0.47931917116315076
114	139	0.830919709613573
114	141	0.805471785607552
114	13	0.7974249680016434
114	70	0.7626002534727578
114	2	0.7065445412159673
114	142	0.6672057862597027
114	10	0.6465862449352083
114	176	0.6252324001828076
114	140	0.6114162467438862
114	0	0.6046723637374404
114	36	0.5962897849694048
114	134	0.560635834482718
114	7	0.5523939467283618
114	35	0.5352182886177267
114	38	0.49110840465256606
114	102	0.4859923772668809
139	70	0.8089903153408743
139	142	0.7240091391418898
139	141	0.7992021653486265
139	13	0.7126853890768835
139	2	0.6455433911132035
139	7	0.6275474858714886
139	176	0.611353625898033
139	38	0.598771592899744
139	10	0.5985406129915746
139	36	0.5715083774901664
139	144	0.5638296098636805
139	0	0.5574252916339711
139	140	0.5021373361225546
139	35	0.4795656143570455
39	143	0.8272307564397037
39	26	0.7961836215613812
39	24	0.7679452622422656
39	27	0.7154935066126152
39	127	0.6415891230914638
39	138	0.6313994661260923
39	129	0.6302796697568512
39	149	0.6020586165845925
39	18	0.5703827626770759
39	44	0.5686936989037015
39	130	0.5645862627509132
39	120	0.5385989900509678
39	164	0.5322075130936705
39	17	0.4953007768485996
39	22	0.48051986726931534
39	119	0.47666513472839095
143	127	0.7592703693497554
143	129	0.7079340180101058
143	138	0.6830769726323712
143	26	0.6316519597329816
143	130	0.6180415672789914
143	149	0.6124796297255904
143	24	0.6034338808999067
143	27	0.5615402720866918
143	164	0.5202846649936947
143	120	0.5186710506931242
143	44	0.498711787634943
143	119	0.4964922333347346
109	11	0.7056068170548511
109	106	0.7022064147533679
109	112	0.7848203914259533
109	103	0.7252202180491943
109	95	0.6229858104861418
109	176	0.5876965739734756
109	5	0.5166653191148781
109	0	0.5111091711777876
109	102	0.5108579466092398
109	6	0.4832991649698014
24	26	0.8186795356709914
24	34	0.702358454565131
24	138	0.6805404351398764
24	22	0.6786299578656946
24	27	0.617113670825373
24	127	0.5579420332866173
24	144	0.5339255277695364
24	129	0.47535806735586494
26	27	0.7421506196599459
26	22	0.6846686006378788
26	129	0.6490468515797867
26	18	0.6318862981558627
26	138	0.6141951248937613
26	127	0.5906345416076415
26	34	0.5771776110721397
26	120	0.5541702748663655
26	130	0.5355321728877186
26	17	0.5150801495277563
26	44	0.5132484198547711
26	21	0.4885241368628662
26	149	0.4844938814388491
26	123	0.4735060238131996
173	180	0.8144477639918106
173	179	0.7246413583043158
173	170	0.7550933053319173
173	175	0.7354427102527034
173	195	0.702049239637062
173	66	0.6517011039299732
173	183	0.5584858670087233
173	168	0.5489240225035629
173	171	0.5449501675581803
173	159	0.533453511973701
173	50	0.5292264120390066
173	89	0.5255955827541939
173	191	0.5104439746945457
173	145	0.4983210173241547
173	189	0.49313177614758485
173	182	0.49008332873162186
173	82	0.4865115973559701
173	193	0.48522819472547984
173	174	0.48259374334975064
173	146	0.4784406029024333
180	189	0.6482996541299745
180	179	0.7085818996444367
180	195	0.6628274784755305
180	175	0.6537271929058506
180	91	0.6409296825017126
180	159	0.6314114926685032
180	170	0.6298877233391129
180	193	0.5855715898809079
180	191	0.5620467192122008
180	183	0.5544542973933919
180	184	0.5291616162064995
180	82	0.5152270728782495
180	182	0.5135282641646505
180	89	0.4904479557275965
180	146	0.4848840704886866
180	168	0.479226735470992
6	105	0.8098524066602424
6	1	0.7016686941883382
6	111	0.66941369414936
6	8	0.6135345648761859
6	102	0.5774242988012602
6	103	0.5376399132579008
6	107	0.5071608221049896
6	112	0.5052270279851133
105	1	0.6744162088311892
105	111	0.6369174709180155
105	8	0.6266980823548074
105	107	0.6143134363119671
105	102	0.6121983613061193
105	4	0.5247555217847494
105	103	0.5112199777940857
20	124	0.6625246138453496
20	17	0.6416597212633783
20	136	0.6331940635809746
20	53	0.5820053841488657
20	120	0.5699440688160113
20	117	0.5670473194014519
20	123	0.5538930553078331
20	44	0.5457581445608236
20	16	0.509852175597611
20	14	0.5086893660696045
20	43	0.4801429192232734
70	176	0.7922329352277309
70	0	0.7326850534554817
70	13	0.7652237916612884
70	141	0.672015852956128
70	38	0.637077914079587
70	142	0.6233405776920592
70	36	0.6181589781682767
70	2	0.6132289210988927
70	7	0.5746446602019841
70	10	0.5726385666268745
70	144	0.5052940520458367
70	102	0.4986516823128228
70	11	0.47834806623934245
70	103	0.4743667002657396
170	175	0.8082634587611547
170	183	0.7252486601496729
170	171	0.6394129199508791
170	195	0.6259749164590649
170	145	0.5904456755200983
170	169	0.537462153538006
170	66	0.5317271159067749
170	172	0.5269332167515843
170	166	0.5150581084139878
170	179	0.4997628542712202
175	183	0.7951930471047034
175	145	0.7783614926100388
175	172	0.6896667817124458
175	166	0.689373026842173
175	165	0.6607704828692404
175	195	0.6344504282200698
175	146	0.5808337309673542
175	169	0.5545720249690399
175	171	0.5412487078288946
175	179	0.5333533446644321
175	66	0.5102812780980075
175	182	0.48434081347302177
141	140	0.7804419037275643
141	144	0.6204829568512491
141	2	0.6740398714470587
141	36	0.6296825773175359
141	35	0.6046660199857563
141	13	0.602332681547881
141	37	0.59366702957697
141	137	0.5777108575402641
141	134	0.5744369903248615
141	7	0.5394503327570367
141	142	0.5290104019285702
141	176	0.4879300621610685
141	10	0.48751851466822094
111	8	0.7640192676285121
111	10	0.7182690114422433
111	13	0.680728293037141
111	1	0.6603759327804685
111	102	0.5821177888809355
111	107	0.5716093755573914
111	103	0.5444015716170194
28	132	0.8047329850939143
28	131	0.7259163372173673
28	133	0.6173674665906942
28	21	0.6006925542242558
28	125	0.5825737914770931
28	53	0.5742761628408928
28	29	0.5355820953866061
28	118	0.4885165233839957
28	27	0.48231753819512924
132	131	0.7329211832328885
132	133	0.5804492748308681
132	21	0.5056737399070617
132	125	0.48998454605563485
112	103	0.7607782011894956
112	11	0.6814948971276079
112	176	0.6682365017264741
112	106	0.6080489716583173
112	95	0.6031921958224483
112	102	0.5880237841645239
112	0	0.5608003773305533
165	166	0.8032833505116783
165	146	0.6875793692624953
165	169	0.6717799750916387
165	172	0.7541719729832002
165	167	0.7013588883877416
165	183	0.6787863708790917
165	145	0.6654098003243822
165	61	0.5945922535080685
165	171	0.5933496331383331
165	65	0.5779639770234588
165	62	0.5350684280856879
165	137	0.5109318452496612
165	177	0.48868400273508283
166	172	0.7821171861916163
166	145	0.7349096718864131
166	167	0.7056218803065761
166	61	0.6734391890401827
166	177	0.5909665285040773
166	183	0.705184787036246
166	169	0.6209378485675144
166	197	0.5885861357495943
166	140	0.573498204954136
166	171	0.5535879718820972
166	198	0.516951153714594
166	146	0.4972227718784727
166	65	0.4914801333109628
166	32	0.48098888113601596
22	34	0.8025371475390454
22	33	0.6300927815106142
22	138	0.599053766475221
22	18	0.549873521170417
22	123	0.534590076479433
22	27	0.5108136038006174
34	33	0.6661446977399443
34	37	0.6273777244837587
34	138	0.6194486781680099
34	137	0.5323078513397285
34	62	0.5167752691351528
34	42	0.4902428741587491
34	35	0.4751180812395404
127	138	0.8011088335492917
127	129	0.7686417943698818
127	123	0.6319824035916017
127	120	0.535945703464415
127	130	0.5285781759924367
127	27	0.5057035110676169
138	123	0.718147967302401
138	129	0.6704444281936863
138	137	0.5622655929545393
138	120	0.5361309958132776
138	27	0.5349613642269274
138	136	0.5187953063937947
138	144	0.47219388650033267
68	69	0.7988767830858798
68	92	0.717425642309351
68	42	0.6967005011377551
68	62	0.6762003895825439
68	64	0.5901394448257282
68	67	0.6684412312900291
68	41	0.6597438935125088
68	35	0.6009928785869066
68	32	0.5822764400441782
68	30	0.5532549840538575
68	61	0.5407535854353239
68	36	0.5269765558644282
68	63	0.5236023963219046
68	31	0.5156236146870264
68	65	0.5072350971278561
69	61	0.6481315073299778
69	67	0.6399977891332417
69	92	0.617608762871122
69	62	0.6050908817324075
69	35	0.5708009061248779
69	32	0.5685786679127912
69	41	0.5528385004973019
69	42	0.5501664619259394
69	65	0.5496293004899689
69	63	0.5455404418409873
69	36	0.523660461131996
10	13	0.7800898371404411
10	8	0.6978001219925194
10	7	0.6851941608481777
10	1	0.5819061850295232
10	102	0.5415597356656807
10	2	0.5269910016263661
10	176	0.5222873801300324
13	2	0.7295665348391481
13	0	0.6658553468905969
13	176	0.6579839529700658
13	7	0.6569904600491984
13	102	0.6011589425998803
13	1	0.6000274037375706
13	103	0.5616771912123107
13	36	0.5281889381688495
13	142	0.47738351109094607
13	8	0.4735060238131996
183	187	0.6353517477604972
183	169	0.6121858568896891
183	172	0.5624433698862665
183	171	0.5609717290376544
183	145	0.5404492528987188
183	146	0.514624494760402
183	195	0.5033777454812998
183	60	0.5023018467274265
183	167	0.4922230535781778
17	119	0.7932361776613878
17	120	0.7885931189647627
17	14	0.6624572811561992
17	18	0.6508315675439215
17	16	0.6495847532515028
17	48	0.6221100300645495
17	44	0.736377918859653
17	149	0.6717964361098402
17	115	0.6440887042633598
17	117	0.6385786452687803
17	136	0.5910055726333353
17	15	0.5898982500602786
17	27	0.555125739086724
17	21	0.5115375292466466
17	116	0.5077770765126337
17	118	0.5055099769962419
17	43	0.4902048901314939
17	125	0.486984704597306
17	123	0.48675581739555623
17	154	0.48637419016060424
17	53	0.48374356506055843
17	133	0.4733508507111062
119	149	0.7614303173072047
119	115	0.6875266421761689
119	120	0.7425680989810238
119	44	0.6728868690993063
119	48	0.6219874189885696
119	16	0.5823293139128783
119	15	0.5633314747170638
119	155	0.563249550261431
119	118	0.56147864844543
119	14	0.5604300936468566
119	125	0.5545304765944485
119	154	0.5527065564170237
119	129	0.5466562661701216
119	117	0.5454280503314777
119	27	0.5234281727041769
119	136	0.5232829529140833
119	130	0.5063209908345054
119	133	0.5030342249732002
119	152	0.4856715109996723
119	21	0.47882605795638494
119	116	0.4764873734626811
119	53	0.4730171290476621
176	0	0.7245083607501299
176	11	0.650612474426373
176	103	0.5987331031622242
176	142	0.5735653110862791
176	95	0.5401164485228331
176	197	0.5296510318537563
176	71	0.5012768027700698
176	102	0.5007225433119745
176	38	0.47623998862034617
35	37	0.7913749292918073
35	140	0.7768989196342072
35	36	0.7444195699919882
35	41	0.7009623568881126
35	62	0.6858726169100441
35	32	0.706369219683814
35	2	0.5649063616927135
35	30	0.5644363708179868
35	137	0.5498177075864458
35	134	0.5339541241000204
35	61	0.5282105683194669
35	144	0.5158951918095013
35	40	0.5072350971278561
37	140	0.6967725392884623
37	36	0.6714615983116967
37	62	0.5470067538061114
37	41	0.5410224126947877
37	137	0.5388757972324744
37	32	0.5298884153829675
37	144	0.5216980860834565
37	2	0.5003553075406199
37	30	0.473397405727167
103	102	0.733392913483329
103	0	0.6082443205286391
103	106	0.6080867868655458
103	11	0.590842870493978
103	1	0.5827785429038816
103	95	0.4897413350833782
103	2	0.485816681006834
120	136	0.7172508890216114
120	123	0.7134914566585348
120	117	0.678700081658283
120	118	0.615439123816063
120	115	0.6852047708820166
120	149	0.6839135219873522
120	44	0.6768620021478498
120	18	0.6115477255967849
120	129	0.6055470657278682
120	14	0.604151921309747
120	27	0.6036627434912785
120	16	0.5285565574962753
120	15	0.5022495063873323
120	48	0.4889275447844874
120	155	0.48767096494129336
120	125	0.48013522455855706
172	145	0.703441147740319
172	167	0.6856819214816697
172	171	0.6637459611907213
172	169	0.6613222401209864
172	146	0.6411594166305449
172	140	0.6091193341731076
172	61	0.5778773960252916
172	62	0.5154841158875032
172	137	0.49705714446999905
172	32	0.48648106450317746
140	137	0.743378960897249
140	32	0.6119044265647556
140	36	0.6036055371671426
140	144	0.5946827503815434
140	134	0.5726923309695178
140	145	0.5238418823078042
140	2	0.4783943358989584
44	149	0.7797372758477081
44	45	0.6632309608578976
44	33	0.6268862931330723
44	136	0.5819260262389003
44	14	0.5752203893603884
44	43	0.5485256489229289
44	27	0.5298740308651808
44	115	0.5207585521791946
44	16	0.5007450212823495
44	18	0.4995602629251208
44	48	0.49699690733921315
44	129	0.49462881815973775
44	117	0.48780052429414034
44	124	0.4837971826962963
44	164	0.482018207686071
44	42	0.4810811137755751
44	49	0.4738628104162454
44	53	0.47321893047153996
149	164	0.6383179964318221
149	129	0.5966827494653563
149	43	0.5922145673154937
149	118	0.5821111774536506
149	115	0.5680302736487485
149	45	0.566341307669188
149	155	0.5594896643728688
149	136	0.5567425308009497
149	27	0.5362877413049754
149	16	0.53317443726051
149	133	0.524907677660034
149	53	0.5246033323710224
149	125	0.5227962451300702
149	18	0.5158951918095013
149	130	0.5062391859827224
149	14	0.49037200592263475
149	124	0.4810811137755751
149	15	0.47744527713059426
149	131	0.47729857508294593
149	154	0.4761626653908386
145	146	0.5160712945182467
145	169	0.49764420541693183
195	193	0.7233709339278624
195	191	0.6123608908556404
195	179	0.6009737140145827
195	182	0.5987202726351611
195	174	0.5254146216590285
195	50	0.5140655534195506
195	184	0.49441729301683596
195	87	0.49124497883427815
195	66	0.4893611653102775
195	159	0.4765414788427608
32	36	0.7773346179910728
32	61	0.6415538199286708
32	62	0.641053399767978
32	41	0.5610813689110151
32	31	0.5519351713224084
32	30	0.5387906381810461
32	134	0.5220619067043657
32	63	0.4854881000605847
32	2	0.4752109874791877
36	2	0.676553024010915
36	30	0.606805839569965
36	134	0.5874346673240117
36	31	0.5629490658364092
36	41	0.5447814184554849
36	62	0.4902656636813003
36	40	0.4867176630282834
36	61	0.4844785759769661
87	191	0.7749889571035072
87	88	0.7367804757471588
87	89	0.7365518142642768
87	82	0.7144768113987215
87	193	0.6789373319210217
87	83	0.6524598278863697
87	192	0.6495616310647886
87	179	0.6488384571495962
87	91	0.6371848455278233
87	90	0.6203168787890916
87	190	0.5858737771815735
87	184	0.5820715072735259
87	159	0.5811053454619198
87	50	0.5065366144935028
87	85	0.5006850785273016
191	190	0.6775874332434831
191	179	0.7186899062970309
191	193	0.7085171651618482
191	89	0.6382053982514906
191	192	0.6175963915299902
191	83	0.6051035588794863
191	159	0.5938418426055827
191	184	0.5690657056216138
191	82	0.5611361814663506
191	88	0.4860687546956652
197	198	0.7739484433402164
197	95	0.7708016810937066
197	96	0.6390995036745107
197	177	0.5701803289925312
197	99	0.5298884153829675
197	97	0.5150801495277563
197	181	0.5009622735106091
197	71	0.49248063405893405
197	101	0.4770900579773247
198	96	0.7658033759344274
198	177	0.5618961978358262
198	97	0.5421884071044056
198	95	0.5076583208749338
198	147	0.4862673012623821
198	190	0.47774631900309833
95	11	0.6239699632981811
95	99	0.5943012686464744
95	5	0.580701189136774
95	106	0.605756017173297
95	96	0.5764903307464484
95	101	0.5471258759415792
95	97	0.5081480635126552
95	0	0.5057109536695681
129	123	0.6067110629430646
129	130	0.5740482480062262
129	133	0.5621630056926686
129	27	0.551496937431073
129	118	0.5324941541225822
129	125	0.5041463558718017
129	131	0.4855339568030375
129	29	0.47238812180049383
4	107	0.7679452622422656
4	8	0.6575868301422718
107	8	0.6839348118967004
96	97	0.6727883569815675
96	177	0.5439018034085695
96	71	0.5158878532501315
8	1	0.6557667518096344
7	2	0.6232060410092269
7	135	0.5635976527077982
7	102	0.5160566209584171
1	102	0.7523247062384755
1	2	0.5266586720651156
102	0	0.5582105681086472
102	2	0.5524842721620642
102	106	0.4996052879481266
27	130	0.7194432973338031
27	125	0.6134472568301674
27	21	0.6118606345809791
27	53	0.5561004634308906
27	18	0.5499990837811499
27	123	0.500647611866776
27	155	0.49003773829123565
27	118	0.4820412371064698
27	29	0.476178130625879
38	142	0.7406510417192789
38	79	0.6192206010700638
38	52	0.5870940046277912
38	40	0.5545235515965421
38	0	0.5188172315954492
38	135	0.5137785586191392
38	144	0.49451550840381003
38	181	0.48495290735392665
142	79	0.6134347830278668
142	181	0.5593316406381909
142	0	0.5137417560941174
66	93	0.7403936145292319
66	92	0.6630909064655732
66	67	0.6607366785869306
66	50	0.6225817978979363
66	89	0.6158675937295974
66	65	0.6080678796068448
66	179	0.596463755349184
66	168	0.5329095667631937
66	94	0.5014939004588649
66	61	0.47561345873739147
66	82	0.47538902815546186
93	92	0.6247631793558157
93	94	0.6131478010947398
93	50	0.588076119944778
93	89	0.5515595609241244
93	81	0.5308083902830357
93	90	0.5208897257774785
93	64	0.48419537143498725
93	65	0.48246332509396167
93	67	0.4783866244734737
193	184	0.724489356693988
193	182	0.6440301855203248
193	160	0.5004302682462929
193	88	0.7128182249874712
193	159	0.6113411008100075
193	185	0.5762766404852864
193	147	0.5351112488175512
193	189	0.5297229750214848
193	190	0.5292912016993079
193	179	0.5228543774255248
193	186	0.5188537720815372
193	91	0.5054280818797572
193	192	0.4900073431748598
88	85	0.7082132517592782
88	90	0.7067548126265709
88	75	0.6427819455862039
88	91	0.6088928540104259
88	184	0.5863333149867587
88	73	0.5381089693424576
88	76	0.5190729751836131
88	81	0.4928819845602498
88	82	0.483452434536175
88	190	0.47763054693931317
88	84	0.4732654929800592
89	179	0.7297255245034411
89	82	0.7284795571797903
89	192	0.6818375090596496
89	50	0.6431397723749772
89	90	0.5575148911563632
89	91	0.5420895551591903
89	83	0.5049812209473136
89	168	0.4896197010053848
89	159	0.4858472396990791
131	133	0.6878955795393311
131	118	0.5169804635686949
131	125	0.4919881256339358
131	21	0.4830308719267266
131	53	0.47857167832037834
0	101	0.6055787304066786
0	11	0.5743364783433232
0	5	0.5726251247714895
0	2	0.5284124166677756
0	99	0.5200074747346557
79	181	0.7300199145405205
79	52	0.5159392215756279
181	185	0.5075618177128931
181	156	0.48525877627586395
179	168	0.5911422052804434
179	159	0.6344145784961727
179	192	0.6246778179543198
179	82	0.5895395226794738
179	91	0.5372772327485985
179	50	0.47569857138633437
2	134	0.6521323573162345
2	30	0.6124046399700062
2	135	0.4745449253512125
82	91	0.6675163785847151
82	50	0.5604300936468566
82	90	0.5594896643728688
82	159	0.5376185846141831
82	192	0.5287655075722602
82	84	0.5205107127264966
82	168	0.47323445160151706
147	182	0.7268610553278444
147	188	0.6468712984513219
147	186	0.6436964847373606
147	184	0.5649608296952533
147	77	0.5622587543420584
147	78	0.5170610594170888
147	185	0.49452306291057113
182	189	0.6307375384726329
182	184	0.5898917298212702
182	186	0.543775040250446
182	188	0.5270921134335924
182	159	0.5118844606083486
184	186	0.6904786707480793
184	185	0.6763523316597272
184	159	0.6289638742929389
184	188	0.5979820004989412
184	189	0.5862217476157349
184	187	0.5429998372973317
184	190	0.5112273642976671
184	91	0.47168866009754473
71	177	0.7208393446188919
71	97	0.5105327028930705
177	97	0.5443804624644054
177	61	0.5069156610758141
130	125	0.652970654713814
130	155	0.58268608367704
130	118	0.5284989048213401
130	53	0.5244221107715177
130	29	0.514705357961749
130	133	0.5006401183095726
130	21	0.48707624075536016
65	67	0.7188010894249213
65	61	0.6880693839700978
65	62	0.5632017558810084
65	63	0.5594553148462141
65	169	0.5569908946029146
65	94	0.5435496222478094
65	92	0.5373127984518952
65	64	0.5256679538784972
65	171	0.5063507357942393
65	60	0.4765492078881179
67	92	0.7134325400214825
67	60	0.546326633046739
67	61	0.6752004810350866
67	64	0.5830096249695373
67	171	0.49597968345502996
67	94	0.4950139455632853
67	63	0.48938398074481765
123	136	0.6691707930857865
123	117	0.4915938920153723
123	118	0.4803275690082481
92	60	0.5460389424658086
92	94	0.5395779391658689
92	64	0.5342614575043881
92	41	0.529787717355991
92	61	0.5058077006447164
92	81	0.47564440982205963
136	117	0.5359171923650966
83	190	0.7154935066126152
83	55	0.5533104943106427
21	125	0.7114036100575815
21	53	0.5695996352120549
21	29	0.5547520359753976
21	14	0.5106509902472155
21	133	0.4990272618896939
21	118	0.4864199952326739
21	122	0.48580904114819407
21	18	0.4763559596559557
125	53	0.609440011081483
125	155	0.6084521916164383
125	133	0.6038279712906213
125	122	0.5017408658552338
125	29	0.5744905896331247
125	118	0.5666808402568425
125	14	0.5040195528085655
125	124	0.5003777965400247
125	52	0.4988319838914509
125	156	0.47553607587342944
162	163	0.7112652891356281
162	161	0.7009318364980769
162	56	0.6810179553862252
162	58	0.5468595723429606
163	161	0.7056469843089603
163	56	0.6877058846892423
163	58	0.6271351047346794
163	54	0.4840575595538476
85	90	0.6399505544885448
85	75	0.5368360592763955
85	73	0.5274964114402625
85	81	0.4925866715427551
169	171	0.7080337697704717
169	167	0.5887625706240012
169	146	0.547966107814199
169	61	0.5107914313769795
171	61	0.4986291415806384
171	146	0.49235185459827513
52	156	0.7074897800409896
52	45	0.5626005907598958
52	164	0.5159025302931529
90	91	0.6532287120654872
90	50	0.5600664490699311
90	94	0.5582381035322761
90	84	0.5343471997703251
90	81	0.5290104019285702
161	58	0.6831943042851182
161	56	0.5969145287585458
161	54	0.5399251865955289
167	178	0.3511018705701407
167	63	0.5762833194991329
167	61	0.51413912329801
167	146	0.5083483181301582
11	106	0.5576389305936386
11	5	0.47360687057083395
106	5	0.5542187756562993
41	62	0.6106329357740221
41	40	0.588573064268506
41	30	0.5227526427172472
63	74	0.7006163087896269
63	61	0.6202061291697331
63	31	0.6107395363680606
63	62	0.5710503023823812
74	31	0.5239362025428212
42	33	0.6718183831020095
42	62	0.5291544162885613
42	30	0.508837598012595
40	144	0.6937036962763051
144	150	0.42859153779824255
144	135	0.47935768289675584
15	116	0.6907349712228299
15	115	0.646102986928633
15	43	0.6241165001074478
15	14	0.6185295683602392
15	16	0.6128356805457293
15	118	0.5439933391434876
15	152	0.5017483483787258
15	18	0.5012019268602632
116	115	0.6223735405748319
116	118	0.48761761072793264
116	14	0.48572499780403205
116	16	0.4833681399419586
186	188	0.5785563744456812
186	185	0.5542880559712944
186	75	0.5175517634153897
51	155	0.6885324767075176
51	47	0.667815658495068
51	154	0.5299962895480544
51	50	0.5042358508313685
51	53	0.4992600271293018
51	49	0.48335281268896074
155	53	0.5485396311617842
155	118	0.54643886758871
155	47	0.546137192760642
155	154	0.5219091251699443
155	115	0.490865546483394
155	16	0.4897109283507487
61	62	0.630014387288354
61	60	0.510784040418091
133	29	0.6398442588535758
133	53	0.5420895551591903
133	118	0.5386344846514663
56	73	0.6080741821030591
56	57	0.5870743446626374
56	58	0.5323365166634183
56	54	0.48284684711431636
115	152	0.5608277968329354
115	14	0.6474699036514334
115	118	0.590080785521132
115	16	0.5589673441767924
115	18	0.49110840465256606
115	117	0.4812885982797082
53	157	0.684626099997477
53	124	0.5895068995603101
53	49	0.5053759620640617
53	29	0.49931257705246235
53	43	0.47660330914296806
157	154	0.5124672245201599
76	81	0.6843603655036352
76	77	0.5983673127230866
76	75	0.5301113364204566
76	73	0.47316460420298445
81	91	0.4770668860933821
58	54	0.5828577816624552
58	73	0.5216835293094341
117	16	0.6010184302750333
117	14	0.5427177155648782
117	118	0.47203069340434156
185	187	0.5609031941213458
185	75	0.4736766802829264
30	134	0.6762220991166574
30	100	0.5233555666092093
30	31	0.5935893169061298
30	135	0.5200147706189785
30	33	0.5117737559641327
134	135	0.5985534478206215
134	100	0.5212903815949235
134	31	0.4786333534908642
84	91	0.67397438572037
84	86	0.592993151922309
84	189	0.5426824417336603
84	80	0.47852541884320265
91	189	0.6351668496205081
91	159	0.5338754812519845
91	50	0.48929271498724897
47	153	0.4580652271184664
47	154	0.48850129620309557
45	164	0.6534579690502553
45	43	0.5059490771845341
45	49	0.4883718531525025
45	78	0.48595418576841176
124	148	0.49738836305527395
14	16	0.564109204644176
14	43	0.5418282313583319
14	118	0.5280591428698846
14	48	0.5199709941748669
14	18	0.4915635580010946
164	78	0.4924351849465155
18	118	0.59782779816495
18	16	0.5328164793536109
16	118	0.5899243302470616
16	48	0.5161226495922894
16	154	0.5024962214802406
16	43	0.4966203167513695
16	46	0.4766110375989909
189	159	0.643339095001196
188	187	0.5730282465004252
188	77	0.5569357112526361
50	94	0.625603799999825
50	174	0.5285709699032285
75	73	0.642388599226796
75	77	0.6339722074728988
77	78	0.5678609141998986
43	148	0.5015537783658889
48	154	0.48041987793835617
31	57	0.5189560753564547
101	99	0.554364255447587
101	5	0.497674298827676
101	100	0.4852129035051064
86	49	0.5603203369084148
86	80	0.5465580952878291
86	78	0.5336967131531031
57	54	0.48466222194229214
152	154	0.5844073068957997
152	151	0.30344532593072504
152	46	0.4784637354080853
154	46	0.49040998175627915
154	49	0.5205180033745272
54	59	0.4057140197279544
78	80	0.5253132626773735
55	158	0.5243133549997836
72	178	0.35253011771170734
