19	121	0.9661269114262819
19	150	0.76518234523498
19	120	0.9070631952268456
19	17	0.8823541899187939
19	136	0.7624328260682536
19	18	0.760094988978656
19	124	0.7551749620948706
19	123	0.7419079477028174
19	15	0.7002393521999877
19	115	0.6980463155076353
19	126	0.6977436794114543
19	25	0.693937072240154
19	119	0.684019959885958
19	16	0.6792283090265551
19	28	0.6779172308027909
19	20	0.6773926706458572
19	132	0.6772032270294776
121	120	0.9108855028575403
121	17	0.8662607374783334
121	136	0.7744292011797764
121	150	0.7606096632990653
121	124	0.7578224621618354
121	123	0.7474315495561661
121	18	0.7420023432399404
121	115	0.70760463673774
121	15	0.6978616858358827
121	119	0.6977128888969877
121	126	0.6944914033642761
121	25	0.6766289354610804
23	25	0.9526233701741956
23	27	0.9027897297305731
23	22	0.9010926005994883
23	126	0.891440954064667
23	128	0.8835224065845262
23	28	0.8811079188245484
23	132	0.8652337672019806
23	124	0.8323997429539852
23	21	0.8180850854452024
23	116	0.8176878114796401
23	26	0.8150528909300782
23	133	0.8121116162471109
23	15	0.8025371475390454
23	131	0.8017884251304985
23	34	0.794640886881113
23	186	0.788706528399007
23	115	0.7871519478181839
23	16	0.7843975639199579
23	123	0.7842821206188729
23	125	0.783279334019
23	188	0.7797372758477081
23	29	0.7796196454007878
23	138	0.7779670323220053
23	129	0.776660951895433
23	11	0.7761445937449973
23	20	0.7557158826901533
23	18	0.7507274958022306
23	130	0.7094571318121013
23	75	0.7064042909264134
23	17	0.7050842299720979
23	118	0.6964122079790979
23	120	0.6955046789065626
25	27	0.9241440243501432
25	22	0.9099098082477625
25	126	0.9077695739782865
25	21	0.852382027141428
25	16	0.7957805679239378
25	20	0.7862372812721045
25	128	0.8898073527007392
25	28	0.8889504355004754
25	132	0.8654096200352568
25	124	0.8528734733744321
25	123	0.8435050188513166
25	116	0.8428691414495031
25	15	0.8412106331708145
25	129	0.8266300033121875
25	34	0.8237585728062984
25	133	0.8189102380958736
25	115	0.8178534370723026
25	131	0.8159238341600454
25	125	0.8104366381922272
25	26	0.8047682227403774
25	186	0.8041330767710064
25	188	0.8029283295888314
25	18	0.7950827203833498
25	138	0.7887821048788789
25	11	0.781144554670701
25	29	0.7703548511696804
25	17	0.7539951162067177
25	120	0.7414490365336491
25	75	0.7320916363071596
25	130	0.7169983082348618
25	118	0.7074747959766278
25	119	0.7067097649741699
25	76	0.7048981246246121
25	176	0.6884009733170388
25	106	0.6873051092302329
25	14	0.6840572062711018
126	128	0.9480751712163877
126	124	0.9184455787563035
126	132	0.9073640328549507
126	28	0.9015803403293051
126	27	0.8905753194668908
126	116	0.8647301553332873
126	133	0.8615428473397626
126	15	0.8495685255211762
126	115	0.8479467993961749
126	129	0.8353849798110833
126	123	0.8277666740351763
126	131	0.819895971522914
126	186	0.8180189272628857
126	125	0.8151871226745253
126	22	0.8151535729442038
126	21	0.8148177746764624
126	188	0.8142793580070412
126	138	0.8057876502265648
126	26	0.8032478740761544
126	29	0.8008937954316494
126	11	0.7963665945264732
126	16	0.7832020272124862
126	18	0.77863724968869
126	130	0.7748691116085118
126	120	0.7561658636440264
126	20	0.754775050324783
126	34	0.7542194037580715
126	17	0.7431730921626382
126	75	0.7254761078561124
126	118	0.7185351555706742
126	119	0.7119316861304085
126	77	0.6948225724048852
126	135	0.6894989495650675
126	14	0.6783331433514936
126	76	0.6760212411118268
128	133	0.8710463425994591
128	138	0.8265349748977496
128	26	0.8225656817182964
128	130	0.8190419493537466
128	132	0.9073110112700132
128	124	0.8977496644983081
128	27	0.8908852186521523
128	28	0.8848534840088066
128	116	0.8388855491473644
128	115	0.8375771355543588
128	131	0.8265666562725946
128	15	0.8239834383747222
128	21	0.819370850145766
128	125	0.8106424535606256
128	129	0.8088866297788947
128	186	0.8081594204828048
128	29	0.806976789080175
128	188	0.8044861627200633
128	22	0.8034251992697311
128	11	0.7892727710934515
128	16	0.7812225051284882
128	123	0.7785191048846316
128	18	0.7503825287834098
128	20	0.7442054905514354
128	118	0.7313808567082523
128	34	0.7288688552598293
128	120	0.7212570224312762
128	17	0.7138545530398385
128	75	0.7121781750053893
128	119	0.6794760101120524
128	127	0.6793952550292345
28	132	0.9311672338685205
28	131	0.885826258413163
28	29	0.8254865472621844
28	27	0.8692248904645755
28	133	0.8657606871276889
28	124	0.8520809556043095
28	15	0.8273569903733742
28	116	0.8225980176282736
28	21	0.8207137201369871
28	26	0.811770864909819
28	129	0.8042390621983634
28	115	0.801144653143314
28	125	0.8010013403273428
28	11	0.796073767833328
28	22	0.7840125415759935
28	16	0.7827764066595579
28	186	0.7774928691336652
28	123	0.7731451934491078
28	188	0.7717739560363702
28	18	0.7443705236305489
28	120	0.7337854832763511
28	20	0.7330137349728618
28	138	0.7320127393766283
28	130	0.7270308131822257
28	17	0.7252391797245419
28	34	0.705707226687513
28	118	0.6991010239342299
28	176	0.6853426748605782
28	119	0.6809536043822983
132	133	0.8684158941457696
132	124	0.8598581009444137
132	131	0.8589430968108283
132	27	0.8566180752315222
132	116	0.8212678757201815
132	29	0.8158904046028747
132	15	0.7974249680016434
132	115	0.795707209591946
132	125	0.7942720480487456
132	21	0.7908885857840292
132	26	0.7836269150338386
132	186	0.7830086542112521
132	129	0.7743090954556575
132	16	0.7736274416120256
132	188	0.771328776823569
132	11	0.7686827102039782
132	130	0.7543788858891902
132	22	0.7431104085154638
132	120	0.7406284690816554
132	20	0.7373742076173503
132	123	0.7367347569257818
132	138	0.7169740116925536
132	118	0.7122668680391561
132	18	0.7111516271552053
132	17	0.7106273129476762
132	119	0.6900703243262977
132	176	0.685050896927763
27	124	0.8422309014401546
27	22	0.8334104282186598
27	116	0.8329517145303333
27	21	0.8320308418417124
27	15	0.8276092077089316
27	133	0.8206157673256872
27	125	0.8152542057275878
27	26	0.8149857422280274
27	115	0.8123158015635021
27	129	0.8049091166211627
27	138	0.8030704063892763
27	131	0.8027506052048986
27	130	0.7998515271169433
27	123	0.7981520343113795
27	186	0.7959272145517877
27	34	0.7902886347130584
27	188	0.7873420688807811
27	18	0.7869236049146205
27	11	0.7821560124255267
27	29	0.778164339204748
27	16	0.7679452622422656
27	20	0.7611780677720773
27	17	0.7208537560264158
27	120	0.709740119573402
27	75	0.7004227852969841
27	118	0.6826713737028537
27	14	0.6818696136028805
124	15	0.8671564726290015
124	116	0.8605083119823379
124	115	0.8497075831003389
124	133	0.8196335829971496
124	188	0.8168576495685587
124	123	0.8159238341600454
124	186	0.8058577801762088
124	11	0.802002603262265
124	125	0.7996713363017255
124	129	0.7944565407215289
124	20	0.7857403934599794
124	17	0.7855107179879117
124	21	0.785319156311037
124	120	0.776224101315983
124	131	0.7750688231466556
124	138	0.7725411235868245
124	26	0.7698665359089004
124	29	0.7683961672446238
124	22	0.7650994333518354
124	18	0.7648505454130385
124	16	0.7617620945230412
124	130	0.7510458992564294
124	119	0.7371368514036328
124	75	0.7218274806261323
124	77	0.71251311827504
124	34	0.6978975933164531
124	14	0.6957214503337689
124	12	0.6904472750951207
124	118	0.6800999603674346
124	76	0.6800354594184239
15	116	0.9110726316446283
15	115	0.895137827298137
15	123	0.8443970312791651
15	11	0.8126556684095341
15	14	0.794640886881113
15	186	0.8457120848443733
15	188	0.8429559909691813
15	125	0.8063830347187726
15	129	0.803708623400539
15	18	0.8018598407417695
15	77	0.8001395327937327
15	21	0.7953400675401457
15	133	0.7898752872883983
15	75	0.7883282881925061
15	26	0.7831633647261043
15	22	0.7820783538838978
15	17	0.7787553393104729
15	16	0.7749889571035072
15	131	0.7711261727442524
15	120	0.7602258573764118
15	119	0.7470915174466877
15	34	0.7445889410836859
15	138	0.7393707977139278
15	12	0.731064443603591
15	20	0.7266817700742217
15	76	0.7191875271200854
15	29	0.7161956021712689
15	136	0.6958246303081981
15	130	0.6792013756666714
15	3	0.6774792435292655
116	188	0.8990611477465222
116	186	0.8820881670746
116	77	0.8004271699949022
116	76	0.7808325091874
116	115	0.8580225745552518
116	75	0.8102993167012137
116	11	0.8004990217606297
116	133	0.798405959731229
116	123	0.7811055703071178
116	129	0.7629765918430466
116	26	0.7610055646873132
116	125	0.7578735421303455
116	21	0.7512027916502272
116	22	0.7497964589124939
116	131	0.7471312816567153
116	16	0.7443214692365454
116	20	0.7374426419392724
116	18	0.7297629223728579
116	138	0.722908176913184
116	12	0.7162637842747024
116	120	0.7144866017165405
116	17	0.7116899567188906
116	135	0.7101170805787469
116	34	0.7050037638985438
116	14	0.7042283493123751
116	119	0.7032592402835491
116	29	0.7019173625832129
116	130	0.6957782028732944
116	187	0.6904420422333878
116	106	0.6763740329735447
120	17	0.884069667044861
120	18	0.8088174781086115
120	123	0.8028927961261132
120	115	0.7747092309184453
120	16	0.7605928038685325
120	119	0.755651541371375
120	136	0.7545167446041072
120	150	0.7196072736733672
120	125	0.6937140716359906
120	131	0.6883588826711142
120	22	0.684413526954312
120	133	0.6817251224707692
120	129	0.680164450789202
120	20	0.6760483899582227
22	34	0.8549588101483638
22	123	0.8253590763946727
22	18	0.8021096150592408
22	21	0.795486994460349
22	26	0.7836269150338386
22	138	0.7800115329554274
22	125	0.7778880665771849
22	129	0.7686008722453779
22	16	0.7487701958504761
22	115	0.7484844837584856
22	131	0.7431954760186198
22	186	0.7246128633713235
22	17	0.7245511158493042
22	133	0.7221195207041617
22	188	0.7208921833992863
22	20	0.6963091916247865
22	11	0.695700810892866
22	75	0.6859626348013131
22	118	0.6822332815288642
22	14	0.6808463293361271
13	114	0.9002998701763513
13	110	0.771490747609057
13	2	0.7559773871454816
13	1	0.6914819587113407
13	113	0.6584770102892995
13	140	0.703789546261957
114	140	0.7464634184818593
114	166	0.7375065003149699
114	2	0.7337162418259348
114	32	0.6962216051611542
114	110	0.6892995526753172
123	129	0.8994629355795374
123	18	0.8500963162455751
123	136	0.8272623227558956
123	34	0.8394475676469136
123	17	0.7930878200496706
123	115	0.7883661390594926
123	138	0.7844360329485001
123	125	0.7778880665771849
123	21	0.7504393236306327
123	188	0.7501202550952288
123	131	0.7425411822247022
123	186	0.7408496088512615
123	133	0.7240995307519986
123	75	0.7226980524326229
123	26	0.7184867813719582
123	11	0.7108895688247491
123	119	0.7062639851447774
123	20	0.7045961257534488
123	76	0.6939733620710784
123	14	0.688748044282768
123	16	0.6877006140468342
123	44	0.6756953117809086
129	34	0.8002474399066897
129	133	0.7892350632681202
129	138	0.7842821206188729
129	131	0.7662166045342352
129	26	0.7633941398448121
129	125	0.7625165525371222
129	186	0.751350889903279
129	18	0.7506314701342256
129	29	0.7498752532259338
129	21	0.746874929587021
129	115	0.7457807339971959
129	11	0.7317852206858118
129	188	0.7270968061322831
129	130	0.6971427992543734
129	136	0.6906146885198612
129	17	0.6840784883183069
129	75	0.6803847136438766
188	75	0.8194037105941603
188	186	0.8548780758135417
188	115	0.7901008385852136
188	76	0.766134009455205
188	11	0.76117386166057
188	77	0.7504742687983437
188	133	0.7427205819675357
188	26	0.7329859723000095
188	187	0.7315435937584943
188	138	0.7262992787987447
188	21	0.7155130288155641
188	131	0.7051596504291626
188	125	0.6999691295681094
188	135	0.6993514544284256
188	130	0.6879219186169651
188	34	0.6831196427684778
188	16	0.6803310023254757
188	184	0.6763903081883214
115	16	0.790813674886818
115	18	0.7889331863190957
115	186	0.7877977490905004
115	125	0.782272454690896
115	133	0.7785978742195608
115	17	0.7739484433402164
115	21	0.7673702803375593
115	131	0.7502514214549997
115	119	0.7500808936737525
115	11	0.7467112785699224
115	14	0.7395339533756236
115	26	0.7393163931883561
115	118	0.711250465768678
115	20	0.7080487300981209
115	75	0.7080188088072644
115	138	0.7062389247006694
115	29	0.6995046945361774
115	77	0.685072124556816
115	76	0.684349732340296
115	130	0.6809321517104316
95	197	0.8883827029950047
95	96	0.8127914605672258
95	190	0.7934214923300197
95	198	0.7807934760804387
95	176	0.776263845845238
95	83	0.7380123394308381
95	187	0.6938178093991011
95	181	0.680862422455689
197	176	0.8272623227558956
197	198	0.7942720480487456
197	96	0.7678221558620103
197	190	0.7526847076155231
197	199	0.7218945289624176
197	181	0.7042938714296401
197	187	0.6788402921250821
131	133	0.8040270401954794
131	26	0.8032478740761544
131	21	0.7848587941072247
131	125	0.7764227622689861
131	29	0.765513739085736
131	11	0.737164247947638
131	18	0.7224925743551318
131	16	0.7121288912709691
131	143	0.7079090756559424
131	130	0.7077593844479227
131	186	0.706479431910527
131	138	0.7003310803102365
131	17	0.6858037655334679
131	118	0.6771707419622188
131	20	0.6752875283201103
17	18	0.8288652948100668
17	119	0.7850123445621904
17	16	0.7749490147965189
17	150	0.7598119336140257
17	136	0.7572812961187789
17	125	0.7342651382800998
17	14	0.7026066485025607
17	21	0.6975075529118469
17	20	0.6834128737219223
186	99	0.51719292375787
186	75	0.8135367407901426
186	11	0.7732658394153877
186	77	0.7567860922862019
186	76	0.7487658023856413
186	133	0.7382763223204831
186	138	0.7381398076673474
186	26	0.7271722101969929
186	125	0.7227983557887019
186	135	0.721530389351347
186	21	0.7143299230528409
186	12	0.7130837434539935
186	16	0.6908081680719385
186	34	0.6902588465455557
186	29	0.6889739965869761
186	130	0.6881799457026994
186	18	0.6826072932781936
96	198	0.8772714915613944
96	81	0.688642904574917
96	190	0.7795019599167922
96	83	0.7499321470029906
96	193	0.7293138596758314
96	199	0.6862219806879705
96	176	0.6804061961248686
198	199	0.805471785607552
198	190	0.776581580014323
198	176	0.7473123620649931
198	187	0.7438885508248482
198	193	0.7346520175223094
198	195	0.7136730527886233
133	26	0.8017527087347855
133	29	0.7825051753163879
133	11	0.7618040631770231
133	125	0.7526413577796996
133	21	0.7487614088550124
133	130	0.7364603024998851
133	138	0.7146725645982219
133	16	0.7144180636158151
133	18	0.6758257152342372
21	125	0.8575999190607031
21	122	0.5965281746054498
21	161	0.5329668449126378
21	11	0.7672057727098854
21	26	0.7670823257101175
21	18	0.7490249042578452
21	138	0.7429670826234862
21	34	0.7290516158740552
21	16	0.7160640694975756
21	130	0.7117393029473551
21	29	0.7115073145928983
21	119	0.6932572834067348
21	14	0.6876953433319335
21	118	0.6854646258815763
125	53	0.5984956886699938
125	26	0.7870378033235761
125	18	0.7760650614864311
125	11	0.7723394555990397
125	138	0.7542926903862212
125	119	0.7407368024962092
125	29	0.7390306110170147
125	130	0.7366158564594898
125	34	0.7354427102527034
125	16	0.7096309233531704
125	14	0.7011352572778209
125	118	0.6857772809655701
34	44	0.7357501717994174
34	138	0.8177872030881536
34	18	0.779109277256297
34	24	0.7151907695493991
34	26	0.7084673612906573
34	136	0.6825325195132828
83	190	0.8541225555991174
83	191	0.7593635256588408
83	193	0.7177118483946832
190	193	0.7997073859942045
190	187	0.7746292534061424
190	191	0.7625165525371222
190	55	0.521363203432354
190	195	0.6959019964452068
190	199	0.6788672500029443
18	48	0.604856299164724
18	16	0.7662166045342352
18	136	0.7648505454130385
18	138	0.7368993131575843
18	118	0.7144376473293816
18	14	0.7134472701265351
18	26	0.7096706350148454
18	119	0.7019275086810991
18	20	0.6977282844764722
18	11	0.6891158052085152
7	10	0.8471299329204712
7	135	0.7618879813039355
7	77	0.7715312246887882
7	104	0.7422179940278121
7	110	0.7286250127628702
7	12	0.6946984185213975
7	2	0.6899812673786385
10	12	0.7972063953984769
10	110	0.7725411235868245
10	104	0.7275160186511186
10	77	0.7010335611484282
10	0	0.6999232227866449
10	135	0.6965666787128458
10	2	0.6933507627218068
3	12	0.8428401818476449
3	103	0.7601920907912032
3	106	0.7091540316247225
3	11	0.7432581419658032
3	109	0.712035232835668
3	0	0.702008667209231
12	11	0.826724984606309
12	0	0.7648505454130385
12	112	0.7489019692042768
12	100	0.5777375069310271
12	77	0.7292764093873435
12	110	0.7289766497314025
12	103	0.7176100062090167
12	109	0.6841955187604574
12	104	0.6817304749428538
12	106	0.6771382542551004
37	166	0.8332882166609686
37	35	0.7348360779895956
37	61	0.7118379743333069
37	137	0.7107559914634791
37	32	0.6950810933666803
166	35	0.795376808035601
166	32	0.7798156655781148
166	137	0.776779963492105
166	139	0.6864388504105232
166	84	0.5370709139869747
166	140	0.7321844310862758
166	61	0.7320080977691572
166	141	0.6888899369481843
166	146	0.6819124155743637
176	11	0.7355850062526529
176	199	0.7560330864359215
176	187	0.678770193077777
136	44	0.6863066272963455
11	101	0.5619851467840867
11	26	0.7801681168955472
11	29	0.7347716691324351
11	138	0.7274077348322396
11	109	0.7056771067735866
11	106	0.7002648345502607
11	130	0.6974664719625021
11	112	0.6928935309069962
11	77	0.6922639261015164
11	16	0.6900441332752619
11	75	0.6785274469869524
138	127	0.7527713877119951
138	130	0.7797764737692348
138	26	0.7614471257501328
138	143	0.7065946171588399
138	29	0.6797020367829943
29	26	0.785969852475765
29	130	0.687035932940107
26	143	0.7295992744540807
26	130	0.7411291883484744
26	16	0.7189798721160828
26	127	0.6884798807834408
75	76	0.7787946902580153
75	77	0.7327082112377167
75	187	0.6773602009760279
130	127	0.7092733154549492
199	98	0.7165509729295961
77	43	0.7134914566585348
77	135	0.706379240392756
77	76	0.6766343571572324
193	88	0.7620138105510068
193	195	0.7493188610268063
193	194	0.5984635975641689
193	191	0.7388762687642881
35	61	0.7974249680016434
35	32	0.700555207238328
35	42	0.6813395526661851
61	62	0.6424532017191802
16	117	0.7555914763126885
16	118	0.7536842737287497
16	14	0.7057273052131279
16	119	0.6857560920035085
14	154	0.6653429274092404
14	152	0.595289982039927
76	78	0.6145250825586551
76	187	0.6918210105277566
32	36	0.7404433103841491
32	41	0.5693699016029136
32	140	0.707699490162874
32	141	0.6928155380182419
32	2	0.6892890552080668
184	187	0.7793842193782845
184	73	0.6851676344913178
184	58	0.49782474790919895
187	185	0.7182205990023691
137	140	0.7665879692461814
137	146	0.6904472750951207
137	31	0.6606127066189634
137	141	0.6987224974372429
85	160	0.7764227622689861
85	88	0.44645981818642916
110	104	0.7613042213454355
110	2	0.69700399531317
140	141	0.757899078630757
140	2	0.7523941390859368
2	134	0.7665467317965649
2	30	0.6988504218065629
2	33	0.6461262883636267
191	87	0.7462951096494836
191	192	0.4981029997363991
191	159	0.39389329877957635
88	87	0.7027990078162297
135	181	0.7566792533722461
135	104	0.6903321354441806
52	156	0.7566792533722461
52	149	0.7148339767559908
156	142	0.7011098359191015
181	79	0.6087418120627585
127	143	0.6965872699335927
195	196	0.719066813093386
195	93	0.631700038567493
112	9	0.7331293864929996
112	109	0.7213817439998003
87	89	0.6328165018918964
24	39	0.7370226730491677
24	44	0.7356859511489298
44	149	0.7333605623841455
142	143	0.7343572956866181
142	38	0.7327684135310186
143	149	0.6979334972888308
149	155	0.7260487630294706
149	153	0.5407606612526594
9	108	0.6354054142257104
155	51	0.6986917889375821
155	157	0.6169464668761329
109	106	0.6888741737027716
43	148	0.6384898041625705
106	5	0.544317130869605
1	102	0.5983287939466865
146	42	0.6878270894575792
81	63	0.6572802283358816
81	97	0.5915714013550907
46	152	0.687247067556759
46	59	0.5268609788068594
31	164	0.6865445962324345
164	171	0.6319703914749435
164	45	0.6083325184561548
164	189	0.593777103574727
50	173	0.6862113985548736
173	174	0.6587657813819385
173	171	0.6497870211336173
173	170	0.6368223674454986
173	180	0.5763701396739881
40	144	0.6696343891655173
144	53	0.551378631648755
154	151	0.5087190148714615
68	92	0.6577854372699493
68	67	0.653400666037667
68	86	0.5463827527706452
68	91	0.5367648747506447
92	69	0.5846113950262684
63	74	0.5321143284758427
67	65	0.6076265143952754
147	148	0.6522243034638473
171	172	0.6134784399968345
171	65	0.6057876691969832
4	107	0.6492956395494975
107	6	0.5228253118856582
33	49	0.5833131894343723
41	145	0.644398727765286
64	65	0.6441706178402252
65	169	0.6395902312683557
65	60	0.5678270365389306
70	97	0.6440887042633598
97	177	0.5729140568108778
172	175	0.642241741423015
172	183	0.6297006819710794
66	93	0.6408589719665436
108	6	0.5527482259628617
89	179	0.6314776332223887
89	54	0.3622731672057671
71	177	0.6325226345882996
179	178	0.3150571501716859
167	183	0.6306110659895061
183	182	0.6088802688673207
183	165	0.605572397624316
183	158	0.41700410851402137
182	80	0.6052239764734414
69	94	0.6059205867588356
194	90	0.5953932729749215
102	8	0.5740348384800944
8	111	0.5222364731564716
6	105	0.5603134764587742
86	82	0.43092331779047766
153	47	0.48008135983665085
56	162	0.5052493700159782
56	163	0.45774909871327263
56	57	0.3491364585760229
58	163	0.4517207028384587
82	168	0.47518776191256207
72	178	0.3479504602549787
