19	121	0.9338024454050029
19	136	0.6857401995190939
19	17	0.6278747143925141
19	120	0.6103067259650797
19	119	0.5967664590321813
19	117	0.5956449621907687
19	123	0.5532202876479575
19	115	0.5447110933039253
19	126	0.5148229608189318
19	28	0.512076308388749
19	16	0.510954013369348
121	136	0.7088058884689988
121	119	0.6035038216877662
121	117	0.5892393174389838
121	120	0.5882461772232829
121	17	0.5774576268979676
121	123	0.5702613107783276
121	28	0.5462845400343961
121	115	0.5444648949378438
121	132	0.5401306138542533
121	131	0.5238056018734567
121	126	0.5188903106717573
121	23	0.5172881438475532
121	16	0.5122754808668867
28	132	0.9292817916246182
28	131	0.907699166656368
28	126	0.7402535190170896
28	23	0.7327637829925662
28	133	0.7208153242212071
28	128	0.6797289361258545
28	21	0.6786245632152821
28	22	0.677668556288228
28	129	0.6740344147077613
28	25	0.6733244120815368
28	26	0.6674165706543983
28	123	0.6543566448461178
28	29	0.6227103833845339
28	127	0.589904770222362
28	117	0.5564112241670864
28	136	0.520211730812547
28	16	0.5188683877451313
28	125	0.5128137083922644
132	131	0.8786694013631247
132	126	0.7363046706204376
132	133	0.6814199109149904
132	128	0.6775279325291261
132	23	0.6742253568171473
132	21	0.6257863516984651
132	129	0.6256646581808536
132	25	0.6242690959434474
132	22	0.6131478010947398
132	123	0.6112596802720225
132	26	0.5842097318325397
132	29	0.5639455550981697
132	127	0.5568943205127549
132	117	0.5060383536275411
70	176	0.9245951996060373
70	71	0.824143897899997
70	177	0.769703563524043
70	11	0.6760592489828854
70	12	0.6251593045654573
70	112	0.608004850429074
70	139	0.573001380339488
70	0	0.5556305742688122
70	9	0.5405058836185189
70	38	0.5369428217353233
70	108	0.5341614109645967
70	156	0.5318203540768527
70	3	0.5318203540768527
70	111	0.5194746702486688
70	103	0.5095264802197937
176	177	0.831352607157051
176	11	0.7203682291366432
176	71	0.8060330061770533
176	112	0.6169588542644243
176	156	0.5914218710586899
176	95	0.5815290704271925
176	12	0.5739879027138829
176	9	0.5343329101562126
176	191	0.5245453466300919
176	38	0.5213049465698311
176	103	0.5092302667577688
176	3	0.5061796858222183
176	0	0.5056514107462673
12	113	0.9144921920696545
12	112	0.8846362575557941
12	13	0.7904387647961494
12	0	0.7488800110900452
12	103	0.8515870741679885
12	3	0.8508434075447141
12	108	0.8494015004093862
12	111	0.8298953153678232
12	9	0.8162244547908584
12	11	0.7646844931625605
12	102	0.7210074389266187
12	109	0.6994076499349049
12	156	0.5750062310662962
12	139	0.5584721049842801
12	5	0.5580728725455291
12	1	0.5517613054436928
12	110	0.5091636020944713
113	111	0.8370989518700613
113	103	0.7900632615498875
113	112	0.7877977490905004
113	108	0.7789520327667899
113	3	0.7780459734975503
113	13	0.7690915227116345
113	102	0.734504691240394
113	9	0.7053456193506382
113	0	0.6690989994822487
113	11	0.637202665051367
113	109	0.6028103621718821
113	1	0.6015674944296331
113	110	0.5785364159236255
113	139	0.5627987677877616
113	6	0.5253856634714278
88	90	0.9139997303980469
88	87	0.7646014289348992
88	85	0.7505223115530221
88	193	0.7334113983344309
88	78	0.6982615995415119
88	81	0.6973175150869326
88	194	0.687146793085486
88	98	0.6744816230701765
88	96	0.6477021565778808
88	185	0.6374164461971563
88	76	0.6335653382505378
88	184	0.6289578302104755
88	55	0.6007756396348343
88	74	0.5954449110632533
88	93	0.5847101207956171
88	73	0.5826068209038358
88	190	0.5825341536249732
88	97	0.5676169521037192
88	83	0.5658452446784463
88	198	0.563672707399869
88	94	0.5183274061860016
90	194	0.7488360899281247
90	81	0.7255376810228842
90	78	0.7127198329260269
90	76	0.6867084448758608
90	193	0.6700203210485921
90	85	0.6603590153364954
90	185	0.65120032158888
90	87	0.6421712329238646
90	184	0.6400391154798536
90	98	0.6376538657600874
90	93	0.6362394357057486
90	74	0.6224286760921824
90	73	0.5904065917012774
90	96	0.5858146663923527
90	92	0.549754911435278
90	94	0.5475881401115212
90	190	0.5128137083922644
90	198	0.5087041906213576
90	55	0.5077548113002506
131	133	0.7387945267589676
131	126	0.7124244883988746
131	23	0.7039913615468273
131	129	0.6855176360724049
131	26	0.674536126847829
131	22	0.6702627215896305
131	21	0.6615134990933257
131	128	0.6607028716242269
131	123	0.6575357449585709
131	25	0.6533376240741802
131	29	0.6239760698749268
131	127	0.5981618472891833
131	117	0.5510792886051594
131	16	0.5215597844659743
131	143	0.514969937147417
96	198	0.9002050974504324
96	98	0.8315995251576949
96	85	0.8307338735252467
96	190	0.7987320184797889
96	193	0.7326294678550469
96	83	0.7307849941922285
96	79	0.7123259840951466
96	97	0.710280634377353
96	95	0.7095216930324492
96	93	0.70144017457887
96	81	0.6989424996786392
96	87	0.6727445661585677
96	185	0.6660000473672684
96	78	0.6632309608578976
96	197	0.6494633483659552
96	55	0.6420419391159492
96	181	0.603090400530993
96	194	0.5779040377180588
96	135	0.5773109688771891
96	74	0.5556858737838013
96	199	0.5379810779836507
96	99	0.5327377030109359
96	191	0.5180128613183826
198	190	0.811770864909819
198	193	0.7809885806698397
198	97	0.757750082968241
198	98	0.827199184900554
198	85	0.7418225168678448
198	81	0.7379485855539352
198	185	0.7284091518567768
198	83	0.7269129352102812
198	95	0.7167844388698805
198	79	0.698323086077807
198	197	0.6871837393582324
198	93	0.6797988658606774
198	199	0.6766072479427678
198	194	0.6707030836762916
198	191	0.6445332003968169
198	78	0.6428758289492263
198	87	0.638430567303557
198	181	0.6229246178061354
198	135	0.6138213285791584
198	196	0.5966634300286401
198	74	0.5920652121361157
198	160	0.5877293036485394
198	55	0.5865235844693208
198	183	0.5128726677413644
198	99	0.5122164725421947
198	177	0.5078290260368744
9	108	0.898465252779632
9	112	0.874359779561193
9	109	0.8731533860515777
9	5	0.711645539107474
9	3	0.8327679078263681
9	11	0.8067324992013722
9	103	0.8005349390169532
9	0	0.663236562067674
9	111	0.6312731690917572
9	106	0.5826398484063178
9	102	0.5733908191319339
9	13	0.5380023949303928
108	112	0.8636160598611123
108	3	0.8284893422660332
108	103	0.8018598407417695
108	109	0.7698665359089004
108	111	0.7689280731454042
108	11	0.7322354566319341
108	102	0.6903583066179574
108	0	0.68667145289191
108	13	0.6666450237617881
108	5	0.5789686954546459
108	1	0.5719526394471781
108	6	0.505867230921317
126	128	0.8909058491668602
126	123	0.8295214146705343
126	129	0.7362588817059287
126	127	0.7198530877779051
126	133	0.697718020828428
126	125	0.6942428333095648
126	23	0.6652481724984656
126	25	0.6583467167124806
126	21	0.6453858797561675
126	22	0.640481665407919
126	118	0.6193932095756041
126	26	0.616308103081784
126	117	0.6130229758343348
126	136	0.6087732827751677
126	29	0.591883333529668
126	143	0.5471539014592599
126	16	0.509852175597611
128	127	0.7761048307019827
128	123	0.8213655073856203
128	125	0.7317341226298233
128	129	0.7282260260018257
128	25	0.711117026997421
128	133	0.7002444488127954
128	23	0.6939578097181135
128	22	0.6893520356701599
128	21	0.6569961436472114
128	118	0.6392177989173278
128	26	0.6314475704732792
128	136	0.6107959630160141
128	117	0.6012674948524924
128	143	0.5992396632046031
128	29	0.5826464536759031
112	11	0.8672556540821672
112	103	0.8668336573525198
112	3	0.8474120647009011
112	109	0.8280497851438107
112	111	0.7290141349887839
112	0	0.6242935068577092
112	5	0.6142636243439031
112	102	0.597403513548456
112	13	0.5647497387611191
112	156	0.5527204465727282
112	106	0.5208460039774622
29	133	0.8844186464298214
29	26	0.8002114766253648
29	21	0.7159958473440484
29	129	0.7033906271314933
29	25	0.6905728420998102
29	127	0.6596083349321711
29	23	0.6539848054454818
29	16	0.5894742745179345
29	118	0.5871333224805312
29	125	0.5849338350976485
29	52	0.5584789860349305
29	123	0.5317844947677977
29	117	0.5313683874267341
29	22	0.5160272729300643
133	26	0.8089557590784529
133	129	0.795376808035601
133	21	0.7394795778065586
133	127	0.7273888991647091
133	25	0.685332068606841
133	23	0.6745906232730245
133	125	0.6310987038434958
133	123	0.6129730371588691
133	118	0.6121608471382126
133	16	0.5882919529887376
133	117	0.580084465151579
133	22	0.5569426094403526
133	52	0.5551880011631029
133	115	0.5202627855361738
109	103	0.7858169038423167
109	11	0.7718952374404182
109	3	0.7636026749238308
109	5	0.6572972674809348
109	106	0.6369828433125778
109	0	0.5495176254490151
109	111	0.5298308754825327
109	52	0.5127031465733783
40	144	0.8708773447952878
40	145	0.6993565634681274
40	41	0.7519512182027852
40	140	0.6561883249327349
40	141	0.6505663357523501
40	47	0.6410003821608026
40	142	0.6391172498889897
40	42	0.6361858646940933
40	35	0.6215825859692525
40	37	0.6198121524528905
40	36	0.6027721636103032
40	114	0.601012042468177
40	146	0.5946698231792655
40	32	0.5910381072925558
40	157	0.586510464513722
40	24	0.5796729459522137
40	62	0.5732364174894219
40	172	0.5661646747081481
40	51	0.555381665611734
40	153	0.5325872861719194
40	150	0.50791065354157
144	140	0.7950827203833498
144	141	0.7491258480552434
144	142	0.7137613621826135
144	114	0.7145649141867134
144	146	0.6886902210277147
144	145	0.660804284471232
144	42	0.6480039055166047
144	35	0.6454092182363105
144	157	0.6430694023964043
144	41	0.6411711947715591
144	172	0.636953129723384
144	24	0.6335413938452502
144	137	0.6146184277919429
144	37	0.6063697242350035
144	47	0.5957804387292278
144	32	0.585315260048993
144	153	0.574249353949527
144	62	0.561321137509943
144	150	0.5545304765944485
144	130	0.5528315567629908
144	36	0.5524634289827344
144	134	0.5209188721259249
144	124	0.5200147706189785
11	3	0.7527887205995915
11	103	0.7463394107041015
11	5	0.6114099850038689
11	156	0.6029949496015599
11	111	0.5862808154647942
11	0	0.5504453272877876
11	106	0.5389680404437327
103	3	0.86277491361022
103	111	0.715576468258007
103	0	0.671790949177495
103	102	0.6437784690255802
103	5	0.5998033682069411
103	13	0.5985726994880242
103	156	0.5434439305600773
103	106	0.5396984335720532
103	15	0.50791065354157
103	52	0.5054280818797572
15	116	0.8668336573525198
15	115	0.7901384096830795
15	14	0.7851274441380265
15	18	0.6819070655833069
15	152	0.7003667461081843
15	16	0.6880219905882756
15	148	0.6610014070665419
15	43	0.6564160319060164
15	118	0.6510447909485126
15	188	0.6387148352459119
15	17	0.615439123816063
15	75	0.5999185982304402
15	120	0.5500897524288607
15	117	0.548868125455622
15	186	0.5314186208927579
15	26	0.519525778614808
15	52	0.5167459507962803
116	148	0.723199264813216
116	188	0.6787917633331153
116	115	0.7671646300232999
116	14	0.6887427879852506
116	118	0.6772411229382403
116	152	0.6677325468332607
116	16	0.6558408415888258
116	43	0.6227287499947689
116	18	0.6056357219964792
116	123	0.5802834811157748
116	75	0.5708885438436282
116	26	0.5408031145496186
116	186	0.5391099278375627
116	129	0.5341399704734118
116	21	0.5336037348863533
116	17	0.5282754546582595
116	25	0.5277850495370113
116	120	0.5164893636323079
116	119	0.5153592780074097
116	117	0.5106953430222045
95	197	0.8639968172849302
95	199	0.657870526621508
95	79	0.655424635261161
95	98	0.6332240158965605
95	99	0.6307796885226
95	101	0.6248850983140392
95	181	0.5801972493706081
95	97	0.5767239642108013
95	83	0.5736189904497883
95	190	0.5584721049842801
95	85	0.5305210323044293
95	177	0.5177786904530866
95	191	0.5155795653870292
95	38	0.5130716198257212
197	199	0.7530052936357432
197	181	0.7243277777405626
197	101	0.6638690203049187
197	79	0.6970245621569731
197	99	0.6175221570650536
197	190	0.5695726123461581
197	98	0.5635157642476305
197	196	0.5633383012551034
197	166	0.5358672949999131
197	195	0.5237475492256007
3	111	0.7069949700013022
3	0	0.683386225469155
3	102	0.6516263104565583
3	13	0.6399741724154722
3	5	0.5948184674402874
3	156	0.5384782941092437
3	148	0.5102073130222324
23	25	0.8485358207402374
23	22	0.8449128353203953
23	21	0.7499934048195863
23	26	0.6892365635302109
23	123	0.6457125088300986
23	129	0.6358821797401472
23	127	0.6231081729744781
23	125	0.5544612231593125
23	16	0.5229560972410101
23	118	0.5199855866264164
23	117	0.5170903647254012
25	21	0.7618879813039355
25	22	0.8003912354841726
25	26	0.7334483647830864
25	123	0.6951947856794648
25	127	0.6636732275462944
25	129	0.6349580061257732
25	125	0.6140394099000187
25	118	0.5869104846880947
25	16	0.5638841750960079
25	52	0.5570460730355524
25	117	0.5346186444065376
25	27	0.5305282177406515
25	124	0.5231885437486088
75	186	0.8466208896857171
75	77	0.657887542476782
75	187	0.6189739136427616
75	76	0.6051796153184424
75	135	0.581476122048804
75	147	0.5782968596192758
75	188	0.5692347226283185
75	184	0.5621972033691582
75	78	0.5406545159574893
75	148	0.5252336130178161
75	7	0.5099187771096214
75	14	0.5077473894120499
186	187	0.6733845373940424
186	147	0.5970496873536767
186	135	0.5961222049843516
186	77	0.584795669122112
186	184	0.5751601653074319
186	188	0.5439792575653445
186	76	0.5124377288218008
22	123	0.7148633162407245
22	21	0.6741435355176281
22	26	0.6400745351154532
22	127	0.6079039878016432
22	129	0.5960190530159671
22	136	0.576463623774668
22	34	0.5736458282841381
22	125	0.5505847139293174
22	118	0.5392234157251159
22	117	0.5123492344715946
22	143	0.5101555329781763
10	110	0.8387966454653977
10	7	0.6334396165832239
10	13	0.7295899206196166
10	114	0.6531713790955507
10	1	0.6487110570615595
10	102	0.6259688348669561
10	8	0.5714140970028656
10	139	0.5709222471950827
10	104	0.5441200595582621
10	0	0.507012249456821
110	13	0.7336839239327826
110	104	0.6449889412109232
110	102	0.7188300876738786
110	1	0.6571041178203494
110	114	0.6553333587223584
110	7	0.5958900853865655
110	139	0.5280663543672198
110	0	0.5171782733767382
110	111	0.5137932790997299
78	98	0.8374875736899556
78	76	0.7277042520409992
78	147	0.6991879274240757
78	135	0.6689387995083647
78	81	0.7070949874800763
78	184	0.6931222165362536
78	185	0.6434328637177978
78	193	0.6428816960181938
78	73	0.6259749164590649
78	93	0.6158800077188282
78	79	0.6147739649367582
78	194	0.6144379448132512
78	74	0.603045858912867
78	69	0.584795669122112
78	85	0.5823821828554075
78	187	0.5450977868186553
78	97	0.5195622823148146
78	199	0.5097633640732628
78	55	0.5097485610960916
78	190	0.5079180737715618
98	81	0.7665054880243773
98	193	0.7024901705854177
98	85	0.7011962612670026
98	93	0.6979642693301852
98	79	0.6807873156063029
98	185	0.6563534244064103
98	190	0.6525000267824422
98	199	0.6513557975467974
98	87	0.6490410641603793
98	97	0.643737478728643
98	135	0.6212204084861758
98	194	0.615314861585577
98	83	0.6082065168182583
98	74	0.5995087784246211
98	55	0.5782169853476758
98	147	0.5547935696036107
98	184	0.5537821330812064
98	61	0.5521159409446568
98	76	0.5437891262713634
111	8	0.5790750528412723
111	13	0.750823489756266
111	102	0.7066747239491923
111	1	0.6618170865580052
111	6	0.5908363614084958
111	0	0.5868908182593389
193	194	0.8337156008410261
193	190	0.7662578925820325
193	185	0.7638943566343299
193	85	0.75787779837503
193	87	0.7217364647778963
193	83	0.7156350172683398
193	81	0.7089750297326916
193	191	0.693662191958516
193	79	0.6300204180690772
193	74	0.6265644690422315
193	184	0.6238294909995168
193	160	0.6119294488712018
193	196	0.6077211242742958
193	93	0.5938224217036211
193	135	0.5766839194570168
193	97	0.5749325959473556
193	55	0.5429434227526693
193	181	0.5348828398091495
193	199	0.5123123586138627
194	185	0.7931990970835009
194	81	0.7850123445621904
194	74	0.6900546099125562
194	93	0.6893940168565584
194	196	0.6771220094115664
194	190	0.6528214857681482
194	85	0.621177420652616
194	175	0.6174417239783897
194	184	0.6049450724868602
194	167	0.5776908696889016
194	87	0.5758289711982334
194	92	0.5709222471950827
194	79	0.5470628140416689
194	183	0.5364088374915502
194	97	0.531712770428735
194	83	0.5215743438219252
194	76	0.5163647021024953
194	135	0.5156823428474092
79	181	0.8320308418417124
79	93	0.7626002534727578
79	99	0.6451465908546209
79	81	0.6638466485939
79	190	0.6435148955087732
79	85	0.6307375384726329
79	196	0.6305026343395802
79	199	0.6182084060820433
79	135	0.615948279193149
79	97	0.6021414884028311
79	83	0.6006669868717327
79	185	0.58165480308206
79	182	0.54045633200651
79	74	0.5280086602560065
79	195	0.5226145503650007
181	196	0.7174741688725449
181	93	0.6520518886956979
181	199	0.642271116756966
181	190	0.6246351316541637
181	182	0.5986047840639213
181	166	0.5985791165568474
181	195	0.5959352275539376
181	99	0.5840120875019771
181	85	0.5449361068186365
181	81	0.5443312050936073
181	135	0.5412981994422439
181	185	0.5379597603488105
181	183	0.5332746312836537
181	101	0.5176249736433559
181	175	0.5119139789758925
177	71	0.8269148059054208
177	191	0.5707739380561336
85	55	0.6787755857514229
85	190	0.7892727710934515
85	83	0.7660513890607366
85	87	0.724736323520272
85	81	0.6974716073318894
85	93	0.6641988650472481
85	185	0.6479574958357365
85	97	0.630520707990553
85	74	0.5821111774536506
85	191	0.5296150574118684
123	136	0.7352176583997013
123	127	0.7104738264055083
123	118	0.6963091916247865
123	125	0.6941340318023207
123	129	0.6926543013387643
123	117	0.6721255171541249
123	21	0.6542308269116951
123	26	0.6006222410484303
123	16	0.581846657244857
123	115	0.5729409269744321
123	120	0.5556167486218764
123	138	0.5536365178258235
123	143	0.5532064085481286
35	37	0.8295214146705343
35	140	0.7360023391578764
35	62	0.7344770598511912
35	32	0.7305519324064909
35	24	0.7211322540766999
35	42	0.7057423633634352
35	30	0.655475969902158
35	2	0.6228940186070846
35	137	0.6207104549452475
35	134	0.6175159703629942
35	141	0.6140207208876579
35	114	0.5868121456189532
35	146	0.5722015487269662
35	41	0.5717372815816558
35	34	0.5344329310410936
35	142	0.525016339893063
35	67	0.5174053202245188
35	36	0.5107323015917761
37	134	0.6804169369268707
37	32	0.7316597834992162
37	141	0.7132950286326134
37	62	0.6957162905812362
37	140	0.6947501543378766
37	42	0.642547152682299
37	24	0.6202738124312344
37	30	0.6104761299851571
37	137	0.6021861063160735
37	2	0.5833725634322576
37	114	0.5733773945186138
37	41	0.5553055903318458
37	36	0.5083705652504966
170	174	0.8282696911300458
170	195	0.7366478726041863
170	175	0.7271910584718139
170	183	0.7153079899459179
170	196	0.7026066485025607
170	166	0.6960721451005333
170	180	0.6504394296335979
170	145	0.6309061163403956
170	182	0.6180292066337831
170	169	0.6149543281376385
170	199	0.5606906870193047
170	173	0.5558724733493792
170	179	0.5272870726373292
170	172	0.5229996868884509
170	165	0.5208314294368394
174	195	0.774269047812396
174	183	0.7721780090248965
174	145	0.7564953958632459
174	166	0.7007384810733523
174	196	0.665047444282033
174	175	0.6596817678247375
174	180	0.644398727765286
174	165	0.626795232534737
174	179	0.6190911054049126
174	169	0.5963220059333434
174	173	0.5769575033747805
174	182	0.5614101704280298
174	60	0.5395921161258268
114	141	0.814414093765686
114	32	0.79126278495432
114	139	0.6905623797723164
114	36	0.6761406823079915
114	142	0.6474118216186036
114	134	0.6171260540868795
114	2	0.6157558540645145
114	13	0.6155633554599791
114	140	0.5905433729522506
114	172	0.5771242593283566
114	24	0.5695928796110197
114	104	0.5512046122635975
114	124	0.5459476965976985
114	157	0.5061276192286533
141	140	0.7321009170079928
141	32	0.693428644329307
141	172	0.6696895444504306
141	36	0.6600769592454269
141	134	0.6524253687670399
141	142	0.608464787181771
141	139	0.607071122347495
141	166	0.5942948005480139
141	145	0.5910901587477514
141	24	0.525559394339031
141	2	0.5075321218699619
190	83	0.7934585376241938
190	185	0.726941229831261
190	93	0.6682420362892675
190	55	0.6579839529700658
190	87	0.641683251571512
190	81	0.6364893526478976
190	97	0.6257255087469962
190	191	0.622514430175055
190	74	0.5925326231290354
190	196	0.5815687784780766
190	135	0.5342114361051027
26	21	0.7612159198942994
26	52	0.6455025601070837
26	129	0.7858933901791727
26	127	0.7591602353990421
26	118	0.6598568262086663
26	125	0.6597213033965742
26	16	0.5959868139908183
26	143	0.5876376557109646
26	117	0.5547035765811696
26	115	0.5475601336089427
44	149	0.8024659492867823
44	33	0.7182593295106159
44	164	0.6768945122973204
44	45	0.6601333853614682
44	49	0.613116597649449
44	48	0.6110529392475376
44	46	0.6063191365205203
44	62	0.6015738755567425
44	154	0.5767573327220078
149	33	0.7439466070872742
149	48	0.6834768220985217
149	154	0.6763089255093151
149	18	0.6718732454220875
149	46	0.601707861491433
149	164	0.5720266505100943
149	137	0.5685515985652276
149	150	0.5610128462968212
149	34	0.5505707766463903
149	43	0.5459406771482506
149	125	0.5333604999683662
149	152	0.5326302658453986
149	118	0.5313253271957245
149	130	0.5143671418465837
149	146	0.5130863548247756
149	136	0.508837598012595
195	196	0.802038279583332
195	183	0.7374335182377126
195	182	0.6299239164585726
195	199	0.611647877297014
195	145	0.607891378593509
195	160	0.5978535016272362
195	173	0.586766248128301
195	175	0.5843875525064779
195	191	0.5813768305612813
195	179	0.5711176886892743
195	166	0.5705581491744414
195	180	0.5570598668753247
196	175	0.7581798268871178
196	183	0.7651408924653712
196	93	0.7085719412694818
196	166	0.6620305921477995
196	199	0.643544188995172
196	182	0.6055280660001813
196	180	0.588049952670172
196	81	0.5872053980160457
196	169	0.580482427800627
196	167	0.5516778327818377
196	145	0.5386060891240111
196	160	0.5268104077162359
196	185	0.5198396484532726
196	74	0.51469065624252
137	140	0.8002114766253648
137	62	0.7533903903466911
137	138	0.74416087141222
137	146	0.7354289362282092
137	34	0.7256607925154713
137	24	0.6878060131219154
137	42	0.6766668857933966
137	130	0.628667624836879
137	134	0.6228450559239772
137	150	0.609414867153632
137	33	0.5936735051331065
137	143	0.5907061635462981
137	39	0.55994976261384
137	142	0.5537127967068051
137	164	0.525812673302148
137	2	0.5207439758167745
137	49	0.5059639573445859
140	146	0.7523681037270689
140	24	0.7235329837933452
140	62	0.7040821413516871
140	42	0.6906617602156576
140	142	0.6558465402793564
140	134	0.605718032213906
140	41	0.5899178103157532
140	172	0.5831152310818862
140	164	0.577610911355252
140	165	0.5762899984359996
140	130	0.5638978156349138
140	171	0.5524217405513261
140	150	0.528109621751808
140	153	0.527409796253664
140	138	0.5235225492649723
140	2	0.5229706274274424
140	32	0.5224837007315936
140	145	0.5224109958548776
140	157	0.5214797025788381
140	34	0.5099631747216626
140	155	0.5090080274525163
140	47	0.5063284271873958
34	138	0.7959638616217392
34	33	0.788706528399007
34	39	0.6582617213795693
34	24	0.6563249634632986
34	62	0.6526665259493327
34	42	0.5905759349169941
34	27	0.5660831342613675
34	130	0.5557619025892645
34	143	0.5492872336527659
34	150	0.54461262521996
34	136	0.537206095609282
138	39	0.6667394624082691
138	130	0.6454617254108848
138	150	0.6127482525052264
138	33	0.6057053699472035
138	136	0.6052366503987945
138	143	0.5887037652309537
138	27	0.5624843879493373
138	24	0.5451680698275903
129	127	0.7942351319253553
129	21	0.683631320707047
129	125	0.675107972684722
129	118	0.6706920803812235
129	117	0.592097684114041
129	52	0.5797393400308807
129	16	0.563351954100445
129	143	0.5522897089529534
129	115	0.5255883452233201
127	125	0.7792271463231238
127	118	0.7381853192702369
127	143	0.6940822104108049
127	21	0.7054963337215793
127	117	0.6041709709781538
127	52	0.5637136424001195
127	27	0.5485885665818063
127	16	0.536757755877741
127	136	0.5344829358712713
127	39	0.5216034616225805
127	18	0.5211447151423503
83	191	0.6961339979620078
83	87	0.7305426063927482
83	55	0.6385549559711415
83	97	0.5992396632046031
83	81	0.5852758143009673
83	185	0.5727460903859186
83	93	0.5517891272081118
185	81	0.7270685250844626
185	74	0.685507034615644
185	135	0.6612490889561407
185	93	0.6284075004167194
185	184	0.6105890349783424
185	97	0.5765103601669961
185	87	0.5507798036608408
185	55	0.5162106782291075
185	76	0.5105548832441285
32	36	0.6902117247730943
32	30	0.6750644319952243
32	134	0.6365845239636354
32	2	0.6202245891569779
32	24	0.5372487788101007
32	172	0.5172222236108919
32	142	0.5133368035379545
32	42	0.5117811368025861
13	102	0.7619718738602599
13	139	0.7041376065729409
13	1	0.7311575389464704
13	0	0.7204500009563225
13	124	0.5491335927110947
13	7	0.5466422426782698
115	16	0.760099211502638
115	118	0.6877585871263054
115	152	0.7122570143806147
115	120	0.696479153222683
115	14	0.6739416388845342
115	17	0.6717690007108914
115	117	0.6571154819545664
115	119	0.6078220224681782
115	18	0.5908623972889256
115	188	0.5735250483306931
115	21	0.5546551134235117
115	136	0.5492453352598644
115	148	0.5406332848323033
115	46	0.5083631496191141
1	102	0.7888954248973453
1	6	0.6376894682507696
1	7	0.6155571446041934
1	0	0.5728065638409563
1	8	0.562990049753005
1	105	0.551962985410997
1	139	0.5467964842233678
102	0	0.7324162991612936
102	139	0.6236706476801965
102	7	0.5774976180736753
102	6	0.5278716172068795
102	124	0.5082593228632195
33	136	0.6305387809577899
33	48	0.6261026123057967
33	62	0.621656216687449
33	49	0.570483953544294
33	150	0.5586716242484702
33	18	0.5450907580963138
33	42	0.5395850276840962
33	27	0.5159832486158367
33	24	0.5126073125735929
155	157	0.7870378033235761
155	51	0.7554026176676777
155	154	0.7471356995721871
155	47	0.6588789719962647
155	146	0.6452925137852377
155	153	0.644539046128675
155	171	0.6327505475408496
155	164	0.615134627019215
155	53	0.5692212030377927
155	124	0.5507798036608408
157	124	0.6379504699437087
157	51	0.7249166816003316
157	47	0.6734829050575762
157	146	0.6516320642505798
157	153	0.649174155800504
157	53	0.6089935241207707
157	171	0.5971590766338223
157	154	0.56682338658462
157	164	0.5461021050942031
157	139	0.5175590847792194
157	168	0.5103922115586688
42	62	0.7857403934599794
42	146	0.7273182556490367
42	49	0.6798687832366723
42	41	0.6421477276757971
42	150	0.6169402730673504
42	24	0.6126295761700784
42	67	0.5685448310359533
42	30	0.5340470537380121
42	47	0.5308586653865988
42	134	0.5278139066454414
42	164	0.5150948432251768
62	41	0.7529576615574893
62	49	0.6980411881584301
62	146	0.6716263069247009
62	24	0.6658330808312891
62	67	0.65235069808628
62	164	0.5950381279449299
62	150	0.5468806003362177
62	30	0.53864868195636
62	45	0.5250453135982946
62	134	0.5243786105158361
175	180	0.7852808259187325
175	169	0.7485592353123887
175	183	0.702049239637062
175	182	0.6968960005670675
175	166	0.642693912393378
175	92	0.6350415546645175
175	167	0.6350296200684626
175	69	0.5389893255031087
175	199	0.5351112488175512
175	81	0.5317916667821689
175	172	0.5282466170471466
175	93	0.5243713602070889
180	169	0.6316279184934958
180	179	0.6192575936464582
180	183	0.6108022322606373
180	91	0.6084584894374242
180	189	0.5679896317671549
180	182	0.5661986466244904
180	92	0.5578869347723934
180	94	0.5498944499984859
180	173	0.5373625872261271
180	82	0.5342185822483422
14	152	0.7515554894018999
14	17	0.724299255544808
14	43	0.6762600879754587
14	18	0.6589977900393637
14	46	0.6553904088023806
14	119	0.6270501590586388
14	120	0.6196273682302805
14	16	0.5505080550748287
14	148	0.5337324705898104
14	154	0.5261020208427126
14	118	0.5109983475699038
14	151	0.5059713973116808
81	93	0.7755873492083547
81	74	0.7490600190890437
81	61	0.6631917503090868
81	97	0.724864482899653
81	92	0.6365845239636354
81	87	0.6092954167553066
81	183	0.5898265232002943
81	76	0.5867400192979051
81	167	0.5809331171341285
81	64	0.5533174327472201
81	55	0.5357817479502418
81	135	0.5228035119329403
84	86	0.781417274731799
84	189	0.7376205003341543
84	82	0.6466269779274746
84	76	0.6171817749809186
84	91	0.5958578386755108
84	77	0.5749861496848676
84	69	0.549496684192414
84	92	0.5376612412136017
84	64	0.5343186202366805
86	189	0.7636860443814609
86	69	0.6728047773249414
86	77	0.6563192710505149
86	82	0.6556698461130596
86	94	0.6463825246608211
86	76	0.6104635834540773
86	91	0.5324941541225822
86	68	0.5265502689057382
125	21	0.7388717281121439
125	118	0.7005093743325435
125	27	0.6070963803202427
125	52	0.5889062909057106
125	143	0.5667215712414229
125	130	0.5653147517039491
125	136	0.5647769804550178
125	117	0.5555890964061838
125	18	0.5433875546136773
45	164	0.7781248901089726
45	171	0.7564825641305541
45	31	0.689976028083982
45	67	0.6397379387312324
45	173	0.6320965035553813
45	165	0.6074751027132008
45	80	0.5250308268977997
45	41	0.5220182582552524
164	146	0.6988146074884459
164	171	0.6982667238131169
164	31	0.6810769345676289
164	154	0.6333497949115854
164	165	0.5720333783267202
164	24	0.5602585900939578
164	41	0.5353395796158409
164	48	0.5148229608189318
164	47	0.5129242532031739
76	77	0.7764624759548159
76	184	0.6592296733582431
76	73	0.6082569211522831
76	69	0.6027466963675279
76	187	0.5878143918014483
76	147	0.5417505202885323
76	63	0.5308802107157881
76	189	0.5251032573578165
76	167	0.5249728770534224
76	74	0.5129389912261917
77	20	0.5264852187899314
77	188	0.6415950066876865
77	187	0.6361739591917016
77	147	0.6025556529020085
77	189	0.5751735489691602
77	184	0.5738604866210776
77	148	0.5457019702645255
17	119	0.775627192544398
17	120	0.727087379390511
17	18	0.6503124871899612
17	16	0.6268316588289717
17	152	0.6179364920544684
17	117	0.6042789060556337
17	46	0.5730819751275658
17	154	0.549322146870615
17	43	0.5482669221683637
17	118	0.5233483055816998
17	48	0.5197301749068058
119	120	0.7032642945124142
119	152	0.5655256447004744
119	117	0.559929168579997
119	18	0.5505638078898236
119	154	0.5432747880160066
119	16	0.535375249237768
119	48	0.5245380980702766
119	46	0.5233555666092093
93	74	0.6285103571099041
93	97	0.6111469227783113
93	61	0.5745106881036
93	55	0.5221928356452117
93	167	0.5152417635481343
165	171	0.7755076439929965
165	173	0.6991061364760714
165	145	0.6074372428933373
165	153	0.574631264377739
165	146	0.5666265279687169
165	67	0.5640751146424184
165	172	0.5567011271526654
165	41	0.5211228625551294
171	173	0.7163319527053233
171	146	0.6864388504105232
171	67	0.661496626761777
171	153	0.6231265247175621
171	154	0.5781370999909882
171	47	0.5561833481723722
171	31	0.5428023649493309
183	166	0.678700081658283
183	169	0.6226981385964682
183	182	0.5889650748341594
183	167	0.5808734875124082
183	61	0.5794405060565075
183	179	0.5658792346747178
183	199	0.5497130438820735
183	160	0.5350113294994965
183	191	0.5307437453741927
73	184	0.7688054199701443
73	161	0.47184414738874025
73	162	0.4660950931408827
73	69	0.5547381908182152
73	189	0.527597448633085
73	147	0.515072802565518
184	147	0.7077144646878943
184	59	0.3936736157883094
184	187	0.6864441383912706
184	189	0.6256707435801343
184	135	0.549140577195714
87	191	0.6692480953062624
87	97	0.604024905872921
87	55	0.6015292060547177
87	50	0.523762062843663
87	74	0.5057779336996795
189	82	0.6985586890178093
189	94	0.620851820023153
189	69	0.5879518144264049
189	147	0.5382723500282917
189	159	0.5247700142654944
189	187	0.5073613473746464
89	179	0.7624328260682536
89	50	0.5650016774662154
179	173	0.654379516942699
179	191	0.6282683063778544
179	50	0.5587335308770734
179	153	0.5431408522165748
179	192	0.5348685616494551
179	160	0.5067001488117171
21	122	0.5693023159635012
21	118	0.664511698981433
21	16	0.6360310695313264
21	117	0.6144752913970953
21	52	0.611735493956153
16	117	0.6807765848875793
16	118	0.6834288617994446
16	120	0.6141017016351621
16	152	0.6115226846090751
16	18	0.5869694798191647
16	52	0.51362397530841
16	148	0.5092006387728691
97	61	0.5463406634376341
97	55	0.5411214264593821
97	74	0.5409941202925712
97	191	0.5197155771441639
145	166	0.6919356974821467
145	41	0.6670504030325799
145	172	0.6438721472607472
145	60	0.5218145293398632
145	169	0.5129537289468241
39	143	0.7560459385635852
39	27	0.6837697846292864
39	130	0.6777604758036074
39	24	0.6053000154232013
39	142	0.5310597284369143
143	130	0.6448312366492337
143	27	0.5780771786988798
51	53	0.724864482899653
51	47	0.7196940521989692
51	154	0.5773576368343432
51	146	0.5687004647399928
51	153	0.565546049776636
51	124	0.559661383179432
199	182	0.7041981042885257
199	166	0.6613785016895684
199	135	0.5353324454623042
199	160	0.5306216214735178
199	61	0.5181738087623718
41	67	0.6869778505718739
41	49	0.5950833411354465
41	146	0.5646543831398937
41	142	0.5155501976729188
146	154	0.6932988326494212
146	150	0.6491567982750044
146	49	0.6594218717926871
146	47	0.6296705071684937
146	24	0.5888670981580745
146	153	0.5791680993889782
146	48	0.5712052793817204
146	172	0.5416445357206829
146	67	0.5165846782678445
146	124	0.5057481655501812
152	46	0.694993216397132
152	118	0.6118606345809791
152	120	0.600379269494208
152	43	0.5961286513290904
152	154	0.5719593681104753
152	18	0.568341769374617
152	151	0.5392943357115011
152	117	0.5126736605493513
36	139	0.7511287141487235
36	142	0.5900090823539269
36	38	0.5824218313295115
139	0	0.656302193363834
139	142	0.5655188428545567
74	55	0.50658121837733
0	156	0.5636999977076997
0	101	0.5568184303054144
169	167	0.702358454565131
169	158	0.46347662363915443
169	60	0.6113974612941234
169	65	0.5882657958701086
169	166	0.5628124327848865
169	92	0.55354635807849
169	172	0.5382794526188323
169	63	0.5310525486431373
169	91	0.5070345372751754
154	46	0.7260203906018966
154	48	0.7259305282724584
154	43	0.5823887911268528
154	124	0.5743163738686379
154	47	0.5219164012406202
154	151	0.5111313338604087
118	117	0.6497581313536729
118	18	0.6416479556563475
118	148	0.598213221023045
118	136	0.5809728667513738
118	120	0.5719728252061599
118	188	0.5508076687112408
118	52	0.5163500346011332
27	130	0.7366295780686595
130	142	0.6076265143952754
130	150	0.5931552176734057
130	24	0.5774109670237171
136	120	0.6372620585429649
136	117	0.6310204745504027
136	18	0.5239144374750527
47	153	0.7277559970161082
47	168	0.559180449450635
153	168	0.6538760541975672
120	117	0.6776847789182506
120	18	0.6026002358894352
46	151	0.5747719051752856
46	54	0.5157337260129972
46	48	0.6463534142384314
46	43	0.6369115275188088
46	18	0.5287871194405654
91	92	0.7259494487177759
91	65	0.6775982506022938
91	66	0.6454675591648402
91	64	0.6775495701787357
91	82	0.6519139083051896
91	60	0.6473479226956252
91	68	0.6149729827287103
91	69	0.5747049376006989
91	94	0.5290464083758833
92	64	0.7220573042221902
92	66	0.563570357785044
92	65	0.5530537181800492
92	60	0.5334606662090416
92	69	0.5295574943418128
92	167	0.5154767730883897
48	49	0.5736793738451312
48	18	0.5242770992740573
48	43	0.5096449318046606
53	49	0.5861167227157507
24	142	0.6569961436472114
24	2	0.6116228412095284
24	150	0.5473640537396985
24	124	0.5310884468494448
24	30	0.5287799155606494
24	134	0.5232175940905486
148	43	0.6733626746745813
148	188	0.6410298371422488
148	18	0.5475041169232553
64	65	0.5788423704624652
64	66	0.5213850485029742
64	60	0.5104291856045937
50	173	0.721769999836877
50	80	0.6135782132751676
50	94	0.5651242041626929
173	80	0.5991691582565931
63	167	0.7174013764165347
63	65	0.6835301043999877
63	61	0.5503128815486784
63	60	0.5368360592763955
167	61	0.5868252584951708
167	60	0.5539900961298253
167	166	0.538677075648473
142	38	0.5924417688801802
5	106	0.6739525547907466
147	187	0.7092882230786569
147	135	0.6672446229965074
187	135	0.5385563940068127
182	166	0.5823359228000944
182	135	0.5555407020712304
182	80	0.5258777871135158
166	172	0.681189506649154
166	61	0.6194610036820101
82	94	0.6521898259071843
82	159	0.5296006671016247
82	66	0.561190989100738
82	69	0.5392446925241591
49	150	0.5907387158962447
49	67	0.5469647054094391
68	69	0.6971839163145246
68	66	0.6020586165845925
68	65	0.578469882513102
68	172	0.5782902038533643
68	60	0.519211768510431
69	94	0.5961802193201732
191	160	0.6653763652016811
191	192	0.6022370936111263
31	43	0.5515665187062555
31	67	0.531949431799128
67	60	0.5767773529049727
2	30	0.6836579522075861
2	134	0.6367569725648656
2	104	0.5491545459348257
30	134	0.6793198687670952
65	60	0.6674276616087754
18	43	0.6268802229592647
172	134	0.5519421249596953
106	101	0.52331926071165
135	7	0.5384143873108886
60	61	0.5803696998518196
60	66	0.5351540667998401
101	100	0.5133368035379545
101	99	0.641336057029589
61	66	0.526853754593708
94	66	0.6126733022450229
52	156	0.622171324162227
104	7	0.5394148821339493
6	105	0.5631607862696778
7	8	0.5179982279132685
4	107	0.631375412130031
4	8	0.5616292730170689
107	8	0.5351754747598806
156	38	0.5778840565639533
54	178	0.3383074608591867
100	57	0.3277719732870841
56	163	0.5124672245201599
56	58	0.4072917067734003
161	58	0.41260778387281394
72	178	0.3529328847264563
