19	121	0.9560229208941606
19	124	0.7683961672446238
19	20	0.6949311730915689
19	120	0.6638186822842987
19	117	0.5769441608200345
19	17	0.5764970072969442
19	123	0.5646680062945965
19	16	0.5258994903477024
19	119	0.5190583637669984
19	15	0.518363972073316
19	18	0.4987643758577127
121	124	0.7624328260682536
121	20	0.6813556256300652
121	120	0.6328644629257462
121	117	0.5763701396739881
121	16	0.5517195704943703
121	17	0.5439158866719344
121	15	0.5352896389370421
121	123	0.5307940252814805
121	119	0.5077399674484797
121	18	0.5005951553906958
95	197	0.8803227296795815
95	96	0.7019985233901883
95	198	0.6706150490500602
95	79	0.6599302164786913
95	181	0.6165685046769468
95	99	0.5981233137620056
95	98	0.5739476690550609
95	74	0.5525537444365002
95	81	0.547966107814199
95	93	0.5099187771096214
95	112	0.5061499339348156
95	196	0.48140384415164017
197	99	0.6223183988804557
197	181	0.6367331903368225
197	112	0.6076202064567567
197	79	0.5954836364011519
197	198	0.5927661791312977
197	96	0.5586028318038347
197	11	0.5156162733262931
197	98	0.4802737172178295
1	102	0.8751580861785921
1	111	0.831136284314191
1	6	0.7918975659180228
1	8	0.7859316243321757
1	110	0.7813393851514348
1	113	0.7798940308605187
1	104	0.7708828415345883
1	2	0.7369998323285099
1	103	0.7249166816003316
1	105	0.7175081333238763
1	13	0.7160055942034047
1	108	0.6695130215349825
1	3	0.6612209505437214
1	12	0.646248601137726
1	0	0.5994126814000016
1	10	0.5744168893141401
1	114	0.5541079111785436
1	107	0.543676429525219
1	9	0.5329382064484299
1	134	0.5151095366198548
1	4	0.495972143376097
1	109	0.4902200839658439
1	112	0.48824238860656854
102	111	0.8134690981908197
102	110	0.7816118921982312
102	113	0.7681913048888893
102	103	0.7639776369921208
102	104	0.7496563276084265
102	6	0.7492311436334143
102	105	0.6960876092846675
102	108	0.6928935309069962
102	8	0.6892733084644989
102	2	0.685507034615644
102	3	0.6763686077551748
102	0	0.6677713343474323
102	13	0.6656883225342842
102	12	0.6098861118174146
102	9	0.5698360327636647
102	114	0.547763152956338
102	10	0.5450485841531206
102	134	0.5148670568959193
102	101	0.5120467966700992
102	109	0.5064325282207468
102	107	0.5019952295282518
102	112	0.49517247093245503
96	198	0.871744284597632
96	81	0.7870758574780573
96	98	0.7263984864309551
96	74	0.6934494100219237
96	190	0.6272503642959399
96	90	0.6023390534629081
96	97	0.5989768247943411
96	85	0.5924093172813988
96	55	0.5922859836725753
96	73	0.5767573327220078
96	199	0.5721544658640465
96	79	0.5681589546647662
96	196	0.5534631221783629
96	88	0.5466282188797812
96	183	0.5344543621407492
96	83	0.5323508488674856
96	184	0.5250090962766046
198	98	0.7861990951761446
198	97	0.712636177616199
198	199	0.7829699614369604
198	81	0.7302393625641469
198	183	0.6758746056246173
198	196	0.6753636792658565
198	190	0.6693916181460092
198	74	0.6612209505437214
198	79	0.6150848958207592
198	193	0.5962317823924796
198	160	0.5955997958120923
198	85	0.5574321843659914
198	185	0.5472029431634129
198	181	0.5349899162694941
198	93	0.5293127968811112
198	182	0.5291400162240917
198	83	0.5278355486771444
198	55	0.522251018385871
198	166	0.52212737425106
198	90	0.5175297988691969
198	191	0.5131305580074692
198	88	0.5077548113002506
198	184	0.5072499512282884
198	70	0.4961832373127395
198	167	0.49397138758638004
198	61	0.4874422783820294
198	194	0.4789339523077833
9	108	0.8713837205351569
9	109	0.832307586743129
9	0	0.775706860676419
9	106	0.7319291800446711
9	3	0.8138070911576101
9	103	0.7857786516571593
9	12	0.7571874449760351
9	112	0.697106818064329
9	6	0.6914349890453166
9	5	0.6664616405693955
9	111	0.616649077844514
9	11	0.6055280660001813
9	13	0.5905303476279189
9	113	0.5677863808064595
9	101	0.5221055524191016
9	105	0.4853658023530234
108	6	0.8494015004093862
108	103	0.8304547718190469
108	3	0.7936436759335153
108	12	0.7885553038935462
108	111	0.7448561740496806
108	109	0.7338177907373433
108	0	0.7181867061564647
108	105	0.6733954683121227
108	113	0.6648410401002438
108	13	0.6239760698749268
108	106	0.6161716484315455
108	112	0.6134909127278708
108	8	0.5898721686426943
108	110	0.5385776923730096
108	5	0.5073984756559022
108	11	0.48590071455252654
74	81	0.8659859241550095
74	183	0.7360802405047266
74	196	0.7118034425438098
74	185	0.703117693011341
74	90	0.6654042279893274
74	73	0.6634717457915678
74	88	0.6522415412302944
74	93	0.630948251502559
74	193	0.6173984085061015
74	85	0.6032685293978117
74	167	0.6003856649031386
74	79	0.596991766391106
74	190	0.5715218448997188
74	92	0.568341769374617
74	94	0.5565078735546494
74	98	0.552907933617777
74	83	0.5527551706184618
74	76	0.5508494639846466
74	63	0.5480010935128553
74	97	0.5475461298975856
74	184	0.5319135793554731
74	181	0.5186491209416658
74	160	0.5080590438193946
74	61	0.4927381282938238
74	55	0.49030364472917926
81	183	0.7731049656880673
81	90	0.7337808676538372
81	73	0.704575983413788
81	76	0.6946208013178018
81	196	0.6904891353876705
81	92	0.6706040433933308
81	98	0.6629956429514083
81	167	0.6595292392703573
81	79	0.6511196828979722
81	88	0.6466677072324404
81	185	0.6406290876086127
81	85	0.6165127156861877
81	193	0.614929454278828
81	94	0.6099175128063679
81	63	0.6036182502207776
81	97	0.5957352836493077
81	61	0.5919418010857268
81	93	0.577370969843567
81	184	0.5721948228346044
81	190	0.5708143896974587
81	80	0.5415597356656807
81	160	0.5409304579104927
81	91	0.517156297236771
81	55	0.5133294386468868
81	68	0.511146108604561
81	83	0.5062614973004671
81	75	0.5021074211978876
81	181	0.48786910584144966
4	107	0.8588119321120319
4	8	0.6909231630898774
4	105	0.6178190289113376
4	110	0.5529148765075583
4	104	0.5335107437191858
107	105	0.7196120952923871
107	8	0.712439261623576
107	104	0.6123796409353609
107	110	0.5769308179573688
107	111	0.5756618418932593
87	191	0.8575734645541703
87	83	0.8225656817182964
87	88	0.7673291628971807
87	89	0.705069143966136
87	82	0.6672890033964525
87	64	0.5811185916395191
87	190	0.7060333622916485
87	194	0.6879219186169651
87	192	0.6566379311053635
87	55	0.6549966110275756
87	90	0.595703027714944
87	179	0.586254563856959
87	97	0.5840779766419172
87	193	0.5355464368407766
87	91	0.5207366875217049
87	94	0.5037584192518466
87	183	0.48703810198978303
191	190	0.7875320403119855
191	83	0.7993827311287491
191	88	0.7322725609572109
191	194	0.7211850463986942
191	192	0.6807819502834676
191	89	0.6641317989180199
191	193	0.6428347573542194
191	179	0.624683915692466
191	55	0.5987331031622242
191	97	0.5942495217061562
191	64	0.5578731593753328
191	82	0.5464599093806816
191	183	0.5427670957125187
191	90	0.5215088243281584
191	185	0.5191241127526908
191	196	0.5146980071399693
191	184	0.5071311099862318
191	66	0.4892470780891721
110	113	0.8541225555991174
110	104	0.7893104729669008
110	10	0.7341637338655604
110	8	0.7355941844115971
110	111	0.7026370278556888
110	2	0.6851676344913178
110	6	0.6362275315666636
110	13	0.6309723270670858
110	105	0.6296403304658298
110	114	0.6219935502669397
110	103	0.6026002358894352
110	12	0.5899699676123263
110	134	0.5772309578892009
110	0	0.5514621439152759
110	141	0.5146980071399693
110	3	0.5094302240849056
113	111	0.7951562773791394
113	12	0.7945302967623327
113	103	0.7596639542283538
113	8	0.7176439570150497
113	13	0.7141339739699617
113	104	0.6882167925129961
113	10	0.6790343480016413
113	3	0.661884520979444
113	6	0.6576606091776676
113	0	0.6360429786694048
113	105	0.6329963307293848
113	112	0.6236828682262275
113	114	0.6152837912486453
113	2	0.5792345519713002
113	109	0.56303103090087
113	101	0.4796811085713501
3	103	0.8538247537980534
3	0	0.7725814384934345
3	12	0.738771816787725
3	111	0.7354748472796002
3	109	0.7345139011622691
3	6	0.6617496414246951
3	13	0.6332839148379851
3	112	0.6114538155760225
3	106	0.5959674696534286
3	8	0.5440989412127174
3	5	0.5065589167743338
3	11	0.5054950876524466
3	105	0.500460250427982
3	104	0.4910097527252447
103	111	0.8234046882869837
103	12	0.7613546666425947
103	0	0.7561316045167201
103	109	0.7465298299000374
103	6	0.7146383158661352
103	13	0.6759669379128397
103	8	0.6245802437829644
103	112	0.6182516514962105
103	106	0.592240537976522
103	105	0.5878994669511802
103	104	0.5570046896721048
103	2	0.5060532319806518
103	101	0.4920260220858857
103	10	0.4823328854429293
28	132	0.8503180344153204
28	131	0.7985509325940043
28	21	0.6722187085442166
28	129	0.6716866834553292
28	26	0.6659777890168415
28	125	0.6459573256710536
28	25	0.6169898213977333
28	127	0.5774442958902248
28	128	0.5768707712648639
28	133	0.5720939252126885
28	29	0.5695523443886641
28	27	0.5281817279663104
28	75	0.49607769767474785
132	129	0.6903635406359084
132	125	0.6810072309492671
132	131	0.760018972569741
132	128	0.6616484536386379
132	21	0.6450590144988932
132	25	0.6140580982238447
132	133	0.6108398461200983
132	127	0.607247902396493
132	26	0.5934273799477776
132	29	0.5552986739364254
132	75	0.5018456143511195
132	43	0.4926926944024423
17	119	0.8502903361361434
17	120	0.7105381999619601
17	117	0.6679541409335649
17	124	0.626795232534737
17	44	0.6162026641009543
17	46	0.5932329921636809
17	149	0.5904065917012774
17	14	0.5880892031204413
17	48	0.5876180149051525
17	154	0.5764769774145178
17	20	0.5606975432403971
17	15	0.5599840844660532
17	49	0.557845607659011
17	18	0.5450415548943989
17	16	0.5044968159372835
17	42	0.47940389454029675
119	120	0.7324023918647782
119	117	0.6758311477935486
119	14	0.5955029980324233
119	15	0.5917988693955314
119	124	0.5870940046277912
119	149	0.5710233457045648
119	44	0.556210973961086
119	115	0.5542257040333878
119	18	0.5357247104721073
119	20	0.5300825765317944
119	46	0.5205107127264966
119	48	0.508889472065747
119	152	0.508600412424597
119	118	0.5074059010860944
119	154	0.5001228816809293
119	16	0.48195679264215174
119	136	0.478756689662631
140	141	0.8500685802625314
140	144	0.7022064147533679
140	150	0.6728157238522746
140	137	0.6455667214599686
140	114	0.6399800767082725
140	134	0.58991129030752
140	7	0.5567218293225623
140	146	0.5495734654244376
140	147	0.5467684430658769
140	164	0.5379455482099764
140	35	0.5325299756676054
140	176	0.5152637989852733
140	39	0.5116187409057888
140	142	0.5046086299193816
140	31	0.4961229307434188
140	10	0.4952026625033989
140	172	0.4851593818966584
141	134	0.7210938543997116
141	114	0.7108549425802598
141	137	0.6715549413405723
141	150	0.5861167227157507
141	144	0.5323293504469399
141	2	0.5240450176185313
141	10	0.5176249736433559
141	139	0.5134840854801693
141	39	0.5099483758195182
141	138	0.49560258789378614
11	112	0.8498465225714104
11	70	0.6860685113271645
11	12	0.7040518839732091
11	109	0.6219812876339273
11	176	0.5788756165757324
11	13	0.5122386012307055
11	0	0.5003478110574487
11	106	0.4978623554990867
112	12	0.7821948325862778
112	109	0.7034815591102044
112	13	0.6906879086292992
112	0	0.6169712413470191
112	106	0.5991435177892959
112	70	0.5649880618502711
112	101	0.5276623932329927
112	111	0.5086523033705229
112	114	0.5045117254460997
112	6	0.4937672424516134
112	5	0.4918895861331059
6	105	0.7848587941072247
6	111	0.7425008025929497
6	8	0.7210938543997116
6	12	0.6935895483174874
6	13	0.661833946167579
6	2	0.6168845253491779
6	0	0.5887299017305456
6	104	0.5881676957114877
6	109	0.5558655632530344
6	10	0.5377252209525535
33	44	0.8475811144033204
33	62	0.8102306225660967
33	39	0.7504567967389849
33	136	0.7007944629718985
33	42	0.704480291794873
33	24	0.6666339119253909
33	34	0.6583127205936119
33	150	0.6499603203942851
33	31	0.6218279789788842
33	7	0.6061989710289344
33	138	0.5933042757196109
33	137	0.5911812369495887
33	49	0.5703962557932301
33	130	0.5688222366340185
33	149	0.5636999977076997
33	143	0.5485466221661659
33	146	0.5104957341314494
33	41	0.5004527549950931
33	27	0.48167268646165246
44	149	0.7905887999743422
44	42	0.7470208123132487
44	7	0.669176315153331
44	150	0.664567537690891
44	39	0.653114038635474
44	62	0.6519369080356698
44	49	0.6258715190382743
44	164	0.62149053212376
44	136	0.6195349503525956
44	31	0.6125483606520701
44	48	0.6085025720384458
44	146	0.5890369133951942
44	46	0.5837154911281136
44	24	0.5763033560787945
44	45	0.5584308170663633
44	143	0.5530120689029535
44	120	0.5526648841073707
44	152	0.5364373275026056
44	14	0.517603011370716
44	154	0.5083260703312523
44	18	0.5046682571226311
44	34	0.49487048944578105
44	138	0.49465903125524074
44	130	0.49375968047517216
44	69	0.4821717245739289
8	111	0.83249185314985
8	105	0.7232326519206105
8	104	0.7189798721160828
8	10	0.6031858341923265
8	12	0.5994319021874817
8	2	0.5978920545156868
8	13	0.5876442024923489
111	104	0.7294823319015374
111	12	0.7183077363871427
111	13	0.7032188038933778
111	105	0.6866503130186441
111	0	0.6098609896473371
111	109	0.5955804376397097
111	2	0.5883638787175667
111	10	0.5018456143511195
109	106	0.7099980842050567
109	12	0.6900179404168656
109	0	0.6867031605244556
109	5	0.5982902724045597
109	13	0.5632632051064899
193	196	0.8304858037290799
193	183	0.8177540779702877
193	194	0.7325553385161324
193	160	0.7222869685654812
193	185	0.7652237916612884
193	190	0.7315482421641935
193	88	0.7221817255060184
193	167	0.687315661318918
193	90	0.6593257833467826
193	93	0.6333797373652222
193	85	0.6160041307914079
193	92	0.5926169742928229
193	97	0.5744972892002603
193	83	0.5729745129469751
193	63	0.5363518538016224
193	79	0.5229706274274424
193	166	0.5055769753175964
193	175	0.5025709674787731
193	181	0.49452306291057113
193	184	0.4941301294934466
193	159	0.49273055616514405
193	61	0.49210938771685775
193	55	0.48765572125201817
196	93	0.7443080893712686
196	183	0.8117367593350531
196	185	0.7525763207897742
196	160	0.7134325400214825
196	167	0.661496626761777
196	181	0.647766005039397
196	190	0.6451932913143347
196	79	0.6268620119812053
196	90	0.6086599792444498
196	88	0.5937317816784348
196	194	0.5873757213617035
196	92	0.565341967857767
196	85	0.561321137509943
196	166	0.5432254464643363
196	98	0.5382013199174546
196	97	0.5307150123211425
196	83	0.5088450088178743
196	175	0.507019678804942
196	182	0.5032508107764744
196	63	0.5009098390959219
196	199	0.4935327864592629
196	174	0.49148771774647226
196	184	0.48972613186597314
24	39	0.8283324745926319
24	34	0.771490747609057
24	27	0.6947501543378766
24	138	0.6355842581167038
24	22	0.6268498709486331
24	130	0.6224348018794854
24	143	0.621791177808015
24	26	0.5561142783227307
24	7	0.5486934155408713
24	136	0.5317773226771465
24	2	0.524342358211728
24	62	0.4838890901944262
24	42	0.48309220405071224
39	143	0.6800945856904422
39	7	0.6846420382832152
39	34	0.6525746721331859
39	130	0.597133339977593
39	62	0.5963220059333434
39	138	0.5799119286097119
39	142	0.576770679587631
39	150	0.5175444419757758
39	27	0.509474651577697
39	2	0.5017932419428497
39	136	0.4920108637288498
39	149	0.48451683907552257
45	164	0.8275461846782206
45	154	0.6609450956305503
45	146	0.6299058202408165
45	49	0.6105576749694465
45	173	0.5996496894667285
45	149	0.5989832370235669
45	46	0.5756952716032103
45	157	0.5695793681780713
45	48	0.5690859902019905
45	52	0.5376754594685017
45	31	0.514969937147417
45	86	0.5084447174174102
45	47	0.5039673334659539
45	156	0.49338905215899936
45	50	0.48049679391699135
45	148	0.47938849095449015
164	146	0.8076036970142362
164	149	0.7373331397570323
164	173	0.6191589406674092
164	154	0.7080836350577614
164	165	0.6561883249327349
164	171	0.6238783555020561
164	46	0.6221651950956602
164	31	0.6207842156745413
164	48	0.6172312994680947
164	49	0.606211621331711
164	150	0.6031031260168748
164	157	0.5870874513830202
164	62	0.5724772440416009
164	144	0.5632290674170045
164	148	0.5615128845706258
164	137	0.5545166265218341
164	156	0.549510645106864
164	47	0.5192409846692181
164	52	0.5082222382977855
164	7	0.5011270434444903
164	152	0.49481763039087306
164	147	0.48473872848711613
164	151	0.483988644606628
98	199	0.8265983324105189
98	79	0.6864335623571777
98	181	0.5614238666466548
98	70	0.5567356303849885
98	61	0.5464599093806816
98	93	0.5345043653673917
98	166	0.5292408102747022
98	97	0.5220764555797669
98	160	0.5219164012406202
98	183	0.5196571830589134
98	85	0.5174419338640138
98	32	0.4948780404403998
98	182	0.4852052577836259
199	70	0.6911112613614026
199	166	0.6082569211522831
199	182	0.5848219890674413
199	160	0.5483788168928297
199	79	0.531712770428735
199	97	0.5261815700717839
199	183	0.5160492840649151
199	181	0.5116187409057888
199	176	0.5055918630054975
199	177	0.494968646546299
199	32	0.48288518913472983
199	61	0.47884147232089147
43	77	0.8265032882853188
43	15	0.7424649050560583
43	75	0.7232898790974516
43	116	0.7213625591110484
43	188	0.6917584392907582
43	186	0.665047444282033
43	20	0.660860614518493
43	115	0.6237561851002837
43	148	0.5656548651557833
43	118	0.5608209420726691
43	14	0.558045329743951
43	76	0.5541702748663655
43	25	0.5529287620567926
43	128	0.5497130438820735
43	53	0.5365726383584724
43	16	0.5257330813853354
43	40	0.5212539678289436
43	124	0.5163206986895741
43	120	0.49893713987829863
43	69	0.4987718881612176
43	27	0.49706467377452507
43	152	0.49429639520757424
43	18	0.4856256622726779
77	75	0.758727751406156
77	186	0.7082282044612837
77	116	0.7067297868604963
77	188	0.7044299174944235
77	15	0.6801751981693984
77	76	0.6770082770262733
77	148	0.5559692066318278
77	69	0.5317988387202603
77	40	0.518539461947905
77	115	0.5153005231999825
77	128	0.5116999434245759
77	14	0.4932679918443455
77	25	0.4867939699056882
77	80	0.48467752384457746
15	115	0.8264715964346372
15	116	0.7955604228654306
15	120	0.7026117119059596
15	14	0.7429043561113939
15	152	0.6580463247383955
15	188	0.652970654713814
15	18	0.6379623301763404
15	16	0.636840200822962
15	118	0.6238233825937494
15	20	0.6064898503877252
15	117	0.5770375522369373
15	186	0.5745240866990305
15	124	0.5453718472198644
15	148	0.5453648214860656
15	75	0.5444930366440692
15	149	0.531712770428735
15	25	0.5114858443410852
15	128	0.506224311394391
115	14	0.74564312074651
115	116	0.7273135455332294
115	152	0.720844148490656
115	120	0.6110780032071255
115	118	0.583827556964879
115	16	0.5753675774623884
115	188	0.5664431876420825
115	117	0.55944157449746
115	149	0.5396771714597817
115	148	0.524712042517301
115	46	0.504116521812114
115	18	0.5038703449117381
83	55	0.7021810685559218
83	190	0.784935581387429
83	88	0.751929488917563
83	194	0.6341874668614053
83	97	0.6136654988253528
83	90	0.6093897219999045
83	89	0.5665925802880724
83	183	0.5383646777411378
83	82	0.5230795941370939
83	64	0.5142935954195034
83	192	0.511973012084427
83	184	0.48313053422094937
83	185	0.4815574794252366
83	94	0.4809427608232964
79	181	0.8210724680085986
79	93	0.6909597450833329
79	160	0.648114109225219
79	63	0.6394720312828072
79	85	0.6015228243901878
79	167	0.5933042757196109
79	32	0.5906866312133173
79	166	0.5796530262275402
79	68	0.5543504016885427
79	183	0.5477211542443717
79	185	0.5313037960506294
79	61	0.5274891939268312
79	92	0.4844862287449841
181	160	0.6430048870411937
181	93	0.6152527189999474
181	166	0.6137777010683042
181	167	0.5596957211753297
181	185	0.5457089923198023
181	183	0.5414961283908664
181	63	0.5092598935356957
181	174	0.5012169026427136
181	182	0.5006775853452632
181	32	0.4847846288539862
183	185	0.7980431222370914
183	167	0.7210314454748041
183	160	0.6994127581885691
183	92	0.667311191819635
183	61	0.663270167766086
183	97	0.6423181133671069
183	166	0.6362453876616841
183	194	0.6316459495370006
183	88	0.6162646897063887
183	175	0.6131602819371664
183	190	0.6121983613061193
183	90	0.6066099488586258
183	182	0.5860838983944662
183	93	0.5628739214650222
183	63	0.5551741656838116
183	85	0.5467474113928095
183	184	0.5105548832441285
183	174	0.5053834079778012
70	176	0.8173561537547558
70	71	0.5853875700581436
70	38	0.574711634704557
70	32	0.574483889989012
70	177	0.5574942154961756
176	71	0.6364179614389951
176	177	0.635393488874972
176	37	0.48704572989150396
176	142	0.4812578632366209
20	124	0.8135367407901426
20	25	0.6670059971622133
20	53	0.621484394590431
20	123	0.6137901664539565
20	128	0.6089809414297653
20	120	0.598283851878647
20	27	0.5777041950001232
20	117	0.5659743964319345
20	16	0.5534215000818918
20	18	0.5446055912107677
20	118	0.5373625872261271
20	21	0.53562488312072
20	26	0.5290320060255395
20	125	0.5133883556582477
20	40	0.49755391799626614
20	14	0.4812962818555794
20	133	0.4787721053556637
124	120	0.5994831542411742
124	123	0.5543711822119102
124	117	0.5434509772087258
124	128	0.5332960994852227
124	25	0.5125630771885373
124	53	0.5066555521583912
124	16	0.5045713604725579
71	177	0.8129949833148498
71	97	0.54431009364269
71	66	0.4997553518628314
71	37	0.48681686052031675
177	97	0.6173365227649746
62	137	0.7075197462615743
62	31	0.6881694173905467
62	165	0.668136866947226
62	35	0.6203353346547282
62	49	0.6154142738169348
62	41	0.5726385666268745
62	146	0.5564112241670864
62	150	0.5450837292973465
62	135	0.5362806173121851
62	42	0.5171269946560568
62	171	0.5154620872630596
62	67	0.5079700132709297
62	145	0.4844632702184736
62	7	0.48258607227994194
146	154	0.7252676201748715
146	150	0.6926907156744451
146	137	0.6783061492286341
146	149	0.6782035548617901
146	157	0.6737887852976319
146	49	0.6714506153777662
146	144	0.6392296267782258
146	165	0.616481719127155
146	171	0.5799982033852529
146	31	0.5688492936689028
146	48	0.5422519468594956
146	42	0.5324081746318666
146	155	0.5219091251699443
146	47	0.5092524869543688
146	46	0.5070642533115977
146	148	0.4953837868110757
146	147	0.49037200592263475
146	189	0.48740415745171123
146	173	0.48321485407704395
5	106	0.8014310033516672
5	0	0.5376825684812809
5	101	0.48522819472547984
106	0	0.5867006737438303
106	12	0.5815158337944397
106	101	0.5570184844339416
2	104	0.7992021653486265
2	134	0.6664783151024519
2	13	0.6462020097094114
2	10	0.5925845330755
2	114	0.5483158785261469
2	34	0.5156236146870264
2	22	0.4940998954792761
2	138	0.48843277020700254
2	130	0.48716013950078835
2	105	0.48070443013882
104	105	0.5884815552840202
104	13	0.5815025968537907
104	134	0.5610608129340902
104	10	0.5455263939751893
131	129	0.6112220971974901
131	133	0.5684230023500382
131	21	0.5424989869532623
131	29	0.537206095609282
131	26	0.5365227901999892
131	127	0.5258777871135158
131	25	0.5160712945182467
185	167	0.707494774587765
185	93	0.6063064888250574
185	160	0.5962317823924796
185	88	0.5830954314367094
185	63	0.580986116007985
185	190	0.5796729459522137
185	92	0.5454210252107418
185	90	0.5286502326946229
185	166	0.5260730915673916
185	97	0.5213267934627381
185	85	0.5122754808668867
185	61	0.5034150750839917
185	194	0.4903416239148793
185	175	0.48002749149430013
185	182	0.4793114685949096
88	90	0.7962934228237244
88	85	0.6737887852976319
88	190	0.7268987869742106
88	194	0.721544770856959
88	97	0.6705930374413799
88	94	0.6446559449415495
88	92	0.6295980798899146
88	55	0.6172127283585315
88	73	0.5589742196934419
88	93	0.542527214134685
88	64	0.5361666230359713
88	89	0.5150360666190615
88	91	0.49162422483671225
88	66	0.4855568841723739
90	94	0.7206567461675899
90	73	0.6819659114719822
90	194	0.6704664477739065
90	190	0.6232488521376778
90	91	0.6195595967996209
90	55	0.595541719219622
90	85	0.5482459397217888
90	92	0.5460599973650978
90	97	0.528109621751808
90	184	0.5261960325786902
90	76	0.5207658402465445
90	167	0.48494525911006
90	93	0.4791882174612805
116	188	0.720002416024783
116	186	0.673958012633502
116	14	0.6096599681602884
116	152	0.5943594780730506
116	75	0.5926234623055913
116	148	0.5829172034577658
116	118	0.5245670918532743
116	120	0.49661278303134576
116	16	0.47842518086307484
12	13	0.7472461260056102
12	0	0.6564843206857535
12	105	0.597609269100764
12	10	0.5763167134136705
149	152	0.6932053403720189
149	154	0.6853903994043807
149	46	0.6662281270891669
149	150	0.627207903443024
149	14	0.6204091512481584
149	148	0.5899438895794373
149	48	0.5833791601582963
149	42	0.582137622700957
149	120	0.5564112241670864
149	49	0.5342400202199503
149	118	0.5273231701027642
149	7	0.5250018525840865
149	18	0.5103034661488531
149	188	0.5095264802197937
149	136	0.5055397547806337
149	151	0.5041911047052621
149	157	0.5006401183095726
149	130	0.489976946866954
190	55	0.6959587213479785
190	194	0.6419890356657735
190	97	0.6349997822520109
190	184	0.5514343077211132
190	93	0.54376095392314
190	85	0.5267092543452809
155	157	0.7869997431786115
155	51	0.7641857265719753
155	153	0.6590034472212101
155	178	0.3959611768294801
155	47	0.7380851848743785
155	154	0.6976513001337703
155	179	0.5534631221783629
155	144	0.5476091441833318
155	49	0.5209625893712038
155	168	0.48385845554755613
157	154	0.7535416914663362
157	47	0.6907820279653242
157	144	0.6800623360932436
157	51	0.616481719127155
157	147	0.6120482880991641
157	49	0.5814496460122313
157	173	0.5331458076491641
157	153	0.5276912555197463
61	92	0.7860080746105931
61	63	0.7025610746700675
61	166	0.6994229744815335
61	37	0.5752404626590952
61	97	0.65235069808628
61	167	0.5828445759723891
61	85	0.5514412668847805
61	60	0.5504662372407378
61	65	0.5474410922860875
61	67	0.5205034220025686
61	32	0.4984788527991359
61	93	0.49645455762636914
61	175	0.485319935815081
92	85	0.6662837373923343
92	63	0.659873763542442
92	97	0.6014972969643188
92	65	0.5908103242974013
92	167	0.573900726284026
92	93	0.5682266703574361
92	94	0.5211374310225309
92	166	0.5077770765126337
92	194	0.48193376077964695
148	188	0.7856638590269437
148	152	0.5636112997076854
148	172	0.5412133543803599
148	147	0.5363518538016224
148	144	0.5198907302661773
148	14	0.5160786311845738
148	150	0.4830308719267266
188	186	0.6020331149535791
188	14	0.5951931289167068
188	152	0.5643818554298018
188	40	0.4983661165454889
188	42	0.49305609031039266
188	150	0.47989665330529324
50	173	0.7856255827897838
50	66	0.6893782744542959
50	179	0.5487842706792958
50	47	0.5075543938652007
50	192	0.5071236817681883
50	52	0.5039524129770311
50	154	0.494621264699054
173	154	0.6118981707967488
173	171	0.5932329921636809
173	179	0.5568874217871789
173	156	0.552824612951905
173	47	0.5414254463694042
173	64	0.5089709809682998
173	52	0.5049067177886433
173	66	0.4922003217485449
25	128	0.781417274731799
25	23	0.7203537967363147
25	26	0.6935999268442864
25	133	0.6545910270778122
25	129	0.6658442140092004
25	21	0.6451699416870724
25	27	0.614742861332098
25	123	0.5944500136924762
25	75	0.5810324859813979
25	127	0.5750129247061495
25	22	0.57267216991832
25	126	0.5594896643728688
25	29	0.552602370460792
25	18	0.4845015340585609
128	129	0.7013741309383126
128	126	0.6944344540279431
128	123	0.6803417451738458
128	133	0.6343966526107271
128	127	0.6236339842128914
128	26	0.5523731005550805
128	21	0.5306072525071336
128	23	0.5258199084744303
128	75	0.5154841158875032
128	125	0.505405745267456
128	27	0.48382781971483646
128	29	0.4833681399419586
47	154	0.7768592737473876
47	153	0.6569336199615077
47	51	0.6326126133180973
47	49	0.5922535228456205
47	179	0.5246468184828124
47	48	0.5192409846692181
47	156	0.4942208243650182
47	46	0.4933512228636424
47	192	0.4849299623997875
154	49	0.7051546228950366
154	72	0.5593041540986108
154	46	0.689152561793878
154	48	0.6704224074324019
154	153	0.5515456451296036
154	51	0.5445704200155744
154	156	0.5346257861974067
154	151	0.5325443037515011
154	152	0.5239579669263902
154	14	0.49521775784035293
0	101	0.6523047406026098
0	13	0.6016185412968449
0	10	0.501890502058225
14	152	0.7723394555990397
14	46	0.601012042468177
14	120	0.5590498453035214
14	16	0.5236023963219046
14	117	0.5136092513489205
14	18	0.5077325454095408
14	118	0.4890036360495173
14	125	0.4838967486708514
152	46	0.706619652476678
152	151	0.5959674696534286
152	120	0.5389893255031087
152	48	0.4950441434130827
152	117	0.4880367242698822
152	118	0.4804737198994575
137	165	0.7720568586269155
137	150	0.6821103139533388
137	35	0.6022625854163514
137	31	0.5973391988022846
137	145	0.5883573403996357
137	135	0.5784099958618755
137	134	0.555907022678768
137	171	0.5421248611479198
137	42	0.4926624036491417
137	138	0.4832531783213097
165	171	0.7702328569587067
165	60	0.6202799649970476
165	135	0.5368574131438472
165	145	0.5166653191148781
165	67	0.5163427007368472
165	169	0.5079996913265161
34	22	0.7297301994759152
34	138	0.6999283238257634
34	27	0.6504625061751249
34	136	0.5855255905815524
34	130	0.5600184043963511
34	42	0.49541397000911946
171	67	0.658607264406246
171	169	0.5824879059619994
38	142	0.7679452622422656
38	139	0.646562967284066
38	36	0.5496083629157767
38	7	0.5296222524526718
38	41	0.49303338310376743
38	135	0.48608402929048716
142	135	0.6102627972894369
142	52	0.5828181636686219
142	139	0.58716608524178
142	7	0.5770642327276295
142	156	0.5626142602175906
142	143	0.5015687470918826
51	153	0.6000082043785293
51	53	0.5958384897265572
51	89	0.5049588707897333
51	49	0.489209045294003
75	186	0.7499977798857007
75	76	0.712360463794302
75	73	0.7031783629532495
75	21	0.5364871820800107
75	129	0.5062168739872757
75	26	0.4975012453549206
52	156	0.7505266786828443
52	72	0.49452306291057113
186	76	0.5234063916737187
89	179	0.7492355301274835
89	192	0.7312133830848877
89	82	0.6094588682228952
89	64	0.5626826028917266
89	66	0.5231377027243924
179	192	0.7043140296674429
179	64	0.553081482829213
179	195	0.5365726383584724
179	66	0.5211519991862482
179	168	0.5200512489024026
179	82	0.4855568841723739
13	114	0.6906669900428669
13	10	0.6771978130349209
13	134	0.5168925303699127
13	101	0.48303853870146113
42	150	0.7351211579529617
42	30	0.6098421472154056
42	136	0.6529362356059302
42	40	0.6272867563451102
42	69	0.6143072100836992
42	31	0.5791082854831936
42	27	0.5633041677957806
42	35	0.5483018913788142
42	130	0.547216954388851
42	7	0.5441622941810161
42	120	0.5313899165126368
42	49	0.5239942393785426
42	138	0.4888514460784707
93	85	0.5799982033852529
93	167	0.5436975616587407
93	63	0.5380734464498722
93	160	0.5135061751627003
170	174	0.7440939302508544
170	66	0.6035673961645311
170	195	0.5870284687174624
174	195	0.6396847694868042
174	158	0.3586362719536282
174	160	0.5899504092030464
174	175	0.518151863544118
174	166	0.5163206986895741
174	182	0.48841754138965965
150	31	0.6378970951514993
150	136	0.6296705071684937
150	130	0.6215089442660198
150	144	0.6096285514664783
150	7	0.5962188920855359
150	138	0.546137192760642
150	35	0.5386060891240111
150	135	0.5372701193786286
150	40	0.530513846791966
150	134	0.5247482754303003
150	172	0.516445367944727
150	69	0.4852358402243719
150	145	0.4840039595582186
150	49	0.4837665444919649
150	30	0.48336047635250257
10	114	0.6198491010525151
10	134	0.5322648510653331
10	7	0.5239579669263902
21	125	0.7327267362418572
21	27	0.6834661647641692
21	122	0.5939907131988458
21	26	0.6217850440125637
21	18	0.5792478415640184
21	129	0.5445071070375036
21	53	0.5360668619988999
21	22	0.5306216214735178
21	133	0.5199345117181456
21	130	0.5102738819300944
21	29	0.49796764679001576
21	127	0.49084277461760484
125	130	0.6014334730253642
125	53	0.5953609966715687
125	27	0.59458578886911
125	122	0.5580659869604135
125	26	0.5059118754668915
125	18	0.48802148771804904
194	180	0.6166118918338279
194	97	0.5421036777843574
194	55	0.5382226297535558
194	184	0.5210135893699174
194	66	0.4915104706056821
194	64	0.4801813914384893
120	117	0.6946466755162612
120	18	0.6364239111229137
120	118	0.5698157738104692
120	136	0.5539138510367669
120	123	0.55354635807849
120	16	0.5286142052957847
63	167	0.7313808567082523
63	65	0.6931170206843106
63	166	0.6105012221282063
63	76	0.538322066556342
63	68	0.5343400550014464
63	85	0.5243568593614825
167	166	0.6892523117933628
167	175	0.6121233302144403
167	160	0.5572598430124693
167	65	0.555485389650817
167	76	0.5292408102747022
167	184	0.5134840854801693
167	182	0.4813500648157388
192	82	0.5604026563073973
192	66	0.5155355133616372
22	27	0.626412591013518
22	26	0.5994511222836809
22	23	0.5989960612515705
22	123	0.5226290876936853
22	127	0.5030267553699407
22	18	0.4865268633367392
22	138	0.4860687546956652
127	129	0.7246366093208844
127	26	0.6890317768392661
127	123	0.5772042850965104
127	126	0.5405129621141567
127	23	0.5329740043379023
127	27	0.5272509732684715
127	133	0.49782474790919895
129	26	0.6849606665248561
129	133	0.6461728876203658
129	29	0.588527311661207
129	123	0.5825803975163826
129	126	0.5623202990859107
129	23	0.5391808600618703
129	27	0.48055063070428783
160	166	0.6167110484143773
160	85	0.6161158154104809
160	175	0.5853809968057365
160	182	0.5201169050320821
134	114	0.6962319105271866
134	30	0.5866941158821614
134	40	0.5033105474610604
94	73	0.612735761560571
94	91	0.6114851208304816
94	76	0.49794508560629785
94	84	0.48921665200188996
94	82	0.47934998069771656
144	147	0.7203826609131867
144	40	0.5208387167451056
144	130	0.4924200346455342
23	126	0.5821045659493939
23	26	0.5718517002613357
23	133	0.529348787326724
23	123	0.5106509902472155
23	29	0.48060446386972355
16	118	0.7196458446825408
16	117	0.6578535100945669
16	18	0.6545510195035669
118	18	0.7129362584352208
118	117	0.6246412299255947
31	35	0.7157764691996645
31	7	0.6961030728229497
31	135	0.6800408348996078
31	41	0.5381018649168571
31	30	0.4984713375733413
31	49	0.48499114746054467
35	172	0.6505317285949693
35	135	0.5662597912268565
35	32	0.5636385927844769
35	37	0.5556582246408595
35	69	0.534889978774441
35	67	0.5345757920577062
35	30	0.5163206986895741
35	145	0.5118918403135625
35	41	0.4907213133404019
18	117	0.6070648076626365
18	27	0.5455685366529507
18	26	0.4786796067692826
97	85	0.559544619618237
97	55	0.5332674750638154
97	64	0.49174554419216016
97	66	0.4835980131734301
27	130	0.7125081949893983
27	53	0.6423239876037878
27	40	0.6281230175289048
27	26	0.653933295065108
27	136	0.5089487521726763
27	138	0.5031686649810527
27	123	0.48574027908011014
130	138	0.607247902396493
130	40	0.5870481302985069
130	136	0.5761163210590915
130	53	0.5563836072904627
76	80	0.6803632299935446
76	68	0.6369650153861809
76	73	0.6706590687248247
76	91	0.5874346673240117
76	184	0.5090672979050983
114	139	0.5116630343218924
114	36	0.5078216049023848
182	187	0.7071599836733361
182	78	0.5286574379458469
182	184	0.572961078788878
182	80	0.5566735231837925
182	175	0.5527968369398166
182	180	0.5396629963357716
187	80	0.6868035507911397
187	180	0.5228979734558102
187	172	0.48061215402625707
187	184	0.47898789405813064
46	48	0.6979334972888308
46	151	0.6823615543834167
46	49	0.551816947744418
46	117	0.5147127087078587
49	48	0.6226797708425008
73	184	0.6716482630589904
73	91	0.5396629963357716
73	82	0.5194746702486688
29	133	0.7041829808181351
29	26	0.5894155445951414
133	26	0.5633246481021116
136	138	0.6677270054638001
136	123	0.53120330829807
138	123	0.5157997846317864
138	143	0.5011719743946494
166	175	0.6568426602865348
166	32	0.5371634096568136
36	139	0.6981283433600819
36	32	0.6570472926687003
36	30	0.5102442965036265
139	135	0.5284340397345296
48	151	0.5108357755447068
7	135	0.6169588542644243
7	78	0.5002203593661919
126	123	0.6677768751248826
26	123	0.5073242172095974
65	169	0.5522966586753445
65	68	0.5466352308173549
65	67	0.4879148235272741
66	64	0.49131325686875155
66	85	0.48942200498033284
80	68	0.5975256903970787
80	91	0.5328164793536109
80	184	0.523660461131996
40	69	0.6831783065909591
40	30	0.5629012477676985
40	53	0.5379384420258776
69	30	0.5841702085078385
69	68	0.5496153421838921
69	78	0.48609930358832276
69	86	0.47949630985205
56	162	0.6824096458736852
56	161	0.6232060410092269
56	57	0.6224164242888031
56	163	0.5855715898809079
56	58	0.48868400273508283
162	161	0.5709626886769571
162	57	0.5476511502566194
162	163	0.49652237255465237
151	59	0.5411497133511742
135	145	0.640576021055628
82	91	0.6260114044128261
82	84	0.586011678115727
84	91	0.6635445141963162
84	86	0.6446150337855774
84	189	0.5111756571866258
91	180	0.6156192497212343
91	86	0.5822103407808573
67	60	0.6287039100892027
67	37	0.49162422483671225
67	41	0.48012752981995077
32	68	0.4845474482195865
175	169	0.6532516431562944
175	172	0.632882447061442
175	180	0.6059838689484807
169	180	0.6267466598803142
169	159	0.5105844559886201
169	189	0.5597163230503911
169	60	0.5214942636053663
101	100	0.5151242297117874
101	99	0.5271571060016368
54	159	0.6514881969032229
172	189	0.6491162947529631
189	168	0.5370637984004258
189	180	0.6227838457081022
189	86	0.5613416847213468
145	41	0.5797526179228768
60	37	0.5588091860795096
161	58	0.5600184043963511
161	163	0.5101629303537597
161	57	0.48784624599481125
99	163	0.39111015196879506
