12	113	0.8780982978171256
12	1	0.8533634130127052
12	103	0.7688463106489329
12	13	0.8382028096671155
12	111	0.7467732112124092
12	102	0.7337070084809134
12	114	0.7142809462783436
12	112	0.6828101786094475
12	6	0.6584770102892995
12	108	0.6443870326089675
12	0	0.5955029980324233
12	110	0.5815952489725219
12	3	0.5732632728740147
12	10	0.5621698453817684
12	106	0.5469436801761124
12	105	0.5223964539679146
113	111	0.8036023820529985
113	114	0.8087137086464263
113	13	0.7939395917615267
113	102	0.7753481593712417
113	1	0.7604831925623712
113	110	0.7426353803791227
113	103	0.7038551486951419
113	10	0.626157328819113
113	104	0.5863333149867587
113	112	0.5497479337015442
113	0	0.5102886741904387
113	2	0.48445561722799974
113	150	0.47770001216849795
166	183	0.8657356391159516
166	182	0.7041628151969535
166	198	0.7677400534276979
166	199	0.7186657311874013
166	185	0.7169740116925536
166	61	0.6590543585025982
166	193	0.6341874668614053
166	175	0.6199845557390306
166	190	0.586005112174119
166	194	0.5695388320322059
166	81	0.5685719006913303
166	197	0.5640819327966091
166	98	0.5427459332515422
166	196	0.5372772327485985
166	167	0.5348614224550525
166	95	0.533961272991782
166	195	0.529672615604328
166	36	0.5287510992791299
166	99	0.5271787688206067
166	96	0.5271354424974732
166	147	0.5173101158958572
166	32	0.4800967501266356
166	63	0.4799890118903984
183	185	0.7968416427738003
183	198	0.7867331543754649
183	61	0.7648920426033036
183	193	0.7410255033451657
183	81	0.6915237046179904
183	190	0.6820568377538904
183	182	0.674083522713286
183	199	0.6485256829179021
183	98	0.6056167254901689
183	194	0.5984122478000099
183	99	0.5781038111540597
183	74	0.5756016635656678
183	96	0.5644772541283739
183	93	0.5541494876615884
183	95	0.5270776698032528
183	197	0.525291540955777
183	55	0.5248352266642737
183	63	0.5175956904615967
183	195	0.5165626837188844
183	83	0.4884860687246525
183	85	0.48681686052031675
183	175	0.48653449621571565
13	114	0.8561648663779732
13	1	0.8430138662506044
13	102	0.7831633647261043
13	111	0.7698665359089004
13	110	0.7586640943319882
13	10	0.7348360779895956
13	103	0.6581540365265782
13	104	0.644959740805965
13	0	0.6043360391786213
13	2	0.6029885855922779
13	150	0.5849996164905086
114	110	0.8295837831670227
114	102	0.7673291628971807
114	10	0.7178088124154798
114	1	0.7103499976783224
114	104	0.7020898075077339
114	111	0.6850668177586193
114	150	0.6382231787271467
114	2	0.6148921411962023
114	103	0.5788490198390771
114	0	0.5209407310901758
6	108	0.8547434265326568
6	105	0.7254287359778606
6	112	0.7703955033782102
6	3	0.7099435306454087
6	109	0.649544288636221
6	9	0.6214475677884015
6	103	0.6112158330837236
6	1	0.576256602981869
6	106	0.5292840031529686
6	5	0.5058969942528366
6	111	0.503900188897243
108	112	0.804556711770774
108	103	0.7183658154601277
108	3	0.7047370903431762
108	105	0.6671170029523775
108	9	0.6285043073245706
108	109	0.6245192500217102
108	106	0.5666197385864687
108	1	0.5424919299664871
108	5	0.5093487666274291
108	111	0.4926624036491417
1	102	0.8355359826934828
1	0	0.6220916403480273
1	103	0.7483701210512286
1	111	0.7344908758502177
1	110	0.6463475919281599
1	10	0.6243850369283728
1	112	0.5417505202885323
1	104	0.5164233690784393
1	3	0.48351373406469517
1	2	0.47408766118160384
104	110	0.8424632625161689
104	2	0.6698880423154147
104	134	0.5382439389015021
104	10	0.7660100693686418
104	111	0.6476789366996561
104	150	0.6402102851839065
104	102	0.6284438052886259
104	7	0.5170317528965406
104	144	0.48479227865553715
104	107	0.47398687365485864
110	10	0.8004630987535003
110	150	0.6582617213795693
110	102	0.7987682183045379
110	111	0.7812225051284882
110	2	0.6658831777968566
110	144	0.5056811828101124
110	8	0.4724114269540859
102	111	0.7616781380309163
102	103	0.7043140296674429
102	10	0.6366023664271986
102	150	0.5406757463939642
102	2	0.5184078486361687
102	0	0.5012019268602632
51	155	0.832461154862901
51	53	0.7157520851247005
51	154	0.6708076002570853
51	49	0.6570870710589592
51	47	0.6263335956365257
51	48	0.5953997280049934
51	157	0.5903284157562043
51	164	0.5790218766112892
51	153	0.5677931569542429
51	89	0.5461722785108651
51	46	0.5420754322277905
51	125	0.5394503327570367
51	21	0.5359670859867006
51	45	0.5287510992791299
51	179	0.5215015440047296
51	40	0.5075543938652007
51	152	0.48709912312306025
51	28	0.47901871629146897
155	154	0.7669999961393867
155	122	0.46511607905352065
155	53	0.6717690007108914
155	164	0.6494344375591973
155	149	0.6165189147686833
155	48	0.6138462569021469
155	125	0.6098484281026566
155	44	0.5889716059970991
155	49	0.5875656360374781
155	131	0.576463623774668
155	157	0.5758289711982334
155	46	0.5669591134458625
155	40	0.5586647453498771
155	21	0.5542187756562993
155	152	0.5497409558910902
155	45	0.5469016276394979
155	153	0.53864868195636
155	47	0.5348185856848735
155	130	0.5175371204603781
155	28	0.500175371240483
155	173	0.47248133845139956
44	149	0.8274831407822693
44	18	0.6320184381196604
44	48	0.6980565699912998
44	46	0.6892628102736529
44	152	0.6880641183286383
44	154	0.6672168828404028
44	118	0.6048499576377936
44	15	0.597776387552385
44	120	0.5898330442085566
44	26	0.5896699959241472
44	115	0.5672779504225764
44	43	0.5659200201313962
44	17	0.5552779242892825
44	40	0.5363233601227753
44	14	0.5240812855091761
44	143	0.520612774892118
44	45	0.508489205098345
44	164	0.507962593568584
44	146	0.504459540848921
44	131	0.49906480954239196
44	49	0.4882500047630828
44	7	0.4849605555236127
44	130	0.4848534743977531
44	33	0.4735525700134741
44	133	0.47336636934363163
149	154	0.7249024464166143
149	136	0.665142244585646
149	120	0.6158055191961357
149	152	0.7062539611795215
149	48	0.6612040666031691
149	146	0.658341050879174
149	46	0.6412124158863362
149	164	0.6329304014180384
149	118	0.5961608818999385
149	26	0.5943336079855862
149	15	0.5795268518828185
149	115	0.5761430440426396
149	17	0.5625937559156902
149	18	0.5607455346352631
149	7	0.5576251496634831
149	43	0.5545720249690399
149	119	0.5400101987822399
149	14	0.5388757972324744
149	40	0.508155481330417
149	135	0.49171521614283825
149	49	0.48321485407704395
149	129	0.48288518913472983
149	125	0.474769588490225
149	133	0.473793016576569
76	77	0.8215281199415356
76	73	0.7190281754373594
76	188	0.7026167752382066
76	75	0.7016890000601513
76	84	0.6754996272846178
76	187	0.663992043478507
76	184	0.6448779696524415
76	90	0.6278383666226655
76	94	0.6121545945089645
76	148	0.590198097899565
76	82	0.5789686954546459
76	86	0.5121648362908855
76	189	0.504116521812114
76	60	0.49259424508915867
77	188	0.7288407290183327
77	84	0.7121288912709691
77	75	0.7019376544941165
77	148	0.7009827023886137
77	116	0.5221928356452117
77	94	0.656552598707015
77	187	0.6415714718498098
77	73	0.6087544005776186
77	86	0.5846837956169417
77	184	0.575835655369703
77	189	0.554987356641877
77	82	0.5339469751319149
77	69	0.5201971430656721
77	90	0.4934798348528063
77	186	0.4839197236554176
112	3	0.8003552952206492
112	109	0.795486994460349
112	103	0.7201083504776022
112	11	0.6526091195622108
112	9	0.7921956955799734
112	106	0.638738516375249
112	0	0.5718920780138566
112	5	0.5130495167601263
112	105	0.5058300250630529
198	199	0.8042390621983634
198	98	0.7927536710926497
198	190	0.7528926960065451
198	95	0.7143935823998255
198	96	0.7517338518137169
198	61	0.7434639525587279
198	185	0.7264079331984898
198	193	0.6950965989115567
198	97	0.6925450371431284
198	83	0.6029249412782459
198	197	0.583517673625681
198	81	0.5794139354926817
198	191	0.5676440639279666
198	99	0.5601076272204893
198	182	0.5516082637872205
198	74	0.5503965347119154
198	88	0.5012094147890185
198	80	0.4988920748254481
198	194	0.4828698525487333
198	87	0.4729705524380881
199	98	0.7406149246965953
199	182	0.6775982506022938
199	97	0.6477602010097735
199	177	0.6363049030555143
199	70	0.633691026468089
199	95	0.6196643305715359
199	176	0.6033448519220607
199	190	0.6021542367618621
199	38	0.5893111204576328
199	185	0.5873233197185025
199	191	0.5809132412863359
199	80	0.5804625362497018
199	142	0.5469436801761124
199	193	0.5447251589471857
199	61	0.5315979956205953
199	156	0.5313109731752598
199	197	0.5129463601243063
199	71	0.5111682701543904
199	81	0.5088227761757819
199	140	0.5066852835618908
199	96	0.5017483483787258
199	36	0.5013067510322393
111	8	0.6082758215129254
111	10	0.6626031551189094
111	103	0.5989255241951523
111	105	0.5523800493562747
111	2	0.5215525046740936
111	150	0.49112358075419943
61	96	0.8010013403273428
61	81	0.7633524137208783
61	63	0.6838815849391933
61	85	0.6514191239280116
61	93	0.647655715618278
61	98	0.7543961218689434
61	185	0.6978924638911627
61	74	0.6617383995276688
61	88	0.6442876116088978
61	55	0.6338106984360776
61	83	0.6032939714671197
61	193	0.595961021387248
61	95	0.579858829974018
61	90	0.5753073686511808
61	190	0.5667419356950082
61	32	0.5626279293676636
61	99	0.5502849947055375
61	97	0.5367791122671836
61	92	0.5090747063722458
61	60	0.48694656137370507
96	97	0.7022418964398027
96	98	0.7540253190081064
96	63	0.6277717219319101
96	88	0.5923638818132697
96	185	0.5871136639004219
96	83	0.5786694596508134
96	74	0.5704299872367562
96	90	0.5354037835603901
96	95	0.5337038647931185
96	193	0.5101407380005801
96	73	0.5085188620442517
96	55	0.5079032332362013
96	81	0.5045862684769568
96	85	0.501868058542588
96	75	0.48942200498033284
96	190	0.48060446386972355
10	150	0.6355008061204238
10	2	0.6176273193097787
10	7	0.5821574558282299
10	8	0.5056514107462673
10	144	0.5027577996064418
3	106	0.6680095209608093
3	109	0.7581543159256284
3	9	0.7408180272835151
3	103	0.6705380032531955
3	11	0.579812364626449
3	5	0.5515317290280712
3	0	0.5373696996024062
195	196	0.7999595724480056
195	174	0.73141341078451
195	142	0.6247387919075845
195	182	0.6133349815905355
195	175	0.5827917501333408
195	38	0.5656004599280507
195	170	0.5540663319308641
195	145	0.5437186931029042
195	141	0.5268320814975199
195	137	0.5230650662303469
195	156	0.5184590345097972
195	41	0.5044297194243228
195	93	0.5007974672535759
195	197	0.4981481119922112
195	165	0.4975840150012022
195	171	0.49106287455891523
195	178	0.4852434856490669
195	181	0.4733275722113825
196	175	0.7738281142631604
196	137	0.7617201194745462
196	170	0.6397792883553426
196	174	0.7012165936488396
196	140	0.6916854263835803
196	171	0.6049577531626217
196	167	0.5807276999661226
196	165	0.5601213526556517
196	147	0.5569150162284623
196	141	0.5428305789604349
196	172	0.5318131823676024
196	182	0.4999053857824369
196	169	0.48976413935106694
9	109	0.7996352808432042
9	106	0.5838802861326855
9	11	0.5611772876534821
9	5	0.520240905395658
109	106	0.6183257777838616
109	11	0.5717372815816558
109	103	0.5091636020944713
109	5	0.47738351109094607
88	90	0.7993827311287491
88	83	0.7306358542672448
88	87	0.7175081333238763
88	55	0.714310333182665
88	74	0.7176439570150497
88	193	0.6775603885637334
88	81	0.6384779573958919
88	73	0.625792435574813
88	98	0.588664558173512
88	185	0.565994786275202
88	85	0.5403572175343243
88	63	0.5139772595805014
88	60	0.49182135909572006
88	194	0.49093385805672257
88	190	0.47816296104155925
90	74	0.7180220352821688
90	73	0.707134986551634
90	64	0.6263822096986905
90	63	0.6430518082046701
90	60	0.613864952341044
90	55	0.5965539401561168
90	81	0.5828907945406548
90	85	0.559833053940526
90	185	0.5280230842407787
90	193	0.5249294114756782
90	184	0.5193578371682585
90	75	0.50606067104427
90	94	0.49588919757153316
90	82	0.49236700624209984
90	98	0.48508291614969007
90	194	0.4808582000033676
35	37	0.7985871613416389
35	69	0.6026511832697108
35	147	0.5817209670023883
35	140	0.5721141061225432
35	92	0.557838719537806
35	31	0.5493151643804691
35	24	0.5444156440023734
35	68	0.5407606612526594
35	141	0.5350898387953137
35	36	0.5323866780424568
35	172	0.49699690733921315
35	97	0.4745836647876913
35	65	0.4741729332321996
37	92	0.768150313528196
37	31	0.7385582610367554
37	69	0.7087511488378727
37	65	0.6867665679514205
37	63	0.6379445397138982
37	147	0.6291089094636625
37	24	0.6100619326887932
37	68	0.5822896589731825
37	91	0.5544750744607508
37	167	0.5326374288572452
37	172	0.518627190507766
37	141	0.5059267563798062
37	62	0.485021738210554
37	34	0.47276092498206435
193	194	0.798405959731229
193	185	0.7884039839588811
193	191	0.6906722197978352
193	190	0.7092484680055892
193	74	0.6711209901784301
193	81	0.6356557765797396
193	83	0.6348147454977383
193	87	0.6220487283400626
193	55	0.5849798828807289
193	98	0.5590292210595142
193	182	0.5188172315954492
193	80	0.49953774940141066
193	60	0.4804506452167264
193	187	0.47816296104155925
193	63	0.47813981990412857
194	185	0.6889162075760223
194	191	0.6033702903077087
194	187	0.5605535464517474
194	182	0.5535741009213754
194	60	0.5478751360254728
194	81	0.5449009536288795
194	175	0.5440778221777332
194	165	0.524523600722517
194	74	0.5190437520470138
194	80	0.4775224780451503
68	69	0.7976797051606821
68	172	0.7213721516938187
68	34	0.7056068170548511
68	91	0.6965666787128458
68	24	0.6810179553862252
68	31	0.6737942453475706
68	92	0.638122413695716
68	67	0.5999057961233276
68	65	0.5752070067763582
68	86	0.5602174220913899
68	147	0.5131673919139302
68	66	0.5076508980069587
68	93	0.49084277461760484
68	22	0.486595556573667
68	174	0.47769229410464537
69	91	0.7229654603957556
69	92	0.6969577157214132
69	24	0.672470766708486
69	86	0.6626648558979872
69	31	0.6482590727593267
69	172	0.6167172450509896
69	65	0.5934792050028926
69	84	0.5750463917507435
69	34	0.5637477527851351
69	189	0.5116851800101311
69	147	0.47535032697199264
185	162	0.4616372889316337
185	74	0.6947035924265275
185	81	0.6722132272872918
185	190	0.6184986963468491
185	98	0.6142138074799698
185	63	0.5791348702111093
185	182	0.5458564377766466
185	191	0.5239869850401596
185	73	0.5220764555797669
185	99	0.5105031280347581
185	83	0.5033852115521705
185	55	0.5008349264104118
185	187	0.49793004444267197
185	80	0.4874194060468106
185	101	0.47479282597438
70	177	0.7959638616217392
70	176	0.7271533608256646
70	139	0.6565355302102751
70	71	0.718249647300819
70	97	0.6167915987287679
70	156	0.5669048263946009
70	95	0.5489519691866244
70	36	0.4895740833124169
70	38	0.48260141434551934
70	98	0.47376199518157897
177	71	0.7772950398254896
177	97	0.6849022709478529
177	156	0.6473072550061728
177	191	0.5950316686102318
177	139	0.5422025275859085
177	176	0.5266803506418869
177	52	0.5161666652738219
177	179	0.5023915644617227
177	38	0.4883718531525025
177	95	0.4722871251687039
98	81	0.7003514611944092
98	80	0.679427559037611
98	97	0.6737778649770174
98	95	0.6617552622616197
98	74	0.5735921513838348
98	190	0.5637886827089105
98	83	0.5627236048047176
98	87	0.5481060391057495
98	75	0.4989596713929511
98	187	0.4978999612166807
98	55	0.49136635783227406
98	191	0.48163428596570507
98	73	0.4764255343229331
20	124	0.7909260323467862
20	19	0.6480213079064481
20	150	0.6780253017943485
20	121	0.6339961300358428
20	157	0.49048592783653383
20	17	0.4873202848646634
124	150	0.6788079402559486
124	121	0.6369947282183132
124	128	0.5541633458749027
124	144	0.5484697168996385
124	19	0.5208022794446812
124	157	0.5103700262252673
124	25	0.4909642168184212
124	119	0.48775479991702275
124	117	0.4871143776633338
136	146	0.7842821206188729
136	135	0.6514651737780915
136	138	0.6190664357458869
136	127	0.5853415556751839
136	7	0.5784831898110434
136	33	0.5445915229625361
136	144	0.4988695412872704
146	135	0.6102063120485719
146	138	0.6058762846628812
146	42	0.5957352836493077
146	33	0.5915909023073117
146	7	0.5540455412702935
146	154	0.5474761067401647
146	144	0.5454912729695729
146	48	0.5415314665312105
146	127	0.5365156687288251
146	40	0.49857654391631173
146	145	0.48907971987313015
146	150	0.48004288281868107
137	171	0.7829312626031382
137	140	0.6821370493174729
137	175	0.6055597318294917
137	170	0.596895217621378
137	167	0.5701803289925312
137	165	0.5310453687731028
137	127	0.5268465303044341
137	169	0.508889472065747
137	174	0.4892470780891721
137	147	0.48109648484691786
137	67	0.47871814913848143
137	168	0.4733120528442818
171	67	0.6228083307093956
171	174	0.506937951832198
171	178	0.5038031915458298
171	127	0.5030491639542718
171	123	0.49200328443845925
171	140	0.47775403655077453
38	142	0.7811055703071178
38	52	0.670526995529851
38	182	0.6493129916666667
38	36	0.6397615675413598
38	41	0.5989447624959713
38	156	0.5913438391006357
38	50	0.5859591484281494
38	79	0.531676905398782
38	80	0.4927759878178971
38	176	0.4923442786644625
38	165	0.4753658076661485
142	156	0.6635445141963162
142	181	0.6291270357809552
142	182	0.6409591420147187
142	41	0.5552364229210368
142	176	0.5406898996356612
142	79	0.5150581084139878
142	52	0.5123713590793804
142	165	0.49579870091836226
142	36	0.48890471595396645
142	145	0.486839750466343
142	173	0.47901871629146897
71	97	0.5759559572927002
71	156	0.5293919733467255
53	157	0.7756670297002056
53	27	0.6196212075728622
53	49	0.6299239164585726
53	125	0.5673796711252714
53	154	0.565253510857447
53	28	0.4973432054186972
53	21	0.49094903758661784
53	164	0.4897109283507487
53	40	0.485289356639074
53	48	0.4749090034653331
157	144	0.5358744234241355
157	164	0.5263189515969918
157	49	0.49318475179241483
157	154	0.4842719232123585
46	152	0.7745492511088317
46	154	0.7039711851321625
46	48	0.6604323194193832
46	49	0.5987780075871298
46	14	0.5961222049843516
46	17	0.5715891773293792
46	45	0.5678744647256431
46	118	0.5482529339473388
46	43	0.5338969302175612
46	115	0.5251539541540978
46	164	0.5235443266471494
46	47	0.5159832486158367
46	119	0.5009922343822432
46	16	0.499882882606802
46	15	0.49783226957695775
46	78	0.48522819472547984
46	18	0.47424269465754826
152	14	0.7094124286058404
152	154	0.7091937974133865
152	151	0.47282304240122164
152	118	0.6318142063250036
152	115	0.6246900133544294
152	15	0.6238966784330382
152	17	0.6215887222819982
152	48	0.6187703045335768
152	43	0.6076328222571368
152	119	0.5823887911268528
152	49	0.5756016635656678
152	16	0.5505498701464844
152	18	0.5454842485385443
152	117	0.5267815082754974
152	164	0.504876914418489
152	120	0.49153322279390554
152	45	0.4907668635547577
175	140	0.7225499299197804
175	174	0.661766503712294
175	170	0.6383061452778189
175	169	0.6347669822530633
175	167	0.6216071307625276
175	172	0.6110529392475376
175	141	0.6073993803136777
175	147	0.6054267224606231
175	92	0.5463336482805128
175	165	0.4726832716003937
147	167	0.7722587447798208
147	172	0.7488580513313527
147	140	0.6297670598486341
147	31	0.6360489331248247
147	141	0.5871005577956148
147	92	0.5571288314638262
147	65	0.5446548276661775
147	169	0.5353110425433952
147	148	0.49273055616514405
167	140	0.5936281746255228
167	169	0.5882396375204637
167	172	0.5814364075320999
167	63	0.562477551797752
167	31	0.5429011086278882
167	141	0.5406545159574893
167	92	0.4999953917353015
167	65	0.4960098430228166
24	34	0.7715716955231351
24	67	0.6595179386976469
24	31	0.6385431108685039
24	33	0.6145935374125039
24	22	0.608175011618556
24	91	0.549664194912592
24	62	0.48498349958758447
24	172	0.47898018831524797
34	67	0.7353370938647757
34	33	0.7329582071850919
34	22	0.6878323583602883
34	31	0.6225389285963863
34	138	0.5567908315613027
34	172	0.5394645124708196
34	91	0.5346400695500545
34	62	0.5225854747959338
34	141	0.5024887464672052
103	106	0.6255794545951977
103	0	0.6007245116871637
103	11	0.5063284271873958
103	105	0.49215485607531023
92	65	0.7436383339148344
92	63	0.6780036899406197
92	31	0.601605780040683
92	93	0.594275395791354
92	91	0.563092497431265
92	172	0.5241393101807752
92	60	0.49346470515043245
92	32	0.48480757803612573
92	62	0.4828391784880667
154	48	0.7454743467255986
154	49	0.6800569609044987
154	164	0.6779442512982945
154	17	0.6274626126339482
154	119	0.58893894941307
154	47	0.5785297629289813
154	153	0.5701128357051788
154	45	0.5639319156361158
154	125	0.513277882292274
154	21	0.505271711369556
154	118	0.5016435862171307
154	14	0.4986291415806384
154	18	0.4769819168442819
95	197	0.764227325410443
95	99	0.7080587032968053
95	190	0.6438545840617593
95	176	0.6170517499326286
95	101	0.5653895931651247
95	97	0.5475321258795177
95	36	0.5220255331866561
95	182	0.5187587628743916
95	83	0.5085336900647821
95	80	0.49724535462705993
95	81	0.49549696763559975
95	52	0.4759847940172623
95	32	0.47373872836374026
197	176	0.6974716073318894
197	101	0.6603251784376142
197	99	0.6646512818403936
197	182	0.546137192760642
197	190	0.539372338861996
197	181	0.47590744648830896
81	80	0.7213433731151238
81	57	0.47338188768231987
81	74	0.6436320581438825
81	60	0.5597094558355773
81	55	0.5589123372764935
81	85	0.551489978881417
81	182	0.5253422239078515
81	190	0.5248207355524697
81	93	0.5244076109904448
81	87	0.508170316739777
81	83	0.49695172634753304
81	63	0.4901669042421976
81	52	0.4810196265323207
81	99	0.4743976987268847
190	83	0.7276901383372385
190	191	0.6275656710537105
190	99	0.6060787778533652
190	87	0.5554162422118197
190	182	0.5349685023521289
190	97	0.49415280421976554
190	74	0.4925866715427551
190	55	0.48498349958758447
190	192	0.48015830833103434
165	173	0.7518121225407822
165	191	0.632846478107146
165	170	0.6192144353734127
165	179	0.5848088292486979
165	182	0.5776309019778947
165	50	0.5727460903859186
165	156	0.5590429706323842
165	62	0.5078067624072881
165	180	0.5046086299193816
173	50	0.7033502055269522
173	179	0.6320484648054582
173	164	0.6200522692273837
173	89	0.5828445759723891
173	180	0.566545050303683
173	45	0.5562247863944804
173	191	0.5105844559886201
173	156	0.49004533688415014
173	153	0.4818032343124979
28	132	0.7503825287834098
28	125	0.6337329151077169
28	27	0.6182331182056066
28	133	0.5959352275539376
28	21	0.6148237267270347
28	29	0.5760294628563257
28	131	0.5548904706498845
28	18	0.5338611815598908
28	16	0.48996174826618594
132	133	0.5087041906213576
132	125	0.4891786177182012
132	16	0.47737579000425373
73	184	0.7488712273839077
73	75	0.6783115481996916
73	188	0.5784765362005627
73	74	0.560155664898187
73	187	0.5481550078107592
73	82	0.508978390415993
73	84	0.48126554710833214
73	94	0.47362238435452625
184	188	0.6429110302314942
184	75	0.639347888754187
184	187	0.6093960084032629
184	148	0.48923186519438516
184	186	0.4861909431384184
172	123	0.6442993093276329
172	140	0.623114290298408
172	141	0.6202738124312344
172	174	0.6114037231872815
172	31	0.5342686031131619
172	65	0.5083557339123344
172	91	0.49126773884997227
172	169	0.490296048668576
4	8	0.7459626409149938
4	107	0.7092782847333433
8	107	0.6776198844403514
8	2	0.5478471420985875
48	49	0.6380453433306396
48	17	0.5731155530178828
48	33	0.49769686809947333
48	18	0.4956176753057345
48	164	0.4888742764715538
48	47	0.4882043067084421
48	119	0.48735078502771173
48	120	0.48498349958758447
48	14	0.4737542396491173
48	125	0.4730326539967012
65	31	0.6236767579913202
65	63	0.6154080611259855
65	91	0.6136966686017137
65	169	0.5666604737258505
65	62	0.4980729234011045
19	121	0.7413544686119006
19	17	0.5401518612775548
19	150	0.4839426979729107
121	117	0.5343329101562126
121	119	0.5057035110676169
121	128	0.502346706946657
121	17	0.48425661344999105
45	164	0.7413229394271201
45	78	0.5722217259422262
45	47	0.591012079719009
45	49	0.5751601653074319
45	153	0.4814268913289483
164	47	0.545687925924054
164	49	0.5455615130649143
164	153	0.5453156392037817
164	78	0.5360668619988999
31	22	0.5381160736915992
31	91	0.5269115461674699
31	86	0.5079180737715618
31	30	0.5072648050273343
31	67	0.4836746227645157
84	86	0.7375703455051578
84	94	0.6669615865525566
84	82	0.6455783861815229
84	189	0.6497523531724215
84	91	0.6015036789359486
84	188	0.5504174462762568
84	64	0.5282754546582595
84	148	0.5134030841549424
84	75	0.486839750466343
86	91	0.6409002211004985
86	189	0.6178561255150048
86	94	0.5165186925758588
86	148	0.49639427260241875
86	82	0.4961907752972872
89	179	0.7374882564102998
89	50	0.6463475919281599
89	87	0.5997073241786085
89	180	0.5531092462499149
89	192	0.5267453822618748
179	168	0.591057627165112
179	192	0.5621630056926686
179	178	0.5576320401669842
179	153	0.60303313204553
179	191	0.5581072993183145
179	50	0.5402297626049439
179	180	0.5089487521726763
179	156	0.48395035593050106
25	128	0.7364008053950075
25	27	0.6768565835328729
25	23	0.6665727915286732
25	18	0.5172954679394286
25	126	0.5028175759696665
25	21	0.4826167561149355
25	125	0.4756521474092099
128	126	0.638080915857175
128	27	0.5292192128068587
128	23	0.489475235783656
128	125	0.4815882029291753
67	22	0.5979434540643582
67	33	0.553088423799557
67	41	0.5149258474273471
67	72	0.4936840566036287
67	47	0.4808351364089204
67	62	0.47923443885143513
15	115	0.7343526884591621
15	14	0.7031631964276148
15	43	0.7017042287159895
15	58	0.45401004958144153
15	16	0.6200399583710493
15	117	0.5974806811011053
15	118	0.5879518144264049
15	18	0.5692279628715342
15	17	0.5521228925861529
115	14	0.6453333637699734
115	118	0.6308278554506435
115	117	0.5976671236734427
115	16	0.5851377323651824
115	17	0.5262828012276313
115	43	0.5207002449077716
115	18	0.5151683071710903
115	120	0.505405745267456
115	119	0.47721363015571366
33	22	0.6886271311205541
33	42	0.6624516696155188
33	39	0.5252843002297725
33	138	0.5201096102100896
33	7	0.515851159317521
33	49	0.5043402479299232
33	127	0.4943266214528766
174	141	0.584222905658397
174	140	0.5625254032438591
174	170	0.5601007643875909
174	93	0.47932687365755255
83	87	0.7037087883248597
83	55	0.6371373234676875
83	74	0.610099600776253
83	191	0.5114341557343376
188	187	0.6732424086645024
188	148	0.6242813015529711
188	94	0.5697144686548502
188	75	0.5694577514289121
188	189	0.5601007643875909
188	82	0.4918441021126704
176	139	0.6522932504822024
176	156	0.6005966703171677
176	11	0.5372772327485985
176	182	0.5332817874271679
176	36	0.49500639591397677
176	101	0.48258607227994194
91	189	0.6347132428040844
91	82	0.6187764757284933
91	62	0.589559095627833
91	180	0.5359670859867006
91	64	0.48748802104567485
140	141	0.6723557160185862
140	170	0.5620535602086052
140	168	0.4990272618896939
140	169	0.4970044372425305
80	187	0.5831746258611209
80	182	0.555955388513355
80	87	0.5465931580420319
80	52	0.5325944496415934
80	78	0.5161666652738219
80	191	0.4990272618896939
74	55	0.5893633349881374
74	63	0.5806481637832216
87	191	0.6842114747277059
87	50	0.5412133543803599
87	82	0.5017109350104074
87	55	0.4937974896106062
87	192	0.48794530049745044
87	97	0.4851976119879501
14	17	0.716293000990535
14	119	0.6782845526119644
14	43	0.6688835437240239
14	117	0.6310806520689475
14	16	0.5968437178743571
14	118	0.5418282313583319
17	119	0.7006723095202126
17	49	0.5677592754458408
17	43	0.5556858737838013
17	117	0.5485745854167178
17	118	0.5352682346432504
17	16	0.5265936322245672
17	120	0.4886611667619384
17	18	0.4869007870535991
148	187	0.7162637842747024
148	189	0.6662837373923343
148	75	0.5899308501014449
148	186	0.5318275257098222
187	189	0.5827521275213259
187	75	0.57256463261213
187	82	0.534032757710431
187	186	0.4978021824565855
55	85	0.6479574958357365
55	64	0.5574390770211678
55	63	0.5452594262833077
55	93	0.5140434809809533
55	60	0.49699690733921315
41	145	0.7111466844864235
41	79	0.6635445141963162
41	40	0.5936216985311762
41	39	0.5743699842615941
145	138	0.6738215444935942
145	135	0.5763701396739881
145	40	0.5630037104432642
145	79	0.5556720493659688
145	39	0.5406474389922838
145	143	0.5047129743655503
145	181	0.5018007239407287
145	127	0.49475721555844365
145	141	0.479211328488605
99	163	0.5294135653279569
99	101	0.6432277195749447
99	182	0.5265141307136239
182	156	0.5850522360636985
182	52	0.524393110905217
182	36	0.5075766651821949
182	181	0.48245565276554625
50	52	0.6199599303623239
97	191	0.5655256447004744
97	63	0.4842719232123585
144	150	0.7022317591710502
150	2	0.5563905116248633
75	186	0.6198491010525151
43	118	0.5593178975221378
43	16	0.530700645337135
43	78	0.5303844945306878
43	119	0.5291760158137819
43	117	0.5035718388941189
43	18	0.5015013854600058
119	117	0.5422590064494758
119	118	0.4953686947634754
119	16	0.4811272261022117
127	143	0.693573979987397
127	138	0.6821584362957456
127	135	0.5626826028917266
127	123	0.5542187756562993
127	129	0.5274242328795182
127	26	0.4833221572939436
127	7	0.47696646693187733
143	39	0.6333797373652222
143	129	0.5940230709894392
143	135	0.5684297712644658
143	138	0.4946061575535195
143	130	0.47312579752205297
32	36	0.6922795488967574
32	93	0.5695591004514546
36	139	0.4986441688103595
36	181	0.49832853404833405
36	79	0.4745216808068874
180	189	0.6908552157134742
180	82	0.5485466221661659
189	82	0.5942559903427755
191	192	0.49115393206307045
22	123	0.47882605795638494
63	60	0.6099865882407872
63	64	0.5580040132360146
63	85	0.5141979737542504
63	93	0.5116704162935144
138	135	0.6595009872796028
138	123	0.6045518193366348
138	141	0.5943336079855862
138	129	0.47482380825685294
39	79	0.680191318691444
39	40	0.6165437103343019
39	135	0.5561488142078795
39	26	0.48211799703064184
39	181	0.477661421111864
79	181	0.6780739241792801
79	135	0.5243786105158361
49	47	0.6513154942154864
49	153	0.568998085351533
47	153	0.679906425935795
153	168	0.5034673333707261
181	101	0.5538514617765841
181	135	0.48494525911006
181	156	0.47336636934363163
27	125	0.5968759057925942
27	18	0.5797061439537737
27	130	0.547216954388851
27	29	0.5430350938989206
27	21	0.5229270359563001
27	26	0.5151389225009725
27	40	0.4970194968246222
141	123	0.5801043698655793
60	64	0.6722515945382552
60	62	0.5909079571184028
60	85	0.4826320975881868
60	93	0.4769510167247063
60	82	0.47528066020573173
64	85	0.5331959086676469
64	82	0.5058523488038579
18	118	0.6705545142846381
18	16	0.6042344648856074
18	120	0.5704367332945712
18	29	0.56303103090087
18	125	0.5380023949303928
18	21	0.5197447723659748
18	26	0.5148670568959193
18	133	0.4742814484319094
118	16	0.6427115203899253
118	117	0.5726587288326591
118	125	0.5159318834705714
118	120	0.489976946866954
118	133	0.4764641843377204
52	156	0.6015738755567425
2	134	0.534447218517222
2	7	0.479942833927651
106	5	0.6513442826842933
106	0	0.5309161180727265
94	82	0.5003777965400247
156	178	0.48229451676825663
42	7	0.609440011081483
101	100	0.6063697242350035
101	0	0.6028994814036366
135	7	0.5943077366680555
135	129	0.5292120134985108
135	134	0.49402430521528523
169	170	0.6589638453824737
169	158	0.37749060496455084
169	62	0.5458213347811492
170	160	0.5350041918325362
170	62	0.5268393059390379
170	168	0.48967291825974996
21	125	0.6553333587223584
21	16	0.5149405443034221
21	29	0.48149602886648873
125	130	0.5662462040760045
125	133	0.5092080458822467
125	16	0.48117333576661775
16	117	0.6543966702293853
117	120	0.4955346908387349
11	0	0.556604507883265
85	160	0.5907517362978008
26	40	0.6487052652843435
26	7	0.6189739136427616
26	129	0.6008714912909375
26	133	0.5510514355264973
26	29	0.5490218305248923
26	130	0.4753271053788485
40	130	0.5874674123877864
40	129	0.4729705524380881
93	66	0.5117516129954924
126	129	0.5317271159067749
130	131	0.6268559415029726
130	129	0.5239724761353219
130	133	0.5089932090851053
131	133	0.6183937172182082
29	133	0.6217052977302817
133	129	0.550264078767514
7	134	0.4845397960448042
100	30	0.5245091030705858
58	161	0.5999890043282889
58	54	0.505614193972822
161	56	0.47182859998001175
178	72	0.5482389454195474
54	159	0.5423366568861229
134	30	0.48876772890802633
151	59	0.41285667950147126
