19	121	0.9202872105612256
19	20	0.6229858104861418
19	17	0.6204952567166154
19	119	0.5408243401649846
19	124	0.4359179943654897
121	20	0.5742091383031774
121	17	0.5640205666397979
121	119	0.5265864051950452
81	96	0.85420367720835
81	74	0.7872280142042181
81	61	0.7482337073381403
81	97	0.685284336866865
81	88	0.7060233318121863
81	92	0.6875477338807652
81	98	0.6739198061892923
81	190	0.6603138988754776
81	198	0.6532172460706956
81	195	0.6264490460792687
81	90	0.6050782042784921
81	85	0.5791548079487674
81	93	0.5748790372832507
81	181	0.5562040676291479
81	50	0.5322218480443455
81	83	0.5263261814425514
81	87	0.5207293991507291
81	185	0.49756144235981487
81	95	0.4837895232563802
81	55	0.44849920973318264
96	198	0.7673702803375593
96	190	0.70517473260612
96	74	0.7181624948943196
96	98	0.6985484485595795
96	97	0.6639193523106847
96	195	0.6244765498556399
96	181	0.6102941752978814
96	61	0.5987844221976966
96	88	0.5892001482326217
96	95	0.5663005508329064
96	185	0.5398330776278197
96	83	0.5102590893678227
96	197	0.49041757669953046
96	87	0.4862062153572483
96	92	0.46822148669105174
96	85	0.4452900730401447
96	90	0.4291790990750664
96	93	0.42908935625559574
139	142	0.8487596583138626
139	114	0.7462773873760787
139	176	0.6569961436472114
139	134	0.6476731315421079
139	199	0.6075066504549304
139	141	0.6002641390016014
139	38	0.5993550148898501
139	145	0.5214360176768551
139	70	0.5109761808094316
139	156	0.5099631747216626
139	79	0.5027129641783179
139	140	0.4954215156217205
139	31	0.4854651706874925
139	112	0.4836516406652681
139	135	0.48270113055267716
139	113	0.47162645696580163
139	2	0.4673621989636153
139	182	0.46243167819821296
139	52	0.4585076122918288
139	167	0.43259116753072246
142	38	0.667072604190589
142	176	0.6357689918342537
142	114	0.6253054848325612
142	156	0.5970689929580038
142	134	0.5848548872674895
142	145	0.5790750528412723
142	141	0.5664024377302704
142	199	0.5587335308770734
142	182	0.5390177045115341
142	52	0.5344186432595338
142	140	0.5215452248062769
142	143	0.4935706067953871
142	112	0.48211799703064184
142	70	0.4771750158768232
142	135	0.46885366938947465
142	41	0.44142556810013744
142	31	0.438296267497409
142	113	0.4363390861367035
9	108	0.8310744315380191
9	112	0.8118731484163844
9	3	0.7967321035725647
9	12	0.7587956363164696
9	103	0.7271674979569598
9	113	0.6665172197532356
9	11	0.633080227484289
9	6	0.5876442024923489
9	106	0.5672982959481323
9	109	0.5662733780699579
9	102	0.539372338861996
9	1	0.5343543444628482
9	13	0.5249439003058233
9	111	0.524204582120073
9	110	0.5008274347291262
9	0	0.49585903321707286
9	105	0.4793730870733085
9	148	0.453589194668811
9	70	0.4421901335407694
108	112	0.7460513356288943
108	103	0.7456164785744198
108	3	0.7411382027653798
108	12	0.7159617311379489
108	102	0.6198798894528775
108	113	0.6008203725577073
108	6	0.5969145287585458
108	111	0.590914465357807
108	1	0.5866285330332338
108	13	0.5722755284628626
108	110	0.5450696714695333
108	11	0.5268320814975199
108	105	0.5262972616036871
108	109	0.5245670918532743
108	0	0.46871322581583813
108	106	0.4640260778815104
13	111	0.8259638138789109
13	12	0.8164913025992865
13	10	0.6736850303683546
13	40	0.6291089094636625
13	110	0.6819338148089554
13	102	0.6816930061056922
13	113	0.643544188995172
13	1	0.6403105964999098
13	141	0.6324446392101641
13	6	0.6001169916073276
13	104	0.5979241798098444
13	8	0.5792810641986861
13	39	0.5593934808554172
13	7	0.5465721206194835
13	112	0.5404988050463614
13	103	0.5314688506216207
13	3	0.5239579669263902
13	24	0.5234063916737187
13	105	0.5153666220177072
13	144	0.5105918489860054
13	114	0.49556486805537137
13	0	0.47206178029834567
13	107	0.4682761387044733
13	135	0.4483394257109378
13	31	0.4458350753215291
13	2	0.42812612785288606
111	110	0.7934955770400535
111	102	0.7241898974935708
111	104	0.7003056025992186
111	105	0.6964843023547113
111	12	0.7869616770425109
111	113	0.6758474450309085
111	107	0.6461088124002969
111	6	0.6403223963955964
111	1	0.6045518193366348
111	8	0.5915844020668141
111	103	0.5758690750723627
111	10	0.5750865496639755
111	3	0.5488331873077863
111	40	0.5037509569397046
111	112	0.5008499095478581
111	141	0.4844173511633743
111	7	0.4546449187563175
111	0	0.43226596532351586
12	113	0.8144477639918106
12	3	0.7474271360623911
12	112	0.7336423674778788
12	110	0.7212090401399204
12	103	0.7127936296019834
12	6	0.6797773503355609
12	102	0.6469527091313311
12	10	0.6136405616270202
12	105	0.5952770692894465
12	1	0.5894090186635191
12	8	0.5610128462968212
12	40	0.5477421539454219
12	0	0.5381942164858317
12	148	0.5179982279132685
12	104	0.5166653191148781
12	7	0.5095709018276587
12	144	0.497599063054407
12	11	0.4973432054186972
12	107	0.49496109644853936
12	147	0.48840231227479297
12	106	0.4765492078881179
12	146	0.4522299625215582
12	141	0.44628365268732784
12	157	0.4359746909204969
123	126	0.8157900831961992
123	124	0.6572915878405813
123	138	0.5230795941370939
123	128	0.6537730017706133
126	128	0.7251443603460219
126	124	0.6438370201842697
113	112	0.7180559446827542
113	110	0.6617552622616197
113	3	0.639873787875073
113	103	0.6242935068577092
113	107	0.5589329654405842
113	6	0.5134840854801693
113	106	0.5093857938761059
113	105	0.5005127163575404
113	104	0.500175371240483
113	102	0.4984713375733413
113	147	0.49608523670652677
113	7	0.48425661344999105
113	146	0.480481411312547
113	0	0.4784868672496629
113	10	0.47523421238360025
113	182	0.47395585960912096
113	148	0.472496873532293
113	1	0.4620542391154623
113	164	0.45739331585742904
113	40	0.45203902466710827
113	144	0.4458110380674683
113	8	0.4421177285497335
113	135	0.4394589036898187
113	157	0.43659812458332103
113	11	0.4322903593912235
112	11	0.6596648228904388
112	70	0.6498621257764631
112	109	0.634474326519731
112	106	0.6116666535587003
112	0	0.5635567098621781
112	5	0.4221948807411518
112	3	0.7056068170548511
112	103	0.6727609882695872
112	182	0.5298021037030456
112	156	0.5251104999854762
112	102	0.5239579669263902
112	110	0.5089487521726763
112	6	0.5074207517204173
112	135	0.49265483077427313
112	176	0.48418771584949666
112	52	0.4806582934131368
112	1	0.4798427725512274
112	114	0.451688864326926
3	103	0.7814562103934444
3	6	0.6298394615907783
3	105	0.5836429660868714
3	106	0.5623544879186905
3	102	0.5529704168618597
3	1	0.5382581446178222
3	11	0.52682485697988
3	0	0.48747277378843296
3	110	0.4839426979729107
3	109	0.45389890003486305
45	164	0.796073767833328
45	49	0.5738202441869997
45	146	0.7141633734702489
45	44	0.6899498305261859
45	173	0.5934014655748703
45	153	0.5596201750475549
45	47	0.5528385004973019
45	31	0.524661313245035
45	155	0.5118475609490117
45	147	0.5106657748075416
45	51	0.49753134445636565
45	43	0.495926901331844
45	171	0.4871677662136187
45	148	0.4759925283652063
45	189	0.458207447115231
45	157	0.4552793262751326
45	149	0.44795582714437543
45	182	0.442278620703754
45	46	0.4328593746440428
164	146	0.751028461530289
164	44	0.7227219369457888
164	173	0.6777118151691464
164	153	0.5825275470468892
164	154	0.5157117051105805
164	149	0.6658330808312891
164	155	0.6383357725954744
164	148	0.6114287699942106
164	157	0.5781570723693874
164	47	0.55188649371214
164	147	0.5428023649493309
164	182	0.5405766651314781
164	51	0.5389041811356494
164	156	0.4772831312141168
164	52	0.47691238991720136
164	122	0.45681584545543813
164	26	0.44620356602332345
164	31	0.4273499397775968
110	107	0.7140555629845237
110	104	0.6901541235448034
110	10	0.6541564629241908
110	105	0.6270804985122969
110	102	0.6211037185256697
110	8	0.5939842414100778
110	7	0.5544127411850546
110	6	0.5355749638302197
110	135	0.5339398260874655
110	1	0.5187879978415779
110	103	0.503527052616802
110	40	0.44021705360098295
110	0	0.43369601308162115
110	141	0.42994564658515505
74	88	0.6780307045746176
74	190	0.6443694893092664
74	90	0.6363763115311056
74	185	0.6283530379754442
74	198	0.5869563703286738
74	193	0.5682198991344494
74	73	0.5528801612908923
74	92	0.5260730915673916
74	194	0.5245598435215908
74	61	0.513859517518566
74	87	0.5000553897039365
74	195	0.48846322694910277
74	98	0.48688552835254045
74	83	0.4855110287657705
74	97	0.458318046450624
74	181	0.4439421818264799
103	6	0.6341635540045336
103	102	0.6220671196582354
103	105	0.57574206996402
103	106	0.5338611815598908
103	1	0.5166213343345248
103	0	0.45558843246157094
103	11	0.4287384621348319
61	63	0.7796196454007878
61	92	0.7695404907559447
61	98	0.7091142613237914
61	97	0.6811627066935821
61	37	0.6642882699240934
61	166	0.5302263637784658
61	93	0.5278139066454414
61	198	0.5266586720651156
61	35	0.5235515856225256
61	90	0.5099705740595327
61	195	0.45598456178269553
63	35	0.7021151601128321
63	37	0.700117012078257
63	92	0.6641876881014218
63	64	0.5488052354088637
63	62	0.5122902321923838
63	166	0.4855645264803882
63	68	0.4774993185448929
63	90	0.4773371834650386
63	167	0.46887707434736353
63	69	0.45565182528536924
63	91	0.44498536913046943
63	97	0.42656494082044843
90	92	0.7777300613591117
90	88	0.7287657136804196
90	73	0.5382439389015021
90	55	0.5142862403607
90	194	0.5133441683534092
90	85	0.49977035660462116
90	83	0.42949720988095735
92	93	0.6530337494073202
92	88	0.5559484793388835
92	37	0.5476371485389077
92	97	0.5256679538784972
92	85	0.5106435978538049
92	64	0.4895892895078628
92	50	0.433866498183316
198	181	0.7664229815097724
198	98	0.7264504402557159
198	195	0.7022672383659178
198	185	0.7006570374497556
198	199	0.6959174677345473
198	190	0.6426586943632571
198	183	0.6364655567899193
198	97	0.6279474017167044
198	197	0.5902176475395714
198	95	0.5301688525388182
198	194	0.5210427305561715
198	177	0.5110574556085513
198	166	0.48930792669116857
198	196	0.4791728097405736
198	167	0.4426485646392131
198	193	0.4299211918675069
198	78	0.42927699066914343
198	38	0.42775036818944717
181	197	0.6381283416557395
181	195	0.6847429655562695
181	185	0.6088550976615569
181	199	0.6068437453902151
181	79	0.5812179281571973
181	98	0.5534700589256941
181	196	0.5409658266658465
181	95	0.5230069515637317
181	183	0.5181738087623718
181	97	0.4879224428813477
181	190	0.485541599333698
181	101	0.47996592324148235
181	166	0.47576820238326967
181	114	0.4741419262429335
181	38	0.44615551059417075
181	78	0.426646741565969
62	67	0.7616781380309163
62	64	0.6850562039440933
62	35	0.6737887852976319
62	42	0.5531231274995903
62	72	0.40492844799877087
62	69	0.7128920006253437
62	65	0.6345340669620528
62	37	0.6280079661194443
62	68	0.6242996093957842
62	32	0.5278139066454414
62	91	0.5014564743270571
62	30	0.4511792917001001
62	166	0.44569885571393564
62	169	0.4380215417983254
67	68	0.7369678524914222
67	66	0.5492313685152089
67	65	0.7179638969502736
67	69	0.705827680838361
67	64	0.5503825932853594
67	91	0.544303056339166
67	42	0.5360027219958214
67	86	0.4896957245377082
67	171	0.43396390429490905
28	132	0.754594260882331
28	29	0.6169402730673504
28	53	0.5885599924796734
28	131	0.6181280832395181
28	125	0.5474270859677273
28	21	0.5050855127287863
28	133	0.46137757534176926
28	27	0.4525640040408305
28	155	0.44144972208429933
28	157	0.43515630550592826
132	131	0.6567232466956208
132	125	0.5689710350887308
132	29	0.5010821097923166
132	53	0.49740341500186447
132	133	0.4502389955796462
132	21	0.44153023074426573
8	10	0.7544822861656544
8	4	0.46898628877799114
8	6	0.5559001129665354
8	104	0.5557480798614708
8	107	0.5461301753806509
8	7	0.5084447174174102
8	105	0.5026083376608158
10	7	0.7372738098910705
10	104	0.5832274159865996
10	135	0.5602380064386321
10	114	0.5207366875217049
10	6	0.5013217247129365
10	102	0.479904350260377
10	107	0.46655679178682957
10	134	0.4633352777533073
10	141	0.4576384264148077
10	40	0.4488825744333899
10	2	0.44750808695011557
23	25	0.7510851303096833
23	22	0.5640955688742318
23	26	0.48971853014558814
25	22	0.6226981385964682
25	29	0.5151389225009725
25	26	0.5677118381022489
25	27	0.46607161015160614
146	44	0.6514018539967684
146	148	0.6191034397762534
146	157	0.6105639471244065
146	155	0.5735787313890072
146	147	0.5586441081929368
146	173	0.5494268750172495
146	182	0.5467964842233678
146	144	0.5284556621157125
146	149	0.5136534223198861
146	153	0.5054429725783126
146	49	0.4854116662195975
146	51	0.47512582383084245
146	43	0.4698361105451713
146	26	0.45849971454792265
146	154	0.4550494069119242
146	47	0.4530886698937116
146	31	0.4442071050672991
146	150	0.4440866950379824
146	17	0.4417073247712624
146	165	0.4401525546139788
146	171	0.4288690425091188
146	180	0.42752157249823897
146	53	0.42728454777979713
167	175	0.7483481231200212
167	166	0.7347854721459964
167	183	0.7164390469036737
167	165	0.6277353664026668
167	199	0.6181219040245958
167	169	0.6077463506624623
167	172	0.486641348722536
167	35	0.4651552614939192
167	140	0.464630065402618
167	185	0.4591470889792538
167	176	0.45591327183010005
175	183	0.7325229014655291
175	165	0.7281555652773962
175	169	0.6876584462977863
175	174	0.6405642276573134
175	166	0.629899788016243
175	180	0.5996817095191572
175	199	0.5032060051063316
175	172	0.4871067504303499
175	140	0.48118102045185024
175	171	0.4525401481422806
175	194	0.4510677834428546
175	170	0.4468040417431797
175	176	0.42974183799750165
170	174	0.7483041223187139
170	173	0.6083199196719318
170	179	0.5308227549795921
170	180	0.48227149467518776
174	180	0.6507912164267144
174	165	0.597712117371631
174	169	0.5266153128564491
174	173	0.4880138693305947
174	183	0.4819030505936435
174	179	0.44824354154163726
86	91	0.7480355747956218
86	65	0.7357088886142361
86	84	0.7318084443555948
86	76	0.6207350430759948
86	54	0.3999756983561608
86	69	0.666428289502904
86	68	0.5704569710062343
86	60	0.49917744125734986
86	49	0.48117333576661775
86	189	0.45074114253246556
86	94	0.4365171828419285
91	69	0.7421056950802413
91	68	0.694092575264626
91	65	0.6689940479006525
91	84	0.6093520019707748
91	64	0.47553607587342944
91	60	0.45490666781515593
91	35	0.4530648282499309
91	66	0.45099609212573366
6	105	0.7473785832763327
6	102	0.5829898216298612
6	1	0.49350252884640655
105	107	0.6551107919563375
105	102	0.5279221099499412
105	1	0.4697114205281393
105	104	0.457211414712992
114	134	0.6532631082523153
114	141	0.6518679052455922
114	176	0.6532057797763087
114	79	0.5795401347014206
114	70	0.5660899297217504
114	38	0.5558517428298785
114	32	0.5444719304793193
114	135	0.5423437155573468
114	199	0.5313181502236248
114	145	0.5168705453656414
114	2	0.49781722616655044
114	140	0.4943266214528766
114	36	0.49411501263575214
114	31	0.4796426123463826
114	101	0.47500193354149883
114	156	0.4641751538982549
114	78	0.4344183319971538
114	7	0.42930146199194524
70	176	0.7456475608767672
70	199	0.5959868139908183
70	38	0.5888213697853442
70	109	0.562662100896997
70	11	0.5532896785402147
70	156	0.5450204666584831
70	79	0.5283187087898422
70	98	0.5104661577633035
70	32	0.5016286189927202
70	95	0.5003852927231226
70	52	0.49124497883427815
70	197	0.47715956964932976
70	78	0.473428440935321
70	101	0.44027348648810066
70	106	0.4307604427364807
176	199	0.7150099759155663
176	156	0.640646775099837
176	177	0.5119582542606188
176	38	0.6367569725648656
176	134	0.5647906008404134
176	52	0.5372132096671732
176	145	0.5260224624058865
176	182	0.5207731282379873
176	140	0.5005951553906958
176	135	0.49235185459827513
176	79	0.48518232017401464
176	166	0.4597703181091058
176	31	0.45652300783800565
176	165	0.43766589294053265
176	41	0.42809345897270157
69	68	0.7396019092665312
69	65	0.6986457213603066
69	64	0.5772376258949233
69	42	0.5097189542362468
69	35	0.494840284719953
69	66	0.48041987793835617
69	37	0.43766589294053265
166	199	0.7415480761086051
166	183	0.6395725031981179
166	37	0.5641910128025632
166	35	0.555222588517118
166	169	0.5255376803769876
166	98	0.48071211933436586
166	32	0.4741186702291277
166	165	0.46777632980855405
166	172	0.4489863739520799
199	98	0.697984782592623
199	38	0.6499776466038969
199	183	0.6454792264468229
199	196	0.4953385097711335
199	197	0.4743046998143017
199	177	0.4610311675187039
199	145	0.4448730838130812
199	79	0.43352549692284054
83	190	0.7411021434943121
83	87	0.6847482767906123
83	88	0.5449009536288795
83	191	0.5352539647321479
83	50	0.5307078288672621
83	55	0.5231013854272759
83	195	0.47725224259192217
83	194	0.46165302660659896
83	193	0.43575598514266506
190	55	0.5510096536061838
190	87	0.6569165664788538
190	195	0.6560630351336527
190	185	0.597281308960911
190	194	0.5961415437879988
190	193	0.5669048263946009
190	88	0.5590223461577817
190	191	0.517280819679904
190	97	0.4871906459062511
68	65	0.5913958616365849
68	64	0.5283763766997118
68	35	0.5117958982528518
68	42	0.4828391784880667
7	135	0.6717799750916387
7	78	0.6406585663829456
7	31	0.5488821001778317
7	104	0.5121722131249083
7	182	0.49305609031039266
7	40	0.4711442235577352
7	102	0.44958498069214303
65	84	0.5587610429358412
65	64	0.518378597897533
65	66	0.47749159856402246
65	35	0.4764641843377204
65	60	0.4427611263776879
183	194	0.6548424193139826
183	185	0.5379668663035456
183	187	0.5201752608762168
183	165	0.5167899278500697
183	182	0.4836976041968216
183	195	0.4812117584532345
183	169	0.46803408116184286
183	196	0.4473561240937671
183	193	0.44115177823995894
183	98	0.4322984906065245
182	187	0.7320916363071596
182	135	0.651551504310347
182	173	0.5586441081929368
182	80	0.5529218193205637
182	156	0.5498177075864458
182	147	0.539811819876108
182	78	0.5204305105889794
182	144	0.47321116979637695
182	52	0.47037362148602113
182	157	0.4683698195347544
182	31	0.4553268882199414
182	193	0.450446265371714
182	148	0.4388535473774312
187	193	0.5410860661226083
187	80	0.5183200927810945
187	189	0.48804434243426026
95	197	0.7319338228074432
95	97	0.573075259318581
95	79	0.48259374334975064
95	196	0.4784406029024333
95	98	0.4734749915436409
95	93	0.45367655856212635
95	195	0.44946529161970883
95	99	0.44173951998798044
197	79	0.5354537156841375
197	97	0.5089265226982432
197	196	0.5085262760922191
197	195	0.49754639355784136
197	98	0.46096029405452454
197	38	0.42729272202402185
84	60	0.6888216248457113
84	189	0.6595122882994963
84	76	0.6038597399205099
84	82	0.5425554400910128
88	85	0.6881378307151876
88	193	0.5880106994500581
88	87	0.5776242385139938
88	50	0.5712995932729741
88	55	0.4842259930355887
88	73	0.48385079670054837
165	140	0.6463534142384314
165	171	0.5543434746938218
165	169	0.6369234142415134
165	180	0.5864514209044575
165	137	0.5135429897878462
165	134	0.43913609661407055
165	145	0.4355534339008029
98	97	0.6225879217788591
98	38	0.4993200838844835
98	195	0.4505498820646041
98	78	0.4345400161738894
128	124	0.5050482673569707
102	1	0.653601193820101
102	104	0.5511976504904699
102	141	0.46335883703843656
102	0	0.45727468901625884
102	40	0.44946529161970883
44	149	0.6779604627163405
44	18	0.4081421489077835
44	48	0.3002187443953846
44	155	0.5650425224677842
44	148	0.5310669081544338
44	26	0.5001078839888532
44	51	0.4987643758577127
44	33	0.4975764908622833
44	47	0.48128091462987627
44	154	0.47769229410464537
44	157	0.47751475828545725
44	46	0.47641780409900214
44	173	0.47380077174159974
44	153	0.46046401516571656
44	15	0.4558261317205923
44	52	0.45318402998733015
44	152	0.45217427659458026
44	49	0.4521265429941881
44	43	0.4398380570092433
56	163	0.7198964480065001
56	162	0.6390462609479921
56	161	0.6121921091361797
56	57	0.6029185764247191
163	162	0.5537613329751784
163	161	0.52492216694652
163	57	0.4791342891467845
107	104	0.6138275607746694
51	155	0.712606647372874
51	157	0.629827395393732
51	53	0.5462985713451188
51	173	0.5218218063978599
51	47	0.4926775491750277
51	148	0.47161090544941175
51	153	0.4697815609691592
51	149	0.46044037565244733
51	154	0.4454664334455484
155	157	0.6891578124451586
155	149	0.65120032158888
155	148	0.5713265373282236
155	53	0.5568529270067493
155	173	0.5127694857056083
155	153	0.4992450121908703
155	147	0.45902081027134206
155	154	0.4540973714563751
155	47	0.4536924419696099
155	143	0.44241535665730425
155	144	0.4360232852134183
155	156	0.430850027489774
155	122	0.42997010067195934
195	196	0.6153583568455542
195	194	0.58834426353296
195	185	0.5818069685912948
195	93	0.5038330382381069
195	97	0.4993876419991647
35	32	0.5608209420726691
35	37	0.6595744385800435
35	36	0.4700776441073261
35	169	0.4487627907038086
35	64	0.4262867660874779
32	36	0.7020644531225927
32	42	0.49025806724826765
32	30	0.4650141961794466
36	42	0.5300034805492727
36	141	0.5271209997807047
36	37	0.5185467730782578
36	30	0.4785408389640927
185	194	0.5681047765701612
185	193	0.550953940081477
185	73	0.4721705751821094
185	78	0.45090049464951554
185	184	0.4345481278883838
104	141	0.49855400093624086
104	135	0.4695087592755361
37	64	0.5251756802115386
53	157	0.6904682058194597
53	27	0.6721913015226696
53	144	0.4654608219737867
53	148	0.46211715726000974
53	131	0.4569028862024793
53	143	0.43832050407017475
53	149	0.4325667812677981
157	148	0.6378377826385694
157	144	0.6160847943897795
157	122	0.4696334797492892
157	27	0.5749192067431974
157	173	0.5603683579032399
157	149	0.5556651370418237
157	147	0.5355393049024422
157	143	0.48188769505665136
157	40	0.4316640447528869
60	76	0.5840384440815265
60	189	0.5477141541906593
60	80	0.5321071598942837
85	160	0.4609760442214646
85	93	0.44730013126557067
85	50	0.4327862348463476
169	180	0.482793165175437
169	171	0.438296267497409
169	64	0.43151757346627473
97	99	0.4609917940979892
97	93	0.5349756404009572
87	191	0.6599527955670296
87	50	0.6462777183341307
87	193	0.493563042877493
149	143	0.5460108681937053
149	148	0.6349102574339653
149	127	0.5138153592533748
149	152	0.4757372560096501
149	26	0.4666193754315931
149	154	0.4333630717132087
173	179	0.6060977575637145
173	153	0.5505289629559628
173	47	0.5214214554354021
173	147	0.49447017979420566
173	156	0.46482607235643464
173	148	0.4295053651673973
27	39	0.5456387683182794
27	40	0.5347900263107092
27	144	0.5254797731307956
27	26	0.48561802055840664
27	143	0.43186743933723404
135	78	0.613203962475079
135	156	0.5122533533118799
135	134	0.5020475877435834
135	141	0.44711613014266705
135	147	0.4440706391552346
40	144	0.6678765964654254
40	24	0.6337269312438722
40	141	0.5876834815648513
40	39	0.5467824637979465
40	150	0.4972001884561558
144	150	0.5260803240003666
144	148	0.5181591786926771
144	141	0.5119508752353826
144	39	0.4531045639628253
38	79	0.5994254953351308
38	41	0.5347686059782215
38	145	0.5128800373198344
38	156	0.4784945777159478
38	52	0.4764641843377204
38	140	0.42759511994561394
11	109	0.5576733815742037
11	106	0.5198615411140428
11	0	0.4313629401990906
189	82	0.5461091227807872
189	180	0.5761630854720157
189	159	0.5369143534276567
189	76	0.48258607227994194
131	125	0.46049553350080696
194	193	0.6368104781486262
194	158	0.3211062062395342
194	73	0.4732266910732536
194	184	0.4692826556539222
194	55	0.4410873451574304
1	0	0.46640813690658184
134	140	0.6422652418411074
134	141	0.5782236419603646
134	31	0.5420895551591903
134	2	0.48946002735490396
134	145	0.48015061381409935
134	156	0.45864186285701136
134	52	0.4399509660035763
134	127	0.43052422405665813
93	50	0.5521228925861529
93	196	0.4725201756031166
141	150	0.5389041811356494
141	2	0.5066332528149112
141	140	0.6022307204679143
141	24	0.5684230023500382
141	39	0.5160492840649151
141	145	0.4791728097405736
180	168	0.4564121786112127
180	172	0.4823482323946328
180	179	0.4387970271117584
140	137	0.6429168968478488
140	145	0.618103365921484
140	127	0.4847999283829172
140	31	0.4304101663378076
50	196	0.4271619257342567
127	143	0.6459573256710536
127	138	0.459928025856052
127	137	0.4510837140562315
127	129	0.4293096189594742
143	130	0.5017483483787258
143	129	0.46244740119165456
143	39	0.4991023553212656
137	138	0.6056483859505275
137	34	0.45115539825929846
17	119	0.641359603947995
17	20	0.5734713603459802
17	49	0.5082222382977855
17	43	0.5060160355331936
17	154	0.49340418335455033
17	120	0.4604167354860937
17	148	0.43624192806567713
17	15	0.42652403783053033
119	120	0.4672215040656526
119	154	0.43434531387835984
78	80	0.5642046464187438
78	75	0.5004152767053178
78	31	0.4613539610929347
156	52	0.6114412929382557
156	79	0.4672215040656526
156	101	0.4554616329508773
156	109	0.43186743933723404
162	57	0.6229062585154312
162	100	0.3430982998333864
162	161	0.5072053880228422
147	148	0.6386615482805585
147	186	0.4511713272916993
147	77	0.5521785029546523
147	188	0.4854957430365257
147	43	0.48229451676825663
148	43	0.5357318404242561
148	26	0.44645181141437495
148	188	0.44415894298085196
148	152	0.4295461405487657
193	73	0.5956772215839353
193	184	0.5385563940068127
193	80	0.553400687997065
109	106	0.520882439000587
24	39	0.6201384366725354
171	172	0.6314656083505468
171	178	0.3120635764692351
20	43	0.6202615070706301
20	49	0.5599978126688027
22	26	0.5995279957557244
22	34	0.5947086038636007
22	33	0.48214869892802564
41	145	0.6213432102679599
76	80	0.43410999444107673
76	77	0.42908935625559574
43	188	0.5991947974948815
43	77	0.5754144022269667
43	49	0.5378105176386127
43	15	0.44027348648810066
33	34	0.6191034397762534
34	138	0.44841932130457235
34	26	0.4319406506377901
29	133	0.5101999160995156
29	21	0.4936840566036287
29	125	0.44979240351111655
196	79	0.4337772003371153
161	58	0.3030457874007097
179	89	0.5657840578382894
179	192	0.3212766050942388
179	47	0.4469961090191352
179	168	0.4309151747044456
138	136	0.4377709852741481
59	151	0.6039169186201484
59	58	0.5432747880160066
151	118	0.38787815636006545
79	101	0.4950894379454253
79	31	0.42623766805616287
188	77	0.47843289191964616
188	186	0.430850027489774
73	184	0.523275691126572
73	80	0.4660246422029843
47	153	0.5932394728714049
47	154	0.4969818473080376
47	49	0.4477399804376068
153	154	0.4430022831134954
14	152	0.5921756090168644
14	15	0.5200439533974774
14	46	0.47238812180049383
152	154	0.5596064383886168
152	46	0.49878691254341234
49	154	0.4289424860951232
125	21	0.5303916814154492
125	133	0.4544862447307955
89	94	0.5000178915360481
89	66	0.49129049819480036
154	46	0.5304276146956979
82	159	0.5584927479056577
159	184	0.5157924450881076
42	30	0.4807351864774489
15	116	0.5529218193205637
15	115	0.4434121024653505
116	115	0.50657378458498
177	71	0.5011420207281047
101	99	0.4280117818773923
18	118	0.48829570014035273
120	117	0.42674489324731585
16	117	0.4388535473774312
