9	103	0.8965594837122839
9	108	0.8925240915262269
9	12	0.769703563524043
9	3	0.876300260867232
9	11	0.7283246451583597
9	112	0.7242469584136281
9	0	0.6932001456724483
9	106	0.539620469127778
9	6	0.5363732232584373
9	5	0.5238056018734567
9	1	0.5001303804144583
9	111	0.497433517996625
9	113	0.49679357165870347
9	70	0.4881052850722989
9	101	0.4665411451456299
9	105	0.4522856449230497
9	139	0.3911525027830195
9	156	0.3864584886860247
9	13	0.3855223762979786
9	176	0.38019707015841436
9	102	0.3722133846029298
9	99	0.35731977618117033
9	115	0.29525188238564576
9	95	0.2782553438259109
9	120	0.26997791387440034
9	98	0.2620422744442649
9	155	0.2423883615224164
9	119	0.23862916679298807
9	124	0.22838032879187142
103	3	0.8813313707002319
103	0	0.7126312560843429
103	106	0.5809596171868608
103	108	0.8662856945497874
103	12	0.7152396162720789
103	11	0.7139133974000507
103	112	0.713250816876299
103	1	0.5289959988162911
103	5	0.5069528119597927
103	6	0.504683163171182
103	111	0.48302320507792607
103	113	0.47793923557145396
103	156	0.47064613863985877
103	105	0.4651317522483815
103	101	0.45152169326676206
103	70	0.4426726861863314
103	102	0.420533528148396
103	176	0.39581782067417537
103	115	0.38803955906505794
103	13	0.38221411902947877
103	139	0.32437601082055145
103	120	0.31592159788215346
103	99	0.3064293959356374
103	155	0.29263899984626646
103	10	0.2673986135001897
103	119	0.24050495523770027
103	124	0.23888377553499565
103	118	0.2360907224919421
103	46	0.2316288708438448
108	112	0.8241118165725855
108	3	0.7951562773791394
108	11	0.782853846754305
108	0	0.6804115665624105
108	12	0.6771707419622188
108	101	0.5581554935723776
108	106	0.5157557462340091
108	70	0.4905087102079319
108	5	0.47283857102178517
108	1	0.4655626508205759
108	113	0.44433552474666305
108	95	0.4376092998071723
108	99	0.4323554071451375
108	139	0.42044297728930996
108	156	0.4183662475451321
108	111	0.4106892250343677
108	6	0.40774202895830425
108	176	0.40699138190362233
108	102	0.36473789787942024
108	105	0.364165562450464
108	32	0.342462898818789
108	13	0.32275550899169664
108	115	0.3012920087571397
108	98	0.2859499835205105
108	79	0.2722941255490214
108	199	0.27108082221029356
108	142	0.2520868234721131
108	119	0.24861873127118017
108	124	0.24597118987662017
108	120	0.2439031781538908
108	155	0.24363041060865567
108	197	0.23376649482799172
23	25	0.8905132402027682
23	22	0.6731713256379158
23	27	0.6100305405093465
23	26	0.5642250962661094
23	21	0.3760147467187923
23	19	0.3217069937344096
23	17	0.31692046203108926
23	34	0.3149760813638959
23	121	0.31299297222305844
23	29	0.2957447299760962
25	27	0.7426847105452468
25	22	0.678408717154538
25	26	0.5793342164112599
25	21	0.4225728129984364
25	34	0.3640874953821531
25	128	0.344456297909767
25	121	0.3346006496541832
25	19	0.3128305967048998
25	29	0.31124196252080205
25	17	0.29805171257900664
25	123	0.26982956955955284
25	124	0.2524988167306842
25	40	0.23338831819579256
3	12	0.7243848146951218
3	0	0.6405524339568174
3	6	0.6352742186970043
3	11	0.6203414864572919
3	112	0.5940036565457324
3	105	0.523050538019635
3	5	0.5016361026424659
3	106	0.49505169268867116
3	111	0.4940696602699922
3	1	0.4855339568030375
3	113	0.45320786839027644
3	70	0.4257219871350205
3	156	0.4107474167665932
3	101	0.4032382812534536
3	176	0.36723213377102504
3	13	0.35414914662002656
3	139	0.35007567834223546
3	102	0.32242401273357
3	115	0.31466977995013085
3	99	0.27041360116335433
3	120	0.2430753507960999
3	155	0.24244483557396138
13	111	0.8652086279741242
13	105	0.7453321470489851
13	10	0.6985330873357168
13	1	0.6572120650357494
13	110	0.5673661093652042
13	113	0.7056017958292237
13	12	0.7000048308440012
13	6	0.6168473567645557
13	102	0.5717036247954992
13	2	0.5515804340402578
13	107	0.42743167348733196
13	176	0.41941340209991435
13	112	0.4079671157111674
13	7	0.3962562610840182
13	139	0.384005894199008
13	8	0.3727215326974798
13	0	0.36839085123329157
13	31	0.3383074608591867
13	4	0.3347072104636639
13	70	0.332770023079435
13	11	0.2881247169071767
13	104	0.27784013357979154
13	106	0.25244264121884363
111	113	0.7582223399987279
111	12	0.7572215762823122
111	105	0.7374791340543154
111	6	0.7201035360032972
111	1	0.606470884940819
111	10	0.5622655929545393
111	110	0.5385066951425659
111	102	0.5384569925313337
111	139	0.46176318219399026
111	176	0.4584523265636313
111	0	0.416309935158127
111	112	0.4125911886395359
111	2	0.39591058274275653
111	107	0.3561328414107249
111	70	0.33981202580563596
111	11	0.3261822808355274
111	106	0.3091090166455434
111	8	0.2739413489456224
111	31	0.2735528226887549
111	100	0.2673614731836987
111	104	0.26699002634221647
111	7	0.26622831236232913
111	4	0.23761983941417436
111	156	0.2298868499236772
11	112	0.8371587949193083
11	70	0.6791259525265332
11	0	0.6557553522607826
11	176	0.5707065124967194
11	95	0.5521576496421899
11	12	0.5503407671641269
11	156	0.5379242294283177
11	101	0.5261381807246764
11	106	0.46353943646358564
11	99	0.4590681669607672
11	199	0.4569028862024793
11	139	0.45220609755596197
11	38	0.4467480143605632
11	5	0.4207639834408808
11	32	0.4165413802638761
11	98	0.41597093603882024
11	52	0.41078898024093524
11	71	0.4023167340843531
11	142	0.3901780151858526
11	113	0.3725579161673799
11	177	0.3560193241339194
11	1	0.3507599000457191
11	36	0.3467545496232836
11	79	0.3449497585927705
11	102	0.27918688141506043
11	96	0.2700798931573143
11	115	0.26496424888101605
11	197	0.25725814258218316
11	198	0.24228482149513345
11	46	0.24149397035288084
11	105	0.23101365206088278
112	176	0.5957997897534181
112	70	0.6425530239761389
112	0	0.6098986724428141
112	12	0.5941071922497164
112	95	0.58165480308206
112	101	0.5555960095753343
112	139	0.5176835363690815
112	199	0.5076137825366169
112	98	0.47480057165532774
112	113	0.46950096362368554
112	156	0.46577410211850784
112	106	0.45090846150103187
112	99	0.4371806964466883
112	32	0.43428040409117247
112	1	0.4063570737342566
112	5	0.40163761851619884
112	96	0.3875637775581108
112	38	0.37640964032617713
112	102	0.3753620145006009
112	142	0.37167915792494377
112	197	0.3683822083196449
112	71	0.33857309830965643
112	177	0.3309814082768129
112	79	0.3249217186981919
112	198	0.32353466113813467
112	36	0.31828713598515185
112	52	0.30771549890548633
112	105	0.3035270365830554
112	10	0.3017738200305996
112	124	0.27245151376656696
112	6	0.260393050323816
28	132	0.8215606264257427
28	131	0.7636443628358767
28	133	0.6553675896676933
28	29	0.5933301947059398
28	143	0.40982426817375384
28	53	0.3884472072499003
28	26	0.3308478339501155
28	129	0.3256996491078224
28	194	0.30858434070159885
28	21	0.25430488594042666
28	185	0.24820588309579236
132	133	0.7432491904860512
132	29	0.6202122825751426
132	131	0.7516207566955639
132	129	0.4502469683922178
132	143	0.3684427073778732
132	194	0.33306344800346155
132	53	0.32417019602223357
132	126	0.31653359792379704
132	128	0.3134980234704986
132	196	0.2876111229699601
132	26	0.27958331731301056
132	125	0.27505093102533446
132	166	0.25436100482558016
132	21	0.24303771385522202
132	185	0.2334639591747679
84	86	0.8200597896502915
84	69	0.6982154778767131
84	76	0.6778523741396265
84	68	0.6598003635862393
84	77	0.6623338100863017
84	92	0.6383002195873461
84	91	0.633888468947519
84	43	0.5952835257031205
84	45	0.5629354039156064
84	65	0.5354965116682717
84	82	0.524596084419563
84	75	0.523043273800293
84	188	0.4963415192786247
84	73	0.45600040319981294
84	35	0.4466599642506518
84	94	0.4423107957193907
84	148	0.4356263574305771
84	186	0.4145226889513706
84	81	0.411453763561555
84	80	0.40618173524931556
84	37	0.40616503478569027
84	64	0.3639400214054204
84	61	0.36036907923428857
84	189	0.35936801056252654
84	78	0.3449057073498316
84	147	0.33595865825700544
84	184	0.33009957281817665
84	50	0.2968485018675841
84	54	0.28821641267964
84	41	0.28768450366875065
84	67	0.2755315226770607
84	116	0.26808556595040833
84	60	0.2606633665867895
84	134	0.26036508424157895
84	20	0.24676959620481403
84	182	0.24570811227618217
84	168	0.24359278447307983
84	187	0.24118319097866484
84	169	0.23834622971013736
84	167	0.23136387620572185
84	88	0.23051187534465414
86	45	0.7152200784214668
86	91	0.661547241747443
86	69	0.6598173031553384
86	68	0.6469294504417666
86	76	0.6277535445096232
86	82	0.5850588131640296
86	77	0.5811450830710165
86	65	0.5597643914016274
86	189	0.5225127805551274
86	92	0.5102960702073872
86	94	0.49313934432077705
86	43	0.4913966995999965
86	67	0.474715365119612
86	35	0.4617159744003036
86	188	0.4539703549366422
86	60	0.4538036177508719
86	47	0.4404266439331851
86	75	0.4390069420223576
86	73	0.42483731907367944
86	148	0.403054037156209
86	147	0.4016124575963374
86	61	0.393952436513745
86	186	0.39063570970979195
86	64	0.3852669350129304
86	37	0.37085148243524413
86	165	0.36949661808710443
86	62	0.36616753054268186
86	63	0.361925613599636
86	171	0.3570144251037039
86	51	0.3537905174301521
86	169	0.35058449424448956
86	81	0.35042660799051856
86	49	0.3469832669312524
86	20	0.34573361633833694
86	80	0.3404664116961916
86	134	0.33857309830965643
86	89	0.3361272025346235
86	168	0.33501796392611854
86	159	0.3343430923720188
86	54	0.325511913124918
86	184	0.3226659232124233
86	41	0.3207832882351799
86	146	0.31393979787714155
86	180	0.3125328607633441
86	182	0.3103475900740617
86	187	0.308430520763994
86	50	0.2922274825952493
86	167	0.28113126850744674
86	116	0.2761135934607848
86	152	0.25046605589192666
86	172	0.24862811313511943
86	55	0.24426994263131507
86	93	0.2429247986422881
86	151	0.23773306060262886
10	107	0.810608164899907
10	8	0.7008758757819273
10	105	0.6400391154798536
10	2	0.5653895931651247
10	110	0.5020924632849285
10	4	0.4674169072539735
10	1	0.4476680199361449
10	113	0.42690027951774606
10	102	0.4014866439029436
10	6	0.38979645571494553
10	104	0.3840911448723697
10	31	0.3694102676718513
10	12	0.3662974116089097
10	176	0.334174320860457
10	150	0.328699924784642
10	7	0.3269505655322998
10	156	0.31292080758430335
10	177	0.28720746878356296
10	179	0.26828974253347176
10	100	0.26409932762874966
10	173	0.26275925669695804
10	164	0.24935975466741253
107	8	0.7058577880003946
107	4	0.48831093133778863
107	105	0.4630839379618923
107	104	0.4244274754232331
107	110	0.42147969443690836
107	2	0.4063821196467804
107	150	0.3623166043265419
107	173	0.322827173451649
107	31	0.3049335743012017
107	164	0.27738789766635064
107	177	0.2744869848147264
107	6	0.25958185670946543
107	176	0.25937666919779884
107	179	0.2415033871367624
107	90	0.24113609887739348
107	156	0.23507066073084096
195	196	0.8085060186118138
195	183	0.6575868301422718
195	174	0.6563477323672281
195	191	0.5771576047455713
195	170	0.5368858838971607
195	198	0.5510444720649712
195	166	0.5504104758315422
195	193	0.5490846991709237
195	145	0.5443452790111711
195	175	0.5437679971250914
195	187	0.5013965886124302
195	38	0.49028085632390994
195	114	0.4744596921198661
195	180	0.4697815609691592
195	199	0.4614484141660354
195	181	0.4462596274386324
195	185	0.4416831776121132
195	190	0.42927699066914343
195	60	0.41348693913814577
195	87	0.41345377744764
195	192	0.36871059426311925
195	147	0.3607953696475467
195	167	0.3573459455779637
195	95	0.35391298788107683
195	194	0.3450995214519032
195	97	0.3381303392648517
195	98	0.3322541503856309
195	52	0.3293419813008676
195	83	0.32930631947671507
195	179	0.32468020252940777
195	93	0.31637162353023623
195	96	0.3105554226411867
195	74	0.29766897531561887
195	158	0.29524275409543516
195	169	0.2882897654921217
195	172	0.28690466117785624
195	197	0.28299055983853605
195	182	0.27655694008408466
195	80	0.2726644275605236
195	142	0.2683918217880559
195	173	0.2609522801605764
195	66	0.25487534808141343
195	79	0.24863749495240686
195	50	0.24766153636603044
195	122	0.243846746653748
195	67	0.2353635093342082
195	63	0.2344092327521313
196	193	0.583623184913879
196	183	0.5906475644705699
196	166	0.5900416758565136
196	181	0.5803829631180958
196	185	0.5698360327636647
196	198	0.5646543831398937
196	114	0.5597781245244018
196	175	0.555008115967255
196	194	0.5240957921332449
196	38	0.48598473911566775
196	187	0.473343091284656
196	199	0.46341380615658645
196	174	0.45763052070792176
196	180	0.43487253865206543
196	167	0.42056645365659545
196	160	0.42021244639951094
196	145	0.40419247693724286
196	170	0.39631526811547696
196	191	0.38940627876862277
196	190	0.38701127214380526
196	60	0.38465363503435673
196	98	0.36521463364158735
196	96	0.36452113655220575
196	147	0.36202989025231497
196	95	0.35950733929136897
196	74	0.3514612770781578
196	79	0.34998793056874844
196	80	0.3491013339361782
196	172	0.34235696816646743
196	93	0.33812148255616803
196	197	0.33266330712511394
196	63	0.32042440297176694
196	81	0.31414711451870964
196	97	0.3111245510735258
196	169	0.30544141621615495
196	158	0.27277550241884413
196	52	0.25685655633638926
196	61	0.249022109275146
196	142	0.23759153310804115
196	26	0.23741225046690625
196	32	0.231657261088542
196	87	0.2309757864033011
126	128	0.8073252961887444
126	123	0.7949355361946585
126	129	0.7753082727555973
126	127	0.4301249619041933
126	130	0.42535347420671854
126	138	0.40307916327567994
126	144	0.33347235694623134
126	125	0.3245012743596895
126	133	0.30771549890548633
126	124	0.2973226067442521
126	137	0.288133886722231
126	29	0.2602438928372623
126	26	0.23426746992187694
128	130	0.580137542849365
128	123	0.671099005723611
128	129	0.6480271085527035
128	27	0.4553823738711036
128	138	0.42329540445769526
128	144	0.40750021390464847
128	26	0.402727342316438
128	127	0.39833638393701576
128	125	0.38789514723897184
128	124	0.31382260566050246
128	29	0.30487008185996856
128	137	0.28528872001422323
128	21	0.26347594888206183
128	22	0.26316883065014285
198	199	0.8032123919408986
198	96	0.7831246961834394
198	97	0.717566350160504
198	181	0.6454033837292441
198	98	0.7441697957713448
198	114	0.6246412299255947
198	197	0.6156378797653395
198	185	0.59534162996716
198	95	0.5577422777717651
198	38	0.5552710075866079
198	190	0.5438947616619872
198	166	0.5139478258803217
198	85	0.5057556077004728
198	191	0.47545094622226897
198	160	0.47328101322861615
198	71	0.4490183098279522
198	70	0.44768401165984173
198	170	0.4244766658495943
198	193	0.42145502347895114
198	83	0.41601228358783543
198	87	0.4101320777906125
198	177	0.408308819297776
198	172	0.3962225413105471
198	61	0.3934707915688175
198	167	0.39248993466608445
198	63	0.3882943569860923
198	74	0.37611777561868154
198	79	0.36753489404048156
198	175	0.36282035988240574
198	93	0.36001227154351345
198	81	0.3599165247241191
198	99	0.35718019659002564
198	101	0.3500142555457915
198	194	0.3420038031393605
198	78	0.2735990804986786
198	183	0.26452719133002084
198	89	0.25334124497510185
198	178	0.25302303938577714
198	88	0.24814957862697806
198	75	0.2476896960697019
198	187	0.23925148573004948
198	180	0.23231012771867388
199	98	0.7959272145517877
199	70	0.6764716743550665
199	38	0.6624516696155188
199	96	0.5797194226155507
199	97	0.5320211309650568
199	114	0.5299099915879889
199	71	0.5185613951114942
199	95	0.512009905321724
199	177	0.4919047468766567
199	181	0.46698695997763484
199	197	0.4595337021031236
199	175	0.40052996478911107
199	166	0.39819334847114507
199	139	0.3966102541587067
199	172	0.3893384076344075
199	160	0.36791539644757676
199	176	0.3650499647455046
199	185	0.3494788723904796
199	170	0.34478235578696015
199	142	0.34257764720070566
199	52	0.33413878728456853
199	101	0.3027097293321085
199	167	0.3022009577205567
199	193	0.28575714309592065
199	32	0.2782092144859809
199	79	0.27755403944088824
199	85	0.2726551709941851
199	99	0.26631193138225856
199	36	0.26030915076648414
199	63	0.24155047037388525
199	183	0.23938346753014997
199	190	0.23877062014680606
199	191	0.23474942286187833
199	145	0.2281623135860806
137	138	0.8012520774947798
137	34	0.656944988576517
137	136	0.5954126378345392
137	33	0.5755749156408401
137	127	0.559235432368884
137	44	0.5218654671509616
137	140	0.5121279509873251
137	22	0.4825323727182045
137	62	0.47473860414831087
137	171	0.47365341104019376
137	49	0.467487241224141
137	146	0.44999180278332895
137	24	0.44902629361767765
137	149	0.40403350532677984
137	123	0.3930312076846461
137	18	0.3875552795819928
137	144	0.3828116977068191
137	134	0.3719463020629996
137	42	0.37036839942092703
137	165	0.3571714723357931
137	145	0.306755556310412
137	67	0.3067283790294565
137	17	0.30601253073311324
137	141	0.2930595499159555
137	153	0.28160089339038075
137	164	0.28137991023480863
137	45	0.28020082977068433
137	104	0.27982297651024163
137	154	0.2732197291132653
137	129	0.2710530265286208
137	168	0.25319150799267587
137	40	0.24538861223920724
137	150	0.23993957930021298
137	130	0.23928919571820553
137	30	0.23787457800384718
137	47	0.23731788468452872
137	41	0.23362468687267865
137	31	0.22947006089633254
138	127	0.7735872884476419
138	34	0.7305052996124729
138	136	0.7069349459356976
138	144	0.6855547388818646
138	33	0.6109401362666306
138	24	0.5764502698268992
138	22	0.5467053459768225
138	140	0.48201053106459385
138	123	0.47950401064801307
138	40	0.4597308866399385
138	149	0.4529297133601072
138	44	0.4439742978697238
138	129	0.43094774662748725
138	42	0.4038494024414824
138	130	0.39830273027580526
138	18	0.3971662907304536
138	49	0.3673878487770903
138	48	0.3329745381685359
138	104	0.3326810937092545
138	17	0.3315956792959388
138	26	0.2941652377784001
138	146	0.28789545436102465
138	62	0.284149240668967
138	145	0.27249780164460063
138	27	0.26216334371933053
98	70	0.7302673663655463
98	38	0.706489449505227
98	96	0.7739484433402164
98	97	0.6890475335698698
98	95	0.5831548282940912
98	114	0.5316195173844926
98	85	0.5277273316648053
98	197	0.506254060269853
98	71	0.4781938148587243
98	181	0.46542948754147695
98	61	0.44217404404076327
98	79	0.4235416194839717
98	93	0.4169049706447715
98	185	0.4136444421871352
98	63	0.38201770192160284
98	160	0.3747690797076444
98	32	0.3542366013607277
98	81	0.35203085560878805
98	190	0.34321299157953444
98	166	0.33783803626110204
98	101	0.3373064092858561
98	99	0.33480488368631645
98	139	0.3333390308500733
98	177	0.329056660405806
98	36	0.3224060917628892
98	170	0.31094389953216467
98	172	0.3089009779870475
98	74	0.2962647872325581
98	175	0.282797365928206
98	83	0.2809102219469787
98	87	0.26252650201894057
98	52	0.2590688440255454
98	80	0.25697797549358614
98	92	0.25172157121023286
98	167	0.24586784228166605
98	176	0.24226599544260516
123	129	0.5981618472891833
123	19	0.5012243904213484
123	121	0.467487241224141
123	124	0.45598456178269553
123	136	0.40672435257075495
123	22	0.36915981539247555
123	127	0.3365617699923921
123	17	0.31340784874491134
123	117	0.3029368038479034
123	144	0.282972161407546
123	130	0.28210720043750687
123	20	0.2459993746138452
123	34	0.24095713853777984
6	105	0.7944196539106646
6	12	0.7234567349636108
6	1	0.5677253920137302
6	113	0.5059788372034878
6	110	0.35295914759974384
6	8	0.3197063564996763
6	70	0.31884421582615735
6	102	0.31551645321742705
6	106	0.29910829840601233
6	5	0.2926481434436661
6	0	0.2904613046856031
6	139	0.275402146154081
6	4	0.23721407715067813
6	176	0.23594907830125952
105	1	0.6478530564608086
105	12	0.6325946189381543
105	113	0.5479521129979334
105	102	0.4864123612396583
105	8	0.47429694942702405
105	110	0.4286241896102027
105	2	0.36926345732440957
105	0	0.302800563264151
105	106	0.2953705452527439
105	70	0.29460363991283384
105	139	0.26229371678678265
105	5	0.2545387033265762
105	4	0.24818711512583647
105	176	0.24512545452471537
19	121	0.7892350632681202
19	20	0.5016136514679873
19	17	0.4619283888717756
19	117	0.384483213609774
19	124	0.30101921717070823
19	160	0.27247002906912704
19	22	0.2478586455020142
19	120	0.24316003123698088
19	18	0.24308475991696665
19	21	0.24071221888844205
19	136	0.23911006684692204
19	16	0.2382707729855296
19	27	0.23417295583278075
121	124	0.6177510113279039
121	119	0.5247700142654944
121	117	0.5218072522059207
121	120	0.5104809460983584
121	17	0.5050259192309419
121	20	0.49548187783096154
121	136	0.32614653616438855
121	16	0.30286414374371484
121	154	0.26475038324366773
121	150	0.2633456628176883
121	157	0.2490127293718974
121	48	0.24063685282706604
121	18	0.23977935983673954
121	148	0.23946830830206045
121	21	0.23848770331233876
35	37	0.7883282881925061
35	68	0.7643520837821021
35	61	0.7435131472839711
35	65	0.7064844407432631
35	62	0.6311829364203166
35	92	0.6412300809456506
35	63	0.589010791359148
35	134	0.5709289876344764
35	67	0.5424707585467561
35	30	0.5195549817265358
35	93	0.5165040282555685
35	41	0.49107805155492057
35	172	0.46412023421402465
35	175	0.4519992407319379
35	141	0.42149614139560854
35	167	0.41993244309564043
35	81	0.4089752286014388
35	69	0.38463659407164064
35	55	0.37656412669836037
35	166	0.37167915792494377
35	76	0.3714205727184125
35	60	0.3636797286957031
35	49	0.35926350350029057
35	114	0.339714724112374
35	47	0.336162682797718
35	168	0.32346303325851594
35	85	0.3138947250795064
35	140	0.3130921927005012
35	91	0.30869290976531305
35	42	0.30810473118303605
35	89	0.28975611028710563
35	54	0.2792237631905743
35	72	0.27338628409669935
35	45	0.27180335113655835
35	36	0.2709047752593634
35	77	0.26562427830456536
35	97	0.2649921424776879
35	57	0.2608963650507243
35	78	0.25960983500936724
35	169	0.2590688440255454
35	190	0.2559036017951433
35	165	0.2510751800295933
35	171	0.24252013175352344
35	38	0.23107044923511288
37	41	0.6246290333065484
37	68	0.6867348655442607
37	62	0.6187703045335768
37	61	0.6163577137814062
37	65	0.5867728051435271
37	92	0.5780372277067143
37	93	0.5502571066347131
37	134	0.5103478402124918
37	30	0.5034598681266992
37	67	0.4843790832450294
37	141	0.48030449011289844
37	36	0.4542084957718857
37	175	0.44804374972508515
37	140	0.4184899852314905
37	63	0.41157836174072965
37	32	0.3890074753160747
37	172	0.37858767535343446
37	114	0.3715498725274757
37	69	0.3634540957313889
37	49	0.337651991317831
37	60	0.3099679931806492
37	40	0.2899759449304337
37	38	0.28921555351438255
37	42	0.2862621522448578
37	81	0.27970315126879913
37	78	0.2784213988205472
37	47	0.2720533859745436
37	77	0.2689856178413783
37	76	0.26690643986460916
37	79	0.26307575398430794
37	45	0.2572021126225161
37	55	0.2546696280669542
37	168	0.24732358729488912
37	167	0.24265189303699286
37	91	0.23695925387596756
37	39	0.23625124044696777
37	181	0.22853197803725203
33	34	0.7844360329485001
33	44	0.718554503303791
33	49	0.6709450814892166
33	136	0.655093666724267
33	42	0.6455375583382487
33	149	0.5976349830125347
33	62	0.5865432638255885
33	18	0.5750062310662962
33	17	0.5484487411254182
33	24	0.5041836467543604
33	22	0.47782349116143746
33	127	0.4451698074954608
33	48	0.4337690819284951
33	30	0.43036128025007947
33	144	0.41866319189481593
33	146	0.41677277138830304
33	40	0.39603706345212103
33	154	0.36638399105786323
33	140	0.34633219394240716
33	134	0.3430012449796171
33	67	0.33465393112875336
33	104	0.32714703412940954
33	164	0.31994873828953235
33	45	0.31003126619668736
33	46	0.30236451024676647
33	47	0.30050987440235255
33	155	0.28456285439749823
33	51	0.28130624254898795
33	145	0.2785505411993182
33	41	0.27071017596489394
33	120	0.26657205380628024
33	118	0.26554992122521826
33	31	0.2651316038078822
33	150	0.26441558474399374
33	153	0.2583597132057814
33	165	0.25753826642895983
33	171	0.2512438254318057
33	36	0.24433576475938076
33	152	0.23725182597174
34	24	0.7296507156642702
34	22	0.7059079609370434
34	136	0.6003536870905455
34	42	0.5628260974743815
34	49	0.5431549520237025
34	44	0.5263478705226009
34	62	0.517646935233913
34	127	0.4970496150906226
34	144	0.4956855649580863
34	40	0.46966465693938647
34	18	0.45412118499927495
34	17	0.44930568108363195
34	149	0.43748801713180946
34	140	0.41952052827014935
34	48	0.4006391039528903
34	30	0.3652926267222211
34	104	0.35059326511886396
34	154	0.30255529902715117
34	2	0.2930595499159555
34	27	0.2820335655336321
34	134	0.2797676736356981
34	146	0.2768709060779882
34	51	0.27381185012072956
34	26	0.27334927329440256
34	36	0.2565202763602505
34	31	0.2529013580695995
34	145	0.2508877783709163
34	47	0.24642209572866344
34	155	0.24505965945005143
34	130	0.23808211859013115
34	164	0.23205468306120727
43	77	0.7835883191236844
43	148	0.6753038475921224
43	188	0.655065123174965
43	76	0.6085403541361598
43	116	0.5907842859556383
43	186	0.5591735762399521
43	75	0.5574459695994998
43	69	0.527366484548726
43	45	0.4850982098926026
43	15	0.483452434536175
43	78	0.47679649844170696
43	147	0.45503354816685077
43	182	0.4446805621558972
43	80	0.4412484193365148
43	187	0.39690515831716383
43	135	0.3753018756854664
43	184	0.36187347187639984
43	189	0.35708422636597176
43	14	0.3442800157960545
43	92	0.34320416950083205
43	82	0.33517775162217056
43	68	0.33468945092311614
43	91	0.3181792886706121
43	73	0.3155344620911377
43	152	0.30076456723344586
43	151	0.2758272029584156
43	94	0.27297912077185904
43	81	0.2670550352699472
43	50	0.2576316314282751
43	7	0.2528451947632551
43	134	0.24526643636665388
43	171	0.24379971914220455
43	44	0.23561853620651368
43	172	0.2312502965620654
77	188	0.7250732277608477
77	76	0.7019275086810991
77	148	0.6354531125977502
77	69	0.619473328890607
77	75	0.6141577576558462
77	186	0.6026702872708527
77	147	0.5476161453872445
77	80	0.5178226034024652
77	78	0.5057407233246122
77	184	0.4879833950372023
77	116	0.4640103841398854
77	92	0.46092879284941696
77	135	0.45542200431339863
77	45	0.4503027760699418
77	68	0.4499120484569727
77	73	0.4474121134152505
77	182	0.43246110014818834
77	187	0.43124084339772767
77	81	0.40624018473519863
77	91	0.4056973116696988
77	14	0.3502336088522542
77	15	0.3427188619480802
77	82	0.342136251353494
77	189	0.3222716771166831
77	94	0.31728024097167623
77	65	0.3072808853825204
77	61	0.2997273356759134
77	134	0.28695054480537635
77	181	0.28355161188701833
77	167	0.27224783212332904
77	7	0.2678906476526103
77	172	0.2600853993970467
77	151	0.24503146086985053
77	50	0.2433952352338302
77	59	0.2357790920377962
77	64	0.23564687052338434
77	60	0.2302846153502689
96	197	0.7073798821309498
96	85	0.6582787217890275
96	95	0.7002342555158024
96	97	0.6344683520585348
96	181	0.6015611132257497
96	114	0.5625595805410859
96	38	0.5348400044136253
96	185	0.5272148719962205
96	190	0.5223746405677173
96	79	0.5117294693469395
96	93	0.4968236989058928
96	61	0.4619441211697008
96	99	0.4553982262645947
96	81	0.4380215417983254
96	78	0.42163592934832195
96	101	0.4212082795899627
96	160	0.4209532453857381
96	83	0.41946284639948733
96	70	0.4011930196885945
96	74	0.37182566394908834
96	88	0.36797591956703474
96	63	0.3657778017484656
96	87	0.35683990450470293
96	75	0.3451083304847059
96	32	0.3200744012525939
96	71	0.30819523554171446
96	92	0.2992357678589911
96	191	0.2926207124909216
96	172	0.2639783907764476
96	89	0.24957544082734925
96	166	0.23677047486949765
68	92	0.7761843506161167
68	65	0.6468422196346715
68	61	0.6193993730579468
68	69	0.5873298701932111
68	91	0.5228979734558102
68	93	0.46737001465283734
68	172	0.46450459705189795
68	63	0.46306037103650344
68	76	0.4507889511847944
68	41	0.43330621623720184
68	67	0.4006894720405674
68	47	0.3922361192923493
68	134	0.3835624851716256
68	75	0.3722650708803477
68	62	0.3656045477563332
68	168	0.36064749003953306
68	81	0.3584184074185261
68	45	0.349461314977408
68	82	0.3314443632355884
68	51	0.32236128832508176
68	148	0.3148769910235774
68	188	0.3093260689268986
68	78	0.30769739257062206
68	89	0.30594002045166085
68	85	0.3047703025485505
68	167	0.30339992919528297
68	186	0.2988260066299475
68	55	0.2885006359788445
68	30	0.2874276564506152
68	94	0.2680670032482964
68	54	0.26604247797279246
68	175	0.25483794615784255
68	60	0.2535283991325519
68	150	0.24957544082734925
68	147	0.24600876943381061
68	140	0.24449560912416288
68	49	0.2373839412025859
68	146	0.2358451995219979
68	64	0.2342013105243779
68	80	0.23389883994745286
68	114	0.22940374578684697
92	61	0.7219472002914551
92	65	0.650577870871117
92	81	0.6274201704229724
92	91	0.5834451231854803
92	93	0.5784898433445448
92	69	0.5617730162990994
92	76	0.5358601664992927
92	63	0.4878995845960703
92	75	0.4622508428709956
92	85	0.4500316772550078
92	181	0.43907152158653817
92	172	0.4322415706231165
92	80	0.41995715248664184
92	78	0.4099573864948735
92	167	0.3959611768294801
92	94	0.3629158758224664
92	41	0.35942896885328374
92	114	0.3313553458220452
92	186	0.3174870725218078
92	88	0.31642561704499994
92	73	0.3070907016368814
92	185	0.2971220417894848
92	175	0.29388203725007556
92	160	0.28237409909771877
92	166	0.28069835768944507
92	147	0.2798690608205216
92	188	0.27668622735374393
92	162	0.27429279567609366
92	55	0.2651223067309064
92	74	0.2604489811774692
92	97	0.2506441280990063
92	148	0.24337641996705248
92	60	0.24282128724705973
92	190	0.23994900356758295
92	79	0.23652503543271725
129	127	0.6283469862128213
129	133	0.5223528264838233
129	143	0.4007398377064672
129	26	0.3875212870188403
129	125	0.38276048921844213
129	144	0.3499265034725449
129	29	0.34079348104982604
129	131	0.305949084430969
129	130	0.270598966432686
129	21	0.23491004821062986
166	167	0.7748291507262122
166	175	0.7205269443736239
166	183	0.6746723541258304
166	114	0.6544195402306506
166	169	0.6348147454977383
166	63	0.6203783956698795
166	180	0.603707233001688
166	81	0.5717440127079796
166	61	0.5691333181960572
166	185	0.5611841384155551
166	172	0.5514064702989371
166	174	0.5371491803945202
166	60	0.5313468576544281
166	181	0.5175517634153897
166	74	0.48699233301913136
166	170	0.4746146550131812
166	97	0.45902870323406886
166	190	0.4408376240135686
166	187	0.4003200498373508
166	193	0.39245609606880266
166	93	0.38747879483293907
166	194	0.38603308160212474
166	147	0.371136062426465
166	160	0.3709635980225792
166	80	0.3586275581221331
166	191	0.35845326836852415
166	76	0.3521534999622811
166	141	0.3394935568569832
166	38	0.33318791182258406
166	165	0.3259499238040552
166	158	0.3112148684146025
166	65	0.30863862623871413
166	145	0.2968485018675841
166	134	0.29125770327420303
166	79	0.27961097207610836
166	159	0.27117347121723084
166	57	0.25928339440443166
166	75	0.253257019415703
166	55	0.24489986201464417
166	178	0.2340878893677784
167	63	0.6817732920923447
167	175	0.6266798645268934
167	172	0.6228450559239772
167	183	0.5426753867377
167	169	0.5267887332498628
167	61	0.5253205030990988
167	114	0.5051153076718039
167	60	0.5033777454812998
167	187	0.4969893773610488
167	180	0.49505169268867116
167	76	0.4742891989662265
167	181	0.46122800739291786
167	81	0.4596125813557564
167	185	0.4448409997245926
167	170	0.42122473112307424
167	147	0.4197182689631719
167	80	0.4162107278779392
167	97	0.38977101365574324
167	160	0.35791281134832637
167	74	0.3521009395770369
167	75	0.35037397481239296
167	190	0.34397146368398657
167	65	0.34278946351474376
167	134	0.337643131376588
167	174	0.32242401273357
167	168	0.32029877138855095
167	165	0.30820428567079006
167	159	0.2981337152449887
167	93	0.2843514650500715
167	158	0.27709249354979215
167	55	0.25825705276018474
167	188	0.2563147413477893
167	178	0.25467897947694407
167	141	0.2525549905404405
167	191	0.23519347340907393
167	38	0.23163833430258626
127	144	0.7159861002055398
127	24	0.520751264035938
127	136	0.5139478258803217
127	130	0.4165331152966641
127	149	0.4065741180194638
127	104	0.36569984058821725
127	140	0.35511954675576407
127	143	0.3500230304152871
127	44	0.34549586771877383
127	26	0.3285928857999775
127	40	0.32713810435201574
127	22	0.2984525726609595
127	142	0.29675731106420883
127	39	0.2722200554629362
127	125	0.25392136107345076
44	149	0.7725814384934345
44	18	0.6942687337549033
44	49	0.6860632181908727
44	17	0.6342054007079037
44	136	0.6294109254280442
44	46	0.5554231573013909
44	154	0.5544889254549842
44	118	0.5352325592926368
44	164	0.5297445564856045
44	48	0.495911820052091
44	120	0.4956176753057345
44	155	0.48495290735392665
44	45	0.46401823104710876
44	146	0.46298180988963233
44	152	0.4605428088263632
44	62	0.44861902894029143
44	51	0.43742332652904914
44	47	0.40457725445211207
44	67	0.39449297310046183
44	115	0.39280289131477814
44	42	0.3760748480404829
44	119	0.3676559763436473
44	153	0.3592896311107334
44	151	0.34205678405603474
44	171	0.3392369558047921
44	182	0.3336678777600775
44	30	0.3310793543542127
44	150	0.30818618535685466
44	24	0.30732616360969994
44	148	0.3017738200305996
44	15	0.28491204573439566
44	165	0.27969393358154565
44	22	0.27352506739539106
44	144	0.27241448255611256
44	134	0.27009843419418683
44	16	0.27004281048267015
44	116	0.268809355955131
44	14	0.26068200758179294
44	104	0.25834104810416586
44	189	0.2563334273070645
44	135	0.2525924388011809
44	145	0.25162790522771156
44	157	0.24619665612402308
44	78	0.24163521733461982
44	173	0.2370253223018131
44	50	0.23620403062176876
44	82	0.2296879383962921
149	136	0.6673333790583222
149	154	0.6283227784018012
149	18	0.6231204075461027
149	118	0.6205629005193535
149	164	0.5865170245299968
149	155	0.5501246215329886
149	120	0.533417739652059
149	46	0.5288735600569859
149	17	0.5164527007486762
149	48	0.5020625465577735
149	152	0.49340418335455033
149	115	0.49110840465256606
149	49	0.477012815784776
149	150	0.46661155273150645
149	146	0.4465959223722861
149	119	0.4380781096628014
149	51	0.43417491606730624
149	144	0.4233446524668828
149	42	0.40527116459185153
149	104	0.38797160293158145
149	157	0.3714895344098151
149	153	0.3512070734343828
149	47	0.3439361958534734
149	124	0.3248769966778355
149	16	0.3211331127044605
149	151	0.29432965309719444
149	62	0.2838734394039168
149	148	0.2815732721289386
149	30	0.2801731849134594
149	15	0.2774617405038826
149	135	0.2686145192381376
149	125	0.2668135612906939
149	24	0.2662747678681867
149	156	0.2541645812357051
149	14	0.2498848603251407
149	116	0.231997913233409
149	182	0.23038877930079232
149	171	0.2302277964255097
12	113	0.6977231526882559
12	1	0.6461146377966838
12	0	0.5595652265668754
12	139	0.4967107155549884
12	70	0.47911117590457203
12	176	0.4526435190242282
12	102	0.45010344678199554
12	106	0.3998244839716892
12	5	0.3196704445266194
12	110	0.2982248241572046
12	156	0.28602344044850714
12	8	0.27850442007720355
12	4	0.2684196605387967
12	101	0.24871254781105864
154	155	0.766299174302856
154	164	0.6976153685926516
154	46	0.6923628595123574
154	119	0.6739307226840503
154	120	0.6573483808842883
154	48	0.6254637972838124
154	152	0.642388599226796
154	51	0.5970110740702304
154	146	0.5873036678327048
154	153	0.5707402262384884
154	115	0.5618414535620665
154	49	0.5614718009897098
154	150	0.5576113684259404
154	47	0.5455966302387293
154	157	0.5442889815022911
154	136	0.5014639597035645
154	118	0.49860660017407626
154	17	0.46313106984825864
154	18	0.43493740726517083
154	179	0.4274888829270346
154	117	0.4150774093357925
154	189	0.41401737696783375
154	14	0.4081421489077835
154	124	0.40187242452667293
154	151	0.39505011565309733
154	16	0.39048316631182384
154	42	0.38802257042720284
154	156	0.3745627696022752
154	82	0.3284144687339603
154	173	0.3079237057355658
154	182	0.3024371945446747
154	89	0.297359070281276
154	45	0.2972405606149217
154	171	0.29714939310044475
154	135	0.2932606424896941
154	62	0.28001652194550153
154	165	0.26633051284239084
154	148	0.24965045629737456
154	122	0.2471452010161983
154	15	0.2463939172358357
154	168	0.2454449984746862
154	192	0.2421812759487445
154	159	0.23884605779293802
155	51	0.7432491904860512
155	157	0.5597025885438902
155	46	0.6646903567294958
155	48	0.5991499280213402
155	47	0.5825870034787017
155	152	0.5524495331460045
155	164	0.5316051696181688
155	115	0.5240885388592242
155	118	0.5237112638501782
155	120	0.5226436247184679
155	49	0.490865546483394
155	150	0.4899237504610822
155	119	0.47514905116330414
155	153	0.4677528939205202
155	179	0.45965201826319146
155	146	0.45596872007663786
155	151	0.4301412616143157
155	89	0.4047110565488735
155	156	0.4045521646302412
155	136	0.399849687880828
155	125	0.3724459546675488
155	42	0.3649112784825833
155	14	0.347906512966581
155	124	0.33963510822682713
155	82	0.33381005668795377
155	17	0.3327789156909601
155	122	0.3318448685585357
155	189	0.33167578089269417
155	117	0.3291547462436393
155	16	0.32437601082055145
155	18	0.3010919664131109
155	168	0.30046438902818084
155	21	0.29655667224678534
155	45	0.26969975777613814
155	192	0.26487126702295766
155	178	0.263122292929489
155	173	0.2612690993675151
155	72	0.2580423802548309
155	62	0.2573048328939748
155	106	0.23090951981896432
15	116	0.7636860443814609
15	115	0.5090154365230833
15	14	0.49704208563639635
15	118	0.46870542270014465
15	16	0.45327143429569766
15	148	0.44017674226644365
15	152	0.4390230873386945
15	18	0.37382318719817803
15	120	0.36320237788207343
15	46	0.3621254692251026
15	59	0.3508212862628676
15	171	0.3404929339039612
15	188	0.3369430070509141
15	151	0.3343875023644023
15	186	0.31208162868304873
15	161	0.29837058711342057
15	75	0.28837228336188386
15	179	0.28624379106013415
15	159	0.28180343504531785
15	153	0.2786796735061319
15	164	0.2729143357660445
15	189	0.26021592442542524
15	178	0.25451999903038924
15	146	0.24120202750116906
15	165	0.23249932532655904
116	148	0.6929403188590882
116	14	0.586011678115727
116	115	0.5842690116245456
116	186	0.5203357144051116
116	188	0.513601889255739
116	118	0.49717760436012015
116	152	0.45873661535865723
116	120	0.420977929024967
116	151	0.40527952211081214
116	16	0.3674137992761227
116	182	0.3633065434255167
116	46	0.3588976578303814
116	187	0.34376866040769904
116	75	0.33478712545361083
116	189	0.33148886972968394
116	135	0.3274863223650282
116	76	0.3196884006279543
116	147	0.30038251191071436
116	171	0.29151392967777046
116	45	0.2891972263211027
116	164	0.27970315126879913
116	18	0.27010770463750566
116	78	0.2477554004174065
116	179	0.24025055623518596
116	67	0.2382047459916644
116	165	0.23139227013133712
131	133	0.603274890030254
131	29	0.5815025968537907
131	143	0.49319231944309827
131	53	0.3234809405759887
131	194	0.2991902442801531
131	26	0.28720746878356296
131	193	0.26986665683937894
131	125	0.2568378757462378
131	21	0.25665105929130394
131	97	0.23182759426850647
61	93	0.7631436875262166
61	63	0.7435533915288546
61	81	0.7231944949504867
61	57	0.3641048440617361
61	65	0.6452750055191547
61	114	0.575247153604707
61	85	0.5300394344119894
61	97	0.5283763766997118
61	181	0.5139699012689153
61	190	0.46451243937026304
61	175	0.4552872534463922
61	172	0.444439852292127
61	185	0.4397896631831582
61	134	0.43045090281553966
61	74	0.41685539799007865
61	76	0.3955310504862859
61	60	0.38843022494262447
61	91	0.3855223762979786
61	55	0.3845258214235617
61	78	0.37415863820305684
61	75	0.3701871916074955
61	41	0.3623861004462842
61	79	0.35917640739803053
61	67	0.34824926125661404
61	89	0.3388298298895207
61	38	0.33211180567097776
61	169	0.32719168213995214
61	160	0.32257633165170785
61	30	0.31692046203108926
61	80	0.3117837383462259
61	162	0.3025643836025753
61	69	0.2918250055073782
61	180	0.2802561180908077
61	170	0.27141433511628155
61	62	0.2699501002913565
61	147	0.26682284937114686
61	64	0.2628337317371203
61	197	0.262656848404379
61	73	0.26002013331796897
61	83	0.25557649283926837
61	186	0.24954730925374916
61	54	0.2478211024861457
61	88	0.2349667364477186
61	141	0.23127869206407303
93	41	0.5744235897280242
93	114	0.5615402720866918
93	63	0.547174919792489
93	65	0.5388899893370199
93	85	0.5276479616327189
93	79	0.5239144374750527
93	81	0.5095264802197937
93	190	0.5090154365230833
93	97	0.4751645356837365
93	38	0.4713853754960226
93	181	0.43999935131513906
93	89	0.41668187417121294
93	175	0.401671165466168
93	185	0.39304811808111323
93	74	0.3871302968126159
93	67	0.3819920797537044
93	55	0.3636189855555833
93	83	0.35727615927306994
93	60	0.3517241918401773
93	91	0.35141745255952744
93	197	0.3412883480453595
93	172	0.3336856509564153
93	32	0.3328233778607829
93	95	0.317298227522512
93	99	0.30262797409122055
93	94	0.3021464362571667
93	57	0.29811549281058
93	88	0.2752080626640643
93	87	0.2682154992910101
93	64	0.2672129039746722
93	162	0.26146475370588834
93	54	0.25384651763787136
93	66	0.24828095311217438
93	170	0.23373813403232926
93	30	0.23122190066606696
113	139	0.5743498809415624
113	176	0.4635158822003174
113	1	0.4428656354977103
113	0	0.4091417628300217
113	110	0.4056221220523042
113	102	0.39565757625682146
113	70	0.34528449837100206
113	2	0.32089093586071477
113	106	0.2962647872325581
113	104	0.272729222111412
113	32	0.2688928506726447
113	5	0.252480091749175
113	156	0.25239582699234253
113	8	0.24066511544017866
113	7	0.23810098483839043
139	176	0.7467245509405933
139	142	0.6089998153513331
139	70	0.5817077348341104
139	36	0.56682338658462
139	141	0.50093980206888
139	32	0.4532158143805446
139	140	0.33990932022502707
139	104	0.3170194103375105
139	39	0.3168844791181298
139	38	0.31495806544904326
139	156	0.30125563939382877
139	95	0.2758641593248174
139	31	0.27173852129751475
139	0	0.2510564407104168
139	2	0.24561414721534147
139	30	0.23801608530640833
139	106	0.2309852528832965
176	142	0.6119607250317158
176	156	0.5470908423194246
176	70	0.5863923710621465
176	36	0.48467752384457746
176	32	0.398647629456395
176	141	0.3827519542416949
176	104	0.34922426588338623
176	0	0.3393696867928806
176	177	0.3190508184956669
176	52	0.3160746225647115
176	39	0.3099499146717123
176	31	0.3033363714517403
176	2	0.30114652604506315
176	8	0.2878404264381119
176	71	0.28176661115729373
176	38	0.27166442703284815
176	106	0.2459993746138452
176	101	0.23859144418810935
176	1	0.233397773472654
176	144	0.23216821797399365
176	140	0.22851302248791522
76	80	0.7457052765447655
76	75	0.6168721361266775
76	73	0.5540732619974648
76	188	0.551065362219317
76	81	0.5452523993234124
76	187	0.528333126224339
76	91	0.520612774892118
76	69	0.5176322942493289
76	45	0.503064102634745
76	147	0.49298796667532435
76	60	0.4736766802829264
76	186	0.4725434770133073
76	148	0.436063778515321
76	63	0.4050120479084941
76	65	0.38011152188739517
76	184	0.3769931456152839
76	182	0.3595160468047945
76	94	0.35114570617439017
76	183	0.3427806385306558
76	189	0.33625137928084686
76	78	0.3322096692877389
76	74	0.32011030288803344
76	82	0.31543541047321977
76	172	0.27974923893157605
76	169	0.26970903037153615
76	185	0.2601040464117483
76	181	0.2539962014683963
76	90	0.2526205245001412
76	57	0.2339461039612971
76	175	0.2298394917775543
76	135	0.22826658458413415
80	187	0.5697279770094145
80	81	0.5655120409317069
80	75	0.5352325592926368
80	60	0.4981405934701729
80	147	0.47206955183841465
80	73	0.45457351901516624
80	91	0.44371733758838544
80	183	0.40829215348352044
80	188	0.39530326626518597
80	186	0.39325102209941676
80	181	0.38758077331273616
80	78	0.3743306263932819
80	184	0.3633239034664841
80	94	0.3597075962580414
80	185	0.34415660387060326
80	63	0.3292974038738762
80	182	0.32218206013226736
80	69	0.3205051601808348
80	90	0.31621863077398343
80	74	0.30867481547985465
80	45	0.30650188224055247
80	172	0.2991629294790598
80	88	0.2925201282106441
80	148	0.2816285141851365
80	50	0.277295589510719
80	175	0.2501567323072867
80	160	0.23617570419137526
80	180	0.2321966007138549
80	169	0.22993420698111114
63	60	0.5593728681414976
63	81	0.5527621151972885
63	114	0.5439651756807944
63	97	0.5119139789758925
63	172	0.5074578769875161
63	175	0.4815113919500252
63	65	0.4785485489138516
63	190	0.43998322316179694
63	169	0.4299374950826985
63	74	0.40692463108919963
63	181	0.38873586609585276
63	79	0.3769245134520692
63	180	0.36485059814955817
63	185	0.36143017583104375
63	57	0.35899348521868263
63	183	0.35567870926372414
63	38	0.34618257595292434
63	75	0.34524045867996833
63	134	0.3419596507144506
63	147	0.32578009952583603
63	55	0.32452811506607426
63	85	0.32149181601829496
63	54	0.3114225769635883
63	170	0.30429852799138246
63	89	0.2962465425809387
63	99	0.28282496646353167
63	187	0.2810575896337397
63	67	0.2721274633185606
63	30	0.27029310298510834
63	91	0.27009843419418683
63	160	0.2682340604003588
63	83	0.2559596717349613
63	101	0.2546415735512074
63	197	0.2541552272082744
63	62	0.23580742408397729
63	178	0.23110831314302313
63	73	0.22963110300603884
63	32	0.229271109178888
133	29	0.5917468850066435
133	194	0.31625463054971437
133	143	0.28982939189996976
133	26	0.24077816181114312
133	21	0.2312597617731802
51	47	0.585374423476372
51	49	0.5389538500217433
51	48	0.5125188390825869
51	157	0.5090895230802543
51	46	0.46158220478075795
51	82	0.42983967158617076
51	40	0.42108488425683716
51	119	0.40849212528859746
51	150	0.40324665520857167
51	164	0.39909330768611284
51	136	0.3935299525907842
51	120	0.38826887986455133
51	146	0.38758927109124175
51	42	0.38596500122297495
51	20	0.3654226037938258
51	45	0.3561328414107249
51	152	0.3517680055742669
51	89	0.3476691711919825
51	118	0.3440331800521307
51	69	0.3356481256325624
51	53	0.32462652651785473
51	18	0.32273759229841653
51	17	0.318601643590679
51	124	0.3184309195894601
51	153	0.3148679824704066
51	115	0.3127133141236056
51	21	0.3104921723932377
51	151	0.2779970029951244
51	125	0.27708326132671046
51	168	0.2677142741032849
51	62	0.25495014964060314
51	144	0.24158813614474822
51	179	0.2410136541000856
51	189	0.2390817818527557
27	26	0.7378620413624304
27	22	0.49993538896668155
27	130	0.45075707903724727
27	29	0.4401686797865992
27	21	0.4229177532893906
27	53	0.41340403285523947
27	40	0.39569131392615486
27	144	0.2721182038269262
26	29	0.5241320573629252
26	22	0.5490497729124225
26	21	0.39968165039970127
26	53	0.33179147475649956
26	130	0.325288384440659
26	194	0.324232838558533
26	24	0.28341366624833725
26	193	0.2682340604003588
26	144	0.22858884364554802
49	62	0.7351487325496764
49	146	0.6848438665712291
49	47	0.6592862112546852
49	42	0.6529591819775064
49	67	0.5658384464483883
49	45	0.5642659938839772
49	153	0.47871814913848143
49	136	0.4780781069586571
49	164	0.476193595566354
49	48	0.46840885010629224
49	17	0.46596201418559313
49	165	0.4575040195574326
49	18	0.452293599264027
49	46	0.4247635600609674
49	150	0.4173179796403283
49	119	0.41320502980923296
49	134	0.4008489550069798
49	82	0.3984541633055656
49	30	0.39439164326877857
49	40	0.37650405115280394
49	189	0.3747604841940625
49	41	0.37349624340523907
49	157	0.3717567222444414
49	171	0.3674397492030872
49	152	0.3462089804074169
49	145	0.3308567393177597
49	120	0.32115105005973105
49	168	0.31625463054971437
49	140	0.31098906452450525
49	159	0.30574966407674004
49	72	0.28894062335932574
49	182	0.28795965120169636
49	54	0.27562392836868577
49	60	0.2583597132057814
49	144	0.2536874652449391
49	89	0.24702313759267544
49	118	0.22920478768150937
62	67	0.7100625456085775
62	30	0.6431339086249332
62	42	0.6357094082674117
62	134	0.6280987984614214
62	165	0.5877685767195141
62	146	0.5551810834618631
62	45	0.5078216049023848
62	47	0.5031387915280299
62	171	0.4989671817479405
62	140	0.49677097543752574
62	41	0.4928744138494425
62	60	0.42402565984414964
62	141	0.3940453606490785
62	36	0.3918298904446601
62	31	0.38996605423552627
62	65	0.37207554324367065
62	164	0.36420893083292055
62	150	0.3605952929068341
62	72	0.35074236057282815
62	175	0.3300282881940847
62	145	0.32831632935597316
62	168	0.3276023752757544
62	54	0.3079146538777789
62	153	0.3031547630273227
62	189	0.29955439475971446
62	159	0.2912760065465869
62	82	0.2722941255490214
62	40	0.26863307606324355
62	89	0.26445278772643377
62	180	0.2471264225383883
62	46	0.23620403062176876
62	135	0.235136791567466
62	136	0.23362468687267865
62	178	0.23178974367887278
62	48	0.22789687288679494
114	181	0.7325275355335716
114	79	0.6913358116626893
114	185	0.5905303476279189
114	175	0.5902697765283469
114	38	0.5857818243715812
114	172	0.555153411888786
114	32	0.5505638078898236
114	190	0.5340470537380121
114	95	0.5177274552302348
114	197	0.48699996136665735
114	81	0.47112088253421425
114	97	0.45835754277391216
114	160	0.4478119351397753
114	99	0.43569117354572706
114	101	0.39035603043159006
114	74	0.38809901722095475
114	85	0.38346866443333477
114	36	0.3805819568672043
114	183	0.3617865639726878
114	141	0.33586994209881077
114	142	0.30117380512170044
114	170	0.29823393474957677
114	147	0.29817015946187264
114	75	0.2975140306355405
114	70	0.289701146847819
114	41	0.28943546329310677
114	134	0.2890506011434927
114	78	0.2808365331353643
114	60	0.2728588037908628
114	194	0.2717755672218645
114	30	0.26026253820253775
114	57	0.25901287015550417
114	83	0.2583877104965296
114	162	0.2579210323479381
114	169	0.257034012368711
114	186	0.23518402654655515
114	52	0.23061602777359894
114	180	0.23033196325485142
181	185	0.6775603885637334
181	81	0.5798455545453164
181	160	0.5320211309650568
181	190	0.5042582228791403
181	85	0.5000928859967554
181	172	0.4875947435214548
181	78	0.4811272261022117
181	197	0.4500237025042244
181	79	0.4431630186655403
181	75	0.42285205982097973
181	74	0.4147462700763793
181	147	0.4049451685223963
181	175	0.4037657084957716
181	194	0.3869517549722689
181	186	0.3704287957624153
181	38	0.3642436244016618
181	97	0.364000748194515
181	88	0.3526264434527408
181	95	0.33880327378919745
181	187	0.3209178464718641
181	193	0.3064837609975473
181	183	0.29216345906880425
181	162	0.2910288943808108
181	170	0.24746440672611303
181	184	0.22992473565672902
1	102	0.7309154344200006
1	0	0.5294639439502752
1	7	0.3752073654489302
1	110	0.371127439814232
1	2	0.32907449472271844
1	106	0.32902990849029984
1	115	0.3026007213545266
1	70	0.26994082899689537
1	5	0.24996923860736808
1	151	0.2348911517764681
102	0	0.5748857323856867
102	7	0.3959949048851198
102	2	0.36137801260622454
102	110	0.34278946351474376
102	100	0.3164976052088447
102	14	0.26594955336092135
102	106	0.2615765465396738
70	71	0.586635091664401
70	38	0.5994575288287964
70	177	0.5085040337221052
70	97	0.4926321117019686
70	95	0.47377750602604635
70	36	0.4552872534463922
70	156	0.3696606662955835
70	32	0.3675262448276764
70	0	0.35702315047955535
70	101	0.35459510100962904
70	99	0.33799748234635446
70	142	0.329350896610099
70	106	0.3291725792693008
70	52	0.3175320319060083
70	5	0.31499409705176656
70	79	0.2897652706745281
70	197	0.28771202056004735
70	170	0.2448904617510474
70	8	0.2332181156667126
24	22	0.5186929797621336
24	144	0.49455328019043937
24	2	0.4664316104816217
24	40	0.44403852653414333
24	104	0.4344913444064972
24	136	0.4015118078540894
24	39	0.37885321230627483
24	36	0.3166055806193589
24	42	0.3046433010217233
24	18	0.289737789353005
24	31	0.2879688219676808
24	140	0.2751710918362074
24	141	0.2678535178707252
24	17	0.25007236246316755
148	188	0.7271250847126439
148	186	0.6198306270962308
148	135	0.5674949336590608
148	182	0.5613416847213468
148	14	0.5170976908630652
148	147	0.49301067522540765
148	75	0.4609524188621504
148	78	0.457962498089486
148	189	0.4387405033738495
148	69	0.3862032641526185
148	152	0.3788446475713921
148	146	0.3743994144597482
148	187	0.3626987831136226
148	120	0.36202120087727147
148	151	0.3477307085245758
148	164	0.34210976279805577
148	45	0.3408730259921501
148	118	0.33506235133074497
148	115	0.3206128292123761
148	18	0.30647470029273555
148	150	0.3015556604196515
148	82	0.29780567818793313
148	184	0.291934782242519
148	20	0.28210720043750687
148	46	0.2794173789935948
148	16	0.25130940563614784
148	7	0.24662872527651292
148	67	0.2388177690134263
148	157	0.2303982484890798
188	182	0.6534350487438619
188	186	0.6448312366492337
188	184	0.592642925882506
188	147	0.6476499101599386
188	187	0.6064203070417474
188	189	0.58248129884512
188	135	0.5332460059463572
188	75	0.48231753819512924
188	14	0.4310617395148003
188	82	0.4186466973340698
188	45	0.4170206305276938
188	69	0.3871302968126159
188	146	0.34015694591400414
188	78	0.3332234707812692
188	73	0.3071088154316468
188	164	0.3017374622892846
188	151	0.29538880026972153
188	159	0.2929864189135562
188	172	0.282972161407546
188	152	0.26703646153858285
188	59	0.25529606714972447
188	157	0.2541084563579364
188	173	0.25384651763787136
188	120	0.2413715480241206
188	183	0.23431472530594444
188	91	0.23138280553326385
188	161	0.2307864476220718
32	36	0.7254808446659169
32	79	0.6788187245051434
32	95	0.6254455330899615
32	38	0.6132975510011095
32	99	0.5649335963093994
32	30	0.48980214497473606
32	142	0.48834139284015854
32	101	0.46134608953139333
32	141	0.3958431202213326
32	39	0.3893044704817305
32	197	0.3686846724014668
32	31	0.3288069553255502
32	0	0.32280925768365587
32	140	0.2896003755799281
32	41	0.2892888601672007
32	175	0.28508661305636895
32	190	0.28139832663808845
32	172	0.24923783415317255
32	2	0.2476896960697019
32	134	0.23722351442310727
32	40	0.22858884364554802
32	52	0.22815283414486576
36	141	0.5752605352649955
36	38	0.5952189581073304
36	142	0.5409375318146245
36	30	0.5027951603969859
36	79	0.4797503971229534
36	39	0.46994519893303754
36	31	0.4038075563135331
36	95	0.3545339011286427
36	41	0.3253420346415043
36	134	0.3151652347638834
36	140	0.30277331366205673
36	175	0.28758360433727004
36	99	0.2584530358202492
36	104	0.2554456328659776
36	2	0.23926091329475935
36	42	0.23308572604151181
81	74	0.6439248327867765
81	185	0.6001169916073276
81	75	0.5710637802594916
81	91	0.563720464630955
81	85	0.5108062130682429
81	73	0.49107046309418284
81	78	0.45440689689947517
81	97	0.4409665208711358
81	65	0.4376982303170431
81	88	0.42018774344310683
81	190	0.3976546883539003
81	162	0.3804878856182317
81	60	0.378913163633331
81	160	0.3687537960915186
81	169	0.3617431076625221
81	64	0.3265575435540221
81	194	0.32254945305629623
81	90	0.3131192516447009
81	94	0.30997703235106244
81	172	0.30222821771084335
81	89	0.28050489251744626
81	175	0.2756608892191787
81	183	0.26807628462423344
81	186	0.26389466040057447
81	57	0.2631502157088364
81	147	0.263122292929489
81	184	0.25485664721494933
81	79	0.25337867732429925
81	69	0.24729542215462538
81	187	0.24674142285326103
81	87	0.23658167798326327
81	180	0.23142066366274697
81	170	0.2312124352798547
81	50	0.2286362304609317
95	197	0.7228890802102775
95	101	0.6482996541299745
95	99	0.6478820698418258
95	109	0.25066287155546607
95	38	0.6507450963622404
95	79	0.6025811293553618
95	190	0.4220962655675255
95	97	0.3791614995342074
95	83	0.3629158758224664
95	142	0.3560105916004217
95	71	0.3318448685585357
95	106	0.32069357554944705
95	52	0.31590359389751904
95	85	0.30577685934157106
95	5	0.2930321261918541
95	185	0.28646411139832423
95	0	0.27503244398393245
95	191	0.26633980349822595
95	87	0.2299815629496568
197	99	0.4816266056445685
197	101	0.47488576929116383
197	190	0.47112866294869926
197	38	0.45436722027943927
197	79	0.44314694639231195
197	85	0.4329406344025453
197	97	0.41532569163470984
197	185	0.3551282856258055
197	83	0.3517680055742669
197	160	0.3049607845177322
197	78	0.27562392836868577
197	71	0.25231155840717
197	191	0.2522741044740879
197	109	0.24277423478470903
165	171	0.7219088946999684
165	146	0.5877423949799672
165	145	0.5869629251123931
165	45	0.57467814841549
165	67	0.563672707399869
165	189	0.5617319502502715
165	174	0.5483928023529048
165	183	0.5282177782173382
165	60	0.5146097913764818
165	159	0.4960249223579371
165	164	0.4925866715427551
165	180	0.4863283824150482
165	153	0.47216280459593996
165	134	0.4281016262976413
165	175	0.42246602094417063
165	182	0.41564836613474493
165	168	0.3670677455965794
165	179	0.3579999980694586
165	169	0.34943497839762744
165	173	0.33735958167284436
165	140	0.3241075506429116
165	47	0.32313170610350084
165	82	0.3193112742965739
165	156	0.3094797947968005
165	187	0.30881051717442587
165	30	0.2912485515580454
165	135	0.2860509859298847
165	141	0.2800441694356637
165	46	0.27197930540597776
165	31	0.2655963947700941
165	147	0.26300128912546167
165	150	0.2588542680768095
165	178	0.2375254834912133
165	191	0.2357696479333317
171	67	0.6046850510106564
171	174	0.4946741373546474
171	146	0.48754138410467157
171	164	0.4781243921103453
171	180	0.46232160910099107
171	189	0.45936803207496457
171	134	0.4500556010766903
171	159	0.4376820617703227
171	179	0.4278402372189951
171	153	0.4217263696990771
171	45	0.4181764862617731
171	169	0.3816333077531916
171	173	0.37797927524522024
171	145	0.36593370866982416
171	168	0.3553642116515932
171	47	0.3450202374208115
171	46	0.2986529632337803
171	30	0.296018466197478
171	72	0.2887481438865798
171	150	0.28856480839958754
171	82	0.28066150893844977
171	140	0.27631680859557617
171	175	0.27392284972152403
171	170	0.27124758680509886
171	141	0.26543837968265155
171	89	0.26138090447655793
171	178	0.26138090447655793
171	54	0.2583037173223083
171	151	0.25270477904266936
171	191	0.24890954735334642
171	152	0.24170112908917213
171	60	0.23808211859013115
171	135	0.23627012406476744
171	183	0.23461713353587937
171	31	0.22977318854436415
171	118	0.22891105261877487
175	172	0.6914193311908521
175	180	0.5968308421691343
175	141	0.5494129122616409
175	174	0.547553131791603
175	183	0.5015837155175656
175	145	0.5006251309700704
175	169	0.4708251724653409
175	60	0.46871322581583813
175	38	0.4629975227010095
175	170	0.4346373520947811
175	168	0.42376315951817606
175	158	0.38192375110168936
175	41	0.38159058913716415
175	140	0.38145387861197366
175	134	0.3725062429764205
175	67	0.3318181719232732
175	65	0.33058064552528654
175	190	0.32152768127754966
175	147	0.30070999380818036
175	55	0.2871707678871567
175	160	0.2838366623515193
175	185	0.2830089580612639
175	97	0.25938599641104065
175	187	0.25652961830976434
175	79	0.24499386211802815
175	178	0.24371506673226692
147	187	0.7196747700250398
147	182	0.6444455053760837
147	186	0.5643886701225533
147	183	0.5504174462762568
147	135	0.53756881510325
147	189	0.5001078839888532
147	60	0.4500476265412413
147	184	0.43682472385794097
147	172	0.38666262570915416
147	45	0.3847729144315497
147	75	0.37670143033796616
147	14	0.36016022898472155
147	169	0.34706242869405834
147	151	0.345522286423101
147	180	0.3218952469816795
147	185	0.29675731106420883
147	82	0.2905437094319387
147	159	0.2565202763602505
147	168	0.24648784392498105
147	78	0.24581146850985594
147	69	0.24074048041317708
147	57	0.23070123946705848
147	91	0.2289679078216189
147	173	0.2285604110363584
187	183	0.7072099726139006
187	182	0.6188813743574105
187	60	0.5383291686116363
187	184	0.5226072815866959
187	189	0.49954525398429134
187	186	0.4901365141901265
187	169	0.38153932464616586
187	180	0.3737801735830038
187	159	0.36516263540593624
187	45	0.35851427262552993
187	185	0.35529431236239967
187	75	0.35430656069242644
187	135	0.3538954928453045
187	193	0.33539077189211947
187	174	0.32902099106776594
187	173	0.32793262560306513
187	172	0.3176938738676276
187	191	0.31604761940368004
187	14	0.31129614921527254
187	145	0.2892705338220633
187	74	0.2724237404343894
187	179	0.2685681263030828
187	192	0.2644620883490683
187	73	0.2534441821095776
187	82	0.24351753000229648
97	71	0.5528037810580002
97	85	0.5342114361051027
97	38	0.5042283933316982
97	177	0.48752613788803467
97	185	0.45976243196030214
97	191	0.444014441319699
97	190	0.4387566533675482
97	87	0.41544980958685307
97	89	0.39158438644704224
97	74	0.3895929025826775
97	83	0.3761349461978933
97	170	0.3595247542556105
97	99	0.33335680843336196
97	79	0.3264592704055341
97	160	0.3194818916022356
97	178	0.30688237700718407
97	101	0.300045859481792
97	88	0.284167625748663
97	180	0.2748105836265396
97	172	0.2650293332500345
97	91	0.26078452957956055
97	193	0.25573538164590864
97	179	0.249247212934817
97	57	0.24430755555159187
97	75	0.2410984243787535
97	55	0.23581686801029494
97	60	0.23254662197988374
144	40	0.6037135883390884
144	130	0.566327722364847
144	136	0.5545997223493823
144	42	0.371670539346875
144	140	0.3522761322232717
144	125	0.3429571267157258
144	104	0.3118740146213078
144	22	0.27705556435049894
144	142	0.25154360181300295
144	48	0.24734236382287236
144	124	0.2408817819127323
144	18	0.23870460984225458
45	82	0.5903675051133171
45	189	0.5522966586753445
45	69	0.5313037960506294
45	60	0.5308155726694389
45	67	0.4998078671467899
45	182	0.48146530181173947
45	146	0.47902642166525294
45	47	0.4700464824410663
45	164	0.4506694247052848
45	153	0.38220557987316917
45	94	0.3707738576185809
45	183	0.3655698939169812
45	159	0.36083886019801303
45	91	0.3529328847264563
45	46	0.3405901773632066
45	152	0.338590805554892
45	134	0.33658837150904186
45	50	0.31783771785106485
45	41	0.30759780374566276
45	173	0.3016465640964635
45	145	0.2924652613292544
45	73	0.2915779797446781
45	135	0.2892796970211392
45	65	0.2707009087798007
45	184	0.26380162198482926
45	168	0.2603744063175363
45	186	0.24586784228166605
45	180	0.24274600275896946
0	101	0.4664394348606535
0	106	0.4579150805655954
0	99	0.41002393910733337
0	5	0.4097327392003219
0	156	0.36473789787942024
0	100	0.3002278430551235
0	115	0.2776740203992311
0	120	0.24036362653524632
0	14	0.23983590937462274
0	79	0.22991526428879297
67	41	0.5785364159236255
67	47	0.5487702938094068
67	65	0.4918441021126704
67	60	0.4888742764715538
67	89	0.4722715861245002
67	134	0.4506694247052848
67	146	0.43350113493669606
67	30	0.42143035189712413
67	72	0.4074751952915332
67	189	0.38040235946746065
67	54	0.3712395287807369
67	145	0.3614475630699159
67	168	0.3582615207744892
67	82	0.3565257046537012
67	180	0.34887299986902676
67	174	0.33937853504500887
67	164	0.33593204403537674
67	153	0.329270656713057
67	50	0.3174241269858884
67	159	0.3126772252568793
67	182	0.30843956944222345
67	178	0.3053416752558664
67	183	0.2899576265451711
67	179	0.28977443100886335
67	64	0.28846396486035675
67	169	0.28257654478905525
67	42	0.2816837543744374
67	46	0.2816653411854555
67	83	0.2792237631905743
67	55	0.27666775835691215
67	31	0.2711086174398775
67	151	0.26636767516878973
67	191	0.2616976475232977
67	190	0.2605794797042159
67	192	0.2589568945456815
67	172	0.2503067137604727
67	135	0.24998798882122109
67	152	0.2345887846923346
146	150	0.7098195135908923
146	164	0.6610971194241748
146	153	0.6375945222214733
146	189	0.6067868856247379
146	42	0.5711446410569677
146	47	0.5698157738104692
146	140	0.4557706743735244
146	159	0.4546925153377587
146	168	0.4526435190242282
146	135	0.4436530861138174
146	182	0.42868948987524796
146	157	0.42526337180487345
146	46	0.41282349697901627
146	134	0.4125745931323739
146	82	0.4048281191698926
146	48	0.3859905318578842
146	136	0.3746143506068916
146	152	0.35281907251599376
146	119	0.34739661271936334
146	120	0.3082404856292232
146	180	0.29693056896185255
146	145	0.2900034221099346
146	18	0.2870790119574933
146	179	0.26424816158559133
146	30	0.259497919195343
146	31	0.25319150799267587
146	124	0.2530698377607618
146	173	0.24632816579926187
146	14	0.2409100409875252
146	72	0.24081584248328747
146	115	0.236600558476118
146	151	0.2323858088723573
146	118	0.23025620608413297
146	104	0.2281623135860806
150	164	0.65780245648365
150	42	0.5642455454211879
150	135	0.5518378123406941
150	157	0.5400881169418728
150	124	0.4994777100392306
150	119	0.46081065298500495
150	47	0.4605743242586276
150	153	0.4419729012812327
150	140	0.413022575673429
150	189	0.3858713838367573
150	120	0.36939299682317034
150	48	0.3673532472218783
150	31	0.36696390967088244
150	104	0.35907188381643945
150	46	0.3537555236441609
150	136	0.3259588613413947
150	152	0.32567283125363633
150	134	0.3195716818653938
150	182	0.31284863933236695
150	168	0.30769739257062206
150	30	0.2994360554206067
150	115	0.27183113459815017
150	18	0.2633177431252645
150	179	0.25779967630324635
150	20	0.24186119120672062
150	69	0.23861973620927665
150	40	0.23214929592776298
150	173	0.23184651930008773
87	191	0.7088954440003287
87	89	0.6719006738177488
87	83	0.6345340669620528
87	192	0.5687207617871406
87	179	0.6152092146399626
87	193	0.46535114635629576
87	190	0.44597928534248243
87	88	0.43541567385675684
87	91	0.37304008785582093
87	50	0.36949661808710443
87	74	0.3330812292598055
87	178	0.3274595395206458
87	177	0.32600354815408994
87	46	0.32511847832297097
87	151	0.3209716661396469
87	122	0.32042440297176694
87	82	0.31375048262017496
87	194	0.3079689641882929
87	90	0.30637502887460427
87	185	0.28741848257082414
87	99	0.276926305707691
87	54	0.26633980349822595
87	85	0.2613250027985606
87	180	0.2606447253974241
87	71	0.254725735812383
87	14	0.25300431970421866
87	72	0.2526860561421516
87	64	0.2470888650258988
87	173	0.24628119909910326
87	94	0.2406180108582859
87	60	0.2373084478599177
87	183	0.2344281337097496
87	118	0.23244256789103984
87	66	0.22904371232868823
191	179	0.6753691180681319
191	83	0.5906866312133173
191	89	0.5415314665312105
191	190	0.5232829529140833
191	192	0.5175224772022324
191	193	0.5045191800876788
191	177	0.442286664564394
191	183	0.438546681343585
191	180	0.4284364264032089
191	159	0.41130422544404494
191	174	0.4030456616480202
191	170	0.3690734401010648
191	122	0.35455138711891193
191	178	0.34073160938771574
191	60	0.3303935820900018
191	185	0.3247964933798899
191	71	0.3144715499858846
191	82	0.2966843545244671
191	194	0.28174819890200026
191	173	0.28140753476199426
191	169	0.27390435029473015
191	74	0.27117347121723084
191	151	0.27054335895795123
191	101	0.2681505338401685
191	46	0.2673150466709715
191	189	0.26057015869658
191	50	0.24564233721833773
183	60	0.7006875809486403
183	174	0.6549223773798909
183	145	0.5749125120256511
183	180	0.5216762508085111
183	169	0.4933360906229164
183	182	0.4668227400078119
183	193	0.4101154418205806
183	185	0.34515237473667887
183	189	0.3365174329375722
183	159	0.33462729065890995
183	170	0.3197063564996763
183	74	0.31176568241562735
183	38	0.3102752935293845
183	173	0.29256584914062106
183	172	0.28514173565080325
183	158	0.28050489251744626
183	179	0.26682284937114686
183	184	0.257342184278446
183	52	0.24923783415317255
183	190	0.2457926768830355
183	192	0.2304171867347524
136	17	0.5885992069229384
136	18	0.5748991223596248
136	42	0.47981967969139716
136	48	0.44484902085376066
136	22	0.4433880005735239
136	120	0.4389907964225021
136	119	0.3671888759487817
136	118	0.3643043357143489
136	40	0.3481613859514527
136	124	0.33961741514678045
136	130	0.32559237454699436
136	78	0.31237043344963134
136	157	0.3099227964880503
136	46	0.30841242324008267
136	104	0.28809720714497244
136	140	0.2839469910030444
136	164	0.2737748486326621
136	152	0.27167368899207717
136	117	0.26057015869658
136	47	0.2525362661263291
136	153	0.23032249376117345
38	79	0.5786428533687193
38	142	0.5236241711957735
38	71	0.4189600467478306
38	52	0.41269075593071447
38	99	0.37828780065035134
38	41	0.37009226198353934
38	101	0.34842499350495276
38	39	0.3482668355832475
38	145	0.34818774918556483
38	60	0.32977876237032544
38	172	0.327843376657292
38	190	0.3034998001949123
38	185	0.281950722294932
38	85	0.2706453046156624
38	170	0.24939726708173918
38	177	0.24626241209514863
38	141	0.2350990027844948
38	83	0.23103258462725781
65	41	0.45948637107157025
65	91	0.41839924578021714
65	69	0.40559705762648807
65	60	0.3841337677534022
65	85	0.3564296830519185
65	134	0.35313421920680965
65	64	0.3466665704446273
65	169	0.32828064055178835
65	172	0.3261375998508739
65	55	0.2903605819224893
65	94	0.27478284902360123
65	89	0.25440776925475
65	73	0.24729542215462538
65	30	0.23812928387387164
65	54	0.2363267738473289
65	57	0.22940374578684697
46	152	0.7062890438190187
46	151	0.6067868856247379
46	118	0.6342054007079037
46	115	0.6324446392101641
46	48	0.5970754280057584
46	120	0.5718786190708949
46	14	0.5652671204729567
46	179	0.5399889467684008
46	164	0.5158218028085358
46	47	0.46948537210037977
46	156	0.4426003196230423
46	189	0.43018200966266373
46	16	0.4222524016448929
46	119	0.4154911788002626
46	89	0.41442330349530304
46	17	0.40947474952392043
46	192	0.405154152213931
46	153	0.3930312076846461
46	122	0.3709808456147913
46	117	0.36550924725945255
46	18	0.3613519301455034
46	182	0.35852298726944976
46	82	0.35219729858667587
46	173	0.32626270293517673
46	157	0.3099318359386368
46	83	0.29047046098131213
46	178	0.28352402369784446
46	161	0.28281576633712824
46	135	0.2717107363257344
46	72	0.26970903037153615
46	21	0.25603442897573037
46	42	0.23706307470372548
46	125	0.2362890075041026
46	186	0.23620403062176876
46	99	0.23016150569595745
152	115	0.6558351428235462
152	120	0.6060281619180906
152	118	0.5941848311115411
152	151	0.5381089693424576
152	16	0.5155722235720589
152	164	0.4531681373585873
152	117	0.44622759277302165
152	14	0.44559467384923457
152	119	0.4376578084194882
152	17	0.3899066977619745
152	18	0.3800773007578624
152	48	0.3738403921940375
152	189	0.3658557577759199
152	153	0.3643997329496729
152	179	0.3563423841525136
152	47	0.35457761563934004
152	186	0.3371114254547807
152	58	0.33357012094024896
152	156	0.3208012300817084
152	89	0.31183790478689816
152	182	0.31016684198285777
152	157	0.3070273016030479
152	135	0.26642341717354817
152	5	0.26164175578528376
152	178	0.2572301278185385
152	75	0.25010986064059854
152	101	0.24693862755281495
152	82	0.24513485363679088
152	161	0.24414769556467036
152	122	0.2374594316779635
152	192	0.23718576506475786
152	56	0.2356090913452062
22	17	0.41567318291835775
22	18	0.33367676438789895
22	40	0.3010464985472603
22	48	0.25925541102312966
8	4	0.6781225406300508
8	2	0.3016647441737893
8	177	0.2720070859970199
8	156	0.26097091814145107
8	104	0.25386522878178336
193	194	0.7054109367434407
193	180	0.5294567472328507
193	185	0.42276993673511143
193	174	0.4187126739196834
193	88	0.4163182019840899
193	90	0.3930565731796491
193	179	0.3323520035986519
193	169	0.31216286085636663
193	74	0.30558648201206223
193	170	0.30312751986387443
193	190	0.2977692252825958
193	173	0.29279443372282743
193	160	0.27840294908732005
193	159	0.25025047212293783
193	192	0.2499129868409779
193	83	0.24777417266961677
193	29	0.2473893043300674
193	184	0.24362100414350873
194	90	0.46010147086979186
194	185	0.4387566533675482
194	180	0.4190672223322291
194	29	0.36710235553919895
194	160	0.3584184074185261
194	74	0.32878911748852585
194	88	0.32142904959501867
194	190	0.31984101821767724
194	169	0.3146968091828518
71	177	0.7032491316125511
71	179	0.33317013198779766
71	170	0.29767808922030065
71	178	0.288363114921183
71	156	0.28637231493770293
71	101	0.26884646521730454
71	89	0.22884471957487829
177	179	0.5291832155031256
177	156	0.4444799750613705
177	122	0.3336056697048865
177	89	0.30054626171755866
177	170	0.29697615989680826
177	178	0.2837079360922731
177	5	0.2532383021032573
177	83	0.25292943908363186
177	16	0.23461713353587937
177	101	0.23259391753335357
177	106	0.23122190066606696
60	180	0.5066332528149112
60	169	0.48815860597652466
60	174	0.457907177391616
60	145	0.4148787389697254
60	189	0.3939270921698857
60	91	0.3843553803395029
60	94	0.36498929149856324
60	182	0.3559581950937419
60	41	0.35165408666028186
60	159	0.3406962528270361
60	74	0.3151292074747288
60	172	0.3145976995013946
60	89	0.2874093086382981
60	82	0.2841124698826899
60	134	0.2761135934607848
60	54	0.243921988286925
60	178	0.24246365989271576
60	50	0.24186119120672062
60	47	0.2387140400208364
60	192	0.23542018477488874
60	158	0.23300061386229415
60	57	0.2280201174267775
69	94	0.4666741322880539
69	20	0.4593759218488322
69	91	0.444929228220341
69	75	0.377773544986148
69	73	0.3706962276211192
69	78	0.3672234823336553
69	82	0.3643476990419893
69	41	0.32850368019750203
69	186	0.3099137569814329
69	134	0.303145682027897
69	47	0.2948684478031851
69	40	0.28123257154738385
69	50	0.2575476031453271
69	135	0.25364068251806965
69	184	0.2485342923966489
69	172	0.23200737498114016
164	189	0.5335107437191858
164	135	0.522745375382512
164	153	0.5142126856118279
164	173	0.5080071106519618
164	182	0.4937672424516134
164	119	0.46448106965966807
164	157	0.4562617448622509
164	120	0.4546449187563175
164	156	0.4450896215418421
164	47	0.4231148070223505
164	179	0.4068662205613644
164	48	0.40268545093854524
164	115	0.3848751436873715
164	151	0.32773627019766305
164	31	0.3277005661721341
164	104	0.3270666640296455
164	82	0.31984101821767724
164	118	0.3187903144930923
164	42	0.3126682028991407
164	18	0.28895895351972023
164	124	0.2633828883880157
164	14	0.262656848404379
164	159	0.2506722432132228
164	134	0.2320168366849675
164	30	0.22966899344024697
115	118	0.6955150042277676
115	120	0.6278383666226655
115	16	0.5540039578757059
115	14	0.5530606594575079
115	48	0.5185248394597323
115	151	0.47497870201556125
115	117	0.44110345385440036
115	156	0.3911525027830195
115	179	0.3835624851716256
115	119	0.3759718152661727
115	106	0.36856369613223655
115	17	0.368287132066999
115	18	0.367872163739261
115	89	0.34529330612674175
115	122	0.3212766050942388
115	192	0.3185657034129661
115	47	0.30262797409122055
115	124	0.28572959257409114
115	125	0.27516184900207197
115	5	0.26904127574728465
115	153	0.24684472310284217
115	178	0.24163521733461982
115	186	0.23886491675406132
115	72	0.23401227172304165
115	21	0.22950795428814247
118	16	0.5843282851825174
118	125	0.46489662370979556
118	120	0.6220548588557233
118	18	0.5481270261537463
118	117	0.5119434961345921
118	17	0.4862520302316336
118	151	0.4824479803630993
118	48	0.4786410625550951
118	14	0.4632645959682202
118	179	0.3456719820681475
118	119	0.32048721453695783
118	21	0.31650660347302406
118	192	0.2961188239666641
118	156	0.29209028611762866
118	122	0.2899759449304337
118	89	0.28546324651772315
118	124	0.2809470651108625
118	47	0.25552975820927826
118	157	0.2301330947293538
18	17	0.6808892428607005
18	120	0.47271433383406314
18	16	0.4164917894278259
18	78	0.39938752016383444
18	48	0.390449264866451
18	119	0.36893522637315174
18	42	0.3565518910562671
18	117	0.3051331043257919
18	47	0.28856480839958754
18	124	0.23900635321810076
18	153	0.2372707001136005
18	14	0.22899633483725979
172	168	0.5437539106445918
172	169	0.42656494082044843
172	160	0.4245340515135898
172	180	0.41908370984730264
172	190	0.38530099726354133
172	185	0.35523314722467353
172	170	0.33657063722429786
172	79	0.32939547227535515
172	141	0.3058946997232331
172	85	0.30200103602429235
172	159	0.28996678576436097
172	75	0.2880605267223215
172	189	0.2755869667032002
172	158	0.2737285956329424
172	186	0.27277550241884413
172	140	0.25923675519376255
172	178	0.2542674723988692
172	134	0.2537342467850045
172	41	0.2509252602076536
172	55	0.2418329459068602
172	47	0.23454153573306538
172	78	0.2298868499236772
79	99	0.6018673244129423
79	101	0.5034001434684142
79	190	0.45596079911525794
79	185	0.379135812145307
79	142	0.34603294035205734
79	85	0.31605662051425465
79	83	0.3058312483743888
79	52	0.30448907031764516
79	74	0.30207373789759323
79	57	0.27145138808434127
79	39	0.2713958083305415
79	30	0.2567164472328287
79	88	0.2546696280669542
79	160	0.23815758250502603
17	120	0.6135408005913043
17	119	0.5483788168928297
17	48	0.4940847780240218
17	117	0.48463161724776616
17	16	0.472209427012239
17	124	0.3706444714116219
17	21	0.2964472218555039
17	125	0.255660612163206
17	42	0.2526954176160665
135	182	0.678764800330923
135	31	0.44037828119294997
135	189	0.42450945807520146
135	78	0.4074084759995413
135	104	0.40483648027798347
135	7	0.37578289770042334
135	186	0.355224409099522
135	134	0.3504353799717031
135	173	0.31616462940282075
135	151	0.31191915064738274
135	14	0.31191012355479125
135	120	0.3064837609975473
135	157	0.2890597656145022
135	30	0.2769078393689931
135	100	0.2655313314617039
135	119	0.2565483020650017
135	184	0.24704191709128337
135	153	0.23100418571208892
182	189	0.565858840907759
182	186	0.44689207769230566
182	173	0.43046719691566665
182	184	0.39235457390261175
182	145	0.35861013027164224
182	82	0.3521184599522228
182	14	0.3237495225279138
182	153	0.3166325731901605
182	50	0.28992098913726644
182	151	0.288894797031501
182	78	0.28174819890200026
182	157	0.27708326132671046
182	156	0.27571632896660725
182	179	0.2745609557418574
182	120	0.27196078476008695
182	47	0.24100423495319914
182	75	0.22889210053741083
4	110	0.31686648731956785
4	2	0.2880055045034271
4	104	0.2774986606934076
185	162	0.47129203471720105
185	74	0.6219874189885696
185	160	0.5607798118964629
185	190	0.5048396585129734
185	85	0.46520227801662595
185	75	0.4508287897528963
185	88	0.39930346784629617
185	169	0.3410851219758421
185	73	0.34036031744741657
185	170	0.3318181719232732
185	184	0.3241343990107193
185	186	0.3034998001949123
185	78	0.27714788581379995
185	57	0.2752080626640643
185	91	0.2737193448810615
185	99	0.24655358985247944
185	180	0.2372046398334758
185	83	0.23079591497637805
179	173	0.5755949766999293
179	122	0.4424555692003481
179	89	0.6351191221495659
179	192	0.539606292779797
179	189	0.49035681506773726
179	83	0.480481411312547
179	159	0.4791342891467845
179	82	0.4605506877932894
179	156	0.45664965246526545
179	151	0.43243671050986277
179	180	0.4145309706264444
179	153	0.377584926140329
179	168	0.37531905852653114
179	178	0.36456449197902147
179	47	0.3568835369903036
179	14	0.3503125666409414
179	174	0.3315600770515169
179	50	0.311413546775681
179	48	0.3097329550845978
179	72	0.3092898957840229
179	120	0.3007008980458325
179	16	0.29069019611742863
179	106	0.2633828883880157
179	190	0.23306681253245867
179	5	0.2290910887349775
119	124	0.6132164419400361
119	120	0.6329663639987042
119	157	0.49578361709583
119	117	0.4631703444193693
119	48	0.41248331294759344
119	16	0.3206128292123761
119	54	0.2885556410696206
119	47	0.27795086647055584
119	153	0.27485680694852455
89	54	0.42110133786867254
89	83	0.57467814841549
89	47	0.5201971430656721
89	192	0.4974485690447885
89	91	0.48725928097132204
89	82	0.4823712522669993
89	190	0.4228849071108008
89	72	0.4201301007895313
89	178	0.3871813034357795
89	151	0.3843468575973295
89	50	0.37980349426702253
89	94	0.34747574864832226
89	64	0.34432408860088476
89	88	0.3359675295450007
89	168	0.3078784458892022
89	180	0.3059037639798325
89	159	0.2798690608205216
89	48	0.26740789845517643
89	122	0.2610454681192527
89	85	0.26051423163072784
89	30	0.2495097998337364
89	14	0.2475676676652362
89	189	0.23692149950565775
145	174	0.6708735970038466
145	142	0.4752187291875719
145	180	0.4062902816487941
145	41	0.3664965348570197
145	173	0.3356215051544442
145	52	0.3144445165015273
145	153	0.27561468802871636
145	158	0.25460416686345466
145	159	0.24980985422134308
145	156	0.248046349413074
145	141	0.23151530591985708
145	170	0.22973530002488066
145	189	0.22787791154006626
174	180	0.6063444309912335
174	170	0.456230071275403
174	169	0.43418303095349564
174	173	0.3751729961558075
174	158	0.34937352423082024
174	159	0.3060850374644038
174	189	0.25767831212403935
174	122	0.25224601352821135
174	168	0.23282092087377837
169	180	0.6654488045933854
169	158	0.44821157785945503
169	159	0.4846851746844741
169	189	0.4026938293490824
169	190	0.3517066659150363
169	55	0.3493208468382042
169	74	0.34088186401782483
169	64	0.31851179142900377
169	170	0.31277646746790194
169	168	0.28259494769497484
169	72	0.27561468802871636
169	134	0.27554076347539924
169	91	0.26349456039247277
169	54	0.25957253051265994
169	178	0.2462060499729606
169	57	0.24045784680292365
169	94	0.22981107636739276
180	189	0.48414943681002565
180	159	0.48280850324252594
180	168	0.4102485219388319
180	170	0.36456449197902147
180	94	0.3518468664117122
180	178	0.3445884935572566
180	72	0.34244524431461243
180	173	0.3034271674018416
180	192	0.29294985212669955
180	190	0.2915230798473842
180	91	0.28218083201778676
180	158	0.2794173789935948
180	134	0.26773284058522107
180	90	0.25420199686992184
180	151	0.249247212934817
180	55	0.24660994169842665
180	47	0.24073105995028762
180	122	0.23607183717935656
91	94	0.6315137060155199
91	88	0.5785563744456812
91	64	0.4373181946429703
91	73	0.4947421111030318
91	82	0.4825170293199472
91	90	0.47955021387290603
91	50	0.4687600429738694
91	75	0.44495328903862924
91	74	0.3556175632555364
91	184	0.3147598754077574
91	85	0.2973499544783364
91	54	0.2910288943808108
91	186	0.2756608892191787
91	162	0.26868874534212683
91	151	0.23761983941417436
91	189	0.22949848100541168
47	72	0.44287367416239853
47	82	0.5601282152579155
47	153	0.539372338861996
47	168	0.5353253112323842
47	42	0.48779290375048256
47	48	0.43582889278810055
47	189	0.42545175812023595
47	159	0.39976567249904543
47	157	0.372859297066115
47	54	0.34935596534531904
47	134	0.3322096692877389
47	178	0.32944004647233327
47	40	0.3082857343219625
47	30	0.30008225794421256
47	151	0.29334290015600867
47	41	0.289939307947445
47	83	0.27982297651024163
47	14	0.2692824392381933
47	192	0.2616883323555076
47	140	0.2589009171963994
47	120	0.2409194605883536
47	50	0.22958373898443904
85	160	0.5715016436699376
85	88	0.4972604094184854
85	190	0.47995053043947355
85	66	0.4031629126184526
85	78	0.3859309594567226
85	83	0.34901351804494196
85	74	0.3190328542495348
85	75	0.3116392845972454
85	170	0.2766308197500836
85	55	0.2548846984431507
85	53	0.24566113032285086
120	117	0.5888213697853442
120	16	0.5725377452066939
120	48	0.4868092303897292
120	124	0.4743821996433634
120	151	0.44848323262069295
120	14	0.427905591200484
120	157	0.3836818819341846
120	189	0.27071944309981283
120	156	0.2701911363735911
120	5	0.2697275754122771
120	58	0.26117592308764587
120	153	0.2580610484410846
120	106	0.2537248905719448
120	122	0.23259391753335357
42	30	0.5141023393043416
42	140	0.5131968576781949
42	40	0.470303531139973
42	134	0.440757054243093
42	48	0.4050705638162966
42	104	0.3484337794745789
42	31	0.33485815695747506
42	153	0.3294311317504071
42	124	0.32200280884032145
42	168	0.2872166438759099
42	20	0.28483853804899883
42	157	0.28137991023480863
42	82	0.2368648666084883
101	100	0.3347338493286673
101	99	0.6239027859242798
101	106	0.5071905330182662
101	5	0.4564359289237042
101	156	0.34388329228821884
101	190	0.3218145701341455
101	83	0.29212687302073215
101	30	0.23690262205214932
101	14	0.23130708717204693
99	190	0.38737680686922116
99	106	0.37066172373724615
99	30	0.35462132860004614
99	5	0.35277529580866396
99	83	0.32519896278547966
99	14	0.28565612220684095
99	192	0.2641458395917793
99	100	0.2525549905404405
99	156	0.24695740788634507
99	151	0.24202124016245355
186	75	0.6422946156657497
186	14	0.5706997695174711
186	184	0.4676669567038297
186	78	0.4161776565821718
186	151	0.3512947357144864
186	189	0.3225852910679091
186	82	0.3122531134735445
186	73	0.309253721746097
186	190	0.2841124698826899
186	161	0.2577249916169589
186	160	0.23568464898936559
186	168	0.2312597617731802
74	75	0.4717197599030685
74	190	0.4186302024971055
74	73	0.3945942933388618
74	57	0.36268141399577514
74	162	0.33932544463141073
74	88	0.33325902879204045
74	54	0.32480543842321535
74	160	0.3030185422554999
74	163	0.2956899769013044
74	64	0.2819139017280804
74	78	0.26760287103682384
74	184	0.24211538045567566
74	90	0.22827606350616023
30	134	0.6304725100685291
30	31	0.427962772263975
30	141	0.35937671907756047
30	72	0.32260320972690065
30	100	0.32248673431078256
30	140	0.30424408285304155
30	41	0.2925749931661076
30	104	0.269505021721207
30	54	0.25189015809486587
30	151	0.2418517761523077
30	190	0.2358451995219979
30	64	0.23172350345818393
30	48	0.22894895626089168
75	73	0.5802967463834514
75	78	0.5126957751807503
75	14	0.4156318212684957
75	184	0.3792728047996784
75	190	0.34503785651994573
75	90	0.3190957281079679
75	88	0.3120364977260072
75	59	0.28597753026240025
75	82	0.28112205882945707
75	160	0.2702282158428226
75	151	0.25197444580516926
153	189	0.49282141678421415
153	159	0.46063735163953645
153	168	0.4173592710639047
153	82	0.38137697160743433
153	173	0.2944575196352142
153	156	0.2727940141883561
153	48	0.23630789076496056
83	190	0.6306532272061658
83	192	0.5414325149159932
83	178	0.3445620555208541
83	72	0.33943162329652143
83	14	0.33496469707763055
83	151	0.33238758481144154
83	54	0.31785569732047364
83	55	0.3062662887562935
83	82	0.23505176580632134
83	168	0.231060983148765
83	161	0.22958373898443904
94	50	0.5496083629157767
94	88	0.46674452870404987
94	90	0.45843652998950846
94	66	0.4154663574784687
94	82	0.4064155132468534
94	73	0.4021826228533907
94	41	0.36083016221345793
94	184	0.31132324180347437
94	53	0.31022106876543976
94	64	0.2894904359651337
94	20	0.26867946725361674
94	72	0.2666835229608133
94	192	0.2518807925577928
94	157	0.2399018817784966
190	192	0.4183909963249905
190	55	0.3974863008143605
190	54	0.37518158857580036
190	178	0.34855677662006984
190	170	0.33240537506304324
190	78	0.32690590963593863
190	72	0.3239464494729016
190	88	0.2810852195997024
190	158	0.26167901713896397
190	160	0.26141817128781575
190	151	0.2496317027107469
190	168	0.24884388312673547
190	14	0.2285414557469422
134	141	0.5037733436505796
134	140	0.44355670035015715
134	31	0.3855308899901299
134	41	0.298862434315217
134	104	0.28444337686067167
134	168	0.2723496759959426
134	72	0.2704414072323009
134	78	0.26442488556338606
134	100	0.2525549905404405
159	189	0.6266312803034648
159	82	0.489475235783656
159	168	0.4276523196023778
159	54	0.35272276172132333
159	184	0.33901570747354476
159	173	0.33602075602114023
159	59	0.27393209935891083
159	178	0.24684472310284217
159	72	0.22965952089695726
189	173	0.5489519691866244
189	82	0.5456317454966152
189	168	0.399311873380138
189	184	0.3768043972068257
189	14	0.34687771022309344
189	151	0.3446149310470502
189	157	0.33248542826791333
189	122	0.27875345887214187
189	192	0.24491866240370913
189	48	0.2376009685882569
2	104	0.6264915735257963
2	110	0.5708143896974587
2	31	0.5568805229847659
2	7	0.5365655174222258
2	141	0.24746440672611303
104	31	0.590126409963169
104	110	0.5264273912892773
104	7	0.4257465496449993
104	140	0.3298857076537649
104	141	0.24231306023182864
48	14	0.4501353424832118
48	157	0.3957503522776769
48	21	0.3864414755577991
48	151	0.3631763350773359
48	192	0.34521403413552093
48	16	0.3356924919047406
48	124	0.3238300869424538
48	117	0.31240652998708474
48	122	0.29068104109871745
48	40	0.278190762390653
48	168	0.26356900447239673
48	72	0.2431506224821108
48	125	0.24196475379910873
41	40	0.41941340209991435
41	55	0.3142642802398613
41	50	0.2862529716787757
41	39	0.2690134470189223
41	66	0.26829902271471423
41	140	0.2650944152042006
41	72	0.24304712315904997
41	54	0.23036984079332304
29	21	0.35731977618117033
29	53	0.35691844185764715
29	160	0.23666663879388627
124	157	0.48644289676612124
124	20	0.403054037156209
124	117	0.31372343554656246
124	125	0.24856243910794285
142	39	0.5995023724939714
142	52	0.5019204256944313
142	156	0.39184681969872914
142	141	0.37509566147470075
142	143	0.3425335144170153
151	14	0.5678676895012453
151	192	0.37706177363880666
151	178	0.34272768735565023
151	72	0.31597560847094147
151	161	0.3039899792623645
151	16	0.29655667224678534
151	184	0.2741818204083916
151	122	0.26867946725361674
151	82	0.25389329514139125
151	64	0.25070972937439245
151	156	0.2477835587259538
151	173	0.24340464279852697
151	117	0.23822361107176657
151	7	0.2356563152066521
40	130	0.4349779478560943
40	140	0.4242798891124247
40	53	0.2954344368684903
40	39	0.28363437363825
40	20	0.26270339836200624
40	157	0.24474945227306205
39	143	0.5148744059772181
39	141	0.3325565826503371
39	52	0.28319292883166725
184	59	0.41220942269527516
184	161	0.39123719944176283
184	73	0.4041088107116372
184	50	0.35143498255179895
184	82	0.34739661271936334
184	88	0.29316009944520227
184	173	0.28335848470842423
184	90	0.2756608892191787
82	50	0.4582785483171067
82	168	0.4057557886873167
82	173	0.30601253073311324
82	54	0.283597591159275
82	14	0.2620236476697193
82	192	0.2547911926810936
82	20	0.2523209217723198
82	90	0.23025620608413297
31	7	0.4167314555045191
31	110	0.37060996599303797
31	141	0.36036037786166447
31	140	0.3059128281809762
117	16	0.5675830605920933
117	125	0.3306697142242313
117	21	0.302800563264151
117	58	0.27286805924634006
14	192	0.4099823442361554
14	168	0.3269148409320038
14	16	0.2758179637393905
14	161	0.26997791387440034
14	72	0.2461027150908881
14	122	0.24117377264926582
14	178	0.24028824705976531
14	7	0.234456484813856
14	106	0.23069177167583546
16	21	0.3560717180291128
16	125	0.34466780438668826
16	58	0.3121809118306334
16	59	0.28585815763436306
16	156	0.23518402654655515
106	5	0.5294063680770854
106	156	0.36300270187782924
106	100	0.2422565823479262
73	90	0.3192573908456965
73	57	0.31292080758430335
73	64	0.3093622411746419
73	88	0.30540514755140574
73	162	0.28184025810318347
73	56	0.27624291504058823
73	59	0.27108082221029356
130	157	0.35505837292765663
130	125	0.3546300710061764
130	140	0.32639672927230323
130	53	0.30299129661493857
88	90	0.5072870851607971
88	50	0.3722219991428283
88	66	0.3699886935783382
88	64	0.34921548542860187
88	160	0.295489199007318
88	54	0.25573538164590864
88	162	0.24509725691201892
55	158	0.5781304423775622
55	170	0.31994873828953235
55	168	0.24235071124210894
55	64	0.2365155948513121
55	72	0.22959321187575846
158	170	0.28039433075577025
173	50	0.4114288420799278
173	156	0.39323411489377114
173	122	0.27196078476008695
173	157	0.26762143871151434
141	140	0.5536573220784612
141	170	0.2408064223833026
21	125	0.5715555120766546
21	53	0.4239928511981072
21	122	0.34984752135554875
125	53	0.4507809832556611
125	122	0.22928058350475072
160	170	0.3301530338155868
160	162	0.25023172453508435
160	78	0.24504086044265014
110	7	0.5618688263141283
192	178	0.34427120105300024
192	168	0.3097871980062756
192	122	0.29036973880322575
192	72	0.281140478133654
7	78	0.4251486838284152
157	53	0.44258423738154296
157	20	0.2490596284209659
140	168	0.37209277431124554
50	66	0.5055397547806337
50	64	0.23961912731084486
50	78	0.23552408559085733
156	52	0.463790641174228
156	122	0.3454254151632077
156	5	0.33933429318381136
168	72	0.3152192739944291
168	178	0.3033908496829064
168	170	0.2522928315351225
170	66	0.3191316547660391
5	58	0.34612976539861573
52	122	0.25172157121023286
20	53	0.26905055189024707
162	56	0.4313385221026914
162	58	0.35175048026556727
162	57	0.3334101397608925
162	163	0.3157055350536045
162	161	0.26259167640963543
72	178	0.46157433532575204
72	54	0.3274595395206458
72	64	0.28354241587610923
178	54	0.269959371535762
64	54	0.3858032934729619
64	57	0.2667299663364195
56	161	0.3565257046537012
56	58	0.34188900369414416
56	57	0.34060785720939424
54	163	0.3229077915445647
59	161	0.3147959120028565
59	58	0.23009521283031042
