23	25	0.9335973183142292
23	22	0.7911505873628084
23	124	0.846025041756064
23	126	0.8457690294257796
23	123	0.8414151679670635
23	29	0.8243362748504703
23	128	0.7862754613638698
23	19	0.7582180889776645
23	120	0.7520163962555054
23	121	0.7506751220970308
23	28	0.7416740797489697
23	21	0.7011200046764714
23	133	0.6933403772833967
23	127	0.6872681746352419
23	136	0.6736522601349934
23	20	0.6583580481552908
23	132	0.6494806939487642
23	131	0.6471968526989536
23	104	0.6359596083400539
23	125	0.632366631005757
23	18	0.6248241426438228
23	118	0.6232366207678495
23	16	0.603980443219119
23	129	0.5957159303192753
23	2	0.5775909200397895
23	116	0.5638637137107662
23	138	0.5632905138736654
23	188	0.5536365178258235
23	15	0.5423225393139833
23	111	0.5414749245881313
23	8	0.5305210323044293
23	117	0.5278139066454414
23	114	0.5180201779072366
23	26	0.5175297988691969
23	186	0.5135577151085553
23	119	0.5118623210393985
23	17	0.5112716817331564
23	115	0.5107692582738022
23	13	0.473793016576569
23	1	0.46830736681783824
23	27	0.45583405390985693
23	102	0.4364686144049844
23	110	0.4204759058436232
23	10	0.40607317738594484
23	144	0.40117623867072905
23	14	0.3806845710652312
23	24	0.37930705036570517
23	113	0.37811640801751234
25	124	0.8731533860515777
25	29	0.856004595033041
25	126	0.8674785609039173
25	123	0.8224362848705312
25	128	0.8224039223532954
25	28	0.8086098888201517
25	19	0.7633941398448121
25	121	0.7600231962492535
25	120	0.7520989340158147
25	133	0.7466670330395605
25	132	0.718060788604575
25	21	0.7180511006913687
25	22	0.7168038871149899
25	131	0.7006570374497556
25	127	0.6897349423659301
25	125	0.6809053342271714
25	20	0.676742775673191
25	136	0.6440301855203248
25	118	0.6370897965628121
25	104	0.6299842322448832
25	129	0.6206858655935011
25	16	0.6155136664727143
25	18	0.6058129894354162
25	119	0.5493989491991762
25	2	0.5485186576884556
25	111	0.5435848489808137
25	117	0.5343186202366805
25	115	0.5328021570690032
25	8	0.5304922897971329
25	138	0.5288159341983677
25	116	0.522847111154533
25	188	0.5190948917397108
25	186	0.5170170991816839
25	15	0.515858498255477
25	17	0.49998789165171925
25	114	0.4907061293395289
25	26	0.48821192323680684
25	13	0.4819721468471489
25	27	0.4648809461414434
25	1	0.44162683175217077
25	102	0.42573836221138717
25	113	0.4096994538915193
25	110	0.39565757625682146
25	10	0.39065265765222634
25	14	0.37975214813865327
126	128	0.9275843200183596
126	123	0.9149819590281071
126	124	0.8719601708735225
126	29	0.8338984603255486
126	133	0.8035669568851859
126	28	0.795707209591946
126	127	0.7902510873584745
126	125	0.746649332977257
126	120	0.7454388031660595
126	21	0.7306078827661521
126	132	0.7197470724531709
126	131	0.6992237052098894
126	118	0.6966438898741745
126	121	0.6941858460001374
126	19	0.6935376513642953
126	136	0.6842327483317827
126	22	0.6679375254826507
126	129	0.664103851542323
126	18	0.6269105730672484
126	20	0.6002449481671172
126	16	0.5906540757866565
126	115	0.5557273451936275
126	119	0.5441059807378368
126	104	0.5422025275859085
126	117	0.5420542472565081
126	138	0.5412133543803599
126	15	0.5337968291665984
126	17	0.5189706888966141
126	26	0.5177420942442945
126	116	0.489680520426855
126	188	0.4511713272916993
126	186	0.45034263654293766
126	27	0.44550651053569873
126	2	0.44335586372033947
126	144	0.432347276421965
126	130	0.42819146225652943
126	114	0.4212576333577229
126	111	0.4078170633839835
126	122	0.40423430751390727
126	14	0.3908390675387203
126	8	0.38664561573733636
126	13	0.379358416766318
128	125	0.764268917891203
128	123	0.8891181299056677
128	124	0.8611040404080892
128	133	0.8297707645225885
128	29	0.8200925371588307
128	127	0.8055069042989824
128	28	0.7879873617397541
128	132	0.7367530452627437
128	120	0.7357501717994174
128	131	0.7151516871403201
128	21	0.7055967745327363
128	118	0.6851198824686758
128	129	0.6795190727592922
128	136	0.6731767940047676
128	19	0.6715494511640954
128	121	0.6589298980412815
128	18	0.6165623062059387
128	22	0.5957481854850206
128	16	0.5832406127482882
128	115	0.5766238471301987
128	20	0.5754077132058203
128	15	0.5513577518552442
128	119	0.5473500457344973
128	17	0.53352505089225
128	117	0.5262972616036871
128	138	0.5246468184828124
128	26	0.5221346480431318
128	116	0.4970496150906226
128	104	0.49397138758638004
128	130	0.4861756706225771
128	144	0.45819164605172163
128	186	0.44730813045571566
128	188	0.4400880510845115
128	27	0.43832050407017475
128	14	0.43753653211235993
128	122	0.4355858450643625
128	143	0.43067084949308027
128	111	0.41323819972510983
128	2	0.39809237059971575
128	114	0.39583468710570924
128	8	0.38975405195238355
128	113	0.38000029941199814
128	13	0.3757399575329603
9	108	0.9272345413007901
9	109	0.8529824789168099
9	3	0.816257829830535
9	106	0.7140114489308855
9	112	0.8109508014447115
9	103	0.7809105571164066
9	12	0.7705174224272988
9	113	0.7217460465690927
9	0	0.7145649141867134
9	13	0.6598794091713496
9	6	0.6206551271867694
9	11	0.6112220971974901
9	102	0.5572598430124693
9	5	0.5015537783658889
9	111	0.4951196328053802
9	101	0.4897945439989187
9	10	0.4834064567779343
9	70	0.47800095913828117
9	150	0.45140226595497807
9	105	0.44824354154163726
9	110	0.40592284757605634
9	114	0.39343698380729347
9	176	0.3887528436523831
9	52	0.3875552795819928
108	6	0.7173140047872626
108	3	0.8051202874002392
108	103	0.7899880896642308
108	12	0.7526847076155231
108	112	0.7457674193664019
108	109	0.7433118452558248
108	113	0.6968857137044034
108	106	0.6647071019974684
108	13	0.6152651481288397
108	0	0.6146059827552011
108	105	0.5749995373494647
108	102	0.5435637131707881
108	111	0.5184809701754943
108	11	0.5124967190092975
108	70	0.45397829400976936
108	10	0.4419809478452142
108	5	0.41806096151947814
108	176	0.41255799735133414
108	101	0.40730838890682003
108	150	0.391330358112117
123	127	0.8327372555126745
123	136	0.7967321035725647
123	124	0.8525733243852145
123	29	0.8139421343981017
123	120	0.8012878741372781
123	133	0.756508227013522
123	22	0.7531524701791059
123	125	0.7520294301016442
123	21	0.7350843880399626
123	28	0.7310365096915773
123	118	0.7140310558769236
123	18	0.7034916612419896
123	121	0.6906722197978352
123	19	0.6852896406842951
123	129	0.6670892542816015
123	132	0.6634773438068519
123	138	0.6522415412302944
123	131	0.6500180717986718
123	115	0.6194979783915974
123	15	0.5968694683626401
123	17	0.5897026094273551
123	20	0.5890369133951942
123	16	0.5810656050817182
123	119	0.5572874208564284
123	26	0.5478751360254728
123	116	0.5464669231580285
123	117	0.5392092308099824
123	104	0.5337539241357855
123	144	0.5139404672661798
123	27	0.5027353822304852
123	2	0.49313934432077705
123	188	0.47356808482579904
123	186	0.47174308398703213
123	14	0.471043074357364
123	130	0.45846022474206427
123	143	0.437196873766011
123	114	0.43650908827910373
123	122	0.4208709620857502
123	111	0.40928329549752535
123	8	0.4003284472423109
123	24	0.39903445532485493
123	1	0.39638270071402837
19	121	0.9052746681747416
19	120	0.7844744959422172
19	124	0.7741087952128519
19	29	0.733790098831128
19	20	0.7203826609131867
19	136	0.6611477819635627
19	28	0.6587714416211033
19	119	0.6444571990251758
19	133	0.6302917245556495
19	125	0.5983544734382548
19	132	0.5970882978707365
19	16	0.5969660217431116
19	18	0.5867990324349405
19	118	0.5681724984189087
19	131	0.5681047765701612
19	127	0.5653759863191045
19	21	0.5552917574641913
19	17	0.5519351713224084
19	22	0.5442115644219967
19	104	0.5076360520449144
19	117	0.5070939681426092
19	129	0.5021149000417113
19	115	0.47395585960912096
19	2	0.46269892952947067
19	15	0.45882346265485324
19	138	0.45678419210573135
19	188	0.4442552645865417
19	116	0.44165098040446715
19	8	0.4338989680142659
19	26	0.4302635005006593
19	111	0.41388479384843985
19	53	0.4073917954969542
19	114	0.4066075053759308
121	120	0.7911879924781875
121	20	0.731957035601864
121	124	0.772742635837965
121	29	0.7192647613202201
121	136	0.7148584265013787
121	119	0.6645340353557866
121	28	0.6527124456640861
121	133	0.613122838491562
121	132	0.6027275951295368
121	125	0.5945663944909768
121	22	0.5797924497513934
121	127	0.5685651333929161
121	18	0.5668776810223491
121	131	0.5667079945543267
121	21	0.5663820617356901
121	118	0.5597506579713573
121	104	0.5586647453498771
121	16	0.536743517902666
121	17	0.5271209997807047
121	117	0.5072053880228422
121	129	0.4977946604892698
121	138	0.48817383985129986
121	115	0.4781706746065026
121	2	0.4737309726108261
121	188	0.46811217191655635
121	53	0.4466599642506518
121	116	0.42350879442801553
121	26	0.40911678443290067
121	15	0.4019898077192932
121	114	0.3936736157883094
12	113	0.8793287456533845
12	13	0.8671812744434112
12	112	0.8225980176282736
12	111	0.7951195018055747
12	3	0.7948619089912051
12	103	0.7579075902814687
12	109	0.6967107931625787
12	102	0.6815752236214694
12	0	0.655658444022483
12	8	0.65120032158888
12	6	0.6341515971211475
12	10	0.6330382809656818
12	11	0.6295618621463328
12	106	0.6037453638750585
12	114	0.5600184043963511
12	110	0.5451188725259198
12	105	0.48358269036599755
12	1	0.4435647328890637
12	124	0.4271046967348826
12	150	0.4009412761485355
12	5	0.3928790021538542
12	115	0.38835380129472624
12	20	0.3857266867895216
113	112	0.8153547892982296
113	111	0.8078122616877889
113	13	0.8034606472165534
113	3	0.7514858547335874
113	103	0.7325877722402354
113	109	0.7002087710241979
113	8	0.6898397810442082
113	10	0.6802020653406464
113	102	0.6740671540401431
113	0	0.6374995568183391
113	11	0.6213493495559641
113	6	0.5907387158962447
113	106	0.5865432638255885
113	114	0.5767573327220078
113	110	0.5466212068655485
113	124	0.5228907076407242
113	115	0.46578976306233244
113	105	0.45427198903600535
113	1	0.42431268801879823
113	150	0.416309935158127
113	29	0.41356983856520263
113	20	0.40974938144559075
113	120	0.40948307279413354
113	18	0.406298630896942
113	15	0.40512071766758523
113	70	0.4031545379880305
113	5	0.39823541973634674
113	104	0.39248993466608445
113	101	0.386892234576407
113	127	0.38375010289710526
113	2	0.37671859212931413
113	133	0.3752073654489302
113	141	0.37462294721557027
113	129	0.3736855379703628
113	28	0.37350484837866116
124	120	0.8079859112101448
124	29	0.8377263053423244
124	28	0.7878356835725567
124	133	0.7789127063305155
124	127	0.763268942359885
124	125	0.7431417519694502
124	136	0.7289391601016254
124	20	0.7274877741916984
124	21	0.7254571599295946
124	132	0.7127296733945508
124	118	0.70940746123054
124	131	0.6848491764236488
124	18	0.6812859713742612
124	129	0.665365219567509
124	119	0.6600826021922576
124	115	0.6561085992456357
124	22	0.6423181133671069
124	16	0.6229184981188092
124	17	0.6207104549452475
124	104	0.5938288954144934
124	15	0.5938030001096931
124	117	0.5904065917012774
124	111	0.5632700324136518
124	26	0.5610676650032875
124	13	0.5572598430124693
124	114	0.5526162629196533
124	116	0.5489240225035629
124	138	0.5387196638924335
124	2	0.5279581739102545
124	8	0.525617294890335
124	144	0.5053536238712838
124	102	0.4911159927406488
124	188	0.4903947916462977
124	186	0.48797577627796257
124	10	0.4668618429215434
124	14	0.4577807167648356
124	1	0.45533481495809713
124	112	0.44809170384379504
124	150	0.44537024114515644
124	27	0.43594229331277773
124	130	0.42535347420671854
124	110	0.4225728129984364
124	109	0.4201383356619179
124	0	0.4169132325127817
124	122	0.4072249755219683
124	51	0.39253223141855603
124	11	0.3897286089015256
124	143	0.38208602483144566
124	100	0.3754307407053234
13	111	0.8567777164453476
13	102	0.7914870203930049
13	10	0.7668352612051261
13	112	0.7809495719397461
13	114	0.752598001418009
13	110	0.7219759265814882
13	3	0.7153909967128179
13	103	0.706939948330156
13	8	0.703036783828279
13	109	0.6948484325860955
13	0	0.6922222621416794
13	11	0.668756427365141
13	1	0.5785297629289813
13	2	0.55926292198319
13	20	0.5429857341206391
13	104	0.5337038647931185
13	106	0.5237040065470498
13	150	0.5138374387263229
13	141	0.48359035180676374
13	28	0.4543434134420609
13	6	0.4450575451616328
13	101	0.4366709661078867
13	129	0.43417491606730624
13	131	0.4339152025070923
13	29	0.42419788697594285
13	100	0.4156318212684957
13	115	0.41544980958685307
13	26	0.400345241850528
13	186	0.3958431202213326
13	120	0.3930565731796491
13	30	0.3922953482239023
13	15	0.39165211725857485
13	116	0.38518177479339405
13	127	0.38428719656777616
45	164	0.8652840326086637
45	31	0.639696585403547
45	44	0.7523984780838849
45	49	0.6387148352459119
45	149	0.5936087461118205
45	154	0.5794072926592788
45	33	0.5762232056032479
45	152	0.5435496222478094
45	156	0.46639248749160717
45	46	0.4301249619041933
45	155	0.4224413749579808
45	182	0.4132962444392947
45	179	0.3847388359148954
45	195	0.3816845679404792
45	148	0.37549946278186097
164	44	0.7740687165531439
164	149	0.6626255928065593
164	31	0.633415665806296
164	154	0.6226001693119473
164	49	0.5813304886067451
164	152	0.5702140727501234
164	33	0.5698900532525849
164	156	0.5343186202366805
164	155	0.5056067503923181
164	46	0.4689472852703713
164	182	0.44542635457005847
164	165	0.4429781703237274
164	195	0.4195040480813488
164	179	0.4115700556740224
164	148	0.40974938144559075
164	153	0.40184726926677233
164	51	0.3979324692388433
164	39	0.38901596201490213
164	47	0.38701977433365287
164	140	0.3847047563493187
164	52	0.37833921338375376
164	145	0.37363391526586265
28	132	0.8628515795988059
28	131	0.8302374040843254
28	29	0.8196992123957874
28	133	0.7909634729865193
28	125	0.7279534925462007
28	21	0.7084922641083942
28	127	0.6915758805063253
28	129	0.6860526317004011
28	120	0.6444045752304013
28	20	0.626236352896016
28	136	0.5810192378024425
28	118	0.5764569468392735
28	104	0.5718988073698826
28	16	0.5547035765811696
28	22	0.5540455412702935
28	117	0.550661363498786
28	18	0.550612587574342
28	26	0.5237402923025462
28	2	0.5193797448500231
28	115	0.5119139789758925
28	138	0.5019129448980212
28	119	0.49878691254341234
28	186	0.49664291746247313
28	116	0.49406210128093775
28	15	0.48579376120822265
28	27	0.48385079670054837
28	188	0.47447518973281516
28	17	0.46808093649192545
28	8	0.46488878496206115
28	111	0.4611728968029459
28	143	0.4589892376958307
28	1	0.45133060180424295
28	114	0.4498801447168884
28	130	0.4456267310933015
28	122	0.438910064170634
28	144	0.40436815399585124
28	110	0.3836989375675731
28	75	0.375963228781949
132	131	0.8111903165994314
132	133	0.7688463106489329
132	29	0.7619718738602599
132	125	0.6945431679381634
132	21	0.6629171745196893
132	129	0.6482242857958355
132	127	0.6419302468839857
132	120	0.5923508995588365
132	136	0.5364159601089342
132	118	0.5278066924825647
132	20	0.5249728770534224
132	104	0.5133957199444027
132	16	0.5083186542474925
132	18	0.4865115973559701
132	117	0.4813270154194479
132	115	0.4765955806132768
132	22	0.4621014281599788
132	143	0.4573221417057942
132	116	0.45130671246015414
132	119	0.451290785871375
132	26	0.44848323262069295
132	188	0.4451216967799226
132	130	0.43962833198451906
132	2	0.43108616477223094
132	186	0.4297010710239383
132	27	0.4230573371500941
132	138	0.42169348326956757
132	15	0.419240327454986
132	17	0.41715279671499605
132	1	0.41601228358783543
132	122	0.40578084924945357
132	8	0.3905509660254535
132	144	0.3773019391137897
132	111	0.37391781149151176
111	8	0.8176546701055251
111	104	0.685326765370939
111	102	0.7740286316882281
111	10	0.7179638969502736
111	114	0.6985535688244618
111	110	0.666428289502904
111	112	0.6627938375536567
111	103	0.654751020713555
111	3	0.6529304988257505
111	2	0.5701533326011361
111	1	0.5621288060936581
111	0	0.5542187756562993
111	109	0.5339827192090004
111	11	0.5269910016263661
111	6	0.5264635340480052
111	20	0.5210135893699174
111	29	0.4912753253727894
111	131	0.4670182363205609
111	188	0.4601330025549242
111	120	0.43346053021831993
111	116	0.4313954966778799
111	106	0.42848541167763743
111	105	0.42722732611432923
111	133	0.4262131180987369
111	129	0.42386160548572677
111	186	0.41842399373170797
111	141	0.404150644669784
111	127	0.3921599630297386
111	115	0.37450258883325627
111	15	0.3737973792220158
29	133	0.8424342345056314
29	120	0.7738281142631604
29	127	0.760263839875654
29	131	0.739850951894293
29	21	0.7174402010094358
29	125	0.7032642945124142
29	18	0.6883957122398222
29	129	0.6812484601256455
29	22	0.6760701077138983
29	136	0.6741926302831894
29	118	0.6716427741360169
29	20	0.64285235991899
29	16	0.6375529772415554
29	115	0.6254637972838124
29	26	0.6158427648336786
29	17	0.6020076120943101
29	15	0.5972298460989589
29	117	0.5859657149084361
29	104	0.5767373118462237
29	119	0.5766839194570168
29	116	0.5455474656589324
29	2	0.5233337832986764
29	138	0.5229633623722199
29	14	0.485755560059282
29	188	0.4843255050452057
29	186	0.4834447717616941
29	27	0.47675013720952575
29	8	0.47366116752791687
29	1	0.4504701779934266
29	143	0.4492657739668932
29	130	0.43952345149015
29	122	0.43805386671710456
29	114	0.42173459113309586
29	144	0.4095163651933326
29	51	0.3990260475762708
29	102	0.3845599064949862
32	37	0.8543927993477718
32	62	0.7377754729016076
32	36	0.6961391519006981
32	35	0.6910590212287605
32	42	0.6287583328350437
32	140	0.6162336778592281
32	39	0.6096976656646769
32	166	0.6012738795880992
32	141	0.5865432638255885
32	40	0.5699778260419178
32	137	0.5632768596439016
32	30	0.5628739214650222
32	24	0.5502849947055375
32	31	0.5330742282783999
32	41	0.5161299857285315
32	33	0.5050557165818248
32	34	0.5014415033488262
32	67	0.4874499023451192
32	134	0.48472342777147914
32	139	0.4661107481022298
32	61	0.4659463564516502
32	146	0.4458030255065643
32	114	0.43823971301563536
32	142	0.43775481800130994
32	144	0.4186879332180125
32	145	0.41140391998308806
32	79	0.3895504908880353
37	140	0.7076296006383941
37	30	0.5629695581407976
37	39	0.7023888548400592
37	35	0.6854699272277038
37	141	0.6626592471079322
37	24	0.645648368185398
37	62	0.6397438460471382
37	137	0.6122608787952419
37	34	0.58893894941307
37	40	0.5825803975163826
37	42	0.5764703006330827
37	36	0.5646475714471554
37	144	0.5245018541305569
37	166	0.5213923300413211
37	33	0.49512718133349787
37	114	0.48662608497002435
37	146	0.485709716231051
37	134	0.4650690577193739
37	110	0.4601960624431116
37	138	0.44565077327637515
37	31	0.4142162187130475
37	69	0.39045774032707403
37	67	0.384440604157756
96	98	0.8536892042966886
96	198	0.7733864294198086
96	95	0.7429402014303598
96	78	0.6795621307248843
96	97	0.6771111791492124
96	81	0.675439815812681
96	197	0.5910185867277677
96	88	0.5745776780016608
96	80	0.5636112997076854
96	135	0.5555683564378242
96	85	0.5193505344559617
96	93	0.5189999150668599
96	70	0.5157851054687147
96	74	0.5080812997604078
96	193	0.4983661165454889
96	199	0.47790837201795017
96	181	0.47660330914296806
96	87	0.4751180812395404
96	83	0.45397829400976936
96	194	0.441127616366938
96	76	0.43000270513968525
96	90	0.4260739898151129
96	38	0.42039358238113383
96	66	0.41190224500434225
96	71	0.40776704104547695
96	184	0.4058142623831947
96	73	0.4012685309363636
96	61	0.379546740228178
96	147	0.3739694214617915
96	190	0.3738145846037727
98	81	0.7945302967623327
98	198	0.7316644302048302
98	78	0.7027990078162297
98	97	0.6959690340335969
98	95	0.6525689306327456
98	93	0.6508315675439215
98	199	0.5787160176807703
98	135	0.5733841068637611
98	80	0.5726385666268745
98	74	0.5702343180811291
98	181	0.5631539577319342
98	85	0.5429575268483067
98	61	0.54163746947044
98	38	0.5339469751319149
98	66	0.5268682029438881
98	88	0.5151389225009725
98	197	0.5084002270220495
98	70	0.4804506452167264
98	193	0.47126091877790943
98	196	0.46262033492310733
98	90	0.45225382683961624
98	194	0.4490741948503439
98	92	0.4403944023903484
98	76	0.4360475814064424
98	55	0.41526776463081355
98	63	0.40491172720431845
98	94	0.3820433235022208
98	71	0.3768043972068257
109	112	0.8266300033121875
109	0	0.7683961672446238
109	103	0.7197856273652413
109	3	0.7012928299228656
109	106	0.6923316201944122
109	11	0.6662892980150974
109	102	0.6268013037740473
109	10	0.5480570666429897
109	5	0.536301989061326
109	101	0.5246033323710224
109	114	0.521086440058024
109	150	0.47390158219943307
109	110	0.47051378437541863
109	52	0.4669947791729121
109	70	0.446339709099136
109	115	0.41403394862284393
109	141	0.4057892026345807
109	6	0.40343923753485916
109	100	0.3935299525907842
109	155	0.391474314827482
109	1	0.3896098667978976
109	20	0.38457694863747577
109	8	0.3790501832955012
109	51	0.37760207460329764
133	131	0.7752683799545887
133	127	0.7450430950599887
133	120	0.7131574623045067
133	125	0.6880114579285337
133	129	0.6782413558628264
133	21	0.6625526659728672
133	118	0.6562395694256532
133	115	0.6108085014286755
133	18	0.6069511302246677
133	136	0.5942365842022768
133	17	0.5864054937879866
133	15	0.5716295730926854
133	20	0.5679151144560964
133	119	0.5544404456311484
133	16	0.5398614202257256
133	26	0.5370282193212212
133	22	0.5284700766556253
133	143	0.5215743438219252
133	116	0.500235354808011
133	104	0.4989070968095125
133	14	0.4880748143481708
133	117	0.48802148771804904
133	186	0.4780086742522332
133	122	0.4692592621109106
133	130	0.45682375861212265
133	2	0.4454343704879797
133	8	0.43022275595814186
133	138	0.42743167348733196
133	27	0.39773045400951923
133	188	0.3942480762550921
133	144	0.3848921809787001
133	1	0.37656412669836037
127	129	0.7360985674002959
127	138	0.6598116567068179
127	125	0.7407909547611716
127	136	0.7299405026288548
127	120	0.6824043026664707
127	21	0.6805726457075704
127	118	0.6622608329930152
127	18	0.6550479961478585
127	131	0.6317481125428258
127	115	0.6294471545730366
127	22	0.6162026641009543
127	143	0.6110529392475376
127	26	0.609528005175316
127	130	0.6040058509102441
127	144	0.5936281746255228
127	15	0.5918053670980599
127	20	0.5501734350562171
127	27	0.5427882574843292
127	17	0.5385137952097242
127	117	0.5340970874296137
127	16	0.5340542016372826
127	119	0.5299171835038862
127	116	0.4999428895752516
127	104	0.49616816111923023
127	14	0.4911691072703017
127	24	0.48479227865553715
127	122	0.4739791202536728
127	2	0.4564438455499974
127	141	0.4504781487237079
127	114	0.4492338469825885
127	140	0.44571488262167025
127	51	0.44045082434482624
127	186	0.43925716256179603
127	188	0.4319894550093556
127	149	0.42972553141829806
127	39	0.42667945990990097
127	1	0.4182424943274976
127	43	0.39702309704426686
127	155	0.3958431202213326
131	129	0.6663337803296634
131	125	0.6314956699606515
131	21	0.5947990813646337
131	120	0.5672101270026331
131	104	0.537476376073793
131	118	0.5360169758646575
131	18	0.5213195112410299
131	2	0.5156896835267671
131	136	0.5111534958633576
131	186	0.5071533941883132
131	117	0.5040717684665674
131	20	0.4999128866909919
131	16	0.49766677558731215
131	143	0.4891862247237888
131	115	0.48662608497002435
131	116	0.4857784809713325
131	22	0.47962721333937575
131	15	0.4711597838735223
131	26	0.4690330905726274
131	17	0.46838543198274724
131	8	0.4665411451456299
131	138	0.44768401165984173
131	1	0.43773056656125214
131	188	0.426139464459626
131	119	0.42287669539252154
131	130	0.4059646080605356
131	122	0.39242225640909106
131	114	0.3886679532298714
112	11	0.739134975039562
112	3	0.7525156063498616
112	0	0.749682607349777
112	103	0.7449719008479146
112	102	0.655236356424469
112	106	0.6454850599748507
112	10	0.6250801052696114
112	114	0.5807475822798851
112	110	0.5376683503792753
112	8	0.4991248818891343
112	101	0.49799020729965937
112	6	0.4961530846265049
112	115	0.4860763920301993
112	5	0.4774066739087128
112	1	0.45157742047656363
112	52	0.4389585043722566
112	150	0.4356506640032136
112	70	0.43052422405665813
112	141	0.4164669930803288
112	15	0.39637427187307234
112	156	0.3785277067682518
10	110	0.8215281199415356
10	114	0.7364236902450582
10	8	0.6873103853108381
10	102	0.6782791532746847
10	2	0.6419537633024625
10	1	0.6014015581767816
10	3	0.5993678302075524
10	141	0.5856570071468027
10	104	0.5794604331711025
10	0	0.578636201605747
10	103	0.5657024656910691
10	11	0.5142347528308229
10	106	0.44204531779639283
10	150	0.43908766576874575
10	115	0.41682234817592995
10	101	0.41442330349530304
10	30	0.4085671046083554
10	100	0.4067994615982642
10	140	0.40605647515880844
10	20	0.3941298301456907
10	116	0.39296356344030353
10	188	0.3886509743534482
10	120	0.38312743139730415
10	39	0.3777049599416284
110	114	0.8105052655587808
110	102	0.679303712702369
110	2	0.6768023933486222
110	104	0.6553675896676933
110	141	0.6439423932718337
110	1	0.6272685606629388
110	8	0.5367292796219019
110	0	0.5263623295287735
110	3	0.5071533941883132
110	140	0.5000178915360481
110	103	0.4890873278461969
110	150	0.487731936724826
110	39	0.4607240067036956
110	11	0.45277867797612265
110	100	0.45175254019944294
110	30	0.4487468183213008
110	20	0.4237795678748014
110	188	0.42159481732448667
110	144	0.41358641762784104
110	7	0.4074835348972033
110	134	0.40730838890682003
110	24	0.40209879456845454
110	101	0.3930312076846461
110	138	0.3898812582814002
110	129	0.37809926732825133
110	186	0.37615211651876884
3	103	0.8184485686746371
3	106	0.6977795984200863
3	6	0.6818214558029458
3	0	0.6724543328849153
3	102	0.651764380817405
3	11	0.5370637984004258
3	105	0.5215743438219252
3	8	0.5108875069715135
3	114	0.472450267408804
3	5	0.4436289906349481
3	101	0.43053237051051035
3	70	0.427905591200484
3	1	0.39980768102968656
103	0	0.693662191958516
103	102	0.6843337820495181
103	106	0.6592805578004965
103	6	0.6094525825857076
103	8	0.5103404447239294
103	11	0.509852175597611
103	101	0.4733275722113825
103	114	0.47091856602708454
103	105	0.42617220010788376
103	5	0.3919145340614834
103	1	0.3912880142560895
103	150	0.3838353732104246
103	70	0.37386619920543357
44	149	0.8182834301394826
44	156	0.5728200015398189
44	154	0.6575754784017619
44	152	0.6161778517183191
44	33	0.6103569255700195
44	155	0.5908168336905499
44	49	0.5877751219620454
44	51	0.5330455943931699
44	14	0.5179177387653906
44	17	0.5091858243278112
44	31	0.50437752903549
44	46	0.4951800189373196
44	39	0.48920143851169007
44	48	0.4784714460957311
44	148	0.47484704419638996
44	143	0.47235704723484495
44	18	0.46711987636488295
44	151	0.4426887668618178
44	153	0.43755270320651024
44	47	0.43517251814462105
44	52	0.4289832856372374
44	140	0.42177569726299985
44	115	0.4207063747072805
44	15	0.4174253337571222
44	24	0.3999420970409614
149	155	0.7148144157012578
149	17	0.6559775895315487
149	148	0.562327137006272
149	154	0.7042233086525572
149	51	0.6580463247383955
149	152	0.6496309940202878
149	18	0.6430459433232363
149	115	0.6338406116880131
149	14	0.628588997399081
149	136	0.5948701602596129
149	143	0.5946956772763217
149	156	0.5698292798562267
149	39	0.5644772541283739
149	140	0.56160873549425
149	15	0.5573839336281261
149	49	0.5315477755019198
149	52	0.5241900777768884
149	33	0.517156297236771
149	118	0.5071162534748042
149	24	0.5006176371877726
149	47	0.495911820052091
149	48	0.4943266214528766
149	26	0.4852664214779653
149	122	0.4839426979729107
149	153	0.47328101322861615
149	119	0.46459085854670035
149	120	0.4562775812221418
149	43	0.4535177086349045
149	125	0.42703928797386886
149	22	0.42649131418244474
149	130	0.425902097636902
149	144	0.41726842765741967
149	46	0.4101320777906125
149	21	0.41008216906179606
149	150	0.410065532273057
149	151	0.39781463170983056
149	27	0.38002596711255193
149	34	0.3737801735830038
149	117	0.37367693434702554
8	102	0.6398324467159306
8	104	0.5773309698921353
8	114	0.5592285597731385
8	2	0.5221419217592462
8	6	0.5037658814888052
8	20	0.4960173827277749
8	1	0.4689472852703713
8	188	0.46791693132337325
8	116	0.45162518385237344
8	120	0.4418682894771071
8	186	0.419899496272511
8	0	0.3907797587785745
8	11	0.38077007573565064
51	155	0.8171236705350714
51	154	0.6859944008096769
51	115	0.6139023411531156
51	17	0.5917988693955314
51	47	0.5908168336905499
51	18	0.5856701471102902
51	26	0.5546135705787354
51	136	0.5536503874043702
51	52	0.5407182052007621
51	14	0.5375759252627182
51	48	0.5364586942085521
51	153	0.5247482754303003
51	119	0.5235152899855643
51	21	0.5222946522509763
51	125	0.5222001087536557
51	152	0.5214141742007783
51	39	0.5096375291464988
51	122	0.5079848524494829
51	157	0.5074950003707117
51	24	0.5029744660429842
51	49	0.500137879072981
51	118	0.4992600271293018
51	143	0.495926901331844
51	144	0.49493089531009976
51	53	0.49044036108232175
51	130	0.49031124071529525
51	148	0.48049679391699135
51	150	0.4753967681713856
51	27	0.4729705524380881
51	15	0.4587603018542061
51	117	0.45171274331843786
51	40	0.44346030432533856
51	156	0.4324773595554921
51	179	0.42981521413509266
51	89	0.4283711087863101
51	33	0.4236482932344237
51	120	0.42050060153247565
51	46	0.4135366796171336
51	16	0.4115866677390651
51	140	0.41157836174072965
51	129	0.3855223762979786
51	43	0.37677007595169815
155	154	0.7501989619957646
155	47	0.6227409940203518
155	152	0.6183751891981702
155	153	0.6139210345262985
155	17	0.5806680488681252
155	115	0.579772534183536
155	18	0.5500548814065666
155	14	0.5468385436597306
155	52	0.5370709139869747
155	144	0.5335894293926036
155	179	0.5319279205617874
155	49	0.5256824271903775
155	39	0.5237257782283916
155	150	0.5189414615129407
155	119	0.5147200593782987
155	48	0.5142126856118279
155	156	0.5027876883891506
155	122	0.497516295055391
155	157	0.4969893773610488
155	136	0.4931166395772735
155	143	0.4923442786644625
155	26	0.48757187564597126
155	148	0.48250935750976554
155	125	0.4769973664619162
155	140	0.46873663472402743
155	24	0.4666193754315931
155	15	0.4607476383787475
155	46	0.45130671246015414
155	130	0.4483394257109378
155	118	0.4462596274386324
155	146	0.442149909257174
155	21	0.421191827779668
155	53	0.4196935535547331
155	33	0.41701236955530707
155	89	0.41049800007201104
155	117	0.39874014420656356
155	40	0.3902373568431416
88	90	0.8170904369288804
88	87	0.7059230114368314
88	94	0.6796267088956468
88	83	0.6657996795184389
88	85	0.5668844674808257
88	78	0.7285546392333943
88	74	0.6608549818487874
88	73	0.6595461895704523
88	80	0.6480851108804602
88	93	0.6455900506018613
88	194	0.6037008775875518
88	81	0.5940360135674962
88	193	0.5736793738451312
88	97	0.5495176254490151
88	55	0.5170244260769938
88	184	0.5123639842856903
88	82	0.5116630343218924
88	135	0.4896577137021842
88	198	0.45864186285701136
88	76	0.45542200431339863
88	95	0.4450014087481445
88	191	0.40060552388243337
88	190	0.3936651655442011
88	60	0.38893957934852463
90	74	0.736743901229001
90	80	0.7239282413553494
90	94	0.6788942060507865
90	73	0.6354471505664475
90	78	0.63358329575808
90	194	0.6262302745776482
90	76	0.5952125009249772
90	81	0.5905433729522506
90	87	0.5848548872674895
90	60	0.5720535613147764
90	93	0.5687681188704141
90	55	0.5460319240127521
90	83	0.5335035900181568
90	82	0.5167606101172222
90	91	0.5013441846709897
90	77	0.5012094147890185
90	84	0.4877395578632339
90	65	0.4536924419696099
90	97	0.4226138837415189
90	193	0.41927329640400535
90	85	0.41482078599254146
90	184	0.4061566844521294
90	63	0.3886764425690972
90	135	0.3808897713350776
193	194	0.8109508014447115
193	196	0.6947605006385742
193	185	0.6004496147688051
193	198	0.6790289588415047
193	135	0.6735484702516086
193	78	0.5563421796706413
193	175	0.5546897303487177
193	190	0.5232829529140833
193	97	0.5050333686815289
193	93	0.49371430704833635
193	81	0.49015170936511937
193	74	0.48779290375048256
193	181	0.4873584098826749
193	191	0.4784637354080853
193	184	0.4682839458424934
193	83	0.44847524395696475
193	80	0.4451216967799226
193	197	0.4405394803869665
193	167	0.4366709661078867
193	85	0.43553722789550914
193	87	0.4350428091336881
193	95	0.4338908506621895
193	195	0.4258284201466646
193	73	0.42272887258808167
193	160	0.39927825084200963
193	170	0.38662860550244343
193	180	0.3861096670025049
193	199	0.38560751026532725
194	135	0.6887690687487942
194	198	0.6688614393404279
194	74	0.6097604887098094
194	80	0.6050274913944429
194	196	0.6037199435997531
194	185	0.5800911001332231
194	78	0.563720464630955
194	175	0.5422378274498494
194	167	0.5335894293926036
194	190	0.5171196688214593
194	81	0.4997928631548909
194	73	0.49756144235981487
194	184	0.4823712522669993
194	87	0.4821640494326416
194	93	0.48092738679420177
194	180	0.46373569651363933
194	97	0.4528740717688442
194	94	0.45111557442066347
194	191	0.4411759394734453
194	83	0.4249192669171884
194	60	0.41045642464911736
194	76	0.4000260983130182
194	55	0.38081282562919216
194	77	0.37928136628860215
114	141	0.7679862850992178
114	102	0.7232898790974516
114	104	0.6494055248748113
114	2	0.6183443076371072
114	1	0.5739476690550609
114	11	0.5444367520058182
114	0	0.543176101160021
114	144	0.5402085177065287
114	140	0.5359528310482441
114	20	0.506313554406311
114	129	0.4730947508553216
114	39	0.45881556780832894
114	150	0.4515137319492102
114	188	0.442342969596539
114	30	0.4409987422438756
114	136	0.44017674226644365
114	100	0.4388454732663585
114	120	0.4304183137736272
114	138	0.42806895657831784
114	24	0.42048413780913557
114	166	0.4108305420079304
114	116	0.4072583416912215
114	26	0.3990849004072427
114	134	0.39611294466525016
114	137	0.3943409747559419
114	21	0.3931157570082906
114	115	0.38573519890591884
114	15	0.3744939913229491
120	18	0.7621814934124131
120	136	0.7692548717426577
120	17	0.7233137208227476
120	115	0.7185496664747782
120	118	0.7108252601992668
120	119	0.6946104511351667
120	125	0.6706920803812235
120	20	0.6567801144185205
120	21	0.6519426577808645
120	15	0.6398265405337399
120	22	0.631922339971732
120	16	0.5931552176734057
120	116	0.5825936093640501
120	117	0.5654576227793685
120	14	0.5509887616099904
120	129	0.5489519691866244
120	104	0.5310166485303959
120	188	0.5090821147639648
120	26	0.5005202111902353
120	2	0.49423593913115077
120	138	0.4687912529495375
120	186	0.4487068861107092
120	144	0.40844213601242924
120	43	0.40822548750473475
120	53	0.401956271012275
120	102	0.3965259807859896
120	27	0.3951176283517711
120	1	0.39062723563926655
120	150	0.3877847018141149
120	143	0.38311036699912343
120	130	0.375808661026387
17	18	0.7986596014798681
17	119	0.7189798721160828
17	115	0.7314366616553171
17	14	0.7137613621826135
17	15	0.686602744057794
17	118	0.6589355561178932
17	136	0.6497407965846537
17	125	0.5926948253707583
17	16	0.5891152721178353
17	26	0.5563421796706413
17	117	0.5493430938807776
17	21	0.5467754534702427
17	20	0.5443312050936073
17	154	0.5373981483431294
17	22	0.5253639440319635
17	48	0.5142641747303757
17	43	0.49598722345916885
17	143	0.48805196052427846
17	152	0.48101194029415967
17	116	0.46391621557330515
17	47	0.46203064361199386
17	186	0.4599516795160065
17	129	0.45535066821785
17	153	0.4398380570092433
17	130	0.4346049079158537
17	150	0.4338827332396719
17	148	0.4261312803731823
17	49	0.4260821743897923
17	122	0.4233282367417902
17	53	0.4095746242674391
17	52	0.40888362316186616
17	46	0.38235927469881414
17	39	0.3787932577993489
18	118	0.7615899561803637
18	115	0.7505703463757805
18	16	0.6742471730355027
18	15	0.7352222529158692
18	136	0.7288219768239792
18	22	0.6819819588185329
18	14	0.6725145869963974
18	119	0.6717964361098402
18	21	0.6665116621682361
18	125	0.6254394448730319
18	26	0.6193993730579468
18	117	0.6191466076705654
18	116	0.5995600231047482
18	43	0.5555752698374288
18	20	0.5541702748663655
18	129	0.5484067875062024
18	148	0.4827088005118396
18	143	0.4772908531853874
18	186	0.47412642230723867
18	27	0.47408766118160384
18	24	0.4738473011885244
18	138	0.46950096362368554
18	122	0.4470361178488384
18	188	0.44422315852563193
18	52	0.4363633740648203
18	154	0.4343777670804393
18	130	0.43159081195428545
18	144	0.4198253618739288
18	2	0.41383507065107367
18	150	0.4075419102338339
18	39	0.4065741180194638
18	53	0.40249272887412957
18	47	0.4000764958505781
18	48	0.39418895483178723
18	102	0.3908051772159804
18	152	0.38950807754121103
18	1	0.3784163281073139
18	34	0.37395221839568926
136	22	0.7132459041085364
136	125	0.6860102828332844
136	115	0.6835301043999877
136	21	0.67552681137913
136	118	0.6691431816394867
136	138	0.6566834348451025
136	119	0.6508315675439215
136	144	0.6372620585429649
136	24	0.5973199028800569
136	26	0.5854138622981964
136	129	0.5852626651026268
136	15	0.5824218313295115
136	20	0.579141516200641
136	140	0.5690318964485257
136	27	0.5529218193205637
136	117	0.542047185446299
136	14	0.5368289411677285
136	16	0.5352967735488755
136	39	0.5064697035840933
136	130	0.5000778877046391
136	141	0.49889958585495253
136	116	0.4985915721950519
136	143	0.4950290446376721
136	2	0.4791959212108872
136	34	0.46629075917809887
136	104	0.4629896663316954
136	150	0.4523890457431969
136	137	0.4452419687499295
136	53	0.40930826980639157
136	186	0.40110072075799635
136	188	0.40016888505202464
136	43	0.38802257042720284
136	122	0.38495180943269736
136	52	0.3805734052609176
136	1	0.3769588300511066
95	197	0.7965128680225904
95	99	0.4739791202536728
95	78	0.6054457258699742
95	181	0.5877031200623736
95	198	0.5732498453356667
95	97	0.5690116100211984
95	38	0.5395921161258268
95	81	0.5216180200672803
95	93	0.5188976181622941
95	135	0.5068116285817377
95	5	0.49459105010909865
95	70	0.4541529353804906
95	196	0.4365738428029585
95	79	0.42973368474293727
95	83	0.42274529845521125
95	85	0.41133745805064403
95	199	0.40741681614889935
95	147	0.3756111273502825
197	181	0.654299459366204
197	38	0.6039740911045116
197	135	0.5759492745068578
197	198	0.5693090748737528
197	79	0.555077308725891
197	196	0.5309232993153555
197	199	0.5229996868884509
197	147	0.4795656143570455
197	99	0.47220165679297715
197	5	0.4709652588499677
197	70	0.4254189979306777
197	78	0.4205829159952843
197	97	0.38861701580874014
81	78	0.7816896966046188
81	93	0.7545985667248536
81	74	0.7484405033690111
81	97	0.7071049876722268
81	63	0.6347848940383108
81	61	0.6281896136895055
81	55	0.6033194123085335
81	80	0.6032494470400206
81	198	0.5965281746054498
81	60	0.5894807996802668
81	181	0.5720199226164981
81	66	0.5683891566236119
81	135	0.5539138510367669
81	85	0.5399676940659994
81	91	0.525573869933334
81	65	0.5130642522127911
81	76	0.493918466297777
81	94	0.4803429545689728
81	68	0.4454103225199855
81	83	0.43830434642581817
81	92	0.43285124828124943
81	196	0.42997825189403654
81	175	0.41844049202086947
81	38	0.39442542094516403
81	87	0.3901017140061829
81	185	0.3779021307710438
102	100	0.5173833511314794
102	0	0.640723413038927
102	1	0.5847232829231875
102	104	0.5741085870634921
102	2	0.5182469545622955
102	11	0.5117737559641327
102	106	0.4883185468249446
102	141	0.486565026988888
102	30	0.4803275690082481
102	101	0.47449068705163777
102	20	0.46672106388914697
102	150	0.4548273582152161
102	116	0.4452820558369365
102	186	0.43541567385675684
102	188	0.4331437530155092
102	15	0.43250174813906367
102	115	0.4288037545617095
102	75	0.4265076761460564
102	6	0.3936144626824186
102	52	0.3734274013039117
22	21	0.6289517860519824
22	138	0.5943853469304538
22	34	0.5882592563981054
22	27	0.5841702085078385
22	24	0.5805288387252715
22	118	0.5591254616129063
22	26	0.550724069876566
22	125	0.5287655075722602
22	15	0.5226508931168953
22	2	0.5058077006447164
22	129	0.4985915721950519
22	16	0.49434173412728905
22	116	0.4870075896398838
22	115	0.4868473802997712
22	20	0.481833948346293
22	104	0.47488576929116383
22	117	0.46172384254756454
22	144	0.458918195162153
22	119	0.45318402998733015
22	14	0.44861902894029143
22	186	0.44506556436375755
22	188	0.42530432848720057
22	43	0.41702889143118105
22	140	0.4123754256858308
22	39	0.3974947208272984
22	33	0.39083059505737383
22	1	0.3858032934729619
22	130	0.381658938140294
140	141	0.7823112566360606
140	39	0.7516555599018332
140	137	0.6623281969098836
140	134	0.555222588517118
140	24	0.6971119584493369
140	144	0.649544288636221
140	138	0.5626962705036821
140	34	0.540385537485292
140	143	0.504832207106164
140	40	0.5027129641783179
140	33	0.4983360506975977
140	27	0.47061499836514603
140	35	0.46014088529485236
140	142	0.44868292592427267
140	2	0.4486110414947897
140	30	0.44673200589329704
140	146	0.4427611263776879
140	62	0.4195946856973709
140	42	0.40804213361145447
140	166	0.4045354377439835
140	130	0.4007062608649629
140	156	0.3834857233381694
140	52	0.3823763505959303
140	26	0.3776706658649956
141	144	0.6648689384923907
141	39	0.6977949912068193
141	137	0.6230531136284836
141	24	0.6128918763646638
141	166	0.5503128815486784
141	2	0.5352182886177267
141	134	0.5192044642811126
141	138	0.49259424508915867
141	104	0.4705059981709966
141	142	0.44520989779520254
141	30	0.4229834423126823
141	40	0.4176812850164845
141	146	0.4160618983761484
141	27	0.4087003875617783
141	36	0.4065741180194638
141	35	0.38992365708506194
141	150	0.38517325841058714
141	1	0.38495180943269736
141	129	0.3838438998817586
141	143	0.38261538572871806
141	11	0.38147951310676936
141	0	0.3810094541697531
78	74	0.7461710315144252
78	93	0.7126312560843429
78	135	0.6976564329245953
78	97	0.642793682062731
78	80	0.6363287070924505
78	198	0.6267284438790853
78	83	0.5889716059970991
78	55	0.5687884136089266
78	73	0.5403926172817423
78	63	0.4917986154076298
78	94	0.4819260833441449
78	77	0.4801429192232734
78	87	0.46803408116184286
78	184	0.45480356392832777
78	196	0.4478918780066465
78	7	0.4433960346087112
78	190	0.4297092245587977
78	85	0.42672035626930965
78	181	0.4256482958406688
78	76	0.42354982557418086
78	38	0.39773045400951923
78	147	0.3813256973378747
78	92	0.37980349426702253
2	104	0.780246372225917
2	1	0.6909963235382233
2	188	0.5145656794087505
2	134	0.4907440887828823
2	20	0.4698984485242858
2	138	0.4679325522520929
2	116	0.46055856668764245
2	186	0.44167512841685524
2	24	0.431794222345293
2	115	0.4250012077967496
2	129	0.4229013303390026
2	15	0.41938043785098056
2	107	0.39856351809684293
2	21	0.39691358294667883
2	39	0.3949488386037075
2	100	0.3920753386550518
104	188	0.5848483077814008
104	20	0.5542187756562993
104	1	0.5517752164794159
104	138	0.4842106823835611
104	129	0.4582627485568519
104	21	0.43466168448866566
104	134	0.4253944270568116
104	125	0.4016879385369172
104	186	0.3884641892933091
104	100	0.37880182292358294
104	116	0.3782792316345373
198	135	0.7594693473263324
198	97	0.6513154942154864
198	199	0.6326905810722092
198	181	0.6124296377799197
198	196	0.5905303476279189
198	167	0.5324081746318666
198	190	0.5299603333985998
198	175	0.5031462600040175
198	74	0.5012393657534353
198	177	0.49144979482340595
198	185	0.48993894980652464
198	147	0.48959689249391497
198	80	0.4844250045245988
198	93	0.45704529764412993
198	38	0.4397009345353652
198	83	0.40591449527573464
198	55	0.39297201920345337
198	184	0.3858288278519792
198	73	0.377773544986148
70	176	0.77286346846821
70	71	0.5852955375212914
70	199	0.5810457338524517
70	177	0.48647343110430386
70	139	0.45195945499849616
70	36	0.4478758900061184
70	106	0.44422315852563193
70	61	0.4274970554246476
70	6	0.4117195544132201
70	35	0.390567915291919
70	5	0.38929598602840776
176	139	0.6970502690990206
176	177	0.655943406582073
176	199	0.6353398210458131
176	71	0.5513647118631643
176	166	0.45395447657414145
176	182	0.4528343256151212
176	178	0.44937750937532583
176	35	0.4353346290091113
176	183	0.4246897954086143
176	36	0.4146469068678189
176	142	0.41084716623664835
24	39	0.7683961672446238
24	34	0.6567403077968005
24	27	0.6409355745553694
24	144	0.6002705357928377
24	138	0.5623134610886474
24	40	0.5462915557280833
24	26	0.5355820953866061
24	33	0.526203263717993
24	137	0.49038719647956835
24	130	0.4829081934582929
24	21	0.46427713812911486
24	143	0.45893398289904835
24	134	0.43694609352853375
24	52	0.4317860867726689
24	30	0.42771768644537894
24	42	0.4261967511116633
24	125	0.4160867048414118
24	62	0.4119686697386055
24	129	0.38851513384025826
24	148	0.38297384240017857
39	143	0.6211712792283465
39	144	0.6039169186201484
39	27	0.5578249430648471
39	130	0.5286358219636307
39	40	0.5237112638501782
39	52	0.5205471652076678
39	34	0.5178226034024652
39	142	0.5163353667968253
39	33	0.5068041971243432
39	30	0.5024364192725458
39	156	0.499402654088886
39	26	0.4866642437942101
39	137	0.4804121859339936
39	134	0.4480677271067404
39	138	0.44315498256453867
39	35	0.43148502120106547
39	36	0.4165413802638761
39	129	0.3945014168200934
39	62	0.39140657287722147
39	150	0.3813171513981615
39	154	0.37990617950319344
39	42	0.3790501832955012
39	115	0.3770703518506498
39	148	0.3750784752808789
0	101	0.5480290806914205
0	106	0.627941344858064
0	11	0.6088991464670346
0	5	0.5160859677751752
0	150	0.45710067354410194
0	52	0.4512111486150257
0	100	0.43705935753474573
0	115	0.4348319934767438
0	1	0.43298938688049604
0	30	0.4063403761199825
0	20	0.3982017628582115
125	21	0.7613714796934211
125	118	0.6926334915614626
125	129	0.6387740358004109
125	119	0.5955159054022807
125	115	0.5907452261354815
125	130	0.5900351573098441
125	16	0.5679693097875348
125	117	0.5665314696156838
125	26	0.5554439021092102
125	27	0.5311889516846413
125	15	0.5310597284369143
125	122	0.5208605782144442
125	143	0.5171123429110944
125	20	0.5161666652738219
125	138	0.5102295033375082
125	144	0.49445506965995156
125	14	0.4603379302150613
125	116	0.4191496571436983
125	53	0.41370246338631145
125	188	0.3905170666981776
125	186	0.3903475541768077
118	21	0.6952567850121695
118	115	0.6768294893576855
118	14	0.6488963542584685
118	15	0.6406703573638906
118	16	0.631489657790497
118	117	0.6024728459469507
118	119	0.5980462384101236
118	26	0.5511767647106076
118	116	0.5415950703614941
118	129	0.5320856536918702
118	20	0.4933360906229164
118	122	0.4735525700134741
118	186	0.4568712360339509
118	43	0.45683167169650934
118	143	0.4425038219034665
118	130	0.43290813134340356
118	27	0.4300434591471132
118	138	0.41254140129642325
118	188	0.38576073486109747
21	115	0.6154639725917286
21	16	0.6048055648012836
21	129	0.5933366742602949
21	27	0.5810722286708564
21	117	0.5672779504225764
21	26	0.5527621151972885
21	15	0.5438947616619872
21	138	0.5363304836571036
21	119	0.5274964114402625
21	130	0.5077548113002506
21	116	0.4997028329044731
21	20	0.4925715242261093
21	14	0.4899465493675457
21	144	0.4780395339704619
21	122	0.4760157309672595
21	186	0.4567446237919632
21	188	0.4456347452257534
21	143	0.4454984952604997
21	52	0.4156400937360038
21	43	0.40335551047909857
21	1	0.3934707915688175
21	100	0.376126360940579
135	147	0.6210177188242519
135	7	0.5302982459671585
135	196	0.637202665051367
135	181	0.5908168336905499
135	74	0.5740482480062262
135	167	0.5491266081497669
135	190	0.5126957751807503
135	38	0.5089191127225873
135	97	0.5055695313607413
135	93	0.5039524129770311
135	80	0.49301067522540765
135	199	0.46785444468479165
135	185	0.46324103406334177
135	175	0.4498801447168884
135	184	0.44837138480815386
135	79	0.42873030026652825
135	73	0.4105063149517977
135	83	0.40704978530070324
135	55	0.3921430386857319
15	115	0.7550503186761427
15	14	0.7443303888147722
15	116	0.7429043561113939
15	186	0.6415185140479077
15	16	0.615687556518682
15	26	0.5771442668096255
15	43	0.5656752658467906
15	75	0.5363447304965275
15	117	0.5360454826855
15	129	0.5080367871999311
15	119	0.4779855286891066
15	122	0.45950214837207515
15	1	0.45652300783800565
15	188	0.4500476265412413
15	143	0.44997585249223243
15	148	0.4433478293289376
15	20	0.44128868343977923
15	152	0.408200486640022
15	52	0.40062231405219106
15	144	0.380658918394551
15	150	0.3754307407053234
115	14	0.7383445569743521
115	119	0.6367153528707672
115	116	0.6240981854067092
115	16	0.6202615070706301
115	117	0.5945987180701513
115	186	0.5430209914880246
115	26	0.5421672258079484
115	152	0.522781711296386
115	129	0.5067967655916222
115	154	0.5011045769561504
115	150	0.49313177614758485
115	143	0.48280850324252594
115	122	0.4813346986255085
115	1	0.4761394669859766
115	20	0.46578976306233244
115	144	0.4393701430535285
115	52	0.43735054418893654
115	148	0.4304997842742328
115	43	0.42240851267131385
115	153	0.4150691321939937
115	157	0.4097244179754031
115	47	0.4057557886873167
115	138	0.39536232610376887
115	48	0.3929466517146357
115	156	0.3815735012343091
115	75	0.37980349426702253
115	27	0.37922143450236634
115	130	0.3778764147801209
115	188	0.37719044002339447
93	66	0.594378879831421
93	97	0.6423651051476121
93	94	0.6060597974528111
93	74	0.599982604157942
93	38	0.5456036534435813
93	196	0.5346686353389838
93	85	0.4805121762257871
93	181	0.4624709851364913
93	83	0.4516570246648844
93	55	0.4246570093085678
93	63	0.41047305502306364
93	87	0.39323411489377114
93	80	0.37798784652949713
175	183	0.7516947085060977
175	196	0.6557154514850286
175	167	0.6342412663536722
175	170	0.603001313534093
175	182	0.6413713769541473
175	181	0.6231938085721529
175	180	0.6048245907629313
175	172	0.601886456739197
175	61	0.5769374894271917
175	199	0.5416727999561781
175	185	0.49515737469847176
175	174	0.49151805474297783
175	139	0.48896559134715273
175	166	0.48847845487385366
175	195	0.48716013950078835
175	68	0.4635315851152834
175	171	0.46328030354096544
175	65	0.4355534339008029
175	177	0.4297826032191754
175	160	0.4114952979970678
175	145	0.4074668556178992
175	67	0.39380036146552927
175	91	0.3876572509477906
175	158	0.3820091612642221
183	182	0.7244608485444687
183	167	0.6253054848325612
183	165	0.6136343271361517
183	181	0.5980847774689924
183	166	0.5940165995850863
183	171	0.567671174521053
183	139	0.55253985059577
183	180	0.5469927379805524
183	170	0.5375901453523201
183	172	0.5363091128248862
183	61	0.5245163519345728
183	185	0.5005876613082768
183	174	0.4860763920301993
183	177	0.46318605373848637
183	199	0.4606688635881073
183	196	0.458207447115231
183	195	0.40152858348473797
183	158	0.3980839553415708
154	152	0.7344954810479257
154	47	0.6754452535865039
154	49	0.6665450065669818
154	153	0.662894752292349
154	48	0.6063950162518387
154	46	0.6062938408228555
154	14	0.5118697009712662
154	148	0.47623998862034617
154	179	0.4691110877100383
154	119	0.46243953973128843
154	150	0.440692593312771
154	157	0.4229998638739097
154	26	0.4187951384361847
154	168	0.4126492707577233
154	146	0.40873370557680533
154	151	0.40135242592625014
154	33	0.3943325297706839
154	143	0.38482403023966877
154	192	0.3841593406961457
154	122	0.3810436469204579
74	80	0.6828635519908796
74	55	0.6112784707755388
74	63	0.6003408954279487
74	76	0.5972941739079887
74	83	0.5706862833280802
74	60	0.5668301736586332
74	73	0.5647429281453307
74	97	0.5520255626198469
74	77	0.5261454124727749
74	65	0.5165040282555685
74	91	0.49216243387399183
74	87	0.4869007870535991
74	94	0.4637042979630799
74	190	0.4486110414947897
74	184	0.40618173524931556
74	185	0.4041673777796561
74	167	0.3961719596462467
74	84	0.39606235779091975
6	105	0.7477226943027446
6	106	0.4718519209830665
6	199	0.4029954071811122
105	199	0.4072500002508193
42	62	0.7473785832763327
42	40	0.6083262191023641
42	146	0.6147615237243486
42	35	0.6146495390452503
42	33	0.5707671958465347
42	67	0.5407535854353239
42	68	0.5201971430656721
42	34	0.5148817549828405
42	137	0.5135429897878462
42	49	0.5089561618466413
42	166	0.49927504176788173
42	69	0.49845630689698356
42	172	0.45846812284807764
42	61	0.4476280393740811
42	47	0.42169348326956757
42	165	0.41260778387281394
42	41	0.41245011809925675
42	31	0.41199357788521146
42	30	0.3845258214235617
42	63	0.37869903715034975
62	67	0.7126115692554613
62	31	0.6641429773486128
62	33	0.652396650773337
62	35	0.6840944490894041
62	41	0.5787226685199895
62	145	0.5299819073169445
62	36	0.5296222524526718
62	34	0.5295502986151057
62	137	0.5283475433541508
62	61	0.5081777343313747
62	166	0.4960400013938716
62	40	0.4916469736698357
62	139	0.48703047401375993
62	146	0.471183123797352
62	49	0.4537321492272376
62	165	0.4526514701266846
62	68	0.42224418458110347
14	152	0.5935828403504574
14	116	0.5526162629196533
14	16	0.535603489597422
14	186	0.5353253112323842
14	26	0.5283187087898422
14	119	0.4953234168263983
14	75	0.4679325522520929
14	48	0.46348447549695604
14	43	0.46121226187317055
14	122	0.4506614556986749
14	117	0.4364767093211387
14	47	0.43381779132373266
14	46	0.43369601308162115
14	143	0.43264806634937886
14	153	0.4295461405487657
14	148	0.41687192248385335
14	129	0.39210918920130794
14	52	0.3841934370362287
14	156	0.37511284741066586
116	186	0.6900127016282982
116	75	0.5732968403728347
116	188	0.5702815544931181
116	43	0.5321286654100917
116	187	0.520364883827753
116	16	0.5055099769962419
116	129	0.4937294318226483
116	1	0.47558250647504086
116	26	0.46190478987984473
116	117	0.447588057022335
116	148	0.3907119733651755
116	20	0.3894741456742585
4	107	0.7415615790017341
107	1	0.40573072751506434
11	106	0.43629860484346333
11	101	0.39560696775052284
11	20	0.3807871758884123
129	26	0.6364536584065623
129	20	0.5360882406246663
129	138	0.5322935182201096
129	143	0.4997553518628314
129	130	0.47900330532243934
129	144	0.4758300915969521
129	117	0.47103529313649023
129	16	0.45424024298076954
129	119	0.44034603794621996
129	186	0.4306952848559468
129	122	0.4260985433299132
129	188	0.4258284201466646
129	27	0.41066428469628014
129	1	0.3833833659843511
129	52	0.3826922075751151
152	46	0.6087858705237077
152	153	0.5488331873077863
152	47	0.5402580880649823
152	49	0.5378105176386127
152	48	0.47530388312342364
152	179	0.453740090462573
152	151	0.4143901728130949
152	122	0.3830677048596087
60	91	0.7340115658127974
60	80	0.7055063790783007
60	84	0.5888409681209752
60	76	0.6380868443467944
60	65	0.5950962584980486
60	180	0.5190583637669984
60	82	0.5188976181622941
60	61	0.49613046932639376
60	94	0.48055063070428783
60	77	0.46645508339974157
60	68	0.45622215269805577
60	63	0.4376012147907845
60	66	0.4333143386592363
60	87	0.42930146199194524
60	69	0.39041536236211827
60	86	0.3838438998817586
91	65	0.707074986247229
91	180	0.646318479247818
91	68	0.5611156273347713
91	69	0.5590154711791843
91	80	0.5430068887708089
91	82	0.5344686491587277
91	76	0.5298956075275293
91	84	0.5278860440856817
91	61	0.5064102220990264
91	94	0.4912829118210657
91	86	0.46073188400129916
91	63	0.4500715499322495
91	66	0.4443596014039558
91	87	0.4250012077967496
91	172	0.39150818421153744
91	77	0.38242757672019956
20	119	0.625908014758232
20	150	0.5409870470006872
20	26	0.5320498084954076
20	53	0.511596593177941
20	188	0.4812117584532345
20	43	0.4711364432898731
20	16	0.4514102282789786
20	157	0.4418039070081783
20	138	0.4405475396011244
20	117	0.43276185364755165
20	144	0.4099740250572745
20	1	0.39387640168508187
20	186	0.3735994988436208
68	69	0.7290188203385368
68	61	0.7251111670652157
68	65	0.6152900054689722
68	63	0.5910966648335366
68	35	0.549664194912592
68	172	0.5240014936409015
68	67	0.5129979402943862
68	86	0.508696778383187
68	76	0.40903351868096705
68	84	0.4029954071811122
68	40	0.3896353126250224
68	180	0.37749060496455084
69	86	0.5966441099002794
69	77	0.5498804975231628
69	61	0.5364017147977529
69	63	0.5265647236497996
69	40	0.5094894601383912
69	76	0.5081925692884034
69	172	0.49261696528068794
69	65	0.49071372137722047
69	35	0.4713309279915648
69	84	0.4485231748644912
69	180	0.43823971301563536
69	146	0.4273989808418145
69	189	0.4148621813197002
69	82	0.3867136540460807
69	157	0.3841934370362287
69	80	0.3841763889971773
61	63	0.6898974299878506
61	35	0.6111657174168804
61	67	0.5637136424001195
61	65	0.5612252413732938
61	36	0.5430280427317625
61	166	0.5375403737009357
61	181	0.4670886038197343
61	172	0.4611177826546875
61	66	0.4570927629182002
61	167	0.45133856477518214
61	55	0.4034559821353807
61	76	0.3809068696644656
182	167	0.5890760941412924
182	165	0.5453156392037817
182	170	0.5168265733116626
182	195	0.5085707587965197
182	185	0.5026755992553752
182	174	0.4798350750051552
182	171	0.47017891142940654
182	196	0.4597860901891648
182	180	0.4445521915519442
182	139	0.4408053969577397
182	179	0.4387162778518742
182	177	0.3870707860906946
182	199	0.37941834127833335
80	76	0.7222582692296637
80	73	0.6697005746209744
80	77	0.6383120708926442
80	184	0.5512046122635975
80	87	0.5344543621407492
80	94	0.5280375079209063
80	84	0.5197082781490414
80	82	0.5196717820354241
80	187	0.4597703181091058
80	85	0.4547639053406056
80	185	0.4276032915348063
80	97	0.4116115853238335
80	92	0.3993707102373884
80	83	0.3849603275209507
80	55	0.37880182292358294
76	77	0.6722461137234743
76	73	0.5906475644705699
76	84	0.5584789860349305
76	187	0.5252625775953441
76	184	0.5217781429106967
76	82	0.4997628542712202
76	65	0.4528661226820939
76	75	0.44718013482642166
76	87	0.42992934351014883
76	55	0.42929330495437995
76	63	0.4248700990467087
76	185	0.4054132332006457
76	86	0.3866115950044827
119	16	0.5511837267139749
119	117	0.5080664625417828
119	150	0.48864594240786735
119	53	0.47015554314605795
119	26	0.43785181739172824
119	144	0.41448127954613095
119	48	0.3911694426448871
119	153	0.38913476886502096
119	157	0.3867221585386901
119	130	0.3748722208450837
106	5	0.5983159537399481
106	101	0.5242408416474763
67	92	0.4435807977531002
67	41	0.5452032084585199
67	35	0.5126073125735929
67	33	0.4795194120183861
67	174	0.4578360455688281
67	63	0.45343032889047313
67	36	0.4480996959462323
67	145	0.4220469542341812
67	31	0.41287327035172
67	64	0.3984878121404367
67	65	0.3773619725554121
67	139	0.37677007595169815
97	83	0.50093980206888
97	181	0.4798504700234277
97	38	0.4412403663026569
97	87	0.44073288192690274
97	196	0.434848211758446
97	190	0.42165237367251096
97	55	0.4210108395740957
97	85	0.40776704104547695
97	63	0.40155374642552055
97	66	0.3850029169784644
97	199	0.3829823756778584
65	63	0.5968308421691343
65	84	0.4927154116839228
65	180	0.4786410625550951
65	55	0.441634881374036
65	66	0.4080921424840826
65	64	0.40573072751506434
65	172	0.4045019831594744
65	77	0.37389200563793396
87	82	0.6702847509143632
87	191	0.6535209937148599
87	89	0.5597712580014517
87	83	0.623181575830148
87	94	0.5456106765717962
87	73	0.5029744660429842
87	184	0.4469160859945517
87	190	0.42414048134075416
139	142	0.6844826259620601
139	166	0.6668283262859451
139	145	0.6536183776475378
139	36	0.6442993093276329
139	181	0.5840582107080615
139	199	0.5673050776360937
139	35	0.5574459695994998
139	165	0.5222946522509763
139	195	0.5132115901066855
139	137	0.4741186702291277
139	177	0.4586497592972112
139	79	0.4547480414005127
139	41	0.4417717140669667
139	174	0.4288772031875637
139	31	0.41401737696783375
139	172	0.40930826980639157
139	38	0.4091500888261353
139	71	0.37845916735085583
36	38	0.6516665854400021
36	142	0.6050211519387413
36	35	0.5759826876662755
36	41	0.5746982404198631
36	79	0.5295790810646696
36	166	0.4979977273197445
36	199	0.49107805155492057
36	31	0.47739895304317603
36	145	0.4744984356007505
36	181	0.47312579752205297
36	40	0.434450782661763
36	30	0.37506988208727415
196	181	0.6865868864310064
196	195	0.6662837373923343
196	199	0.5713130654545338
196	38	0.5318992378440242
196	185	0.4582390483734332
196	190	0.432143985494988
196	170	0.4221455744032374
196	145	0.4192897804638351
196	167	0.40699138190362233
196	79	0.400588733443624
130	143	0.6929663096442883
130	27	0.6079544215681538
130	144	0.48856220314140475
130	26	0.4483234457324637
130	138	0.44696410066770703
130	122	0.4383689753035031
130	53	0.40052156899801067
130	117	0.3816333077531916
130	156	0.3780135599935444
143	122	0.5236096546892051
143	26	0.5148891039127858
143	27	0.5049141684430877
143	156	0.4893611653102775
143	144	0.4374152398853425
143	117	0.4146137836007531
143	138	0.3891771967460605
143	43	0.38240196395189957
143	52	0.37371995182069456
35	166	0.6434856001372342
35	137	0.5634679908643937
35	172	0.5557480798614708
35	146	0.5189779955529351
35	40	0.4659698429431272
35	165	0.4597308866399385
35	33	0.4250012077967496
35	34	0.41361128570753514
35	30	0.4076419744906765
1	186	0.46142480187833496
1	75	0.4326399381577059
1	7	0.4257137994922675
1	188	0.42021244639951094
1	30	0.4041255444977717
1	100	0.3973263078515073
1	26	0.3841422921331416
1	138	0.38043657070867737
1	150	0.37542215015548275
186	75	0.583669339906667
186	188	0.48508291614969007
186	43	0.4790803572147203
186	16	0.44147387542870375
186	187	0.43016571065366394
186	117	0.42078867185934055
186	26	0.41470486994131334
186	100	0.39669452084695217
63	55	0.6130417015748829
63	167	0.4712298016654976
63	64	0.3860245717846751
181	199	0.6687895919248119
181	38	0.6342831061571705
181	79	0.5509330462434596
181	195	0.49728299104416707
181	145	0.46068461912690595
181	41	0.45702156403083993
181	142	0.4450495258881278
181	167	0.421537257579198
181	177	0.40905849912184233
181	166	0.38549683482766084
181	190	0.3820347830406032
181	185	0.3788617769762622
142	145	0.6448896521498493
142	38	0.6356259785460149
142	79	0.5664771437861016
142	156	0.5562524103393408
142	195	0.5535255501400677
142	41	0.5116187409057888
142	199	0.5060309143380489
142	31	0.4899313501710365
142	134	0.419050734540778
16	117	0.6844241583712674
16	59	0.26590308920135064
16	26	0.4910173417822086
16	188	0.4140836619411674
16	43	0.3932848357128539
16	75	0.3799917433817611
117	26	0.4722249672306131
117	100	0.3875637775581108
117	27	0.3759031215846381
117	138	0.3749581647048045
38	79	0.681928465109752
38	41	0.6486473433792327
38	199	0.537860268954855
38	195	0.49768934508375706
38	145	0.46668195440409255
38	31	0.44367718095129305
79	41	0.5970496873536767
79	31	0.5643409656579285
79	195	0.5194746702486688
79	7	0.4904479557275965
79	145	0.4718674679516404
79	156	0.3917791010904565
94	82	0.5121279509873251
94	85	0.44571488262167025
94	66	0.4205582223833971
94	73	0.39298893053037987
171	174	0.6795890395760742
171	165	0.6627994445597825
171	169	0.6544252575438889
171	170	0.5839857296909938
171	172	0.5138300789776404
171	180	0.5090302544379379
171	179	0.44881070613105206
171	158	0.44645981818642916
171	168	0.3889989885512194
174	165	0.5159025302931529
174	169	0.5124082319142401
174	158	0.5000778877046391
174	172	0.49730557199609104
174	170	0.44146582438498766
174	173	0.4298070615112347
174	92	0.4140505200034072
50	173	0.6755159379616834
173	189	0.4693216434285305
47	153	0.640121757064467
47	49	0.6105325855836977
47	48	0.4860763920301993
47	179	0.4496009380155602
47	168	0.44017674226644365
47	46	0.4244930621015986
47	146	0.4198665483426146
47	165	0.3839803177201735
77	187	0.5598742477738794
77	43	0.551002689684196
77	73	0.547553131791603
77	75	0.5385137952097242
77	84	0.5019802693622646
77	184	0.49955275849219494
77	147	0.40067268294708547
77	185	0.37922143450236634
82	159	0.4961907752972872
82	84	0.5333318782946718
82	86	0.4983135005250602
82	73	0.4872516551502338
82	180	0.4856256622726779
82	89	0.43492119053507255
82	189	0.43159081195428545
82	184	0.40379081738920003
82	191	0.39160131954779115
82	157	0.3890244486477004
73	184	0.660280058401501
73	75	0.49998789165171925
73	83	0.46050341290315866
73	84	0.42236743325131215
73	187	0.4038745093070975
73	55	0.3884811710728433
73	185	0.379478262607329
137	166	0.6689001212355141
137	165	0.6004048506691686
137	144	0.5832933967163266
137	138	0.5736927915307009
137	146	0.572107379229562
137	34	0.5071162534748042
137	40	0.4335985790790918
137	172	0.41377705713320545
137	145	0.4060397726603879
137	27	0.3820518638985822
166	165	0.6358762231637358
166	146	0.6223980460117972
166	172	0.6135220932163976
166	180	0.45879188283408295
166	167	0.44504150654324287
166	145	0.39851304806265014
199	177	0.5753876456805084
199	195	0.41137068956367573
199	167	0.4045521646302412
199	71	0.38070167252017073
49	33	0.563549885785373
49	86	0.5161299857285315
49	48	0.48188769505665136
49	153	0.46012511974245346
49	146	0.4326805784127377
49	40	0.43046719691566665
49	46	0.4246570093085678
49	31	0.4048281191698926
49	189	0.3908390675387203
49	148	0.38726630920805866
49	34	0.3809410655416953
49	179	0.3763924738812937
195	145	0.634360798792808
195	31	0.4609524188621504
195	41	0.4567525375993034
195	170	0.45560428110076384
195	179	0.4289588061219864
195	156	0.39185528422625976
83	190	0.6491915126499336
83	191	0.5229270359563001
83	55	0.4724347314471102
83	184	0.4184899852314905
144	138	0.5934144229151036
144	27	0.5445071070375036
144	40	0.5282610360050409
144	150	0.4876328551605757
144	34	0.47969650654430734
144	26	0.4630289474507685
144	146	0.45156945966228146
144	157	0.4128898609279743
144	52	0.40274409839522823
31	33	0.6190541004581986
31	41	0.5546066465024605
31	145	0.4750174208576293
31	30	0.4261230962169885
31	7	0.38454286409034577
153	48	0.4738317916668404
153	168	0.46624380348878075
153	179	0.42874662393314966
153	46	0.42206339162280043
153	146	0.41150360467908326
153	150	0.4106393437436586
153	165	0.40420920937080995
165	172	0.6094211532505204
165	146	0.5895525713886414
165	180	0.5417858446503416
165	169	0.480627534117566
165	179	0.47888771364296334
165	168	0.4458591119325993
184	187	0.5498037534232343
184	147	0.4932831254288097
184	75	0.4761317340370775
184	185	0.47376199518157897
184	161	0.41066428469628014
184	189	0.38944021275004276
184	162	0.3891687113019419
184	56	0.3830506395461976
138	27	0.5390106098741506
138	34	0.5258560831945235
138	26	0.4510677834428546
34	33	0.611435031504518
34	27	0.5062168739872757
34	40	0.4672136869884683
34	26	0.39094073214888636
177	178	0.5380734464498722
177	71	0.5347329038967306
177	167	0.3803510406535197
169	64	0.5636112997076854
169	158	0.5066406860047235
169	168	0.43549671164707027
169	159	0.41010712373322317
145	41	0.6436730579407618
145	40	0.4167892972596906
191	190	0.572557910876229
191	185	0.4202206805799084
191	89	0.4102485219388319
191	192	0.40947474952392043
191	179	0.39488131523719877
33	40	0.4488266773666901
33	41	0.4466679691636602
33	30	0.40974106035705143
190	185	0.4738705649198684
190	167	0.4231394359255199
190	158	0.41368588624371777
190	55	0.3786048086511445
41	40	0.47894936460553844
180	172	0.6277353664026668
180	146	0.503907649705644
180	167	0.4653903178603671
180	170	0.4383447400055456
180	189	0.4246897954086143
180	159	0.4105146297633185
180	86	0.3979493020998727
180	179	0.38650952649271525
180	84	0.37890459935273585
27	26	0.4898857507943303
27	40	0.4034559821353807
27	53	0.37779926330913055
26	43	0.5032582781251091
26	150	0.4469320911717318
26	122	0.4468520624246689
26	52	0.44387794631813315
26	148	0.3950669942278599
26	75	0.3910254453712137
26	188	0.38319568637483503
167	185	0.5731961321033073
167	172	0.43924909199489437
167	158	0.3810094541697531
167	147	0.3736167071833271
172	146	0.6014462384273622
172	170	0.38724080816762285
172	168	0.3745627696022752
146	40	0.4556993668704144
146	189	0.4466599642506518
146	157	0.4285588848667201
146	150	0.4024173061779071
147	148	0.496047540799643
147	187	0.42971737802358456
147	43	0.42109311109739733
147	7	0.41066428469628014
147	185	0.4021239437618555
147	75	0.37500113421791637
150	157	0.6156565091212957
150	40	0.3966860944789542
150	148	0.3928959149427516
157	40	0.5562662218508051
157	53	0.524661313245035
157	189	0.4574961126205374
157	86	0.4027776097429988
157	89	0.3897031652557076
55	64	0.4655391529498462
55	92	0.43617715036669963
55	158	0.402442447683729
46	151	0.5433241258149765
46	48	0.5296366423056403
40	53	0.45148984756519767
40	86	0.4422384003332736
170	179	0.46034581106868255
170	160	0.427905591200484
170	66	0.4140919472540681
170	185	0.40229158954351424
89	179	0.6027466963675279
89	192	0.42667945990990097
179	168	0.5154400579573101
179	192	0.4745294290618645
185	187	0.4837129247811628
5	101	0.43131410337433607
5	99	0.38814997878337554
86	189	0.586005112174119
86	84	0.5375403737009357
52	156	0.59603839550876
52	122	0.4449773492145696
52	30	0.4254353781648303
156	122	0.46018029790633586
66	85	0.4642614490486551
84	189	0.47117534389605625
84	159	0.4175739586846839
189	159	0.49119945679033805
188	43	0.4616687639909531
188	187	0.4573854079077128
188	75	0.40360667137907363
75	43	0.5680844585149988
75	187	0.5333175669998683
75	148	0.39656811830785144
43	148	0.5450204666584831
43	187	0.4637042979630799
85	160	0.4499997778212159
64	92	0.4111795934306088
64	158	0.3898982180012412
64	54	0.3893468917574187
30	57	0.4178793953160046
30	7	0.4886992263451996
30	100	0.4458030255065643
30	134	0.41960292506579594
30	101	0.40436815399585124
30	148	0.40238378322584883
148	122	0.4110632563465355
101	100	0.5031014480207897
178	72	0.3896437944352056
7	57	0.39790721944492163
7	99	0.3970736381998708
7	100	0.390567915291919
159	54	0.48825762084522545
54	58	0.38371599293919434
56	58	0.46632206151135885
56	162	0.4298804326029381
56	163	0.41390965452107126
56	161	0.3829909088901766
58	161	0.4661577112350022
58	163	0.42014657046510906
161	163	0.40172148386991047
162	57	0.41718583550545724
