19	121	0.9029929955659322
19	28	0.7810665798528781
19	25	0.7760650614864311
19	128	0.7689280731454042
19	123	0.7663817187660972
19	23	0.7655965241530651
19	22	0.7560630738269253
19	132	0.7422179940278121
19	126	0.7169740116925536
19	124	0.7065195005908086
19	14	0.6999997308759334
19	120	0.6957266100145072
19	17	0.6948949763843062
19	15	0.6755431209544114
19	125	0.6704224074324019
19	21	0.6614853781687048
19	26	0.6603533760395475
19	130	0.6587657813819385
19	27	0.6558579374361713
19	116	0.6549109556966941
19	131	0.6476208817402566
19	129	0.6066921055474375
19	133	0.6005838844907948
19	127	0.5902306802482977
19	39	0.5886384185965102
19	20	0.5733908191319339
19	136	0.5731222683650248
19	7	0.5661239058696177
19	43	0.5660151754260484
19	77	0.5569081177333968
19	117	0.5440637424380573
19	33	0.5415950703614941
19	75	0.5412981994422439
19	148	0.5393439751508642
19	143	0.5338397314491911
19	24	0.531612343539468
19	118	0.5072350971278561
19	115	0.49900473239865906
19	29	0.4832531783213097
19	52	0.4820489134319237
19	122	0.47811667810280634
19	16	0.46985948783653625
19	18	0.4663455374949792
19	110	0.4548273582152161
19	119	0.4510996443821695
19	144	0.4472041354022475
19	34	0.44291386641779706
19	40	0.4392652330577969
19	12	0.4257547370088962
19	114	0.40391635273112464
19	51	0.4018137279767638
19	10	0.39985808904950676
19	135	0.39960602476749946
19	186	0.39856351809684293
121	124	0.7776114929128977
121	25	0.7474227225026401
121	128	0.744776029234805
121	123	0.7406690986256909
121	23	0.7098145519930928
121	28	0.7039056039366212
121	17	0.7000813217973414
121	22	0.6863436543423845
121	14	0.6849872070601384
121	132	0.6800623360932436
121	126	0.6734774408130099
121	21	0.673045532879458
121	120	0.6721584106649228
121	125	0.6558465402793564
121	27	0.6382824420620393
121	130	0.6342831061571705
121	15	0.6193747186704575
121	116	0.6066036285765871
121	131	0.5933625917088092
121	26	0.5901524793805956
121	43	0.5706727968308305
121	20	0.5654644253176713
121	136	0.5628602578522355
121	127	0.5560728327253045
121	148	0.547413079342666
121	77	0.5462424442625913
121	133	0.5462073623448545
121	129	0.539152488089975
121	33	0.5333104112379782
121	7	0.5202336118637108
121	119	0.5146391978416567
121	39	0.5093635777532254
121	52	0.4952479476172089
121	24	0.4943870703575332
121	117	0.48877533993189765
121	118	0.48765572125201817
121	143	0.4848534743977531
121	122	0.4820872939490804
121	75	0.4655313201804111
121	34	0.46067674139379783
121	18	0.45891030118502485
121	12	0.4477879508834471
121	110	0.4432674814967788
121	144	0.4416026824599845
121	115	0.42853439443339364
121	51	0.4203441849810585
121	16	0.4191001970859927
121	155	0.4186466973340698
121	53	0.3997572705913869
121	29	0.3989419664001576
121	157	0.39284517577869865
121	10	0.3912795452860528
121	114	0.39046621572151113
121	186	0.38835380129472624
108	112	0.8944000926807435
108	6	0.8639968172849302
108	3	0.8344155694676939
108	9	0.8797363058530229
108	12	0.786122704969032
108	103	0.7745492511088317
108	109	0.7425994988321022
108	111	0.706944950653887
108	113	0.7039863175496895
108	106	0.6681977577157828
108	11	0.6420772046862934
108	8	0.6030840376729316
108	102	0.5654236089338853
108	13	0.5595789641482765
108	114	0.5451891532360329
108	176	0.5076508980069587
108	110	0.4906377976474267
108	0	0.4521185871423265
108	53	0.42828945546947433
108	124	0.41575590106021093
108	20	0.3880480532851027
108	199	0.3858032934729619
112	9	0.8866203060607637
112	12	0.8362289728593426
112	11	0.7333513186028553
112	106	0.7218657956205622
112	6	0.8350523291356802
112	3	0.8231791550267051
112	103	0.8138070911576101
112	109	0.7899128940208632
112	113	0.7830860215838422
112	111	0.7421640957336356
112	176	0.6651255166780239
112	102	0.630460459828303
112	8	0.6211589961509131
112	13	0.6146246501955808
112	114	0.5764235610076044
112	0	0.54540697473937
112	199	0.5411214264593821
112	110	0.5106731669744565
112	53	0.4630289474507685
112	124	0.42505036898147913
112	51	0.4196111643650761
112	1	0.40900021047279406
126	128	0.8918918018041095
126	123	0.8486757548394888
126	23	0.8005708505231333
126	25	0.791412298906474
126	22	0.7493583252772877
126	28	0.7102855893563628
126	132	0.6971325192726935
126	26	0.696571826625608
126	127	0.6712528721217702
126	27	0.6703893740759267
126	124	0.668352712012345
126	125	0.6432101314925326
126	133	0.6349520378045723
126	120	0.6341217035857272
126	129	0.6295437522484472
126	130	0.6199229900071911
126	14	0.6155198778637461
126	24	0.6037898464025494
126	131	0.603707233001688
126	21	0.6031031260168748
126	39	0.5936605539439466
126	20	0.5889716059970991
126	116	0.5850982741498706
126	40	0.5748120820251075
126	15	0.5629695581407976
126	110	0.549692109069754
126	143	0.5434932554922268
126	17	0.5392234157251159
126	77	0.5339183784960567
126	7	0.5128726677413644
126	75	0.4953837868110757
126	136	0.4865802919298285
126	12	0.480696740869349
126	118	0.4788106432966438
126	33	0.47159535363964866
126	114	0.47016333264708726
126	122	0.4650847317890124
126	10	0.46002263657922693
126	117	0.4594232589697889
126	102	0.4540973714563751
126	148	0.44706812362488535
126	29	0.4436209586661295
126	115	0.4330950085594129
126	43	0.4278647454863616
126	34	0.4250749486335588
126	51	0.4167314555045191
126	53	0.4143901728130949
126	52	0.41325478427184603
126	150	0.41283179271237264
126	144	0.4095163651933326
126	104	0.4047946740605724
126	2	0.3863904345952417
128	123	0.8897865265601753
128	25	0.8705387304578874
128	23	0.8064879332594999
128	22	0.7812225051284882
128	124	0.7493758632356035
128	132	0.7464988397557185
128	28	0.7453321470489851
128	27	0.7299264867160569
128	127	0.7173042954356
128	26	0.7124737300254494
128	130	0.6998926150523657
128	120	0.6981385955532573
128	125	0.6972507217555982
128	129	0.6852312946943804
128	21	0.6697391778910518
128	14	0.656040251284002
128	24	0.6391290803205854
128	20	0.6347192141571771
128	39	0.6346057454859568
128	131	0.6228144517691049
128	15	0.6128107026363024
128	116	0.61261708231695
128	17	0.5895917156698719
128	77	0.5845192353516541
128	143	0.5825143336598091
128	133	0.5716093755573914
128	110	0.5687681188704141
128	7	0.5625664157698169
128	12	0.5301257159074201
128	122	0.5240014936409015
128	136	0.5233265220431635
128	114	0.5178152847670539
128	75	0.5148156112079043
128	40	0.5144553875724825
128	148	0.5128210785754735
128	118	0.5103404447239294
128	102	0.5101111471396784
128	43	0.5090080274525163
128	33	0.484111155917232
128	52	0.4791882174612805
128	10	0.46745598241246206
128	117	0.4655391529498462
128	34	0.4620385088524974
128	53	0.45801781524059704
128	13	0.4421338190457356
128	2	0.440692593312771
128	144	0.4406120107580062
128	104	0.4363390861367035
128	51	0.4254845171947827
128	111	0.423910824714303
128	115	0.42365649842089864
128	18	0.41844049202086947
128	139	0.417103236461952
128	29	0.4151850059260213
128	1	0.3940115709863601
128	8	0.39242225640909106
123	120	0.745998121976583
123	25	0.8396541756543754
123	23	0.7917110429574807
123	22	0.7865044158629269
123	127	0.7718952374404182
123	132	0.7623490740611676
123	28	0.7620976647607814
123	125	0.7527627208767564
123	130	0.7437813405285554
123	27	0.7387899848989405
123	26	0.7287891578528628
123	124	0.7220333716957061
123	15	0.7193564538469815
123	24	0.7104936349202401
123	14	0.7088705697562137
123	21	0.7004227852969841
123	143	0.7000558265977834
123	39	0.6798042445591328
123	116	0.6771544984386476
123	129	0.6742253568171473
123	136	0.6705930374413799
123	7	0.6678433586824275
123	131	0.6604379576736609
123	17	0.6515399945476198
123	33	0.6321265253070337
123	43	0.6021861063160735
123	34	0.5934792050028926
123	77	0.589963448219491
123	118	0.5887887043539421
123	122	0.5731558439461262
123	133	0.5661986466244904
123	52	0.5582587542930216
123	110	0.5579833539445452
123	20	0.5567218293225623
123	144	0.5527968369398166
123	148	0.5497618890922912
123	75	0.5431197019315142
123	18	0.526203263717993
123	138	0.5246178280458041
123	10	0.5151389225009725
123	115	0.5041463558718017
123	40	0.5029296436891775
123	135	0.4966730506963403
123	114	0.4862367589038595
123	51	0.482770157519416
123	2	0.4807351864774489
123	119	0.4792190320167151
123	117	0.4744131975162998
123	102	0.4734905078253552
123	155	0.4658445740678785
123	104	0.46404961794777855
123	12	0.463892671793294
123	149	0.4488985443787027
123	13	0.41999833342139986
123	186	0.41060608818425987
123	150	0.401746642162186
123	1	0.38840475098697597
123	53	0.38701127214380526
9	109	0.7969876135982992
9	6	0.8095769169706817
9	3	0.7923073968238203
9	103	0.7036532566929573
9	106	0.6993259081579963
9	12	0.6823775855365136
9	113	0.6550879581639927
9	11	0.6432804797495589
9	176	0.5843216995394845
9	111	0.5491196235117305
9	0	0.4709574768960682
9	199	0.4630446593891412
9	8	0.451139468939436
9	102	0.4455706301662305
9	13	0.43706744729056834
9	53	0.42563191923069255
9	114	0.4101653489119233
9	45	0.3937496649912141
9	51	0.3861096670025049
13	114	0.8825975498099431
13	12	0.7976797051606821
13	139	0.7232326519206105
13	102	0.7819618205114095
13	111	0.7367576171785627
13	110	0.7321380370936472
13	8	0.7177118483946832
13	103	0.6708570988133005
13	10	0.5986240338875993
13	0	0.5918183622723953
13	113	0.5891218015113311
13	6	0.5743431796809313
13	141	0.562477551797752
13	3	0.5605878344767832
13	39	0.5571150391608433
13	2	0.5376612412136017
13	11	0.5009922343822432
13	1	0.4889732004364514
13	7	0.4877243155120763
13	140	0.48068905152595376
13	134	0.48002749149430013
13	104	0.4800197957212844
13	109	0.4632096171714404
13	176	0.44984823982855493
13	25	0.4319894550093556
13	30	0.4197265072943408
13	23	0.4105063149517977
13	124	0.40187242452667293
13	136	0.4013020897403453
13	143	0.400152087620322
13	106	0.39963123391602917
13	116	0.39172830934841196
13	101	0.38748729340184407
13	15	0.3866115950044827
114	110	0.8264398993450398
114	102	0.8158904046028747
114	12	0.7962202278108053
114	10	0.6804330475817651
114	103	0.6785652172281785
114	111	0.6782953510667882
114	113	0.6571552540720965
114	139	0.6561883249327349
114	8	0.6455608889862349
114	39	0.5875132522454088
114	3	0.5862742526782638
114	0	0.5834187388982137
114	104	0.5604300936468566
114	141	0.5403076546742677
114	6	0.5324368356828997
114	7	0.5202336118637108
114	23	0.5083853962870691
114	124	0.49823081079072723
114	2	0.4933360906229164
114	25	0.481396161611268
114	134	0.4784868672496629
114	11	0.4773526263018734
114	1	0.47500193354149883
114	125	0.4632096171714404
114	136	0.4611256563222856
114	140	0.4531045639628253
114	109	0.4436932438199383
114	100	0.44361292662604757
114	116	0.4420614095728651
114	22	0.44129673604722247
114	21	0.4322253071380311
114	143	0.4320138562464388
114	150	0.4318755742072503
114	148	0.4310535976219367
114	122	0.4259266555452135
114	20	0.4244602693191946
114	15	0.417994941308985
114	17	0.4110050827827698
114	28	0.40271058596772047
114	43	0.40163761851619884
114	130	0.40028645954518594
114	131	0.3954888718927688
114	132	0.3943325297706839
114	101	0.3934116272878222
114	52	0.39331019522478095
114	27	0.39168598107280533
114	118	0.39007627908894243
22	23	0.8792833814845722
22	25	0.8727011903945877
22	28	0.8241759739399181
22	132	0.7709639769532516
22	26	0.7675346870056164
22	131	0.7107015563565242
22	27	0.7029811482051115
22	125	0.6901384126009462
22	21	0.6796482326119739
22	129	0.6748412121405518
22	15	0.6731056994929535
22	24	0.6694633608344932
22	39	0.6670170990741059
22	127	0.6661947573503347
22	14	0.6528559138660459
22	130	0.6486241725130992
22	124	0.6435559058619001
22	116	0.642112467539556
22	17	0.6321745561624853
22	133	0.6292599412016714
22	120	0.6226491563942275
22	143	0.6139833407973144
22	7	0.6026257101936171
22	75	0.575401024107695
22	34	0.5708548385680331
22	52	0.5561073709152236
22	136	0.5541564168066437
22	43	0.5524008952992543
22	20	0.5328236403814489
22	118	0.5296870043903046
22	110	0.5242408416474763
22	122	0.5220328080421065
22	77	0.510954013369348
22	144	0.506008596017831
22	33	0.5043029649440729
22	29	0.5003777965400247
22	148	0.4998003651883353
22	18	0.4982383284138635
22	115	0.47463789691012337
22	40	0.4658758930375833
22	10	0.4649044623846462
22	186	0.4591234131346195
22	117	0.45851550996331175
22	135	0.4554457817124687
22	12	0.4495690230817564
22	16	0.4373101070796357
22	51	0.41370246338631145
22	138	0.4097244179754031
22	150	0.40937486496483505
22	104	0.4059479040701733
22	102	0.3919737806458741
22	119	0.3864755015512576
23	26	0.7785978742195608
23	25	0.8681944526812847
23	28	0.8176878114796401
23	27	0.7682732687188347
23	132	0.7625584061962827
23	125	0.7255566242760491
23	124	0.7091043180434865
23	21	0.7019072162004536
23	133	0.6992441480865158
23	131	0.6864282742312336
23	127	0.682126355390661
23	130	0.680492114355972
23	129	0.6762546612158258
23	39	0.6711484690871508
23	14	0.6653094869469811
23	17	0.6605563438105673
23	24	0.6587148358734967
23	120	0.644848762090487
23	15	0.6426469544163117
23	116	0.6340080908623207
23	143	0.6154515483568279
23	20	0.603090400530993
23	29	0.5943012686464744
23	7	0.586635091664401
23	75	0.5741018830317013
23	52	0.5665993699780817
23	136	0.5658452446784463
23	43	0.5548420220085146
23	110	0.5546135705787354
23	144	0.5469156454583624
23	122	0.543866593909661
23	40	0.5288015269718396
23	33	0.5285853820054657
23	34	0.522156468963601
23	12	0.5165040282555685
23	148	0.5112199777940857
23	118	0.5095857084266765
23	77	0.5068116285817377
23	18	0.5040195528085655
23	150	0.5011944388564482
23	186	0.4687678455775148
23	117	0.46845568437892926
23	10	0.46687748357589326
23	51	0.46088941470952777
23	102	0.4515057705597651
23	16	0.4346779057320491
23	115	0.4328349953446124
23	135	0.43072786435752003
23	53	0.4256482958406688
23	119	0.4176647740316771
23	155	0.4157889863912057
23	138	0.40502040752704677
23	157	0.39140657287722147
23	113	0.38828586467819415
25	27	0.798985295841762
25	28	0.8198304066533377
25	26	0.7746292534061424
25	132	0.7735069634796076
25	124	0.7373787703764851
25	21	0.7278218422762113
25	24	0.7196603076660366
25	130	0.7088805196654551
25	125	0.7070199770229091
25	14	0.705069143966136
25	127	0.7016382332433494
25	131	0.6998415964490418
25	120	0.6963091916247865
25	39	0.6781495472053344
25	129	0.6743507840034038
25	15	0.666033432669366
25	17	0.6511830431070976
25	116	0.647016664320851
25	143	0.6223919197669445
25	133	0.6103820235341939
25	7	0.6071216370662981
25	20	0.603211280252342
25	43	0.5852823887847001
25	34	0.5830690308322473
25	77	0.5823953993213269
25	52	0.559132335361655
25	122	0.5484277646609381
25	136	0.5436905176908287
25	148	0.5350184670900824
25	110	0.5342614575043881
25	75	0.533417739652059
25	33	0.5285277317682284
25	12	0.5199855866264164
25	118	0.5113086108524578
25	102	0.499507730320123
25	18	0.4952102102092526
25	144	0.49140428485555876
25	29	0.4734361995537022
25	10	0.4665411451456299
25	40	0.45771747950383795
25	51	0.44751608427944767
25	117	0.4335823390928169
25	135	0.43164777128934634
25	53	0.4274888829270346
25	2	0.42236743325131215
25	115	0.4214467996876601
25	119	0.41360299641620674
25	138	0.4132879525428815
25	155	0.4127986093679878
25	111	0.408592096489653
25	104	0.4051875856766027
25	8	0.3958009539755981
25	1	0.39323411489377114
25	16	0.38706228429572137
28	132	0.8666097432568968
28	131	0.803673215310011
28	125	0.7656792838722919
28	133	0.7150295257857954
28	26	0.7681093158695135
28	21	0.7332681123684311
28	15	0.7233757012382963
28	27	0.7125574246887849
28	116	0.7060183164662276
28	127	0.7048125842071353
28	129	0.6931845611416158
28	143	0.6805135909906653
28	130	0.678041509915362
28	39	0.6613222401209864
28	17	0.6545110082629735
28	24	0.6543680810440761
28	120	0.6528960765714491
28	7	0.6479749000299238
28	14	0.6341097456407723
28	43	0.6140705567238783
28	124	0.6061293888805185
28	52	0.6055850631123415
28	75	0.5813635903877147
28	29	0.5799782949763316
28	136	0.5713265373282236
28	77	0.5375048202280619
28	122	0.5343329101562126
28	118	0.5328021570690032
28	135	0.5315334262101278
28	148	0.5253205030990988
28	33	0.5204305105889794
28	144	0.5133220736802063
28	115	0.5124377288218008
28	34	0.5059416369915778
28	18	0.5028773475240276
28	20	0.4881662229510955
28	10	0.4729472631419448
28	110	0.46413592591652963
28	138	0.45748029852970296
28	117	0.4562775812221418
28	186	0.4562617448622509
28	150	0.4388051016480173
28	119	0.43815083467655885
28	40	0.4212658587431358
28	16	0.4161445841853033
28	12	0.41514362399645527
28	155	0.4050454859764054
28	51	0.3904238380874757
28	149	0.3876827423069993
132	125	0.7584560468998959
132	127	0.7355941844115971
132	26	0.7318688179437076
132	131	0.7311854622406517
132	129	0.6924617668974513
132	15	0.6919930278672928
132	116	0.6719829479478038
132	21	0.6700092994455119
132	24	0.6550479961478585
132	27	0.6550194496067775
132	133	0.6424532017191802
132	130	0.6349102574339653
132	120	0.6215580399554179
132	14	0.6134597303263909
132	7	0.6112909973950154
132	143	0.610331826380318
132	17	0.6097416426006744
132	39	0.5953739074235088
132	124	0.5952835257031205
132	52	0.5783035153082074
132	43	0.5710772578287361
132	136	0.5653147517039491
132	118	0.5248859431598843
132	75	0.5246323234164014
132	122	0.5221782892004447
132	144	0.5130568845242592
132	115	0.5121648362908855
132	33	0.5005501897707514
132	77	0.4999128866909919
132	148	0.4986441688103595
132	135	0.49270783933138207
132	29	0.4880367242698822
132	20	0.473451716570073
132	34	0.4604324956695602
132	18	0.4573774998856566
132	10	0.45652300783800565
132	117	0.4501353424832118
132	110	0.44963285180146584
132	138	0.44514575245893584
132	40	0.4266631008775321
132	16	0.4088503100497282
132	150	0.40853378114693706
132	186	0.4071916082656945
132	155	0.401998191727535
132	119	0.3939355403510663
132	104	0.39157591979720563
6	12	0.7737077293047196
6	3	0.763268942359885
6	113	0.7221290914338925
6	103	0.7213193890632039
6	109	0.7101517802150648
6	111	0.6686790330418133
6	106	0.6600713162241
6	11	0.6236400949813199
6	8	0.6086725697517748
6	102	0.5888997589734386
6	176	0.5577491669688567
6	0	0.49832853404833405
6	110	0.4931544804432324
6	124	0.4247881470251918
6	51	0.4224824512545665
6	53	0.41303916378344113
6	199	0.40209041136915213
6	10	0.39806712462428223
12	113	0.8448269768698857
12	103	0.8221124200629888
12	111	0.8199942785182761
12	1	0.5027428547642724
12	3	0.8052961072689242
12	102	0.7653895139460661
12	8	0.7527020457227456
12	110	0.7474403763457909
12	11	0.7079988598676509
12	109	0.6781387447949904
12	10	0.5955739847618546
12	0	0.5889585435942867
12	106	0.5796663061209676
12	176	0.5792279070594728
12	124	0.5773576368343432
12	139	0.5343471997703251
12	39	0.486984704597306
12	20	0.4838967486708514
12	125	0.4714787057155669
12	21	0.47059164238970347
12	122	0.44378158450159677
12	17	0.4432594463217633
12	52	0.4429379809165786
12	116	0.4404185836539726
12	53	0.4369218208670252
12	148	0.4335823390928169
12	104	0.4335498582753008
12	131	0.42455044679116266
12	118	0.4190012695082231
12	129	0.41573108633979033
12	43	0.4079421085201366
12	51	0.407750366388687
12	18	0.40714989766681114
12	199	0.4030707879700398
12	15	0.3952020132232713
12	7	0.38640744851240005
12	157	0.3857692467148161
12	101	0.38530951266214625
113	103	0.7738281142631604
113	3	0.7298470516148404
113	111	0.7127690324632897
113	110	0.6838283507010012
113	102	0.6644726074689891
113	8	0.6576606091776676
113	109	0.6401158545853228
113	10	0.6231632261453918
113	11	0.582910601343942
113	176	0.5670201804924023
113	106	0.5220910041513461
113	124	0.5079700132709297
113	0	0.4638141877938349
113	125	0.45630133522004845
113	21	0.453358829888567
113	118	0.4241896863796294
113	18	0.422622097681858
113	122	0.42185790432155174
113	52	0.42168526148883545
113	1	0.4149118534454462
113	17	0.4133211197172914
113	148	0.4108554782485583
113	157	0.4087420349103395
113	104	0.4053881636924376
113	164	0.3930734831773207
113	43	0.39038145879888414
95	197	0.8382622829061686
95	79	0.6858408408772211
95	198	0.6302736422434824
95	96	0.5977313992326176
95	98	0.5962253372774355
95	181	0.5583964083545202
95	70	0.5284989048213401
95	11	0.49784731268780424
95	166	0.4774143947005301
95	199	0.46908768933713063
95	176	0.44658791681571275
95	83	0.4453942901842764
95	190	0.42674489324731585
95	32	0.4183579978137891
95	38	0.40468596997547546
95	93	0.39933708957888997
95	61	0.39046621572151113
95	195	0.38962683074874277
197	181	0.7085570031778233
197	79	0.6907454287823511
197	166	0.5721880968652717
197	198	0.6246351316541637
197	199	0.5886841620484415
197	11	0.5886449536061641
197	98	0.5882592563981054
197	176	0.5512603036857228
197	38	0.5374265958608146
197	70	0.514859707738944
197	96	0.4824249627115745
197	101	0.4741031658523806
197	195	0.4689238822878262
197	109	0.4594469265516523
197	32	0.4582311481674861
197	142	0.4548590829209973
197	106	0.4101154418205806
3	103	0.7942351319253553
3	109	0.6924721766873098
3	111	0.6587091748885571
3	11	0.6340080908623207
3	106	0.6280321897507056
3	102	0.5872053980160457
3	8	0.563590829092482
3	110	0.5361666230359713
3	0	0.5179104211153328
3	176	0.5060755489456301
3	53	0.43343616654244416
3	1	0.43036128025007947
3	124	0.42726002462799667
110	10	0.7012572549908637
110	104	0.5811185916395191
110	102	0.7542107805661772
110	8	0.7115221269969584
110	111	0.6789211602686607
110	39	0.6512291175583168
110	103	0.6172870086703186
110	7	0.5524147922107365
110	124	0.520612774892118
110	148	0.5073019382063647
110	139	0.4999128866909919
110	125	0.4997328441877397
110	116	0.4942510535984759
110	20	0.4842030269463422
110	21	0.4799274406823723
110	122	0.47939619278431567
110	127	0.47006985380062083
110	0	0.46346091970520165
110	143	0.46010935389988666
110	136	0.45697409485183
110	129	0.4490981444987072
110	118	0.4367518944204483
110	15	0.42895064614355727
110	43	0.4275379168645864
110	131	0.42403386183176883
110	26	0.4227124464432022
110	100	0.42260566973175295
110	52	0.41659923310641145
110	135	0.4129064512302275
110	77	0.41175277334646754
110	141	0.41089703728358556
110	11	0.4102734725162536
110	2	0.4060063668497214
110	134	0.40540487676566445
110	17	0.40483648027798347
110	130	0.4041673777796561
110	186	0.39831114379164434
110	150	0.39231227017832726
110	18	0.38536911861493867
103	111	0.7513029840416933
103	102	0.6992441480865158
103	8	0.6596535258949668
103	109	0.638738516375249
103	11	0.5905368603285444
103	0	0.5598811131437086
103	106	0.5577973891967365
103	176	0.519898027364526
103	1	0.48260908526724783
103	10	0.4410953995414428
103	139	0.4228109991461093
103	124	0.418927067295996
103	199	0.40335551047909857
111	8	0.7997794680836848
111	102	0.7222295674063387
111	139	0.5349613642269274
111	109	0.4949006929758385
111	106	0.487731936724826
111	1	0.4736766802829264
111	10	0.4681824473451613
111	11	0.46647073164685876
111	176	0.4205582223833971
111	124	0.4081171460020603
111	0	0.4055552822279817
102	0	0.5920132529724031
102	8	0.6601108158089823
102	10	0.6196088860289874
102	139	0.5825671853608331
102	39	0.5380521317968263
102	2	0.5309807465112482
102	124	0.5024962214802406
102	141	0.49812555620137877
102	1	0.4808582000033676
102	104	0.4789339523077833
102	7	0.47003090116850293
102	116	0.4542878616309934
102	100	0.44498536913046943
102	11	0.44440775279278455
102	109	0.4419809478452142
102	106	0.44189243172951154
102	43	0.43958799475139737
102	120	0.43927330348289634
102	21	0.43246110014818834
102	27	0.4312245626306115
102	125	0.4281016262976413
102	148	0.4259266555452135
102	140	0.41910844060169183
102	15	0.40688290962312923
102	20	0.4055719925907011
102	52	0.4049451685223963
102	24	0.4044183419618882
102	122	0.4025765254614189
102	176	0.4002192757338834
102	143	0.3995724116292381
102	136	0.39507543341521983
102	14	0.3950332368116173
102	77	0.39334400697643584
102	118	0.387036778515917
102	34	0.3853946630388826
21	125	0.8121116162471109
21	17	0.7213193890632039
21	124	0.7161858607545463
21	43	0.6884114952541697
21	14	0.6758746056246173
21	15	0.6729853573564317
21	130	0.6715714114275732
21	27	0.6560117697903407
21	131	0.6499372177303884
21	144	0.634474326519731
21	52	0.6320124325547654
21	127	0.6315798323699892
21	26	0.6312671541119266
21	148	0.6215764495802218
21	116	0.6186777274451439
21	143	0.6176953537017038
21	120	0.6155757769421617
21	7	0.6151284108870712
21	119	0.6117855538810064
21	18	0.6096034167324083
21	122	0.6046913945321886
21	136	0.5988934588241173
21	155	0.5948443144649338
21	129	0.5946245755497235
21	118	0.5934792050028926
21	149	0.5729476443228874
21	133	0.5656140616965804
21	135	0.5647633597619197
21	24	0.553102305509908
21	34	0.5390318935568535
21	157	0.5377820866331233
21	39	0.5348471438371374
21	20	0.5334964362407971
21	10	0.5311028055981598
21	33	0.5226872339693823
21	115	0.520576325826425
21	51	0.5153152123560097
21	154	0.5079996913265161
21	138	0.5007000646662757
21	186	0.48704572989150396
21	117	0.4593917011791057
21	77	0.45814424112361674
21	150	0.44548246449585377
21	16	0.434288518061241
21	75	0.43343616654244416
21	146	0.4250012077967496
21	153	0.40618173524931556
21	164	0.401578908760054
21	48	0.4000764958505781
21	44	0.399916895349022
21	53	0.3965259807859896
21	29	0.3899066977619745
21	156	0.38899050172033695
125	17	0.7418899642652594
125	15	0.7333420745504039
125	144	0.7193371522399101
125	18	0.6693805797009987
125	52	0.6487747616515458
125	122	0.6212449712839696
125	124	0.7129559267499765
125	127	0.7069049300836455
125	130	0.7003056025992186
125	43	0.6971633583577552
125	143	0.6852949444290327
125	14	0.6842540207714037
125	136	0.6800408348996078
125	7	0.6720926209901918
125	131	0.6658163805084512
125	120	0.6605168854139516
125	27	0.6547910099577409
125	155	0.6539447423403034
125	118	0.6539046755670895
125	26	0.6517011039299732
125	116	0.6474524798312806
125	129	0.6462369537322744
125	119	0.6404462770538493
125	149	0.6245009504076712
125	135	0.6216071307625276
125	148	0.6013568741641347
125	24	0.5956062483824929
125	33	0.5933561124620165
125	133	0.5908689060667422
125	34	0.5712928570667432
125	39	0.5668844674808257
125	138	0.5667215712414229
125	10	0.5564664542324881
125	51	0.5531092462499149
125	115	0.550905186718383
125	157	0.5381018649168571
125	20	0.5341399704734118
125	150	0.533417739652059
125	154	0.5138889548493343
125	146	0.5019353870619665
125	44	0.4982007395490793
125	186	0.4896957245377082
125	117	0.4872440292548312
125	77	0.4622351162424395
125	75	0.45882346265485324
125	156	0.4580020107022054
125	153	0.44162683175217077
125	164	0.43981386041546483
125	40	0.4397977289982069
125	16	0.43949117815734823
125	104	0.426646741565969
125	48	0.4204759058436232
125	29	0.4142742067762718
131	143	0.6573994882401235
131	26	0.6557097510751836
131	129	0.6452049656760255
131	15	0.6418655705059021
131	116	0.6331101870072033
131	127	0.6286494811841701
131	133	0.6280261339569871
131	39	0.5892850113460589
131	17	0.5879976144278304
131	130	0.5785497216819754
131	7	0.5739074326251016
131	52	0.5701465833108816
131	27	0.5687410581416991
131	14	0.566640106502392
131	24	0.5607729565979942
131	43	0.557845607659011
131	120	0.5513438316091559
131	124	0.5427600416354336
131	136	0.5258994903477024
131	135	0.5048918162540409
131	118	0.5041761887282553
131	10	0.49141187003657283
131	138	0.4906302048646587
131	115	0.49043276636255223
131	33	0.48664898048737376
131	34	0.48467752384457746
131	122	0.482770157519416
131	18	0.4790418321913568
131	144	0.46313892490800057
131	29	0.4489065292438269
131	75	0.4401606172357773
131	148	0.43840936605024144
131	149	0.4322334389157218
131	119	0.40222453446744333
131	117	0.3978651351154382
131	77	0.3952442031579961
131	186	0.39157591979720563
131	150	0.39083059505737383
131	104	0.38785266954742537
131	20	0.38511364189402597
8	10	0.547763152956338
8	139	0.46356299007176305
8	39	0.44142556810013744
8	176	0.4250667554858517
8	109	0.42086273337478564
8	0	0.41923208504495246
8	104	0.40709984270642907
8	124	0.3964501290360569
8	11	0.3887273772185897
8	106	0.38711329407830686
7	135	0.7996352808432042
7	15	0.7177069994628553
7	10	0.6614010042333485
7	43	0.7070049730221071
7	39	0.6968394192737718
7	136	0.6833755656581243
7	143	0.6702021348556363
7	116	0.6538703296990789
7	148	0.6377428668787559
7	33	0.6375826526056102
7	24	0.6288187953291015
7	127	0.6273231456549934
7	130	0.6216194027014592
7	120	0.6002769325072785
7	144	0.5909990654707467
7	52	0.5905433729522506
7	34	0.5860248097680815
7	27	0.5810391099554125
7	17	0.5750865496639755
7	26	0.5745106881036
7	118	0.5637341088618777
7	149	0.5622792699487948
7	2	0.558231219791651
7	18	0.5535047415105703
7	138	0.5358744234241355
7	122	0.5321788422768128
7	75	0.5315621244886216
7	77	0.5309304804817312
7	14	0.5284989048213401
7	186	0.52635510006374
7	104	0.5163647021024953
7	129	0.5123418594511897
7	155	0.5021223788104305
7	44	0.5015612627664245
7	150	0.4986141140511938
7	140	0.4957609908011538
7	124	0.49104769726479247
7	146	0.46226656920876863
7	134	0.4587445109296143
7	142	0.4411437243533438
7	164	0.4409181866807199
7	133	0.43462113014632664
7	119	0.43273747181567235
7	139	0.4237221374097956
7	115	0.4205829159952843
7	100	0.41989125939379435
7	141	0.41918262913346943
7	78	0.39963123391602917
135	43	0.695422065995382
135	149	0.6665172197532356
135	143	0.6634325576046365
135	15	0.6538245310161095
135	136	0.6376894682507696
135	164	0.6339423025629721
135	52	0.6244582486416247
135	138	0.6194055364639373
135	144	0.6078976832359017
135	44	0.5875590883327729
135	156	0.5860248097680815
135	10	0.5856767169766002
135	148	0.5718382403947384
135	142	0.5707334836440645
135	33	0.5690521821832475
135	116	0.5641160224137686
135	18	0.5562316924959368
135	127	0.5529148765075583
135	39	0.5491266081497669
135	130	0.5481410171356317
135	155	0.5443241680199109
135	34	0.5373768119022461
135	186	0.5320569776872766
135	17	0.5258199084744303
135	24	0.5219673316087475
135	118	0.5085411039619403
135	122	0.4968914808339982
135	140	0.4921245441346938
135	119	0.49115393206307045
135	147	0.4735758421217531
135	120	0.47271433383406314
135	26	0.47175085853498305
135	182	0.46614988422863374
135	146	0.4604088552855153
135	181	0.44730813045571566
135	129	0.4400557976164624
135	27	0.43832050407017475
135	14	0.43630670124341264
135	115	0.43627431521972226
135	134	0.43211145486965674
135	104	0.4303042432901254
135	150	0.43022275595814186
135	75	0.41288156567409695
135	157	0.40136920411617255
27	130	0.7561572992507721
27	120	0.6902221967840345
27	26	0.674083522713286
27	143	0.6652871918222035
27	24	0.6584600177128204
27	14	0.6502201425952534
27	17	0.6422182397974556
27	124	0.6392237128855801
27	34	0.6392118848734688
27	15	0.6386970736048013
27	39	0.6283893469540892
27	127	0.6237134182575196
27	43	0.6174912227906727
27	133	0.5930255689172178
27	136	0.5917143922640925
27	33	0.5906084949587629
27	116	0.5901394448257282
27	20	0.566314136752753
27	77	0.5494547996078942
27	53	0.5267092543452809
27	51	0.5267020285336083
27	52	0.5265285862188046
27	129	0.5195111766037804
27	155	0.5173687046905655
27	75	0.4998453758141992
27	144	0.4992375046092114
27	18	0.49455328019043937
27	122	0.48961209824267643
27	148	0.48498349958758447
27	138	0.47948090803857313
27	119	0.4558182094591044
27	118	0.45397829400976936
27	149	0.4539465372847689
27	2	0.45338266353754486
27	40	0.4491220935017346
27	29	0.44018480467531024
27	157	0.4285752114724237
27	150	0.41216791767027966
27	146	0.39087295680182366
27	117	0.3847473556423978
70	176	0.7982971692997743
70	98	0.6467898730245523
70	177	0.5443804624644054
70	97	0.46694004327236915
70	199	0.597602840430731
70	11	0.5366438435179374
70	142	0.5303485589633363
70	109	0.5052195804909847
70	38	0.47708233408970924
70	198	0.4647006331527258
70	156	0.46122800739291786
70	71	0.44978442660729995
70	166	0.44570686920351943
70	61	0.4448089144942981
70	52	0.43863552150647633
70	35	0.41705367372823693
176	199	0.7863518035374277
176	109	0.6965924175594883
176	142	0.5760227809172569
176	11	0.6786623242305858
176	106	0.549510645106864
176	0	0.5236822341815824
176	98	0.511382463426513
176	52	0.4846928254502062
176	156	0.478101249866436
176	38	0.46614988422863374
176	177	0.4281179607377344
176	198	0.408792009481611
176	181	0.39587685201618156
176	139	0.39280289131477814
176	97	0.38797160293158145
109	11	0.7235091579303572
109	106	0.6643553111109437
109	199	0.5446196591525367
109	0	0.5300250530955787
109	51	0.4109967720003931
109	101	0.3985887522087749
109	53	0.3887867979734335
44	149	0.7962202278108053
44	164	0.7089601087831222
44	136	0.6880799150356313
44	33	0.6837431607749979
44	155	0.6453625400710075
44	18	0.6385431108685039
44	138	0.6346893566336859
44	140	0.6103067259650797
44	146	0.6077148174856171
44	43	0.6001041942618034
44	34	0.5892980660557063
44	119	0.5791215780011094
44	156	0.5717305503783625
44	144	0.5700318336013792
44	137	0.5558241010617045
44	143	0.5376399132579008
44	15	0.5287294862680489
44	154	0.5232684292630618
44	17	0.5229488320338127
44	142	0.49065298298944493
44	48	0.4867634480461557
44	134	0.47934227842483595
44	118	0.47184414738874025
44	14	0.45889451301341055
44	189	0.44793984028961087
44	151	0.4476920074143029
44	171	0.436719523943642
44	130	0.4335498582753008
44	52	0.42656494082044843
44	147	0.419652359824275
44	141	0.4158882357809685
44	150	0.4140008050383834
44	148	0.41310551348283214
44	51	0.40980762715597396
44	30	0.4079087646466158
44	120	0.40651568753255757
44	122	0.39718313577539593
44	178	0.3863904345952417
44	153	0.3861096670025049
149	164	0.7905137942457334
149	119	0.7768592737473876
149	43	0.7624746924946535
149	155	0.7042787520059088
149	154	0.6630236638613694
149	48	0.5371136059012094
149	151	0.5190145276969422
149	136	0.697492148093093
149	144	0.674705041835456
149	138	0.6737396415370855
149	18	0.6616596979163172
149	17	0.649544288636221
149	15	0.6294592303466059
149	143	0.6229919293348214
149	34	0.6146122053118165
149	156	0.6141826694537904
149	14	0.5980590850703983
149	33	0.5947732321875322
149	146	0.5646816291416002
149	118	0.5610265514347699
149	120	0.5510305449116871
149	148	0.5504035053100951
149	140	0.5404917263976843
149	130	0.5357817479502418
149	52	0.5349113952120896
149	124	0.5144186198440355
149	157	0.4953234168263983
149	122	0.4951347297868663
149	116	0.4880671964812342
149	127	0.4870075896398838
149	10	0.4712453603683413
149	189	0.46374354596927625
149	115	0.4566892251164358
149	153	0.44750808695011557
149	171	0.4208051304586992
149	51	0.4175491894147304
149	142	0.41138730491008757
149	186	0.40301215894012815
149	134	0.39905967816800775
149	137	0.39863080772092774
149	24	0.39477158066754586
149	39	0.3915505194498573
96	198	0.792493447598083
96	74	0.5340970874296137
96	81	0.6202984222365331
96	98	0.5401660258438679
96	183	0.5300969566285808
96	190	0.5034747985395837
96	79	0.4968688875315241
96	83	0.47774631900309833
96	63	0.457907177391616
96	85	0.4576384264148077
96	181	0.45320786839027644
96	87	0.44621958392792976
96	88	0.4377709852741481
96	182	0.4120350900946277
96	92	0.3958852847979783
96	191	0.38491773642388033
198	181	0.6500758156956551
198	183	0.6249643292970665
198	98	0.5911096767743652
198	182	0.5726184037283386
198	79	0.514470094134247
198	190	0.512599940198371
198	199	0.501770795498682
198	81	0.48854697685315385
198	191	0.4718596945040333
198	83	0.45710067354410194
198	97	0.43037757589318626
198	87	0.4233446524668828
198	166	0.41990773308205465
198	74	0.40132725813631687
198	177	0.38445764813514316
164	156	0.6848173162181879
164	147	0.6386674693570102
164	165	0.629664471979968
164	154	0.6130479433353394
164	144	0.5942818641204537
164	119	0.5926818509600832
164	155	0.5916559004822929
164	138	0.5542949835804053
164	171	0.5539069192039144
164	189	0.5505638078898236
164	18	0.5477561533627144
164	140	0.5433734598611911
164	43	0.5420754322277905
164	146	0.5392092308099824
164	45	0.5342185822483422
164	157	0.4939260267059212
164	136	0.4883794680446437
164	48	0.46335883703843656
164	34	0.4608579108908572
164	52	0.45537444756607315
164	10	0.44805174225725825
164	143	0.44091013073367347
164	17	0.4394427660305448
164	142	0.4298641284064899
164	137	0.4280036137832864
164	151	0.42578748576731773
164	15	0.4251404913076188
164	148	0.41592131670964555
164	33	0.40598966353748916
164	141	0.40341412012741773
164	118	0.3946111791124723
164	80	0.3874447998987222
164	153	0.38718980430924815
199	98	0.5934921604977793
199	11	0.5570391760004079
199	142	0.5520394678218888
199	181	0.49109322825280527
199	38	0.48525113099956446
199	106	0.48075056420320433
199	139	0.4713075922469165
199	0	0.46684620197510973
199	166	0.44812367182379237
199	182	0.4165331152966641
26	127	0.7823112566360606
26	24	0.7699886993454392
26	129	0.7101914327181611
26	133	0.6689277489428729
26	143	0.6371907854447012
26	15	0.6303098061840018
26	39	0.6172189188048025
26	14	0.6080552743844739
26	120	0.593809474051221
26	17	0.5920911898722644
26	130	0.5881676957114877
26	116	0.5599154388397217
26	124	0.5527690596993418
26	29	0.54187767903454
26	52	0.5267670580984068
26	43	0.5220255331866561
26	34	0.5188099232707307
26	33	0.5059193159609916
26	136	0.49771943669732166
26	122	0.4885850420158614
26	144	0.4691578824801087
26	75	0.45384331996381416
26	115	0.45301714301803386
26	10	0.4435968623320966
26	148	0.43783565153444537
26	118	0.43684090739976394
26	77	0.43654146610639194
26	138	0.42699022847011586
26	20	0.4050120479084941
26	117	0.4008825272732764
26	119	0.38515622544815653
127	129	0.720868166810642
127	24	0.7189798721160828
127	143	0.6740671540401431
127	15	0.6260357281925965
127	130	0.6138026315335671
127	120	0.6073678260557623
127	14	0.599592048533598
127	39	0.5967600202958235
127	136	0.5928634647189588
127	124	0.5907842859556383
127	116	0.5769575033747805
127	133	0.5762899984359996
127	43	0.5660559516504731
127	17	0.5649608296952533
127	52	0.5520186099036843
127	144	0.5490707288976455
127	10	0.538740956982009
127	122	0.5269910016263661
127	33	0.5219382289969491
127	118	0.5165700153109498
127	34	0.515498801258625
127	138	0.5080071106519618
127	115	0.4891710106381895
127	148	0.48346775986286245
127	77	0.46055856668764245
127	18	0.44328355163310623
127	119	0.43589369478265266
127	75	0.43423983318371767
127	155	0.42745619223785675
127	20	0.42039358238113383
127	104	0.4150111902775103
127	29	0.4109967720003931
127	40	0.4047779510997503
127	2	0.3978988027129841
127	51	0.38951656034274496
140	141	0.7818063576087741
140	137	0.7597907985198314
140	134	0.5912592919812631
140	146	0.6510102211573544
140	136	0.5860379411126208
140	33	0.5811914401125986
140	35	0.5616018894995204
140	172	0.559833053940526
140	142	0.5461722785108651
140	138	0.5436834736463212
140	147	0.5377110037679214
140	2	0.5339898677953837
140	34	0.5332746312836537
140	155	0.5206565112661997
140	150	0.5050333686815289
140	143	0.4877624208324029
140	144	0.48090432519602094
140	165	0.4774607179032967
140	145	0.4518082528125396
140	189	0.43781140221766873
140	37	0.4361609552355529
140	62	0.4344183319971538
140	10	0.4287629473198249
140	104	0.4274807103595483
140	30	0.4201383356619179
140	39	0.41682234817592995
140	171	0.4001604863697816
140	43	0.39953879741648896
140	24	0.39493195816207394
140	18	0.3946871617953004
140	100	0.3875212870188403
141	2	0.5582587542930216
141	134	0.5836957124950043
141	137	0.5658656389070131
141	139	0.5339684218071992
141	142	0.5153666220177072
141	39	0.48435612160426084
141	37	0.46165302660659896
141	136	0.4520310680239397
141	104	0.44985621615828447
141	34	0.4381750750733053
141	10	0.40961623584660983
141	146	0.4058059092014521
141	147	0.40265193662162996
141	143	0.40152019570309233
141	33	0.4010168055712511
124	17	0.7267761430781436
124	14	0.7182109156798517
124	20	0.6494170901738836
124	130	0.6315197178819452
124	120	0.6309000967276941
124	148	0.6165747030715196
124	43	0.6141141590641588
124	119	0.6062369210170256
124	122	0.600097795473844
124	144	0.5950058305027318
124	18	0.5806813052065134
124	118	0.5663616850486622
124	129	0.5661510854030518
124	136	0.5631061558142313
124	15	0.5575493490531019
124	116	0.5489519691866244
124	155	0.536722160366887
124	51	0.5363661001825775
124	157	0.52175631014186
124	154	0.5160052611137024
124	34	0.5159025302931529
124	52	0.5121131963369654
124	39	0.5117737559641327
124	143	0.5107175183904507
124	33	0.4919653868677993
124	53	0.47944240221252327
124	24	0.4745681692337124
124	10	0.47393259830308876
124	117	0.4736999488643427
124	133	0.45646759499525746
124	77	0.45439896171969685
124	40	0.4356344596920483
124	16	0.4327293443976974
124	115	0.4280036137832864
124	1	0.41867968617933765
124	104	0.406298630896942
124	11	0.4033890021120059
124	48	0.4013608150548818
119	17	0.7107510431691031
119	43	0.6601785208908167
119	14	0.6390521771089488
119	154	0.637505492723648
119	18	0.6348804120382826
119	155	0.626363979996312
119	144	0.5817937384243226
119	120	0.5782635800199215
119	15	0.5730819751275658
119	136	0.557073660407741
119	118	0.5220109832478953
119	34	0.5179031033894766
119	52	0.5133515330932509
119	138	0.5130863548247756
119	48	0.5085188620442517
119	148	0.5058969942528366
119	130	0.5048396585129734
119	115	0.49288955519642813
119	116	0.48928510902364325
119	143	0.48822715607042794
119	157	0.4881890734286069
119	156	0.48770145142778015
119	33	0.48716013950078835
119	122	0.4567921055516021
119	146	0.4434522708601287
119	151	0.4175161627561611
119	51	0.41657443944417893
119	186	0.4156649107259227
119	153	0.3994295438050504
24	34	0.664165333318924
24	39	0.6576152081872381
24	143	0.6523679309060207
24	33	0.630605042654688
24	15	0.6145499763036447
24	120	0.5944629461223452
24	14	0.5851377323651824
24	133	0.5619167256696704
24	129	0.5593591259478713
24	136	0.542548383716784
24	116	0.5355179086291051
24	130	0.5291400162240917
24	17	0.5163133645223454
24	43	0.5156896835267671
24	2	0.5121574593812991
24	138	0.49665045088318405
24	52	0.489558876819186
24	77	0.47351378169691943
24	144	0.4651395887364618
24	18	0.43984612239860443
24	75	0.43221717529004466
24	148	0.43135480090384287
24	122	0.4242880889433911
24	118	0.4200642193194959
24	10	0.41358641762784104
24	155	0.39783988371401846
24	115	0.3974947208272984
24	40	0.3861351942865587
46	152	0.7638943566343299
46	154	0.623187692239267
46	59	0.5679151144560964
46	14	0.559482794621279
46	115	0.43708362659006755
46	16	0.38522435572330693
152	59	0.5974356680400686
152	154	0.5287510992791299
152	14	0.46542948754147695
152	117	0.44254403053218955
152	16	0.41576417249612896
152	115	0.4131138068869187
15	43	0.763268942359885
15	116	0.7546244004153643
15	115	0.6706260544115713
15	118	0.6579272435271013
15	14	0.7172703105108859
15	120	0.7093130677083663
15	17	0.6945586959082497
15	143	0.673859760207824
15	130	0.6697943191412022
15	136	0.6503471114590642
15	33	0.6404580734740726
15	18	0.6372561195344307
15	52	0.634474326519731
15	34	0.607765269648716
15	39	0.6024027683913642
15	148	0.5766905937750973
15	144	0.5750664710537616
15	138	0.5720468337290613
15	155	0.5653555754730936
15	75	0.5492802507790606
15	77	0.5464178251068437
15	122	0.5371349508264941
15	129	0.5366367233458755
15	10	0.5173394108994173
15	16	0.5103182578053352
15	133	0.49937262960956624
15	117	0.48817383985129986
15	156	0.457670048518758
15	186	0.4567446237919632
15	142	0.4530012473646533
15	150	0.43525357710483276
15	51	0.43209518913527534
15	146	0.3950332368116173
15	154	0.3918129609252534
15	2	0.3892790169235847
15	151	0.3882603873588085
43	148	0.7311621929989742
43	17	0.6987327330316363
43	120	0.6641373881704364
43	116	0.6582220511462646
43	18	0.650399042796434
43	143	0.6502663172945505
43	14	0.6426586943632571
43	136	0.6394188314242584
43	155	0.6387621962945333
43	130	0.6385371882037297
43	52	0.636608313763608
43	34	0.6239088933393125
43	118	0.6125608561891032
43	33	0.6056357219964792
43	144	0.5902502287344711
43	39	0.5592491773297725
43	77	0.5558862933116021
43	138	0.5377749786906255
43	122	0.5311171640418395
43	157	0.5309304804817312
43	186	0.520328421859723
43	154	0.5097411594943176
43	51	0.5090524807445174
43	10	0.4888210045126841
43	48	0.473397405727167
43	115	0.4718596945040333
43	129	0.45833384519717085
43	146	0.45372420791983803
43	156	0.45027088639916385
43	20	0.44620356602332345
43	133	0.4455465858404284
43	117	0.44464847121719997
43	16	0.4384578326089573
43	142	0.43525357710483276
43	150	0.4220222976309486
43	75	0.4169049706447715
43	189	0.4037405989940491
43	2	0.3936989661214361
43	153	0.38605861066026254
88	90	0.7632271971215768
88	81	0.59830953352134
88	193	0.7216981348468164
88	194	0.7000558265977834
88	94	0.6219199698924996
88	92	0.5672440396744155
88	91	0.5538653265941669
88	87	0.5307078288672621
88	191	0.5303198091372143
88	170	0.5176981762926259
88	93	0.47497870201556125
88	86	0.46824490942121605
88	190	0.46307608239285064
88	180	0.43306251084790387
88	74	0.4293830285154837
88	50	0.42088741929988627
88	76	0.4073917954969542
90	194	0.7400455168288708
90	94	0.6729415877433177
90	193	0.7197422527769645
90	170	0.525704136587576
90	50	0.525327743444754
90	93	0.5227671771587776
90	92	0.48302320507792607
90	190	0.4389585043722566
90	91	0.4358045908750772
90	81	0.4259839548906343
90	86	0.41703715226576776
90	66	0.4120932043142932
137	146	0.6993616724363686
137	172	0.5920457280265083
137	62	0.5681454106028195
137	35	0.565994786275202
137	145	0.5533313093900268
137	150	0.5373696996024062
137	33	0.537334136956624
137	136	0.5142935954195034
137	138	0.5050035704277197
137	142	0.5032284082796152
137	147	0.4925336546287905
137	165	0.4883718531525025
137	134	0.46629075917809887
137	34	0.46604812650563504
137	155	0.4591234131346195
137	42	0.45630133522004845
137	171	0.45372420791983803
137	37	0.45092439498852593
137	174	0.4333143386592363
137	67	0.433135629115429
137	166	0.4197347455563531
137	49	0.4036820077912389
137	189	0.4025262483185865
137	32	0.4015872960701724
137	167	0.3976546883539003
137	30	0.3951091894978304
130	143	0.7085619826122737
130	120	0.6595857376621896
130	136	0.6466502522675261
130	17	0.6447961837325084
130	14	0.6251958537451048
130	116	0.6162398803815485
130	39	0.6141017016351621
130	144	0.6118230956090758
130	155	0.6025620221304817
130	33	0.57691080308602
130	34	0.5708750619642868
130	52	0.5595377504816148
130	138	0.5587885537648233
130	51	0.5564940674212532
130	129	0.5538237312199229
130	122	0.5332817874271679
130	133	0.5247917524162258
130	148	0.5158071240997509
130	146	0.5137417560941174
130	118	0.5096375291464988
130	157	0.507962593568584
130	18	0.5055174215552404
130	20	0.4688926772868273
130	77	0.46134608953139333
130	117	0.4601487679622377
130	75	0.4571876856558556
130	53	0.45610336536782675
130	150	0.45382743929485103
130	40	0.42159481732448667
130	10	0.4214632472009234
130	115	0.4194958078832447
130	142	0.4089169351843272
130	186	0.40045440024812984
130	2	0.3862798377243332
39	143	0.7556300910235423
39	136	0.6319343533030253
39	116	0.5890173219835583
39	33	0.5695455882489145
39	34	0.5540316804459408
39	52	0.5488052354088637
39	120	0.546277524264057
39	10	0.5403784576123247
39	129	0.530722195698776
39	138	0.5125925677475668
39	118	0.5105992419078951
39	122	0.5087486624667101
39	139	0.500205363624329
39	17	0.49986788011474065
39	2	0.4993426039307503
39	104	0.4969065426614397
39	148	0.49613046932639376
39	18	0.4948780404403998
39	14	0.48913297412178575
39	75	0.48910254356907334
39	77	0.461409059990019
39	40	0.4581600430559098
39	144	0.4566100780069701
39	150	0.45622215269805577
39	142	0.444014441319699
39	20	0.4437574924436979
39	134	0.4350752380795204
39	133	0.4313629401990906
39	186	0.39753681988790135
39	146	0.3885660760121355
39	100	0.385326543262492
143	136	0.7106570122106597
143	138	0.6909074840094096
143	144	0.6331701003629387
143	34	0.629863593072912
143	33	0.6287039100892027
143	116	0.6038533863479983
143	18	0.5931487359660819
143	52	0.5927077994738424
143	120	0.5878471145517155
143	17	0.5856175854093941
143	14	0.5800977350378899
143	129	0.5757286993886843
143	155	0.5616703459865341
143	118	0.542548383716784
143	142	0.542527214134685
143	10	0.5039747935976251
143	122	0.5036315497207422
143	133	0.5005277059479041
143	146	0.483988644606628
143	51	0.47813981990412857
143	148	0.46769820762391645
143	150	0.45626966307832467
143	156	0.4526435190242282
143	115	0.43680044801500084
143	104	0.4350752380795204
143	157	0.42852623081568203
143	2	0.4212411823789963
143	186	0.4121596164599885
143	117	0.40947474952392043
143	77	0.4059061429076061
143	154	0.4041088107116372
143	134	0.40268545093854524
143	40	0.39606235779091975
143	75	0.38924507792125385
116	186	0.5355607004882776
116	120	0.6582050484985827
116	14	0.6186406917982268
116	148	0.6025365447560477
116	17	0.6023008208213327
116	115	0.5770242115297111
116	118	0.563590829092482
116	136	0.5585890723925897
116	77	0.5563352747984356
116	33	0.5437116493647788
116	75	0.542894056005737
116	52	0.5419483120649548
116	18	0.5305282177406515
116	122	0.5299099915879889
116	10	0.5250597999945458
116	133	0.5013741302307922
116	129	0.49490824367151076
116	34	0.48336047635250257
116	144	0.4688692727678924
116	117	0.4655861480349309
116	138	0.46075551545859106
116	155	0.4129728096991014
116	16	0.4061149317668737
116	150	0.3843894706530371
120	14	0.7380032325406825
120	77	0.6071153229947861
120	17	0.6770353590991532
120	136	0.5971204711884213
120	33	0.5728401575108159
120	34	0.5651242041626929
120	118	0.5331672799721549
120	133	0.530513846791966
120	18	0.5286790532424269
120	148	0.5241175514991385
120	155	0.5130789873630495
120	129	0.5098743767807958
120	52	0.5034225407790298
120	75	0.4970194968246222
120	115	0.46133821789722135
120	122	0.4482755040776389
120	51	0.44235101288793227
120	144	0.44134505019935705
120	138	0.438732428270714
120	117	0.4292606761037706
120	2	0.4213892312077581
120	186	0.4033806293051015
120	20	0.4000764958505781
120	10	0.3966102541587067
17	14	0.7358556484360135
17	18	0.6442291184931009
17	136	0.6293686546336277
17	144	0.6195657582205072
17	155	0.6096725343015298
17	33	0.6064961720499984
17	34	0.5821838989203189
17	148	0.5759960523911869
17	52	0.5659540058962473
17	118	0.5556927858774883
17	122	0.5427600416354336
17	157	0.5376399132579008
17	154	0.5353039080843267
17	133	0.5267020285336083
17	138	0.5253784237343454
17	129	0.5247192892520006
17	115	0.49539133272273184
17	48	0.49434173412728905
17	51	0.4923821575875207
17	20	0.4903264324640641
17	186	0.4775687950550276
17	117	0.4746921254289882
17	10	0.47155647283175933
17	146	0.466869663285229
17	16	0.4571481357807986
17	150	0.42601669583953916
17	156	0.4179289166829658
17	77	0.40822548750473475
17	153	0.4068995984132764
17	75	0.4057975559519138
17	29	0.3949994783285338
194	193	0.7324765570509665
194	170	0.6483054511679767
194	94	0.5874608635289206
194	191	0.5692752795529185
194	50	0.5457862298696031
194	173	0.5427741497130298
194	190	0.5073836245694578
194	180	0.4947119012954653
194	87	0.43709980560670114
194	183	0.42072283469170746
194	179	0.4145144072076377
194	93	0.4098741895903064
194	196	0.4007566257235619
194	81	0.39417206239725544
194	175	0.3881669654433852
194	160	0.3880905233964623
194	91	0.38658607876430584
33	136	0.7388808093493332
33	34	0.7118922316214368
33	138	0.6262059605428858
33	144	0.5848614666766178
33	14	0.5763567835707868
33	18	0.5753006783983757
33	155	0.563720464630955
33	146	0.5400314501075119
33	2	0.5285781759924367
33	150	0.5096893461690831
33	118	0.5025933898133814
33	30	0.48774717892729974
33	148	0.4836669621388705
33	51	0.4743046998143017
33	52	0.4717275346710743
33	142	0.4515137319492102
33	134	0.44734812533300206
33	35	0.4437333997443288
33	122	0.4423107957193907
33	42	0.4359665916244975
33	40	0.4321033220376084
33	77	0.4243864814874144
33	10	0.4171197568219386
33	133	0.41247501433819794
33	115	0.40939151307292515
33	100	0.3967703551504144
33	145	0.3943578645266456
33	186	0.38944021275004276
33	172	0.38913476886502096
33	129	0.38574371095664783
136	100	0.4755670299022445
136	138	0.6799279344409115
136	144	0.6690824299537873
136	155	0.6494864756594949
136	18	0.6442291184931009
136	34	0.6264247430065896
136	118	0.6219261020098731
136	146	0.6164321206579383
136	14	0.5953093505891425
136	150	0.5685515985652276
136	52	0.5438313824957732
136	148	0.5437186931029042
136	51	0.5134325402409401
136	122	0.5059118754668915
136	134	0.49495354627603916
136	2	0.4943039518809585
136	129	0.49071372137722047
136	104	0.48728215798869723
136	10	0.4789339523077833
136	142	0.46383773375817516
136	48	0.46015665055707905
136	154	0.45412118499927495
136	157	0.442745046983604
136	186	0.43061383119088714
136	156	0.42757877655758103
136	133	0.42377136373125573
136	115	0.4207063747072805
136	153	0.41351180968616386
136	40	0.4119437609763096
136	117	0.41093859461099946
136	20	0.406190085379378
136	145	0.3957925205261704
136	16	0.3866115950044827
14	18	0.5941524829312044
14	115	0.58393960055863
14	154	0.5786894135541001
14	144	0.5726251247714895
14	118	0.5635157642476305
14	34	0.5633792588681751
14	117	0.5387693466974565
14	155	0.5346543525972473
14	16	0.5303629334189852
14	122	0.5291760158137819
14	148	0.5273015118519156
14	129	0.5114858443410852
14	52	0.4971851324669891
14	77	0.47945780476448774
14	138	0.4749090034653331
14	133	0.4694230030791745
14	51	0.46123588004385874
14	20	0.4345481278883838
14	75	0.43089074502527314
14	186	0.398142860741539
14	10	0.39742735884960656
14	48	0.3940875962295942
11	101	0.48636655572200127
11	106	0.6122421243522803
11	0	0.5630583501279222
11	98	0.4805121762257871
11	142	0.42841193282154205
11	38	0.42323794528519537
11	32	0.42260566973175295
11	51	0.4150608549834829
11	52	0.40036203618980176
11	181	0.400152087620322
11	53	0.3961888204682166
11	139	0.38512215873605443
193	190	0.5991883878005286
193	170	0.6275959781691257
193	191	0.5545581758180522
193	196	0.5473710576272883
193	94	0.5440637424380573
193	93	0.517053732900598
193	158	0.5060309143380489
193	55	0.45188783614690264
193	185	0.44370930640350675
193	180	0.4418843843831633
193	50	0.41844049202086947
193	83	0.413503519572051
193	183	0.41049800007201104
193	92	0.4041841106190114
193	187	0.4016627788297332
193	175	0.4007062608649629
193	87	0.397713617665876
193	169	0.39353840389928957
148	18	0.5515456451296036
148	144	0.5488960745932259
148	77	0.5471609076470062
148	118	0.5392376003342991
148	186	0.5159612354364761
148	52	0.511707325018483
148	157	0.5005876613082768
148	20	0.4991248818891343
148	155	0.4874194060468106
148	122	0.47763826559305267
148	10	0.4707395524290917
148	34	0.448387363926886
148	117	0.4339801376606084
148	154	0.4283466135257309
148	51	0.42379597595328816
148	129	0.4224495903561226
148	115	0.4054132332006457
148	133	0.3866201002863461
139	2	0.5533521237783645
139	1	0.44070065117764234
139	142	0.43798113405693995
139	0	0.42622948480677975
139	134	0.41463862615405717
139	104	0.4081421489077835
139	10	0.40210717770034
139	36	0.3961213755772046
106	5	0.36604629534099803
106	0	0.5084817906733606
129	133	0.5958836361980744
129	52	0.49358573440717635
129	122	0.47453717724330635
129	144	0.47421169031475874
129	115	0.4628875269106831
129	29	0.4582548485681166
129	10	0.45620631532660294
129	118	0.4521185871423265
129	20	0.4395395877310146
129	40	0.40907515240848263
129	138	0.4021742403282991
129	117	0.40183888404535495
129	34	0.3940369133332551
129	18	0.39157591979720563
129	104	0.38686672484836443
144	155	0.642200612785875
144	154	0.6251227526438198
144	18	0.6104384894728012
144	138	0.6035610390621791
144	146	0.5944306144710894
144	150	0.5611772876534821
144	157	0.5539970270411623
144	118	0.5382652473612883
144	122	0.5358245228502239
144	34	0.5279076838327094
144	51	0.5074875758447868
144	10	0.49282898801741276
144	52	0.48790720409884814
144	115	0.4849605555236127
144	153	0.4773526263018734
144	145	0.4713775975010808
144	156	0.4693450352150255
144	186	0.4556993668704144
144	16	0.43697036555369995
144	117	0.43683281566419996
144	40	0.4359179943654897
144	189	0.4333711936424917
144	172	0.4124003237730512
144	133	0.4093249190049017
144	104	0.40889195126964073
144	20	0.407992122290079
144	48	0.39789038591406606
144	100	0.3921599630297386
133	29	0.6529763909695984
133	150	0.4927154116839228
133	40	0.44287367416239853
133	20	0.4324773595554921
133	115	0.4091584147541175
133	52	0.4054550143591965
133	75	0.4050287670778835
133	186	0.4038577714642853
133	117	0.4010671554910198
133	51	0.39832797062225034
133	157	0.39466183483409173
34	138	0.6220364670799309
34	18	0.6049704335315359
34	155	0.5828577816624552
34	51	0.5118623210393985
34	52	0.5091784169921314
34	118	0.4947119012954653
34	2	0.48463161724776616
34	146	0.4452018798780373
34	142	0.438296267497409
34	122	0.42870581424170956
34	156	0.4179866884721984
34	77	0.4064489057612098
34	48	0.39606235779091975
34	10	0.39178756614865134
51	155	0.7087959364436696
51	53	0.6532631082523153
51	47	0.5458072930464556
51	157	0.5540178193144114
51	153	0.5404350944535816
51	20	0.5200366578166721
51	150	0.509852175597611
51	18	0.5098225729635467
51	40	0.504116521812114
51	118	0.46692440378639744
51	42	0.4525481001804374
51	49	0.44385385682629336
51	146	0.437560788647451
51	145	0.4139593740141226
51	154	0.4108388541564387
51	172	0.40697469460749164
51	52	0.40458561759072825
51	138	0.3984289259755032
51	89	0.39701467328421886
51	122	0.39140657287722147
51	35	0.38758927109124175
155	153	0.6129168502943132
155	72	0.4197265072943408
155	18	0.6262788989929944
155	154	0.6095908489056958
155	146	0.5985277778552371
155	157	0.5756618418932593
155	138	0.5683214593993373
155	156	0.54431009364269
155	118	0.5284989048213401
155	150	0.5206492220602755
155	52	0.5193140197566777
155	48	0.49213212223173053
155	47	0.4832685075004631
155	189	0.48203356070700937
155	122	0.47976579376634965
155	142	0.4355534339008029
155	145	0.4227124464432022
155	172	0.42052529659826293
155	117	0.41974298374920804
155	53	0.40221615227948965
155	171	0.3975957557611409
155	178	0.3930227523867166
155	16	0.3874193030065598
155	49	0.38574371095664783
181	79	0.6861531916306461
181	142	0.5470207693250037
181	182	0.5413688952411853
181	195	0.5347614657146572
181	166	0.5341042347944517
181	183	0.512629429245764
181	98	0.49556486805537137
181	196	0.48779290375048256
181	101	0.47628637902310705
181	38	0.47593838638340646
181	190	0.40890860728087214
20	53	0.708208267384078
20	40	0.6199229900071911
20	77	0.5164820312070643
20	84	0.4653119730293315
20	157	0.44916998957171383
20	49	0.4487947346086893
20	150	0.4453221411389773
20	69	0.4391199532825174
20	47	0.4216605957305999
20	122	0.4167975600920687
20	18	0.39318339168121313
20	78	0.39279443422267296
53	157	0.57650368377046
53	40	0.5054876428676501
53	49	0.502780216306178
53	84	0.47559798275342446
53	68	0.4401203034170314
53	69	0.4277993887086265
53	47	0.4249274613185344
53	77	0.4175079059191495
182	183	0.7066747239491923
182	175	0.5801574457159083
182	147	0.5489659420679243
182	187	0.5108948968733116
182	80	0.49414524605235605
182	81	0.4928441302599315
182	185	0.4883337775761298
182	78	0.44024123954993527
182	191	0.4095163651933326
182	179	0.3994127345499797
182	156	0.39799979907527544
182	98	0.38550534871674313
183	81	0.6698604788916791
183	187	0.6375826526056102
183	160	0.5131452917968687
183	175	0.5699575719372574
183	196	0.5604781060309567
183	185	0.5587060175885253
183	166	0.5097707654486596
183	167	0.4790649474268453
183	191	0.4467640225417619
183	170	0.44041052330376185
183	190	0.4326236815633648
183	60	0.40931659443972057
183	76	0.407233317166192
183	63	0.4041673777796561
183	179	0.3937412153459308
183	195	0.3862968533506144
83	190	0.7035169153277947
83	191	0.49436440257860037
83	87	0.47248910602854705
83	55	0.39607078910361365
190	191	0.6148859220814148
190	55	0.5103182578053352
190	93	0.5237257782283916
190	195	0.5081258096070471
190	87	0.48748039745421756
190	170	0.4746146550131812
190	158	0.46765914379111545
190	196	0.4037991868851624
69	84	0.7032592402835491
69	68	0.6312491087167839
69	86	0.7011047514334741
69	92	0.5134693586470522
69	60	0.5096227236038139
69	91	0.4927684160623273
69	94	0.48888188645376834
69	37	0.4601487679622377
69	61	0.4458110380674683
69	65	0.4241076765901352
69	40	0.4138765068203671
69	78	0.40959959141946883
69	76	0.4011678480608129
69	49	0.39005932214672484
69	188	0.385343573600346
84	86	0.7020441683328077
84	82	0.44598729633152534
84	91	0.5495246057144503
84	68	0.5366296030973943
84	189	0.5041687306269464
84	49	0.49650730309433694
84	60	0.48535815811554206
84	180	0.44805973471781013
84	78	0.4382073946109667
84	188	0.4269656977755485
84	80	0.4226303115527697
84	94	0.41689670870787277
84	76	0.4044601634064197
84	92	0.39079670446973414
84	45	0.3857947818819367
86	94	0.6708570988133005
86	91	0.6368639775996137
86	180	0.5929477648998656
86	60	0.5643545958895744
86	49	0.5377110037679214
86	92	0.49180619671156356
86	68	0.47900330532243934
86	175	0.472590077851736
86	189	0.46350017899420687
86	82	0.43998322316179694
86	50	0.43638766135704377
86	78	0.4158799653768197
86	76	0.40925832057535744
86	65	0.40139437089598956
86	188	0.4013608150548818
86	64	0.38952504307819513
10	104	0.5414890605331653
10	122	0.4712531396097851
10	52	0.4585076122918288
10	118	0.44711613014266705
10	18	0.4381669950118649
10	134	0.4323716683805609
10	150	0.4201301007895313
10	2	0.4161363159140451
10	100	0.4045605279718677
10	138	0.40353132949357967
10	186	0.39144891209332916
10	115	0.39018649276393924
146	150	0.6556413403259191
146	189	0.6412359691477264
146	49	0.5760294628563257
146	178	0.4014195370697055
146	172	0.6093771489633343
146	138	0.5380521317968263
146	157	0.5377963022887688
146	145	0.5171050169249632
146	18	0.49713243414693403
146	171	0.49296525745352854
146	42	0.48053524913463075
146	154	0.47680422505585723
146	147	0.4738705649198684
146	153	0.4656957930227545
146	165	0.4542243695205312
146	180	0.42957875959281855
146	35	0.428779270426548
146	134	0.4089252630196742
146	48	0.4003956240614906
146	174	0.3924730155002509
146	67	0.3889989885512194
38	142	0.6968497074268616
38	98	0.5433946018750381
38	32	0.5313755638649691
38	166	0.4446805621558972
142	156	0.5496362795279303
142	138	0.52492216694652
142	52	0.5122238488472646
142	134	0.4869541901670203
142	166	0.47473860414831087
142	145	0.4681824473451613
142	98	0.4508128545411708
142	32	0.4415624322177451
142	30	0.43112687213070516
142	0	0.39665238833844396
142	18	0.3949066369996247
166	167	0.6947760195505144
166	61	0.6484619427828311
166	32	0.6213616279030959
166	79	0.5682266703574361
166	196	0.557735388497825
166	36	0.500250349949783
166	172	0.48237892540973587
166	98	0.4695867117678349
166	63	0.4400074152853658
166	37	0.4329650109581425
166	195	0.4312489836759731
166	62	0.41095521706381016
166	31	0.4089169351843272
167	196	0.4726832716003937
167	169	0.4595258137791081
167	61	0.4549780402859821
167	31	0.4398703181409834
167	63	0.42056645365659545
167	62	0.4018975791800287
167	36	0.38751278871338674
138	18	0.5639319156361158
138	156	0.5268682029438881
138	52	0.49823081079072723
138	154	0.45269917522979586
138	118	0.44686806874630375
138	134	0.4292362037304685
138	115	0.41177768682832344
138	122	0.4103649527119284
138	150	0.4050872820376198
79	98	0.531554950033407
79	32	0.47463789691012337
79	85	0.45782023770097446
79	63	0.42866500280069664
79	196	0.4188198764443332
79	93	0.4065991586386269
79	61	0.4059646080605356
79	36	0.3946365072731409
16	117	0.6878481646335253
16	115	0.5828445759723891
16	118	0.50657378458498
16	154	0.4607240067036956
16	18	0.4207639834408808
117	115	0.5816481862666727
117	118	0.48928510902364325
117	154	0.4690486905854858
156	52	0.5749995373494647
156	171	0.47168866009754473
156	154	0.4547956323550726
156	18	0.4459953072491124
156	165	0.42908935625559574
156	97	0.411470377540844
156	177	0.4091417628300217
156	147	0.4025094887312771
87	191	0.6834448492213777
87	89	0.537476376073793
87	91	0.4911159927406488
87	179	0.4584286315938199
87	81	0.4135366796171336
87	97	0.4088336530850468
87	94	0.3855223762979786
191	179	0.5988549778439044
191	89	0.5288519509314135
191	180	0.49303338310376743
191	170	0.4607082518907324
191	175	0.4326724505023994
191	91	0.42340210531558997
191	173	0.4073667742334092
191	81	0.39903445532485493
191	93	0.38576073486109747
147	165	0.6760103810593643
147	45	0.6161716484315455
147	189	0.6205198555315201
147	80	0.52116656704628
147	175	0.5131968576781949
147	174	0.4595810305247245
147	172	0.4101653489119233
147	171	0.3994547571840998
147	180	0.3934623397282003
165	171	0.6303821258593859
165	189	0.5770642327276295
165	45	0.5531786494271009
165	179	0.48894276363278616
165	60	0.4591944387118084
165	174	0.4573221417057942
165	173	0.4454023063878352
165	180	0.4350022713642276
165	175	0.42149614139560854
94	91	0.5649335963093994
94	93	0.559462184905286
94	50	0.5563352747984356
94	180	0.5221128264390446
94	92	0.5190583637669984
94	170	0.514991980985768
94	41	0.48935356001656155
94	66	0.46980493979821325
94	60	0.44645181141437495
94	81	0.44496130916864884
94	196	0.40037043325858257
94	175	0.39900923187780796
94	49	0.39879901300415055
115	118	0.5636590617844589
115	154	0.42902408342915715
115	18	0.41888584142688445
115	151	0.39498259868694474
81	60	0.6223551606963831
81	92	0.5980976232073131
81	76	0.6224286760921824
81	187	0.5274964114402625
81	188	0.4648103934762286
81	185	0.46104691637873907
81	74	0.4559211932248707
81	78	0.45402592693476734
81	91	0.44961689505200275
81	63	0.44808371166973354
81	85	0.4301412616143157
81	175	0.4060397726603879
81	160	0.39497415876614145
150	172	0.6694357689705042
150	42	0.6046025782494341
150	145	0.5849338350976485
150	40	0.5909535131790028
150	35	0.49487048944578105
150	49	0.48678633955223566
150	189	0.45526347171606835
150	67	0.4469320911717318
150	18	0.4428093628512941
150	100	0.42381238375363006
150	153	0.42356623754605804
150	118	0.419248569795909
150	157	0.40175502812485053
150	68	0.3998160825342783
150	180	0.39549730774492775
172	168	0.5003553075406199
172	42	0.5867859189431317
172	67	0.5708548385680331
172	68	0.5569977921759288
172	189	0.5539900961298253
172	37	0.5205180033745272
172	145	0.519233680743295
172	62	0.5089635714451826
172	169	0.5019578285500508
172	174	0.5017333832566554
172	35	0.48419537143498725
172	175	0.46357869211326785
172	40	0.45363684878237903
172	49	0.4302716491987994
172	65	0.41500291258603766
172	153	0.3969388564339596
18	118	0.6537959044061623
18	52	0.5498456149922084
18	154	0.5458283555335333
18	122	0.5366296030973943
18	157	0.4588708302126027
18	189	0.426139464459626
18	48	0.421948324075257
18	153	0.4070080689280916
18	186	0.40637377107712525
50	173	0.66620588089303
50	170	0.6630292678204253
50	66	0.6212695328610324
50	93	0.561245791814138
50	180	0.4678934993820928
50	41	0.44916998957171383
50	195	0.4338908506621895
50	174	0.41514362399645527
50	171	0.4097327392003219
50	49	0.4004292108573217
50	67	0.39667766804410354
50	179	0.39241379632816553
50	91	0.38726630920805866
173	171	0.6509814109349935
173	170	0.5851771878099727
173	180	0.5351612028628989
173	179	0.4819030505936435
173	174	0.44902629361767765
173	175	0.4293422461292133
173	80	0.4180196994053859
65	68	0.6651199405604653
65	169	0.5642387291130826
65	61	0.5435918940976369
65	66	0.5259573622908771
65	67	0.5253567040666642
65	42	0.48203356070700937
65	37	0.45382743929485103
65	93	0.4365576545960182
65	63	0.43246110014818834
65	92	0.42644222661684283
65	62	0.4112793002714736
65	170	0.41030673899741177
65	31	0.40317128718134804
65	64	0.3995051821293081
68	42	0.5928440089855608
68	37	0.5338397314491911
68	61	0.5024364192725458
68	67	0.48301553815505965
68	62	0.45112353933211735
68	49	0.43128968401404416
68	66	0.42746436501495866
68	32	0.41741707616174567
68	40	0.40262680017546226
68	41	0.39921940881601364
68	31	0.38792063306303176
68	35	0.3846621554173931
170	196	0.633481527522442
170	195	0.5946762868188419
170	175	0.5881284508008764
170	93	0.5756417831435399
170	66	0.5725041342180283
170	174	0.5008873660782271
170	180	0.4804737198994575
170	171	0.4493296244930359
170	160	0.44186024191740014
170	169	0.4395557236881809
170	179	0.42756243289002244
154	157	0.557232263939041
154	153	0.517251522251576
154	47	0.4611256563222856
154	48	0.4339557875063878
154	118	0.40854211211439856
154	45	0.38919416743615676
154	189	0.387283309572498
118	52	0.51469065624252
118	122	0.5114193868811866
118	77	0.4222113156320286
118	104	0.40749187443490864
118	186	0.38718980430924815
75	77	0.6536871062185051
75	78	0.5247265359106507
75	76	0.4756289344269379
75	186	0.4743357006282012
75	187	0.46560964459289644
75	188	0.4328187421265792
75	52	0.4050287670778835
75	185	0.39772203587117855
75	29	0.38779319801141804
75	74	0.3862968533506144
75	184	0.385326543262492
77	78	0.559929168579997
77	76	0.520882439000587
77	188	0.4899997442095882
77	187	0.4209450173674503
77	52	0.4120350900946277
77	186	0.39270985964766825
171	174	0.5764235610076044
171	67	0.5140949822786719
171	189	0.44173147129046164
171	180	0.42384519851985547
171	179	0.4236482932344237
171	175	0.3991269361305299
175	180	0.6502374586704555
175	196	0.6107708852716695
175	174	0.5290968142019545
175	169	0.5131968576781949
175	179	0.49782474790919895
175	60	0.48529700154437716
175	189	0.480696740869349
175	187	0.4688458675905288
175	80	0.41721887319327144
175	91	0.411221139143534
175	195	0.4038745093070975
175	185	0.39692200750931694
175	160	0.3862713298125995
180	189	0.6433039267552013
180	91	0.6330262955632424
180	179	0.5953997280049934
180	60	0.4885774291320992
180	169	0.4317454078557098
180	80	0.4206158398418094
180	49	0.41310551348283214
180	89	0.4054884380663595
180	188	0.40491172720431845
52	122	0.5429786824174242
52	157	0.45769376433693093
52	186	0.45347004803678886
61	31	0.6278080747224999
61	63	0.6121108239607624
61	36	0.6050274913944429
61	37	0.5997969658093447
61	32	0.5689169308692492
61	62	0.523537067595765
61	98	0.453080722751132
61	67	0.44958498069214303
61	35	0.43934593411811357
98	32	0.48238659847844556
98	78	0.41227582717667666
31	37	0.6465105881665913
31	62	0.5913828564640657
31	36	0.5862808154647942
31	32	0.5082222382977855
31	63	0.403188036104556
37	62	0.646149588594198
37	35	0.5916753984350674
37	36	0.6020394904764811
37	32	0.5952447860680613
37	67	0.4982082574718558
37	42	0.45093236162450223
37	2	0.4140836619411674
62	67	0.5955804376397097
62	35	0.5840647994296445
62	32	0.5003553075406199
62	45	0.42738263409986144
62	42	0.42671217713703247
62	49	0.42644222661684283
62	174	0.4181847375115313
62	41	0.38513067551248265
189	159	0.3485040650273458
189	45	0.5746982404198631
189	157	0.49490824367151076
189	49	0.4774143947005301
189	179	0.46484175094512525
189	168	0.4497365636775025
189	91	0.43006791071034617
189	80	0.4233774830831277
189	82	0.3970904847165993
189	153	0.38938082758880327
189	60	0.38834530944849793
189	47	0.3873003096735812
187	185	0.6373867602373592
187	76	0.6344683520585348
187	188	0.5853086859500505
187	78	0.4588392521305619
187	184	0.42127408405924777
187	196	0.4167149286688965
185	74	0.46580542371437145
185	76	0.4424636114954571
185	188	0.44048306389966485
91	60	0.5355607004882776
91	92	0.5095783051648932
91	89	0.44784391314578287
91	82	0.4417636656538849
91	179	0.4408698499328657
91	76	0.41187733460031334
91	64	0.4012349710550774
91	188	0.4004963812211878
76	188	0.6294048869711681
76	78	0.5526787751843439
76	60	0.5292912016993079
76	92	0.40832548483984166
76	80	0.4081588171714465
76	184	0.39741893830119696
196	195	0.6228756581727444
196	93	0.513601889255739
196	169	0.46161368187429985
196	158	0.4555250350166382
196	174	0.4190672223322291
188	78	0.5647565492999821
188	184	0.4472201354283654
188	60	0.3894317293537983
78	80	0.6265401717546464
78	186	0.44620356602332345
78	184	0.3884132423714887
80	45	0.52836916847758
80	60	0.4619441211697008
80	157	0.40349784245443
195	93	0.5805354685494573
195	174	0.5260369282610781
195	41	0.46797160329472476
195	145	0.4369218208670252
195	66	0.4005551517588786
60	45	0.5056588538751389
60	92	0.3961972507790017
32	30	0.5645113214383132
32	36	0.5920067577308675
32	42	0.5009098390959219
32	35	0.4889503729453197
32	41	0.44226253276901584
32	67	0.40406697506290906
32	63	0.400152087620322
32	40	0.39539607311530284
32	2	0.3849773635007096
66	93	0.5668301736586332
66	67	0.5096745416827633
66	41	0.49754639355784136
122	157	0.3894147623630874
40	145	0.5836495596572697
40	41	0.5153959973019262
40	42	0.5027577996064418
40	35	0.500864892385135
45	49	0.4565546707295277
45	157	0.44689207769230566
153	47	0.5065366144935028
153	157	0.46690094400975163
63	36	0.5565838017948641
63	92	0.4139345145763062
63	74	0.4023586403036133
63	85	0.3896777210149545
42	35	0.5458634581458186
42	67	0.5394786918786274
42	41	0.49585903321707286
42	49	0.4954366066226275
42	145	0.47562119661896757
179	89	0.5494408374660009
92	93	0.4304590499006729
67	174	0.5446970273541928
67	35	0.5289455855232567
67	41	0.5278211207321637
67	49	0.4984036971697059
67	145	0.48788434536746106
41	93	0.5935245478894405
41	145	0.5437961691669262
41	35	0.45372420791983803
41	49	0.4188528594882013
0	101	0.4714631514122973
0	30	0.41361128570753514
35	145	0.4746533911403746
134	104	0.5536157128820945
134	2	0.4661577112350022
134	30	0.4361042700514961
145	174	0.441940714314038
104	2	0.44730013126557067
157	49	0.5165700153109498
157	48	0.41844049202086947
157	47	0.41185242358067503
174	169	0.3939777802585434
49	47	0.44111150809630245
55	158	0.5718045893812785
158	169	0.5030865100918257
30	2	0.42759511994561394
169	64	0.46444185588220144
2	100	0.41410851767401685
2	1	0.39038993478896145
105	107	0.5556996978943557
107	4	0.32137524755550634
89	192	0.3704978163174735
89	97	0.3990680856481893
177	71	0.49259424508915867
177	97	0.4664237860295988
74	85	0.3974778807344854
58	161	0.5225563980112838
58	56	0.4085587738451086
161	73	0.45334294042906936
161	162	0.40256814610627434
161	163	0.29589985313483375
160	85	0.47189078785429683
1	4	0.43057310172756824
54	159	0.4968914808339982
101	99	0.41777209050192166
73	184	0.46820587117203555
73	57	0.3361538128213937
