28	132	0.8986001000813597
28	131	0.779854851274994
28	128	0.8250080972495146
28	29	0.7921584500315308
28	126	0.7748691116085118
28	133	0.7556129295782217
28	129	0.7388308592232905
28	25	0.7292904537576338
28	124	0.6863912553168324
28	23	0.6749610040081588
28	123	0.6736030998176825
132	128	0.8920961484947305
132	133	0.8215606264257427
132	126	0.8352338507304424
132	29	0.819009029629073
132	25	0.7565937531326313
132	124	0.7498971367606494
132	129	0.7481676779799463
132	131	0.7455765108464549
132	123	0.7432670931794287
132	23	0.7261480470608287
132	125	0.6850880445151464
128	126	0.8892855859202594
128	25	0.8590479474835081
128	124	0.8148513791376063
128	129	0.7757466854736793
128	123	0.7694589167155094
128	29	0.8196335829971496
128	133	0.814346736858526
128	23	0.7918229744562394
128	125	0.6751242992308083
126	29	0.8110192620996813
126	124	0.8095769169706817
126	133	0.7917110429574807
126	23	0.779462719188652
126	123	0.7679042330841676
126	25	0.7646014289348992
126	129	0.741988859964127
96	198	0.8765089842644695
96	81	0.8242080446930149
96	95	0.6920711916008
96	98	0.7545511988828962
96	193	0.7284795571797903
96	83	0.7113739744984307
96	199	0.7103549516719395
96	97	0.6897978490440697
96	195	0.6872206820767068
96	74	0.684647350899637
96	185	0.6837325107235595
96	87	0.6737778649770174
198	199	0.8016812587598887
198	195	0.7930136059370605
198	55	0.4868702693543091
198	98	0.7751885757939158
198	183	0.7660927024227149
198	193	0.7638527069116797
198	81	0.7632271971215768
198	185	0.7220812350206708
198	83	0.6990550078408134
198	166	0.6893467876962739
198	97	0.6824043026664707
198	191	0.6740616976686452
137	140	0.8756021340971869
137	171	0.8394770979460187
137	165	0.751955563863762
140	35	0.745514328162882
140	143	0.6942635538096874
140	171	0.797788791179091
44	149	0.8597016338117267
44	33	0.7224782339099103
44	49	0.7345139011622691
44	164	0.7286109392875225
44	77	0.7042434708658605
44	53	0.677825347415699
149	154	0.7843590888559397
149	136	0.7437232523009678
149	18	0.719250281261681
149	46	0.7093230050668303
149	48	0.705275264145618
149	155	0.7031783629532495
149	148	0.6998926150523657
149	146	0.6981539733062206
149	77	0.6977642049888935
149	157	0.6809214249362536
149	49	0.6757387842985327
25	23	0.8473838730327392
25	22	0.7205461774561928
25	27	0.6477079613594465
25	124	0.7550116251353818
25	29	0.7437366582735735
25	123	0.7271439357287992
25	129	0.7040972690822946
25	133	0.6931533901353658
19	121	0.855281333619952
19	20	0.7515511377257313
19	120	0.723756862654543
19	17	0.6852312946943804
19	150	0.6810554886150186
121	120	0.7352314417455278
121	118	0.713928106914837
121	124	0.7106718608924156
121	20	0.7072499586759028
121	16	0.6761406823079915
70	176	0.8506776836640555
70	71	0.7356125399193333
70	139	0.6509237848635738
70	177	0.7674524962890185
176	177	0.770029407951075
88	90	0.8473838730327392
88	74	0.7929393682795961
88	193	0.7923073968238203
88	81	0.7523116857185179
88	194	0.7401178814810349
88	94	0.722607275539149
88	80	0.6766560432081482
90	81	0.7940135120078258
90	94	0.7300666182233404
90	194	0.7869997431786115
90	193	0.7749889571035072
90	74	0.7554240852010893
23	123	0.7407864424401315
23	29	0.737337703121795
23	124	0.7138447446662627
23	133	0.7042434708658605
23	22	0.6965048981655769
29	133	0.8422599637032101
29	124	0.7420023432399404
29	129	0.7191826993923569
29	131	0.6984050520976974
133	124	0.7310365096915773
133	129	0.7176003053522096
171	67	0.7326109371494979
171	165	0.7034360959992664
87	191	0.8364693888577557
87	193	0.749156563176993
87	83	0.7487658023856413
87	194	0.7010335611484282
191	83	0.7816507974422188
191	192	0.5393085187909116
191	190	0.759562437159382
191	193	0.7405471937427223
38	142	0.8306718869809333
38	36	0.7141094724617532
142	145	0.6916645629555169
142	52	0.6502316867204508
142	36	0.6775549794078849
14	15	0.829708458087739
14	115	0.8089211972246815
14	152	0.801144653143314
14	75	0.7021557205786514
14	186	0.6670448525579575
14	118	0.7270732387637892
14	120	0.718060788604575
14	16	0.6816448266318089
14	116	0.6784141147340452
15	116	0.7342467035504022
15	115	0.8040270401954794
15	152	0.7574902158475557
15	118	0.7502295644948769
15	16	0.7366936042264026
15	120	0.6997548484334202
15	18	0.6763848831901176
118	120	0.8293966155787413
118	16	0.7999595724480056
118	115	0.7775324165425952
118	117	0.7114332430868991
118	152	0.7279017791970729
118	18	0.7010335611484282
118	125	0.6881115064931779
120	17	0.7943827612386132
120	18	0.760310255872058
120	16	0.7586556056273484
120	20	0.7585452290232669
120	119	0.7556729900983702
120	115	0.7503868980112289
120	117	0.6957730439104757
120	124	0.6855017337782517
120	152	0.6768186511741282
193	194	0.8255184018285555
193	185	0.8185805822252497
193	81	0.7938656480362157
193	183	0.7894988930788476
193	195	0.7425142630698577
193	74	0.7312645649366711
193	196	0.6948742909704778
193	83	0.6928623356968464
194	94	0.6932572834067348
194	183	0.6929663096442883
81	183	0.7966590483414219
81	61	0.7708828415345883
81	74	0.7696628047445313
81	185	0.7646014289348992
81	195	0.7490951297119959
81	93	0.6852684249784152
17	20	0.8191735743382527
17	119	0.7935696382394627
17	18	0.7263418000613306
17	154	0.7213481697179042
17	150	0.7099881660098117
20	150	0.8035669568851859
20	124	0.7735872884476419
20	119	0.755900246975172
20	18	0.7046817180311937
185	183	0.7843590888559397
185	195	0.7496519474216854
185	74	0.6900598481227629
62	65	0.8185145862554449
62	35	0.740303237688437
62	67	0.7074648062470185
65	63	0.6919721814643058
98	199	0.818217336878168
199	195	0.751329115493274
199	183	0.6913619135001863
124	123	0.7410390294805672
124	129	0.722908176913184
45	164	0.8141782485725398
45	47	0.7473565111888778
45	189	0.7268469048290978
45	77	0.7142221649126825
45	153	0.6936051159997092
45	86	0.6894307465962765
164	153	0.7667528558315212
164	77	0.7379759102571537
164	47	0.7422584114482752
164	157	0.7157667157791175
164	49	0.6955872734333362
95	197	0.8136381634252032
197	99	0.6653206340643856
115	152	0.7757466854736793
115	16	0.7219711390393092
115	116	0.6865075884977558
4	107	0.8048034547156693
4	8	0.48629020725157396
48	154	0.8038148135281783
48	49	0.7421101878382733
154	46	0.7720164626875494
154	155	0.7351027735370557
154	119	0.7342789636167528
154	18	0.7114233656915456
154	49	0.6986457213603066
154	157	0.6907663430345876
154	148	0.6817679402040752
152	151	0.38706228429572137
152	16	0.7060233318121863
16	117	0.6759669379128397
183	196	0.7980068066215648
183	166	0.748352522837962
183	61	0.7630183753269552
183	195	0.7626839288801454
196	61	0.7133441461491346
196	195	0.7018260348824905
12	113	0.7976433315505568
12	103	0.734684235914326
12	13	0.7089501611307907
12	108	0.6971479391377156
36	139	0.7969876135982992
36	32	0.787266038416084
139	32	0.6971479391377156
51	155	0.7963665945264732
155	157	0.7425142630698577
155	53	0.6875371881734804
31	33	0.7950827203833498
31	67	0.6859573402123579
33	67	0.7089949233448065
33	34	0.7033754695628772
33	42	0.6916645629555169
33	145	0.6786353524428881
79	181	0.7937176901274791
79	99	0.5760094168081807
9	108	0.7936806859676789
9	112	0.77863724968869
9	109	0.7376341775114177
9	3	0.7066346728182655
9	5	0.4075585882897197
9	6	0.7232946475804695
9	103	0.7044601429263655
108	6	0.776779963492105
108	103	0.7735872884476419
119	18	0.6765421783440492
30	134	0.7932361776613878
30	100	0.628867159849808
134	141	0.6394247428220398
195	93	0.7711667060610581
195	166	0.7022418964398027
195	61	0.6846314128321359
74	73	0.6832636200489672
74	80	0.6735375434552511
47	153	0.7905137942457334
47	157	0.7239044440989254
47	49	0.7034461994103
153	157	0.7313389965691323
76	80	0.7893858588607735
76	68	0.7433118452558248
76	73	0.7228795314446704
76	187	0.685072124556816
76	69	0.6852419037104418
80	73	0.6784195122403168
80	187	0.6760049509230094
32	141	0.737492817487379
32	114	0.6747649624297718
83	190	0.7604283706520336
53	157	0.7808325091874
157	148	0.6966284489327528
157	49	0.6803417451738458
112	11	0.7125278877110216
6	1	0.7067998545485604
6	103	0.6812109452992324
129	125	0.6951121038097754
129	26	0.6535668241435323
129	123	0.6879429885745297
46	54	0.5223673692823853
167	175	0.771490747609057
167	63	0.7195686982229815
167	172	0.7372190337656231
175	172	0.7552265227153433
93	61	0.7406690986256909
61	91	0.6917636539573019
61	97	0.691053796818365
61	85	0.4525719558630656
61	166	0.736451149840618
177	71	0.7281414712853392
123	138	0.6923888902947368
123	22	0.7002699308061882
68	69	0.7682732687188347
68	84	0.7035371173172802
69	86	0.6750753176085059
42	49	0.7613084254722549
42	146	0.7070699857622336
49	146	0.7324255703527796
49	86	0.6832742829197651
41	145	0.7571533095345
169	174	0.7559902417996467
169	165	0.7148633162407245
169	64	0.7141927704511184
174	173	0.6388569038714796
174	165	0.685326765370939
2	10	0.7525112691146014
2	114	0.7077144646878943
2	110	0.6794221752191119
2	7	0.6176953537017038
77	86	0.7519164505621384
77	148	0.7137809834111223
77	147	0.6235484254518984
86	84	0.741422020132231
86	189	0.7334437442142351
182	187	0.7497220225292132
182	78	0.6218586445236519
187	180	0.6812591779903252
35	141	0.6851039638190959
136	146	0.7395520764207819
109	106	0.5378176251988583
141	114	0.7334160193777474
189	180	0.7227028294733492
189	82	0.6875740968801339
114	13	0.7285171003945348
63	92	0.7322586473446644
63	37	0.5886514885388823
94	50	0.6615247469423224
13	111	0.6695130215349825
13	1	0.6835301043999877
73	184	0.6691984026844705
180	82	0.7113196360690812
180	179	0.675885469348115
89	179	0.7191295898041278
179	178	0.4550811235360929
148	43	0.6710935094254803
82	159	0.5803696998518196
82	168	0.5142715300161358
21	125	0.7100129609697909
125	122	0.6009162161512588
27	130	0.7080886211981129
130	144	0.6335713241622348
1	102	0.66854632334253
3	0	0.6439775122065662
34	40	0.6695737098198015
34	24	0.6155944085919656
75	59	0.39600333673208293
143	127	0.656040251284002
143	39	0.6258167703187633
91	60	0.6828368662112964
8	111	0.6836046873858332
111	105	0.40637377107712525
110	104	0.6656604786546781
43	188	0.6679818318720084
184	161	0.5267598328956821
99	101	0.5442467551530646
66	170	0.651373069278041
66	173	0.630936213264572
52	156	0.6234750774805952
7	135	0.6029949496015599
85	160	0.6131852427037012
56	162	0.5935569333588877
56	163	0.5818400426616959
162	57	0.5912397792616674
163	161	0.498215775319723
58	161	0.5380023949303928
55	158	0.46575844088290214
72	178	0.46502203376097406
