9	109	0.9116317725133023
9	108	0.9021961105818675
9	3	0.8226626734905335
9	106	0.7737077293047196
9	112	0.8779837758562143
9	176	0.792530640064032
9	12	0.7699479844702876
9	103	0.762307188479236
9	5	0.7189363931878431
9	6	0.6678101182356068
9	13	0.6502259146953836
9	197	0.6374164461971563
9	144	0.595289982039927
9	150	0.5947409189864943
9	0	0.5880957445928631
9	11	0.5814827408655119
9	1	0.5779839554062872
9	113	0.5449782881177883
9	111	0.517361381356443
9	8	0.5168558883173409
9	110	0.49310150270839515
9	114	0.4814268913289483
9	124	0.47359911356877504
9	20	0.4722560467867477
9	102	0.4716497836903023
9	2	0.47045927940582394
9	154	0.46745598241246206
9	44	0.4606137169160242
9	155	0.45936803207496457
9	139	0.45695827121367943
109	108	0.8584440711682859
109	112	0.8253909520031855
109	3	0.754473670906057
109	106	0.7516468594926546
109	176	0.7387763589161961
109	103	0.7387309346113564
109	12	0.7093528154505522
109	5	0.6759777991399786
109	6	0.6215396296440422
109	197	0.6059395722209955
109	144	0.5940489558380226
109	13	0.5925261340396804
109	150	0.5656616654630522
109	1	0.5616771912123107
109	0	0.5378958033157533
109	8	0.5268754270047941
109	113	0.5064325282207468
109	11	0.5054429725783126
109	110	0.5041612724504343
109	111	0.4944399592268431
109	44	0.4640810036832635
109	2	0.4628010916448356
19	121	0.9065478556357346
19	119	0.7942351319253553
19	20	0.7626839288801454
19	120	0.6740016727271797
19	17	0.5959094324908814
19	136	0.5086597160611607
121	119	0.7738682301637031
121	20	0.6762166718432308
121	120	0.6658497804869628
121	17	0.4878233854790376
121	124	0.48194143814114915
121	136	0.4811656510074315
108	112	0.8822655782153436
108	103	0.8037794225089585
108	176	0.7950459331118053
108	3	0.7870758574780573
108	106	0.7447582163574993
108	12	0.7223204479801573
108	6	0.6921076624565136
108	5	0.6727226689793828
108	13	0.6525172537566705
108	1	0.6435969125202499
108	150	0.642388599226796
108	197	0.6385490334576411
108	144	0.6283590896620147
108	113	0.5965474988837266
108	110	0.59366702957697
108	111	0.5677186150964636
108	11	0.5661918523950964
108	0	0.5660151754260484
108	114	0.5540247499185732
108	8	0.5516708762277719
108	102	0.549936305583098
108	2	0.5017408658552338
108	20	0.4954441520109329
108	139	0.45765423761150265
44	149	0.8856107557471712
44	18	0.7991660348713012
44	17	0.7841281116903962
44	136	0.5707402262384884
44	164	0.7523464057990207
44	154	0.7127099921769592
44	155	0.7097004158021246
44	156	0.7034613539938183
44	142	0.6824684163401138
44	146	0.6820568377538904
44	45	0.6801160839597772
44	52	0.6493072077027222
44	130	0.648751597398077
44	144	0.5848351485783422
44	43	0.5555821831602152
44	51	0.5291040147294686
44	39	0.5218872965022214
44	48	0.5072202427260398
44	120	0.5056067503923181
44	46	0.5051451014108552
44	122	0.5022794156037741
44	112	0.48967291825974996
44	143	0.47196074360066603
44	141	0.46156646579809896
44	13	0.45851550996331175
44	174	0.457670048518758
149	164	0.8107452861931369
149	156	0.7920094088177595
149	154	0.7507842233351277
149	146	0.7460247299936997
149	43	0.6506470752801139
149	122	0.600641418290583
149	142	0.7626839288801454
149	18	0.7362268254537245
149	52	0.7312273425883143
149	155	0.7248265149794919
149	130	0.7209402113828178
149	45	0.683876261843012
149	17	0.6542251070540231
149	143	0.6261451701268583
149	39	0.6119544699527272
149	144	0.6022116005777028
149	125	0.5412699189795612
149	141	0.5149846331153322
149	134	0.5055471990385632
149	13	0.5047204269760708
149	51	0.504526634654038
149	48	0.5024065163658057
149	46	0.4941074540948617
149	112	0.47928836044715434
149	131	0.46298180988963233
149	174	0.46177104990529555
112	176	0.8233402767366265
112	12	0.8166912098134644
112	3	0.7875700166496489
112	106	0.7553768544869008
112	103	0.740845097399268
112	13	0.7041426484397493
112	5	0.695127608061349
112	150	0.6820354452314623
112	6	0.6754996272846178
112	113	0.675146066930184
112	1	0.6622159177663366
112	110	0.6487400148204968
112	144	0.63743425686479
112	197	0.6185851331725019
112	114	0.6143632433842459
112	0	0.6006733788250471
112	11	0.5729812299105634
112	2	0.5705581491744414
112	20	0.5453648214860656
112	8	0.5448376730601364
112	111	0.5292192128068587
112	10	0.5266369928033009
112	139	0.4980353262966821
112	124	0.4948553872323367
112	17	0.4937974896106062
112	102	0.48638182452494383
112	154	0.4738162818511976
112	156	0.4703424709536938
28	132	0.8624678525099383
28	125	0.6711759461516904
28	143	0.7337808676538372
28	39	0.709740119573402
28	131	0.7045155495824192
28	133	0.6109276010704691
28	52	0.5100519617951111
28	155	0.5089487521726763
28	130	0.4848305265507189
28	29	0.48194143814114915
28	43	0.47064613863985877
28	118	0.4677997650388316
28	18	0.4585313050890059
132	131	0.8085406476137097
132	133	0.668982998813541
132	143	0.7312180363207466
132	125	0.65133276752178
132	39	0.6079418135864281
132	118	0.4914422100151391
61	92	0.8603784934156736
61	63	0.856218253579928
61	65	0.764227325410443
61	183	0.7214153148910852
61	55	0.5728871854157518
61	69	0.8244644204719885
61	81	0.7555228149691385
61	40	0.6960515251836737
61	32	0.6872154047630991
61	37	0.6865657419124205
61	35	0.6783709320473633
61	98	0.6705159875112636
61	68	0.6592014016144999
61	182	0.6492667178519621
61	167	0.6051162357197292
61	66	0.5940295423169092
61	185	0.5882984920760489
61	41	0.5816878860043929
61	93	0.5766371970750173
61	91	0.5709694286545556
61	67	0.5704569710062343
61	166	0.5343614890790159
61	94	0.5226218190673306
61	78	0.5225127805551274
61	74	0.5163060302793818
61	84	0.47451393247837576
61	170	0.4738860737066374
61	175	0.47220165679297715
61	85	0.4603379302150613
61	96	0.45857079163579484
61	199	0.4567525375993034
92	69	0.8347190667810745
92	63	0.795817238334427
92	65	0.7570252647937333
92	81	0.7021405109379482
92	183	0.671011056100774
92	40	0.6160289517362364
92	66	0.6113598883271882
92	98	0.603045858912867
92	68	0.6027721636103032
92	182	0.6017971666387828
92	94	0.5662529976898993
92	185	0.5601762513211652
92	91	0.5335035900181568
92	32	0.5172661711172858
92	35	0.5162253486083589
92	67	0.513020044947588
92	37	0.508867240781199
92	93	0.5004977264670746
92	74	0.4771518464250269
92	55	0.4750174208576293
92	84	0.4750174208576293
92	78	0.4738162818511976
92	167	0.4635315851152834
92	170	0.4631703444193693
63	81	0.7768196217002344
63	65	0.7400997919246479
63	69	0.7001679921258271
63	74	0.6481257080368988
63	94	0.6423416098610549
63	91	0.6411123010457599
63	185	0.6221835820665629
63	98	0.6118356089059492
63	167	0.6064645629718212
63	84	0.6003856649031386
63	40	0.5960255005904228
63	68	0.5953093505891425
63	183	0.5915649008838652
63	55	0.5667147829363453
63	182	0.5664431876420825
63	78	0.553102305509908
63	76	0.5416445357206829
63	35	0.5392234157251159
63	198	0.527373703356566
63	66	0.5230142161630231
63	37	0.5157043646583531
63	90	0.5122754808668867
63	93	0.5047874970853943
63	96	0.497433517996625
63	32	0.47435120059401753
63	158	0.4607003743753738
23	25	0.8509262060564111
23	27	0.6593992646845942
23	22	0.5852297907600061
23	26	0.579094992657362
23	24	0.5202627855361738
25	27	0.7854724176883172
25	26	0.7025256243711604
25	22	0.592240537976522
25	24	0.5832010215396053
142	156	0.8442821950369102
142	130	0.7343526884591621
142	141	0.64285235991899
142	38	0.6004368254100171
142	148	0.469103288325577
142	52	0.738621888894644
142	164	0.6830342978324917
142	155	0.5878013021627485
142	45	0.5721477394328892
142	139	0.5656480647715817
142	174	0.563092497431265
142	195	0.5605192565046303
142	143	0.5530328938870025
142	131	0.5503477383761612
142	13	0.5453226654740027
142	18	0.5311961300294866
142	197	0.5308873923396809
142	39	0.5100371647042421
142	122	0.5094302240849056
142	154	0.4994777100392306
142	181	0.487716694224985
142	17	0.4759461211731169
142	106	0.46484175094512525
142	43	0.4619283888717756
142	144	0.4572667799815053
156	52	0.774269047812396
156	164	0.7654309286652831
156	130	0.7014604932760247
156	155	0.6620530601726092
156	154	0.6264854984046536
156	174	0.6038851534432284
156	45	0.5946504317992852
156	122	0.5778907170256351
156	13	0.5768907875218519
156	18	0.5620330369886933
156	146	0.5409163098726383
156	141	0.5289023711577724
156	195	0.5264707623714237
156	17	0.5187879978415779
156	43	0.5172881438475532
156	144	0.49586657441787074
156	173	0.48451683907552257
156	134	0.4814422557439754
156	143	0.48053524913463075
156	51	0.4784637354080853
156	39	0.4688926772868273
156	10	0.4646222241771624
156	106	0.4610705391242231
69	68	0.7363962282227632
69	35	0.7287328889685469
69	32	0.703945963015876
69	65	0.6985484485595795
69	37	0.6973586126568528
69	40	0.6802289306844463
69	67	0.6579442571435511
69	183	0.614201352498997
69	98	0.5608689237799158
69	166	0.5347043408569422
69	81	0.5329596854110579
69	172	0.5203940520361201
69	66	0.5121353281991623
69	55	0.48351373406469517
69	182	0.47282304240122164
69	36	0.45969934015936487
39	143	0.8283952372564316
39	26	0.6424825634701581
39	129	0.4784637354080853
39	130	0.6351907115371691
39	24	0.6301289591280569
39	125	0.6133973597844904
39	131	0.6074751027132008
39	18	0.6036182502207776
39	43	0.5827389193682286
39	155	0.5733975313231318
39	52	0.5721948228346044
39	27	0.49741094086285775
39	154	0.48959689249391497
39	146	0.48201053106459385
39	21	0.4813039653574894
39	48	0.4642614490486551
39	133	0.4578360455688281
143	131	0.7784009048808903
143	130	0.6660056117695783
143	118	0.517968960193424
143	125	0.6077589633966187
143	52	0.5799185655927734
143	133	0.5735720212761307
143	43	0.5274964114402625
143	18	0.5176762162936251
143	155	0.5173247635491875
143	129	0.477661421111864
166	175	0.8258684551194575
166	35	0.74676436448486
166	172	0.7672057727098854
166	183	0.6920295062956925
166	32	0.648328638568343
166	137	0.6438428748854892
166	37	0.6409650336907378
166	165	0.6239150006781362
166	145	0.6224593042661231
166	169	0.595173756216619
166	167	0.5857883929296458
166	36	0.5777041950001232
166	140	0.5453437438248768
166	62	0.5411567848827838
166	171	0.512629429245764
166	170	0.49899722241841354
166	182	0.47161090544941175
166	67	0.46009358776715686
175	172	0.814346736858526
175	165	0.7086018155476042
175	169	0.6959845025237346
175	167	0.6081939149683113
175	183	0.672333797917482
175	35	0.6477427884697445
175	145	0.6352086071789488
175	171	0.6249521407529779
175	170	0.5903740197369457
175	182	0.5826266376362361
175	137	0.5502013268100445
175	37	0.5488821001778317
175	67	0.5122238488472646
175	62	0.49898220223307466
175	32	0.49537624082465676
175	65	0.46193625505707486
35	37	0.824143897899997
35	32	0.7737478638343076
35	68	0.7230609107816314
35	172	0.7199060828498598
35	36	0.6977949912068193
35	67	0.6701084832396673
35	62	0.6466502522675261
35	40	0.6257559311745516
35	65	0.5665857905211226
35	167	0.5616498098478309
35	30	0.5520950855595927
35	137	0.5321286654100917
35	140	0.4960626193867924
35	183	0.4952479476172089
37	32	0.6718567875001007
37	68	0.6532860375456043
37	36	0.6473421132513483
37	172	0.5791946813456531
37	67	0.5782169853476758
37	40	0.5619851467840867
37	65	0.5317271159067749
37	62	0.5219964330053223
37	183	0.49774200462121004
37	167	0.47171198506171214
176	11	0.6488558270711784
176	12	0.7733462389685888
176	3	0.7314227113369084
176	103	0.7023027140727341
176	106	0.6936051159997092
176	113	0.6845410847491049
176	13	0.6681700812033075
176	197	0.640546536993251
176	0	0.6299661383069081
176	5	0.6282319882727351
176	114	0.6277232472843212
176	6	0.6209439928912438
176	1	0.6169402730673504
176	150	0.6110153410107856
176	111	0.5764502698268992
176	139	0.5719930102724115
176	144	0.5515178126195288
176	102	0.5438454672911245
176	110	0.5362521205769307
176	10	0.5240812855091761
176	2	0.5102442965036265
3	103	0.7516512097299424
3	12	0.7500502755604719
3	106	0.7093329421433469
3	13	0.6753636792658565
3	6	0.6619238527787242
3	5	0.6595009872796028
3	0	0.6411770837287908
3	150	0.6147241982514805
3	1	0.611923193409427
3	197	0.5758490234817046
3	113	0.5703490285398333
3	114	0.5695185629203265
3	11	0.565341967857767
3	111	0.5638432516332667
3	102	0.5422519468594956
3	144	0.5343829224693839
3	2	0.5220182582552524
3	10	0.5019279064157465
3	110	0.48770907286355286
12	13	0.7107114542817894
12	6	0.6782143555140513
12	103	0.6658219473568606
12	113	0.659348394330907
12	114	0.6525574474070597
12	1	0.6401335617960586
12	111	0.6311107379801197
12	150	0.6171260540868795
12	10	0.6046913945321886
12	106	0.5946051825553582
12	2	0.5945211382513241
12	0	0.5888605657642003
12	110	0.5800778300929573
12	144	0.5624160229728106
12	5	0.5470838353649878
12	11	0.5328522837296895
12	102	0.5187075987623312
12	124	0.4938806631367921
12	20	0.4902276807712953
12	197	0.4771286763099004
12	8	0.4725512440032279
172	171	0.7216550083835529
172	137	0.6310505642590516
172	165	0.6168907198457885
172	67	0.596888780421963
172	62	0.5580040132360146
172	32	0.5577973891967365
172	169	0.5396629963357716
172	167	0.539372338861996
172	145	0.527395359323246
172	68	0.5221855624608078
172	183	0.5007749908589955
172	36	0.4980353262966821
172	140	0.46658808419322695
164	45	0.7951195018055747
164	174	0.660860614518493
164	146	0.6868088337636823
164	52	0.6417008985099341
164	154	0.6177633788488613
164	155	0.5925650674223198
164	130	0.5776375653648155
164	18	0.5282466170471466
164	17	0.5087412506810186
164	122	0.49565539252703317
164	173	0.4812962818555794
164	144	0.4791728097405736
164	43	0.45947059348108465
164	141	0.45789927414525766
131	133	0.5553055903318458
131	130	0.5043551605977864
131	125	0.4922230535781778
131	52	0.45947059348108465
103	106	0.6855706389958477
103	6	0.6256098861606036
103	5	0.6033003317925879
103	111	0.5910706400289105
103	197	0.5885011656215774
103	13	0.5751668571767852
103	113	0.5696604321581993
103	102	0.5537543994529225
103	1	0.5402085177065287
103	150	0.5140508385361285
103	110	0.513918390969926
103	144	0.5125409584756698
103	11	0.5030043461092724
103	20	0.4957459062307891
103	0	0.49229882149500626
103	114	0.48921665200188996
103	124	0.4640260778815104
18	16	0.4753271053788485
18	17	0.726492941755037
18	155	0.6499256659479712
18	154	0.620587495976279
18	146	0.5954384565712418
18	130	0.5887821710368585
18	52	0.5695591004514546
18	43	0.5598742477738794
18	120	0.5510375085267011
18	26	0.5121648362908855
18	51	0.5000178915360481
18	48	0.4998453758141992
18	125	0.49226093846903174
18	15	0.48738890855931993
18	144	0.48250935750976554
18	24	0.47052157050657056
18	118	0.4608027764132881
18	45	0.45837334079634684
45	146	0.640121757064467
45	174	0.5471398888537583
45	130	0.5261164850237914
45	52	0.5185467730782578
45	155	0.5048396585129734
45	141	0.49648469834270165
45	31	0.49563276241858206
45	137	0.4938806631367921
45	60	0.47888771364296334
45	138	0.4688068574984532
45	154	0.4637042979630799
45	17	0.4619834506427129
119	120	0.7554369649427405
119	17	0.7086565784601927
119	20	0.7540684603368268
119	124	0.5436059841015043
5	106	0.7940504633279928
5	197	0.6914715215129839
5	0	0.5778907170256351
5	13	0.5203138365412738
5	1	0.5191679419968028
5	113	0.5156676612615649
5	150	0.5017857598698819
5	144	0.4815267547376645
5	139	0.480481411312547
5	95	0.4794347008257703
5	6	0.46904089061564175
106	197	0.7442768673618372
106	0	0.6314054794352659
106	13	0.5820516711443379
106	150	0.55256763797015
106	1	0.5280302961189232
106	6	0.5156529793728849
106	144	0.5133883556582477
106	113	0.5079551737908591
106	101	0.4887829508813677
106	110	0.48498349958758447
106	11	0.48126554710833214
106	95	0.47683513077564044
106	154	0.4721317215174673
106	139	0.4616451578054424
182	183	0.7920839412299602
182	185	0.7028091291450554
182	196	0.7020188107434361
182	170	0.7264882196406756
182	147	0.6568540312915466
182	81	0.6498910087988139
182	199	0.6037135883390884
182	167	0.5923768637600977
182	65	0.5889520122774808
182	145	0.5802702155401895
182	198	0.5673254222383064
182	98	0.5036091587245808
182	93	0.4899541488540997
182	41	0.48522054915239116
182	180	0.4847846288539862
182	66	0.47751475828545725
183	170	0.7362039261077138
183	185	0.6877585871263054
183	65	0.655424635261161
183	167	0.6074687929348749
183	169	0.5906410530775648
183	145	0.5800579244552276
183	81	0.5632905138736654
183	196	0.5230360095049604
183	32	0.47989665330529324
183	158	0.47604666673916146
183	180	0.47145537415066197
183	66	0.46690094400975163
27	26	0.6326366047622517
27	24	0.6248302385536416
27	34	0.5257909673287785
27	22	0.5077251232952332
27	53	0.4661968451722531
17	20	0.6900912758658644
17	120	0.6878955795393311
17	154	0.6556356389442101
17	155	0.5999954044218357
17	146	0.5925845330755
17	136	0.5587128960259539
17	144	0.5521159409446568
17	48	0.4961907752972872
17	51	0.4813270154194479
17	46	0.4778157742774518
17	52	0.46801065250992147
17	124	0.46639248749160717
154	155	0.7836655048955081
154	48	0.6330682431440382
154	46	0.599982604157942
154	146	0.7121880309099458
154	51	0.6296705071684937
154	52	0.615948279193149
154	122	0.5997137276514595
154	144	0.5531578292801349
154	125	0.5449712580928215
154	130	0.5312894415725734
154	43	0.5237112638501782
154	157	0.5100075696168493
154	153	0.5050855127287863
155	51	0.7638943566343299
155	144	0.6088928540104259
155	153	0.5581486089095007
155	47	0.502055067188229
155	52	0.6717799750916387
155	146	0.6636732275462944
155	130	0.6480329091237799
155	125	0.6000913966090861
155	48	0.5516500061050454
155	43	0.5325801226259415
155	122	0.531612343539468
155	157	0.49874183849757314
155	46	0.49038719647956835
155	13	0.46372784698520075
88	90	0.7776905446907474
88	194	0.7120796005167745
88	87	0.6092891291260456
88	91	0.6603646545589648
88	193	0.6566549955680261
88	94	0.6146930915874014
88	78	0.601605780040683
88	73	0.556135000084298
88	66	0.5017483483787258
88	76	0.4996353031305308
88	81	0.4933058252456248
88	93	0.48554924179014375
88	74	0.48281617216499145
88	96	0.47725224259192217
88	184	0.46717460050687953
90	74	0.7289672777338815
90	91	0.6501681903162014
90	78	0.6139272654976787
90	193	0.6051606022442623
90	81	0.585334981884073
90	94	0.5844138915383148
90	194	0.577557599641085
90	73	0.5532480449262405
90	190	0.5411921413927926
90	93	0.5392659686348095
90	83	0.5077770765126337
90	87	0.50394495261978
90	7	0.5033030806385511
90	184	0.49414524605235605
90	66	0.48554924179014375
90	185	0.47220165679297715
90	198	0.469306048538252
81	78	0.7665879692461814
81	93	0.738926211509461
81	91	0.6968805701655386
81	85	0.5449009536288795
81	98	0.7285640232594107
81	74	0.7039106490701154
81	66	0.6969062871429804
81	185	0.6671114533663117
81	96	0.6650585983716086
81	147	0.637659799697724
81	198	0.6360191600902607
81	65	0.5939583534861727
81	199	0.5897221766061577
81	79	0.5892719563286901
81	94	0.5798256408249295
81	196	0.555098065055684
81	76	0.5389112769202454
81	55	0.5141611927864568
81	97	0.5120025268253773
81	190	0.4952932300398159
81	41	0.49401674577808136
81	184	0.4765028325110169
81	193	0.47429694942702405
81	73	0.46358654302483476
52	130	0.637873371054331
52	122	0.563235895108725
52	146	0.5399676940659994
52	51	0.529053609436764
52	125	0.528390792915457
52	43	0.5258488484026814
52	13	0.5216689722316473
52	48	0.47542772749916284
32	36	0.6989629582819384
32	41	0.6123171379904794
32	40	0.5712457014680417
32	145	0.560375217737834
32	68	0.5594278338412255
32	98	0.5489938869100567
32	62	0.5433100296839171
32	30	0.5430068887708089
32	67	0.537433707549135
32	38	0.4989296292235211
32	167	0.4673621989636153
1	2	0.7733060423006612
1	6	0.7437992115695592
1	114	0.6820140515417656
1	113	0.6809160614396019
1	13	0.6624404463111139
1	150	0.6136842009207087
1	102	0.6110216075750263
1	110	0.5947861569298303
1	10	0.5891218015113311
1	8	0.585394143233593
1	111	0.5658928301346837
1	0	0.5528662746667965
1	144	0.5426894966530487
1	197	0.4766960457529796
2	114	0.725229699024384
2	10	0.6946466755162612
2	13	0.6598681178390257
2	150	0.6215641765733046
2	110	0.5790617592456507
2	6	0.5736659558516601
2	113	0.5532480449262405
2	144	0.5461512272906781
2	134	0.5096375291464988
2	141	0.5051897897619467
2	0	0.4976592522720666
2	8	0.47051378437541863
2	140	0.4698828644688681
2	111	0.4606452297355495
96	98	0.7721376317949524
96	198	0.7629765918430466
96	97	0.6515745229359111
96	78	0.672700770621708
96	199	0.6561484639201015
96	66	0.5329453661789539
96	74	0.5208532911339082
96	93	0.5034225407790298
96	147	0.5001003850303067
96	91	0.49285170126925054
98	78	0.7393843973369733
98	199	0.7339146932075795
98	198	0.6984818786061987
98	66	0.6130417015748829
98	97	0.6016823429712819
98	147	0.5937317816784348
98	74	0.5823094867894022
98	93	0.5679151144560964
98	91	0.5246033323710224
98	79	0.5054504178146956
98	85	0.49056186646705713
98	94	0.48815098892758757
98	7	0.4747540964663674
98	185	0.47352929724395165
98	40	0.47194519839280347
98	76	0.47066949307646694
98	55	0.4678388222942418
78	74	0.7121633906221089
78	7	0.6365131472942421
78	147	0.696324645907243
78	91	0.6492320093361532
78	199	0.6420772046862934
78	93	0.619282253836913
78	198	0.6182701840993334
78	76	0.5996496894667285
78	184	0.578576332274921
78	66	0.5510305449116871
78	73	0.5490916841925012
78	94	0.5487004048578783
78	185	0.5343614890790159
78	79	0.497275463910468
78	75	0.47154091999522185
78	55	0.4607633924658468
95	197	0.7646014289348992
95	99	0.4513863410913239
95	38	0.537206095609282
95	199	0.524204582120073
95	181	0.5152123819056003
197	101	0.5773043017182469
197	13	0.6041582712759431
197	0	0.6037390089213349
197	11	0.536864530946814
197	139	0.5124893455003786
197	113	0.49962029568929056
197	181	0.47715956964932976
197	6	0.4698439030488514
197	150	0.45651509193443474
65	158	0.525211888785961
65	84	0.6490989349738362
65	67	0.589709131897216
65	68	0.563351954100445
65	170	0.5507798036608408
65	185	0.519211768510431
65	55	0.49650730309433694
65	40	0.4910552859491183
65	167	0.48970332648145526
51	146	0.5581761470998847
51	48	0.510000170656325
51	157	0.5092228598746967
51	125	0.49794508560629785
51	130	0.48701521783880986
51	47	0.484570404298993
198	199	0.7311668469834212
198	74	0.6377487996812771
198	147	0.5901655136277717
198	185	0.5888997589734386
198	190	0.574711634704557
198	97	0.5596751186084099
198	196	0.5586028318038347
198	193	0.5080738811887874
198	7	0.4842106823835611
198	66	0.4591707641716553
40	68	0.7629348019826874
40	86	0.6074687929348749
40	94	0.6072794639374345
40	67	0.5803365403390337
40	76	0.49809548076493065
40	167	0.47902642166525294
40	41	0.46850251601886655
68	67	0.7304260082251339
68	84	0.6032558079026952
68	86	0.6017907881986956
68	94	0.5019279064157465
68	91	0.45960469375675367
20	124	0.6340559311349867
20	120	0.6319583790546293
20	144	0.5001078839888532
20	42	0.4906150190756072
20	49	0.4855339568030375
193	194	0.7588635047453368
193	185	0.5839066488694228
193	87	0.5673457661480101
193	190	0.526152644144775
193	184	0.5140434809809533
193	91	0.5116187409057888
193	196	0.4954215156217205
193	74	0.4917910340291261
193	147	0.49102493076464593
194	184	0.578882265567448
194	91	0.5719122658510257
194	73	0.5614649534570961
194	180	0.5413830334824888
194	187	0.5239869850401596
194	94	0.5137123127127595
194	76	0.5004902314093042
120	117	0.5277850495370113
13	114	0.7553038461249936
13	10	0.7320266637913203
13	0	0.6816555336924457
13	150	0.6905100637997822
13	6	0.5921756090168644
13	144	0.5829238054946202
13	141	0.5745039886904189
13	113	0.5710435633283765
13	110	0.5554715607775464
13	134	0.5171709480725181
13	139	0.4985089129530782
13	101	0.49676344321412846
13	111	0.49200328443845925
13	100	0.489680520426855
13	11	0.48578612112689207
13	102	0.457670048518758
114	113	0.7096607075221457
114	150	0.6995506540290629
114	110	0.6646345343462547
114	10	0.703097467422122
114	102	0.6176706149924771
114	111	0.5786761110288884
114	6	0.5720670162552953
114	0	0.5690251343830394
114	141	0.5506056192781897
114	134	0.5231449659558355
114	144	0.49874183849757314
114	100	0.49580624271745155
114	140	0.4790880619979214
66	93	0.7512681384413057
66	41	0.5522063062965761
66	85	0.5380095004263954
66	196	0.5239724761353219
66	74	0.5238563939494129
66	170	0.5116999434245759
66	185	0.49631137287627464
66	199	0.4924579098384514
66	91	0.474374449991314
66	147	0.4678388222942418
66	190	0.46665066550189316
66	79	0.4572825979786807
93	41	0.7467953268751725
93	79	0.5995472123955605
93	196	0.6637291776175552
93	74	0.6204891068220921
93	199	0.5757621252496802
93	147	0.5476791527718848
93	190	0.5328164793536109
93	83	0.4988019366258515
93	185	0.48463161724776616
93	85	0.4734439580986198
93	91	0.4674716119644276
93	87	0.4666897764471224
41	145	0.6484793273578915
41	196	0.5884096447888303
41	79	0.5684162333586577
41	38	0.5102147098694703
41	195	0.47932687365755255
41	199	0.46727622156062965
146	157	0.6719774635217727
146	144	0.5282466170471466
146	43	0.503930031679701
146	122	0.4979826872046759
146	48	0.4759925283652063
6	111	0.6940822104108049
6	8	0.5908233430067821
6	102	0.649203083507296
6	113	0.5854138622981964
6	110	0.5379029099585743
6	105	0.5223310117162399
6	150	0.5216252991757224
6	0	0.4712842558423599
170	169	0.6001553818007481
170	196	0.5781104690754051
170	145	0.5762298852329313
170	185	0.567671174521053
137	165	0.7347854721459964
137	62	0.7010945822483318
137	138	0.5532896785402147
137	140	0.581052357672516
137	36	0.47658012333289057
137	171	0.458665551960309
165	174	0.668684561688352
165	62	0.6097730523995191
165	171	0.6058952717355914
165	169	0.5925001769132641
165	145	0.47174308398703213
165	173	0.4695945066144323
165	60	0.45910762887585294
130	125	0.5269259932996709
130	141	0.5107692582738022
130	144	0.47044370589796364
130	174	0.4656566357395999
199	147	0.7128280626507831
199	196	0.6486125866291464
199	74	0.5590910917161718
199	79	0.5210791553308445
199	185	0.4981556304393431
199	190	0.4590602743603542
10	150	0.5749192067431974
10	0	0.5630856681244166
10	141	0.5557549912637778
10	113	0.5250742860865512
10	134	0.49561013163714773
10	100	0.4943795145059317
10	110	0.48598473911566775
10	139	0.47006206342067536
67	60	0.5405766651314781
67	64	0.4849070167780367
67	54	0.3515752136179521
67	171	0.609528005175316
67	62	0.555091146355897
67	36	0.47780034028824464
67	84	0.4590523816874773
74	190	0.6204153021348479
74	185	0.6336132234203385
74	7	0.5756551557203319
74	147	0.554620494578207
74	196	0.5505359320962047
74	184	0.5234499530505976
74	91	0.5041687306269464
74	55	0.5013217247129365
74	79	0.49310150270839515
74	94	0.49116151970395344
74	73	0.4872897835125243
74	83	0.485709716231051
74	75	0.4764951030236798
144	150	0.7274501110767502
144	110	0.5306288058423441
144	141	0.5236677188912043
144	140	0.4789647766080278
144	124	0.476301841901513
144	139	0.46694786290581575
150	110	0.6144192704886712
150	113	0.5630856681244166
150	140	0.5267526076168381
150	141	0.502473796215767
150	134	0.49962779944740143
150	0	0.47647191411970113
150	100	0.47600799684020556
150	139	0.46692440378639744
171	169	0.5973327669050488
83	190	0.7189943638418055
83	87	0.5336466495355838
190	196	0.5899960444144239
190	185	0.5822500012625104
190	87	0.4941376878102496
190	79	0.4818032343124979
126	128	0.7177797261322822
126	123	0.566728359469559
128	123	0.4597308866399385
76	94	0.716151763598309
76	73	0.6364358102635613
76	77	0.5428870033070092
76	91	0.6851782452521661
76	86	0.6647015203156812
76	84	0.5180201779072366
76	184	0.5052940520458367
76	180	0.49282141678421415
76	82	0.4899313501710365
76	187	0.476301841901513
94	91	0.7154544588542655
94	86	0.7089601087831222
94	73	0.6078409386949116
94	84	0.5114563084475717
94	180	0.487716694224985
91	180	0.5883115700198569
91	82	0.518736835852775
91	84	0.5633178214102471
91	73	0.5505568390565215
91	184	0.4998378742307004
91	86	0.4882728527863949
91	185	0.4761085347485515
147	196	0.6119169378710945
147	185	0.6053316950589569
147	184	0.5753943349325912
147	79	0.5536157128820945
113	111	0.6284680070155798
113	102	0.599553617788558
113	110	0.5693293511427606
113	139	0.5448376730601364
113	105	0.5149846331153322
113	0	0.46693222356589614
86	84	0.6994076499349049
86	189	0.5519004019845836
86	77	0.5320641468028574
86	180	0.5286646431208889
86	49	0.5270921134335924
86	82	0.4704670660498549
86	73	0.4674716119644276
185	196	0.6841157290984802
185	167	0.5140949822786719
185	184	0.4590681669607672
185	79	0.4581521421259616
26	24	0.6914871772022633
26	22	0.4760234650206827
26	129	0.47420393904527397
196	145	0.546137192760642
196	79	0.5336323449578451
196	195	0.5238201142752502
62	36	0.5382936575705234
62	60	0.5021448146659585
84	180	0.5403784576123247
84	189	0.5185467730782578
84	158	0.4606452297355495
173	174	0.6990805730520183
173	195	0.535753229822335
173	50	0.4706383536810976
173	179	0.4607240067036956
174	50	0.4981330748732286
174	195	0.6128169472284621
174	145	0.45691871085292224
36	30	0.5847693479454106
36	140	0.518612569839369
36	38	0.47211617953796137
102	111	0.6977539423433918
102	105	0.5037211069393066
102	0	0.4597387730788004
102	110	0.45846812284807764
111	105	0.5520186099036843
111	110	0.5189633821644539
111	8	0.48625966578413626
145	195	0.6969114303234064
145	181	0.5548420220085146
145	38	0.5498177075864458
195	38	0.539556673152208
195	181	0.5157410661623798
24	34	0.6044439403439237
24	22	0.5605946918511397
0	101	0.5315047267112806
0	100	0.46948537210037977
157	53	0.5441200595582621
157	49	0.4597308866399385
125	21	0.5052121329216036
125	43	0.5100519617951111
125	48	0.4963641282948514
125	133	0.49229882149500626
125	118	0.4762322566287912
133	29	0.507932914005414
56	162	0.6653819379075278
56	163	0.6582050484985827
56	161	0.558506509468952
162	57	0.5172734954364815
162	163	0.6057939993716343
162	161	0.5091784169921314
110	104	0.5332245361419886
110	8	0.5842755978832846
163	99	0.4329568855099695
163	161	0.4842642683682447
97	177	0.47782349116143746
43	15	0.5027353822304852
43	116	0.4949837465175956
11	70	0.48040449385572415
85	160	0.6468538513870496
85	79	0.5324941541225822
85	55	0.49254880269155116
87	89	0.6446910087080224
87	191	0.4500874985006863
89	179	0.5091636020944713
141	140	0.628328830468636
141	139	0.600986490472916
141	134	0.5638841750960079
141	100	0.47660330914296806
180	189	0.6402515924880161
180	168	0.4921851668224963
180	187	0.5828247668600182
189	187	0.5915974024709002
189	168	0.47666513472839095
7	75	0.4908579559359821
7	135	0.48740415745171123
73	184	0.5649472131561806
140	30	0.5706593100257219
140	139	0.5119877696060141
49	53	0.6242263739099045
49	42	0.6082569211522831
34	127	0.4313873576635144
34	22	0.5740214286460579
34	33	0.5345472222979113
34	138	0.4747463503441138
38	181	0.6042344648856074
38	71	0.1552054381792309
139	70	0.5561142783227307
79	55	0.476247720538256
4	8	0.5908623972889256
4	107	0.5141023393043416
33	136	0.5882984920760489
136	138	0.5312248426462477
30	31	0.5003777965400247
30	100	0.4735603274563726
30	70	0.4715798015365162
101	100	0.5490218305248923
123	127	0.4657114554254413
134	100	0.53864868195636
161	58	0.4679872232000995
153	47	0.47206178029834567
31	60	0.5477071540602657
15	116	0.5265719509076612
116	115	0.4355291247869861
82	159	0.331889361769417
80	148	0.514705357961749
148	188	0.47816296104155925
179	192	0.4442392116987145
179	178	0.34335413660226693
188	186	0.4470441194001617
16	59	0.3342542679328728
115	152	0.3897455710015391
115	14	0.38550534871674313
59	151	0.41204339233126464
72	178	0.40848379391272893
