11	112	0.9374765517228197
11	9	0.8869833959779654
11	108	0.8526279388172341
11	109	0.850622404764184
11	12	0.8258048563564954
11	3	0.8191406761779213
11	106	0.8064529727187404
11	103	0.7825051753163879
11	5	0.7739885406174654
11	176	0.7304400022538767
11	6	0.7214728571026019
11	111	0.7070149757600286
11	70	0.7023179168793545
11	0	0.6752331259711594
11	113	0.6288792502196471
11	105	0.6095908489056958
11	13	0.5570322788884243
11	102	0.5434721166951324
11	1	0.5384569925313337
11	8	0.5378815898007518
11	101	0.5348400044136253
11	10	0.5115153790260482
11	110	0.47479282597438
11	114	0.4665411451456299
11	139	0.45947059348108465
11	36	0.45710067354410194
11	197	0.42201407862445983
11	156	0.3861862470804046
11	7	0.3747862705415282
11	141	0.36498929149856324
112	108	0.9221338574000622
112	12	0.8846145137631501
112	176	0.8025727380953344
112	9	0.9172005551349396
112	3	0.8789881251972106
112	109	0.8598581009444137
112	106	0.8443109113698599
112	103	0.8342636307616296
112	5	0.7866569321944166
112	6	0.7702328569587067
112	111	0.7489590526057398
112	70	0.728873542727582
112	113	0.6880272568094475
112	0	0.6770028603916741
112	105	0.6732533434104496
112	13	0.5782369549548025
112	1	0.565341967857767
112	102	0.5605329727141263
112	8	0.5530120689029535
112	139	0.5505777453262217
112	101	0.5294351566233342
112	10	0.5086671286763881
112	114	0.5018530958233676
112	36	0.49816314881156826
112	110	0.47145537415066197
112	156	0.4129976929945636
112	141	0.3801200770071851
112	197	0.3764525553075942
112	4	0.36440840504641775
112	7	0.35789537325511295
9	108	0.9296899585491104
9	109	0.8735804001585065
9	3	0.8768792359031071
9	12	0.8425213038661161
9	106	0.8424052016038438
9	103	0.8069070201283433
9	5	0.7878356835725567
9	6	0.7778485744896865
9	176	0.7745492511088317
9	111	0.7409804118835845
9	0	0.6987634380983887
9	70	0.6923524466947544
9	105	0.6800999603674346
9	113	0.6435266131295475
9	1	0.5689169308692492
9	102	0.5633724327916119
9	101	0.5464037964023267
9	13	0.5437327803493679
9	139	0.5185467730782578
9	8	0.5074504520848073
9	36	0.48561802055840664
9	114	0.4712531396097851
9	10	0.46555481826992917
9	110	0.4455225408718456
9	197	0.4274153273043066
9	156	0.4198500739626444
9	7	0.3486797617621298
108	3	0.8672804386956713
108	12	0.8563249731450351
108	6	0.8217230787485423
108	109	0.8148177746764624
108	106	0.8127235755245286
108	103	0.804556711770774
108	111	0.7798940308605187
108	176	0.7685599438298344
108	5	0.7615521553229998
108	105	0.7462729566424026
108	70	0.6716153284151561
108	113	0.6715439609138795
108	0	0.6432511692956225
108	1	0.5752337716365047
108	13	0.5608689237799158
108	102	0.5405766651314781
108	139	0.5326302658453986
108	8	0.5311961300294866
108	114	0.4838890901944262
108	101	0.47028795470169005
108	36	0.4678153881602564
108	10	0.45936014222861027
108	110	0.44479287145098667
108	4	0.4126575679292781
108	156	0.39905967816800775
108	197	0.3491803629962192
19	121	0.9258191029946802
19	20	0.7894612209549805
19	124	0.6878376271905152
19	117	0.6678876751344781
19	119	0.6360965660413476
19	17	0.6288006573792633
19	16	0.6130292178243808
19	133	0.5986946106591956
19	128	0.595767537662129
19	118	0.5763567835707868
19	28	0.5594484447102721
19	130	0.5563076545413247
19	129	0.5544542973933919
19	125	0.5527412812304879
19	120	0.5476091441833318
19	18	0.5381515942904213
19	132	0.5333748103472539
19	115	0.5315262514498236
19	48	0.5289743935764278
19	27	0.5234281727041769
19	126	0.5169584812917606
19	15	0.5131821249472756
19	26	0.48952846293938174
19	21	0.4800505783700455
19	23	0.47358359934423416
19	29	0.4727298645104014
19	22	0.47194519839280347
19	25	0.463555138941826
19	40	0.4610232929797744
19	43	0.45897345097332043
19	53	0.4513863410913239
19	150	0.44877077678754645
19	123	0.43080930819992197
19	147	0.4098159476989627
19	116	0.39498259868694474
19	149	0.3898558182057163
19	14	0.3833577751741854
19	144	0.38265806518552176
19	148	0.37988050907178705
19	131	0.37588594751866106
19	146	0.3728679067934584
19	136	0.3681574702167998
19	33	0.3616822661873085
121	20	0.7938656480362157
121	124	0.7298844352945113
121	119	0.678764800330923
121	117	0.6334994882157322
121	133	0.6044312472400205
121	128	0.6023963972439379
121	17	0.598226063688234
121	16	0.5878340256824337
121	118	0.574711634704557
121	28	0.5663345150554866
121	130	0.5655188428545567
121	125	0.551218535579612
121	132	0.5469016276394979
121	120	0.5427741497130298
121	129	0.5417434551865198
121	126	0.5359243202545259
121	115	0.5184151611312847
121	27	0.5179104211153328
121	18	0.5061796858222183
121	48	0.5036166224651449
121	15	0.4979150029794652
121	150	0.4930787968452722
121	29	0.4913966995999965
121	23	0.4891481889516147
121	25	0.4824786695286958
121	26	0.47588424079393166
121	21	0.4681668310950182
121	53	0.4491141105724305
121	43	0.4472841326705978
121	22	0.4354399859349025
121	148	0.4241322802574494
121	146	0.40854211211439856
121	116	0.40607317738594484
121	147	0.40021087745495887
121	149	0.389864298297066
121	40	0.38948262874011735
121	131	0.3791786241354908
121	123	0.3679845654724458
121	144	0.35997745539558884
121	14	0.3579215303013146
10	110	0.9137689890022298
10	13	0.9080506924739863
10	7	0.8235656243754609
10	114	0.8087828938827835
10	102	0.7887821048788789
10	104	0.7523420660175137
10	1	0.7438349504615077
10	2	0.7355528805696231
10	141	0.7315249994555854
10	0	0.7142123670387437
10	113	0.7043896129438638
10	12	0.6994229744815335
10	111	0.6721090694038054
10	101	0.6586865302030018
10	134	0.6424649466459393
10	135	0.6417597167310526
10	36	0.6336072380395835
10	8	0.6061736695031366
10	103	0.5919872715448308
10	3	0.5644363708179868
10	139	0.5639046357889901
10	6	0.5610539607880036
10	37	0.5502780228029265
10	39	0.5210937247092843
10	30	0.5183200927810945
10	99	0.5128726677413644
10	5	0.48976413935106694
10	100	0.48809766750281053
10	181	0.46626728166184844
10	24	0.43508334513962044
10	106	0.42983151917256135
10	109	0.4079087646466158
10	140	0.39333555413826576
10	32	0.3890074753160747
10	70	0.36319369701021753
110	114	0.8468756052963757
110	13	0.8836539697195899
110	102	0.8159238341600454
110	7	0.8072208031240707
110	104	0.7860462907373119
110	1	0.7350751948859596
110	141	0.7305752462485756
110	113	0.723809237844986
110	2	0.7110923104899294
110	111	0.6973329272130081
110	0	0.6779118264838724
110	12	0.6709835679704256
110	101	0.651263670246359
110	135	0.647318874722093
110	36	0.62344451258641
110	134	0.6228266936597882
110	8	0.6061357149138136
110	103	0.5724369064678054
110	139	0.5692820387710006
110	3	0.550250134425182
110	37	0.5489938869100567
110	6	0.5429434227526693
110	39	0.5402226810486515
110	99	0.5127989677990731
110	5	0.4933058252456248
110	181	0.4894676316065002
110	30	0.4830078711581281
110	100	0.4743357006282012
110	24	0.4657349484824132
110	106	0.42170170498095855
110	109	0.41633473542951815
110	140	0.4152925909020293
110	32	0.40175502812485053
110	143	0.37492378793423997
110	70	0.35209217929690867
13	102	0.8277037031443036
13	114	0.845398545113558
13	1	0.795376808035601
13	7	0.7939765548192234
13	12	0.7816118921982312
13	113	0.7750688231466556
13	111	0.7733462389685888
13	141	0.7270496696817128
13	0	0.7257554620574552
13	36	0.7062439369310833
13	104	0.7031530850550335
13	8	0.6728868690993063
13	2	0.6596196331200116
13	103	0.6565582880565125
13	6	0.6518391508967089
13	3	0.6477602010097735
13	101	0.6440652976706939
13	139	0.6369471867784251
13	135	0.6316399392650928
13	134	0.5565354848994644
13	5	0.5491545459348257
13	39	0.5421107389821037
13	37	0.5401093657423578
13	106	0.5018979830799177
13	24	0.4692592621109106
13	109	0.4591549807825253
13	99	0.4572272337227824
13	30	0.44953710700009475
13	100	0.43659003072720753
13	181	0.4326887062527404
13	32	0.42728454777979713
13	105	0.4205911470607733
13	70	0.4204923697054199
13	176	0.41137068956367573
95	197	0.9035820231942221
95	96	0.7371414176625962
95	198	0.697887334394276
95	79	0.6304785350746833
95	98	0.62036609290431
95	97	0.6181157247332826
95	190	0.6148921411962023
95	83	0.5475251237554679
95	199	0.5373127984518952
95	81	0.5088301871318975
95	99	0.4831918586415548
95	93	0.46935283233080916
95	181	0.46291109863746716
95	88	0.45385920034448646
95	52	0.44366914941006813
95	182	0.44056365781641244
95	61	0.41981712437269064
95	176	0.39148278227294214
95	195	0.3800944114527013
95	70	0.37807355580829244
95	101	0.3657691396507844
95	90	0.35936801056252654
197	198	0.6862960474868602
197	96	0.620587495976279
197	79	0.6120107629075934
197	199	0.582078119162644
197	190	0.5740080185041162
197	97	0.5515943490672466
197	98	0.5448657985235694
197	181	0.529787717355991
197	99	0.5032508107764744
197	83	0.4860458422465901
197	176	0.4833987935589145
197	52	0.4590602743603542
197	182	0.4567525375993034
197	109	0.45558843246157094
197	5	0.44231883929541266
197	106	0.4350509164759596
197	101	0.4297499911819906
197	70	0.4241568832986591
197	81	0.4099657058101802
197	195	0.3783563504428714
197	156	0.37586018593553255
197	38	0.3667908294725531
197	93	0.3662887533151324
197	36	0.35147880645435176
197	88	0.3511720067981127
1	102	0.8969511430825571
1	6	0.797788791179091
1	111	0.7921956955799734
1	12	0.7591178646088625
1	7	0.7372281637929305
1	113	0.7170809034489773
1	0	0.7045608759139532
1	3	0.6864124094178065
1	104	0.6767373554443545
1	8	0.6614066296832576
1	114	0.657569802419536
1	103	0.6481257080368988
1	2	0.6250313608432221
1	36	0.6048626406149409
1	101	0.5973970824196162
1	135	0.597152642585029
1	5	0.5884357951369285
1	105	0.5870808980613024
1	141	0.5801707139087174
1	139	0.5548212571529659
1	106	0.5499851336075433
1	134	0.5036614033298026
1	39	0.4964018084922721
1	30	0.4925412286974761
1	100	0.47269103726893397
1	109	0.45302509073671027
1	37	0.45273097719217986
1	176	0.44726013424144173
1	99	0.43054866320777635
1	24	0.42669581866306977
1	70	0.3958684191676177
1	4	0.37987195213129304
102	0	0.7788340350767731
102	7	0.798623384303373
102	104	0.7763830424157556
102	111	0.7701108063563346
102	12	0.7504830044346628
102	113	0.7430790618004772
102	114	0.7224208659123469
102	6	0.6925086086811963
102	103	0.6909597450833329
102	135	0.6876742597473909
102	3	0.6775549794078849
102	101	0.6726843460800528
102	2	0.6561199895262888
102	8	0.6351907115371691
102	141	0.6222264823293786
102	36	0.6099865882407872
102	134	0.5806614205834669
102	5	0.5771709423735969
102	139	0.5710098669038592
102	100	0.5635635338620685
102	106	0.5446196591525367
102	99	0.5151168832036643
102	30	0.5099705740595327
102	39	0.5057556077004728
102	105	0.4824479803630993
102	109	0.48196446978165114
102	37	0.47001531960298976
102	70	0.4502868313781479
102	176	0.4469560984010129
102	24	0.4401686797865992
3	103	0.8852867852385412
3	12	0.8847883564286994
3	106	0.8480310738231956
3	109	0.7909260323467862
3	5	0.7826214537115466
3	6	0.7823500525106604
3	111	0.7636026749238308
3	0	0.7575243104672075
3	176	0.7239663133824643
3	113	0.6810501269442886
3	105	0.6525459638816314
3	70	0.6498505720419482
3	8	0.5670608883943161
3	101	0.5419341860713046
3	139	0.5311889516846413
3	114	0.5166359962309681
3	36	0.502660652760274
3	7	0.44254403053218955
3	141	0.38587989483666685
103	12	0.848451803266931
103	106	0.7697850622618423
103	111	0.7468837730117123
103	109	0.7437902761819803
103	0	0.7309620072785357
103	5	0.7105778085477141
103	6	0.70866653443616
103	113	0.6916019657443825
103	176	0.6689332742625792
103	70	0.6171198624943359
103	105	0.5971204711884213
103	8	0.5840384440815265
103	101	0.5631129848903489
103	114	0.54643886758871
103	139	0.5110352906604192
103	7	0.4774607179032967
103	36	0.4698127325947874
103	141	0.4197017920933673
103	135	0.3792043105504209
103	104	0.3555738856715117
38	142	0.8851786037077755
38	35	0.6324386390344332
38	32	0.7504043742667932
38	36	0.7358969121849472
38	139	0.6425647663374631
38	156	0.584512651940538
38	31	0.57767754406976
38	52	0.5725243010421436
38	199	0.5653487717038955
38	41	0.542618944013444
38	24	0.5005801671508289
38	181	0.49470434865675456
38	62	0.49182135909572006
38	39	0.4867100319319768
38	176	0.450852692031684
38	145	0.4432031981021492
38	141	0.44157048240838276
38	114	0.39151665139180436
38	140	0.38180416591356314
38	70	0.3781421185653169
38	98	0.3761006047811414
38	37	0.37072210486253837
38	143	0.36313292914168965
38	137	0.3515927413920865
38	79	0.3483195570941891
142	32	0.7601118786894447
142	36	0.7092087084208695
142	139	0.6469934089415551
142	156	0.6022243472479397
142	31	0.6021988536004144
142	52	0.5897221766061577
142	39	0.5685380634297256
142	181	0.5618893550707486
142	24	0.5574390770211678
142	145	0.5562800330549579
142	35	0.5529148765075583
142	141	0.5517752164794159
142	41	0.5098003701956462
142	143	0.5036166224651449
142	140	0.4966052492364949
142	199	0.47116756392144604
142	62	0.4611256563222856
142	137	0.45719559541389376
142	144	0.4320057225710203
142	114	0.42378777194881245
142	134	0.4082421544076825
142	37	0.38363071346349265
142	40	0.383588071271801
142	135	0.37811640801751234
142	33	0.37721617155337483
142	30	0.3588802338558912
142	136	0.3568049973951695
12	111	0.8822655782153436
12	113	0.8551738993349218
12	6	0.8138746237686825
12	106	0.7936436759335153
12	5	0.7747492103818192
12	0	0.7684780681231003
12	109	0.7322447331208024
12	8	0.6885272174410207
12	105	0.6763848831901176
12	176	0.6722022645523662
12	114	0.6526894864061358
12	70	0.6219751562030128
12	101	0.6070837514872058
12	7	0.5904912698088557
12	139	0.5840186767623112
12	36	0.5499432812453341
12	141	0.47248133845139956
12	104	0.4677919533684907
12	135	0.4517286622865702
12	2	0.43115943675391355
12	4	0.37260097539519627
70	176	0.8836539697195899
70	109	0.65764925937792
70	106	0.5953997280049934
70	139	0.5725243010421436
70	199	0.5694509942117394
70	6	0.5582174520798365
70	71	0.5567080279527986
70	113	0.5461933290412081
70	5	0.5407606612526594
70	111	0.5378318400899965
70	97	0.5347900263107092
70	198	0.5335536643223981
70	0	0.5237185210772921
70	177	0.5159172070333004
70	156	0.5139404672661798
70	36	0.5000928859967554
70	105	0.486641348722536
70	98	0.4642928269182141
70	114	0.46390836771944854
70	8	0.4445281200304504
70	101	0.4295461405487657
70	35	0.4197594599274425
70	4	0.3971325998377359
70	96	0.35817435278361287
176	156	0.6039105657382285
176	106	0.7020847367731109
176	109	0.7013080752531187
176	139	0.6736467981718749
176	6	0.6580463247383955
176	199	0.657955599181391
176	5	0.613072909611872
176	105	0.586188929450695
176	111	0.5707199982243217
176	113	0.5558310116189805
176	36	0.5477771519135392
176	0	0.5402510068147428
176	198	0.508941342423288
176	177	0.49405454221719075
176	71	0.4872364032851147
176	97	0.4629739533748212
176	114	0.4586339663443787
176	101	0.4304101663378076
176	8	0.3986223967526079
176	4	0.38430424290377113
176	98	0.3791871863387345
176	35	0.37183428137380253
176	52	0.3681920481106619
111	6	0.8463374167169233
111	8	0.7934955770400535
111	113	0.8332882166609686
111	105	0.7173576934223505
111	5	0.6785220509453022
111	114	0.6766289354610804
111	106	0.6649024141146141
111	0	0.6561883249327349
111	109	0.6335354075543019
111	7	0.6202430484572752
111	101	0.5670812413065354
111	139	0.5484277646609381
111	104	0.5407465095414626
111	36	0.5092228598746967
111	135	0.49550451242576593
111	141	0.4844250045245988
111	4	0.4821026456378815
111	2	0.4670495114949789
111	39	0.34851285044589464
28	132	0.8759749249571391
28	133	0.7850507171116585
28	131	0.7414175171649646
28	26	0.7277089564719805
28	29	0.7261575011038018
28	128	0.7132704672465517
28	25	0.6990959113209045
28	23	0.6989834157412851
28	129	0.6576662839655778
28	126	0.6573313437551291
28	22	0.6299480436850059
28	27	0.6190479326998098
28	130	0.6048689819884439
28	15	0.5677863808064595
28	115	0.5589467171656596
28	125	0.5583688800016201
28	118	0.5546412661158008
28	124	0.546537056715417
28	21	0.545933657622158
28	16	0.5423507741520068
28	20	0.5342328743057664
28	123	0.5212685335631132
28	43	0.48276248815264083
28	18	0.4634295109639131
28	117	0.45443070200611324
28	116	0.44284955795473074
28	48	0.4291954150410331
28	148	0.4003956240614906
28	119	0.3998916930523604
28	53	0.37982916645367554
28	14	0.371127439814232
28	17	0.3622384163761211
132	133	0.7568288165338001
132	131	0.7403529482629269
132	128	0.6791852147726425
132	25	0.6578761986478954
132	23	0.6529878632564311
132	126	0.6196027251425308
132	26	0.6067489756640613
132	29	0.6062558949758063
132	129	0.5991242866322822
132	130	0.5789819912056815
132	27	0.5708143896974587
132	124	0.5697617465490243
132	20	0.5628192651680878
132	22	0.5620193544575878
132	118	0.5485675947191263
132	125	0.5482459397217888
132	115	0.541722259421183
132	15	0.5282177782173382
132	16	0.523115912574102
132	21	0.4928819845602498
132	117	0.4683229804358005
132	123	0.4401364291574543
132	43	0.426090358894726
132	18	0.42351700079627086
132	48	0.42027831790495945
132	119	0.4146137836007531
132	116	0.4124916114885285
132	14	0.38386947950300926
132	53	0.36616753054268186
132	148	0.3655698939169812
132	17	0.3530116716777571
109	106	0.8010371771419691
109	5	0.7236711398071421
109	6	0.6452925137852377
109	0	0.6102627972894369
109	105	0.5569426094403526
109	113	0.5487073940981854
109	101	0.5329883229594855
109	8	0.47115200375228505
109	139	0.4223181356569897
109	114	0.3892705322720862
109	156	0.3836989375675731
109	36	0.38346866443333477
126	128	0.8687351435375396
126	23	0.8526279388172341
126	133	0.7842821206188729
126	25	0.7091092897188933
126	29	0.6909231630898774
126	22	0.6739198061892923
126	123	0.6028039959368334
126	129	0.5753475085514603
126	131	0.5552917574641913
126	124	0.545723036200437
126	26	0.5062689342557799
126	20	0.458183745411367
126	125	0.42322973655403656
126	118	0.41285667950147126
126	16	0.3927014018247925
126	130	0.3921345764141759
126	115	0.3900169286337006
126	21	0.38041091237537406
126	27	0.37497535270340104
128	133	0.7848587941072247
128	23	0.7855490122709198
128	25	0.7683961672446238
128	123	0.6884009733170388
128	29	0.6805028528194678
128	129	0.6779118264838724
128	22	0.6768023933486222
128	124	0.6590939519906129
128	130	0.644661789091001
128	26	0.6087984579657221
128	125	0.5813040057964279
128	27	0.5811053454619198
128	20	0.5587816761728706
128	118	0.5574804313384919
128	131	0.5540178193144114
128	115	0.5259356608828716
128	21	0.5008124511414319
128	16	0.4981180374546235
128	15	0.47618586313293737
128	117	0.4689316833551712
128	119	0.4544148320071377
128	43	0.411221139143534
128	48	0.4045270741993542
128	18	0.39118638224170266
128	17	0.3672840410608368
128	120	0.3547349750429463
128	116	0.3483459170233151
113	114	0.8051554627003688
113	6	0.7203826609131867
113	139	0.6824096458736852
113	7	0.6590373887465074
113	8	0.6492725023416959
113	0	0.6420595722407603
113	105	0.6368580335190178
113	5	0.6194979783915974
113	104	0.6176829844998972
113	106	0.6088550976615569
113	36	0.5891022131000485
113	101	0.5747852977664707
113	135	0.5680641397672821
113	141	0.5528037810580002
113	2	0.5003777965400247
113	4	0.4734672332925841
113	181	0.40921669434224606
113	37	0.3634454166886419
113	134	0.3607692745640677
113	99	0.347167970018491
51	155	0.8534992404889525
51	157	0.8018598407417695
51	53	0.6871256793337772
51	17	0.6530337494073202
51	154	0.6272806911938115
51	119	0.5913568451960917
51	179	0.5902241639323955
51	125	0.5821045659493939
51	153	0.5618072358917967
51	89	0.5458915388560768
51	47	0.535689059565454
51	149	0.533532204364285
51	18	0.5236314293350414
51	164	0.5100075696168493
51	49	0.5052270279851133
51	48	0.5007824830655612
51	21	0.4983510837713767
51	44	0.49665045088318405
51	120	0.48909493574484475
51	124	0.47335861006409846
51	117	0.46225870607623026
51	46	0.4480996959462323
51	150	0.437714398580688
51	168	0.42412407910457744
51	146	0.4181352289778492
51	67	0.4137604812250933
51	45	0.4130474577356754
51	20	0.40845046772861404
51	173	0.4010839382591329
51	40	0.38790364257956594
51	144	0.3876997362170584
51	16	0.37869903715034975
51	147	0.37547369248696333
51	130	0.3634974899987764
51	148	0.3578779349122571
51	27	0.3546300710061764
51	152	0.35426283657482327
155	157	0.8165912806927479
155	53	0.6770407752937088
155	154	0.659986661964433
155	153	0.6159296606175915
155	17	0.6037707829226037
155	125	0.586011678115727
155	47	0.5777641550901109
155	119	0.5733236929863526
155	179	0.569498293115817
155	164	0.5540108886334556
155	49	0.5327162169513555
155	149	0.5229052391949114
155	48	0.5065217459297119
155	124	0.49652237255465237
155	21	0.49394870748223974
155	146	0.48687789889057104
155	144	0.4742349436821243
155	150	0.4735060238131996
155	89	0.4633195711993536
155	44	0.45801781524059704
155	117	0.451290785871375
155	120	0.4443997277396282
155	18	0.44387794631813315
155	168	0.43700272726402345
155	173	0.42974183799750165
155	40	0.42014657046510906
155	67	0.4181187255812326
155	46	0.4175326762233429
155	45	0.4083504826425699
155	130	0.4023167340843531
155	20	0.39725051327888794
155	122	0.39628155021264777
155	147	0.39199917104395404
155	27	0.383408956205858
155	145	0.3647639065827972
155	165	0.35353679004679045
23	25	0.8497909609507664
23	22	0.8204524054294184
23	133	0.7366295780686595
23	29	0.6853055517004317
23	26	0.6049387320339114
23	123	0.5712457014680417
23	131	0.5434580237807846
23	129	0.5409729001873247
23	124	0.5115079954681102
23	20	0.46994519893303754
23	27	0.4612831144244082
23	21	0.45372420791983803
23	16	0.43538325676453926
23	125	0.42776670864210264
23	118	0.42185790432155174
23	115	0.4079337726537704
23	130	0.38558197076444745
23	43	0.3822824299299589
23	15	0.38086412335255093
23	119	0.3536680348465389
44	149	0.850622404764184
44	136	0.711961274062955
44	18	0.6757224826552061
44	33	0.6533892045364971
44	17	0.6483344352305255
44	120	0.6061673439299687
44	146	0.5976542676395863
44	53	0.5804625362497018
44	117	0.5517543498106965
44	49	0.5447532893142865
44	144	0.5392801523261334
44	40	0.5296294474172625
44	45	0.526543041419539
44	157	0.5144406807080799
44	31	0.5116851800101311
44	48	0.5084669615971854
44	127	0.4982007395490793
44	154	0.495972143376097
44	42	0.47338964674147394
44	119	0.46655679178682957
44	137	0.4661107481022298
44	125	0.4660559544605906
44	130	0.45153761568618367
44	62	0.447995793028041
44	46	0.4474441057387142
44	27	0.43629860484346333
44	153	0.42725185010435696
44	67	0.4181847375115313
44	16	0.4172353916236703
44	78	0.41567318291835775
44	118	0.4154001642620612
44	24	0.4150608549834829
44	26	0.40139437089598956
44	164	0.3978988027129841
44	47	0.3892790169235847
44	147	0.37987195213129304
44	189	0.3792299963809337
44	148	0.37809069688640645
44	123	0.368788356407245
44	34	0.3661069144953165
44	115	0.36185609079880005
44	138	0.3528015620183941
149	136	0.7141927704511184
149	17	0.7100278371007768
149	120	0.7004227852969841
149	18	0.6919721814643058
149	146	0.661125266023704
149	117	0.6517471243842393
149	53	0.6191589406674092
149	119	0.609314279183371
149	157	0.5951091755531717
149	154	0.5842953561977212
149	144	0.5775109478497376
149	130	0.5569150162284623
149	125	0.5547935696036107
149	48	0.5391737671836256
149	118	0.5361238701395216
149	49	0.535689059565454
149	148	0.505934196723335
149	33	0.49729051810300406
149	45	0.4864199952326739
149	153	0.4851364429515694
149	40	0.4846239658887297
149	27	0.47843289191964616
149	115	0.4769819168442819
149	124	0.4684010441382372
149	42	0.4678310109893342
149	127	0.4655156544227566
149	46	0.4557785970683386
149	16	0.45512076769254456
149	147	0.44304246967218297
149	150	0.43666287288787253
149	67	0.4298641284064899
149	164	0.42908935625559574
149	137	0.42578748576731773
149	31	0.4255582210355043
149	21	0.41132084188403717
149	15	0.40766698902537885
149	26	0.4066909690156156
149	43	0.404568891245825
149	78	0.40324665520857167
149	116	0.39917737678386717
149	47	0.3955563568416379
149	152	0.37654696257992515
149	129	0.3755166426559071
149	62	0.3671715723751228
149	14	0.366539818078323
149	189	0.36456449197902147
36	139	0.8503180344153204
36	32	0.7784009048808903
36	114	0.779462719188652
36	141	0.7473697546393018
36	39	0.6476034637860488
36	24	0.6083703129694309
36	37	0.5952641562314955
36	181	0.5935180705648858
36	135	0.5888213697853442
36	7	0.5834781018128034
36	6	0.5523036083209698
36	134	0.5427812036369667
36	35	0.54045633200651
36	101	0.5315692988675631
36	0	0.5265574963158252
36	156	0.5243713602070889
36	2	0.5037957296847949
36	52	0.477669139470664
36	31	0.4740644036241416
36	140	0.4667836352686248
36	104	0.4662516296194487
36	30	0.45052597159731245
36	99	0.42825679218422474
36	5	0.4238205875494948
36	106	0.42329540445769526
36	145	0.41433219147637956
36	199	0.41269075593071447
36	143	0.40699138190362233
36	41	0.35718019659002564
36	8	0.3556874441592135
139	114	0.781144554670701
139	141	0.6818589123803444
139	156	0.5922470304495224
139	6	0.5813569701854698
139	181	0.5797393400308807
139	32	0.5543573286064647
139	199	0.5130274130141228
139	0	0.5072796585249909
139	135	0.4932150219472716
139	101	0.4860000153438524
139	7	0.4857708407415439
139	39	0.4604876540258863
139	35	0.4556122053120508
139	106	0.454525915941929
139	105	0.43582889278810055
139	5	0.4329243830136882
139	24	0.4282649581104529
139	134	0.4041255444977717
139	104	0.4009496685758173
139	52	0.38898201482342826
139	8	0.3839717920962811
139	4	0.38277755897592514
139	2	0.3776192228072566
139	145	0.37513862583111496
139	37	0.37462294721557027
139	143	0.35055818125237787
25	22	0.7254382109033719
25	27	0.6757007461026452
25	26	0.6502028258444829
25	133	0.6488500371724538
25	29	0.592552089935704
25	123	0.543676429525219
25	21	0.5411143545450964
25	130	0.5263406409053561
25	118	0.5144921534094425
25	124	0.49730557199609104
25	125	0.4900757305110755
25	129	0.48601529127507015
25	131	0.4699607818167735
25	20	0.4698205253181389
25	16	0.4533508851948356
25	115	0.4400477340720287
25	15	0.41441502092772325
25	119	0.39321720742218386
25	48	0.3686328269579116
25	18	0.36126498452573846
106	5	0.8211701959338376
106	6	0.7083926422511199
106	0	0.6709560779956066
106	105	0.6247205005215134
106	101	0.536316236512036
106	8	0.46945418817536516
106	114	0.40303728607231676
106	156	0.35566997430609826
114	141	0.818778440521973
114	181	0.6435031775863763
114	7	0.7429402014303598
114	104	0.6719774635217727
114	135	0.6591787828776154
114	101	0.6156502994124377
114	2	0.6103192763258916
114	37	0.5977571073049178
114	134	0.5880630364613552
114	0	0.5824284391391299
114	39	0.5639660137143638
114	6	0.5604918231630449
114	8	0.5554784752525899
114	32	0.5523800493562747
114	24	0.5164013695304976
114	99	0.45224587213888007
114	140	0.451688864326926
114	5	0.4489704055839705
114	30	0.4350914521291759
114	100	0.3941213834956304
114	143	0.3855564306727065
114	156	0.37531905852653114
114	35	0.3693670900716679
114	105	0.368822915703351
6	105	0.8385296658212148
6	5	0.6874106170629768
6	8	0.622281634319119
6	0	0.620679718064782
6	4	0.5267453822618748
6	101	0.5122238488472646
6	7	0.5040195528085655
6	141	0.438296267497409
6	156	0.411345766031426
6	104	0.4107557295980445
6	107	0.3868327109565407
6	135	0.3828714379701595
6	199	0.3760233328156097
6	2	0.37099809295106395
4	107	0.8388559195583365
4	105	0.6414302374544895
4	85	0.524204582120073
4	8	0.5114636925342507
4	160	0.49611539208564204
4	199	0.3949910385410758
107	105	0.6232182731413715
107	85	0.486641348722536
105	5	0.5934921604977793
105	8	0.5014040745895046
105	0	0.42185790432155174
105	85	0.3718859845762708
105	199	0.35588832960328776
7	104	0.8367694567216541
7	135	0.8067324992013722
7	2	0.7546932788206921
7	134	0.6769649418958794
7	141	0.6489426665359346
7	101	0.6237378569106732
7	0	0.6080111536917683
7	100	0.6073173352566411
7	30	0.6001041942618034
7	8	0.5685312957465446
7	39	0.5685109922352827
7	37	0.5677592754458408
7	99	0.5308227549795921
7	24	0.4929501175991633
7	181	0.47787750728442785
7	140	0.4207639834408808
7	78	0.40845879937673724
7	32	0.4068328416230091
7	5	0.40107554690873215
7	31	0.38375863022296663
7	143	0.360386481791394
104	2	0.7962202278108053
104	135	0.7321426767986243
104	134	0.7260203906018966
104	100	0.6739307226840503
104	141	0.6199907118923697
104	30	0.590660587025825
104	37	0.5718517002613357
104	39	0.5713467445615019
104	101	0.5442537930694558
104	0	0.5260586264731528
104	99	0.5196279841955093
104	8	0.49229124503900423
104	140	0.47860251649597907
104	24	0.4479638204643379
104	143	0.42566467217182047
104	181	0.39995889783295246
104	167	0.3947969050295911
104	34	0.38884621549408466
104	138	0.38040235946746065
104	78	0.36216022332745174
104	75	0.3566828146654738
96	198	0.8302063309193327
96	81	0.7738682301637031
96	190	0.6878955795393311
96	98	0.7291921302595853
96	97	0.7205654094301274
96	88	0.6985535688244618
96	90	0.6313513569189708
96	83	0.6227960883612406
96	74	0.5556789616132948
96	93	0.48021986180638526
96	194	0.47904953734367584
96	87	0.47640234343017074
96	177	0.4595968060852471
96	61	0.4593443623184445
96	63	0.45785975682780616
96	55	0.4499678772390243
96	199	0.44786789589844345
96	92	0.44706012228818587
96	185	0.43242858048979177
96	79	0.42901592401079314
96	75	0.42793826651338923
96	76	0.4167892972596906
96	71	0.40672435257075495
96	85	0.3959190152574757
96	183	0.38676468001505954
96	184	0.36687737274667814
96	182	0.3613258471192793
96	191	0.3516277962008353
96	193	0.3484777084042922
198	98	0.7777695718812938
198	97	0.7735069634796076
198	199	0.7265259946344858
198	81	0.6835141204743364
198	190	0.6557952493735838
198	177	0.6206551271867694
198	83	0.5486934155408713
198	88	0.5349827783734123
198	71	0.5312750867894589
198	61	0.5130937222108992
198	183	0.5083928116922585
198	166	0.49978536104645677
198	194	0.4833451489513335
198	185	0.48259374334975064
198	191	0.45769376433693093
198	87	0.43417491606730624
198	182	0.43218464719515864
198	74	0.426646741565969
198	90	0.42317227349041825
198	79	0.40160407048831503
198	63	0.38681570361588835
198	52	0.371291258501164
198	85	0.3672840410608368
198	195	0.3541404008052341
5	0	0.6718293561557724
5	101	0.549140577195714
5	8	0.4886992263451996
5	156	0.3523549608612085
22	123	0.7035775178852945
22	26	0.6480851108804602
22	133	0.5984058287337809
22	29	0.5505986509053016
22	129	0.5388261224574971
22	34	0.5229924221371814
22	27	0.49707220300420046
22	124	0.4526355678497912
22	131	0.4428817127558847
22	16	0.43663859280375034
22	33	0.4347833369391101
22	118	0.4291138324102452
22	20	0.4065407295770242
22	130	0.39329328894998833
22	21	0.3827092783779408
22	115	0.37857054179626437
22	138	0.3761692865813003
22	125	0.37598898804092334
22	18	0.36226447959277136
22	48	0.3519870511239631
15	116	0.8196664003861792
15	115	0.7328008254000872
15	14	0.563809146632422
15	43	0.73391930686595
15	148	0.6504798127932423
15	188	0.6171817749809186
15	186	0.6121045707190942
15	16	0.5893437551161724
15	117	0.5879976144278304
15	18	0.5875394447569945
15	17	0.5758958094488635
15	118	0.5420683706472539
15	20	0.5419553749469479
15	77	0.5417081285282116
15	120	0.5326087763520294
15	78	0.5301976087684883
15	147	0.5043402479299232
15	130	0.4855339568030375
15	27	0.47813981990412857
15	119	0.45884714675974503
15	124	0.4577570033347154
15	21	0.4545417839215135
15	133	0.44057977574765905
15	189	0.43984612239860443
15	125	0.4372292275559375
15	26	0.4262131180987369
15	48	0.4198006491627197
15	187	0.40624018473519863
15	129	0.4042426734263354
15	152	0.39953879741648896
15	131	0.3863223762970565
15	172	0.38546277861492306
15	75	0.37292817308705023
15	53	0.36691198827840815
15	29	0.3649199468485394
116	148	0.7894612209549805
116	43	0.7809885806698397
116	188	0.6722296708369917
116	115	0.6347072713751889
116	186	0.59933579133722
116	187	0.5854927316304533
116	147	0.5516500061050454
116	189	0.5488261994481098
116	78	0.5314042688552336
116	172	0.5082222382977855
116	14	0.5080367871999311
116	17	0.4817110851079972
116	16	0.4613697039981232
116	117	0.44242339930824404
116	18	0.4349860557626751
116	77	0.43128154408685315
116	118	0.43006791071034617
116	120	0.4206240706303418
116	119	0.40230835263817866
116	20	0.3865690676087085
116	169	0.3800687453128908
116	21	0.3715240137184815
116	152	0.36885747397977126
116	180	0.36558722096334717
116	130	0.3647552370782496
116	125	0.35598439362686696
116	84	0.3520834189550917
141	37	0.706779836624
141	134	0.7211082547977806
141	140	0.6997650551536165
141	32	0.687162627637604
141	39	0.6850455898387207
141	24	0.6800838361171389
141	2	0.6403046964387311
141	135	0.6346654692504329
141	181	0.5857424114071305
141	30	0.5457089923198023
141	101	0.535139794444588
141	145	0.4996728204214447
141	137	0.4946137111636478
141	35	0.48188769505665136
141	0	0.4765260205310535
141	99	0.4609760442214646
141	167	0.4581521421259616
141	100	0.44849920973318264
141	8	0.4353508385431934
141	144	0.4258857253493797
141	143	0.41707019491509484
141	31	0.4116863343858038
141	138	0.4112543744838222
141	40	0.40157052138257193
141	166	0.36562187429593074
141	34	0.3617865639726878
141	52	0.3522936501303799
20	124	0.8181842821347185
20	119	0.6584713461717338
20	150	0.6515054634596278
20	17	0.6471096738012427
20	117	0.6414243517442321
20	16	0.6399623636031544
20	125	0.5750062310662962
20	115	0.5705041896397195
20	130	0.5660559516504731
20	133	0.5489170356410352
20	27	0.5460599973650978
20	118	0.5400881169418728
20	129	0.5387906381810461
20	21	0.5372914592592284
20	40	0.533424894269045
20	18	0.5307150123211425
20	48	0.529348787326724
20	120	0.4990573001617568
20	144	0.4713075922469165
20	53	0.4683932380970553
20	26	0.44851518655904604
20	14	0.44302639526235077
20	43	0.43515630550592826
20	29	0.40528787956203044
20	147	0.40250110883643264
20	154	0.3990680856481893
20	146	0.3978314664462621
20	157	0.3878866518324713
20	122	0.35928092196983297
20	131	0.35533799988384696
20	46	0.3516453232354318
20	152	0.35115447311053544
124	119	0.7685599438298344
124	150	0.7268610553278444
124	17	0.6894884575964139
124	117	0.6637907141181801
124	125	0.6577911104158172
124	129	0.6433977027114219
124	130	0.6189677448916365
124	133	0.5795534172121093
124	120	0.5792611308488219
124	16	0.5779706365613816
124	48	0.5570460730355524
124	144	0.5532341664406618
124	115	0.5482809100826208
124	18	0.5424354713158648
124	157	0.5401872721195016
124	118	0.5382723500282917
124	53	0.5370139871545285
124	154	0.5312320206097819
124	27	0.5276768245286692
124	21	0.5054131908801517
124	26	0.5047949489436058
124	146	0.500250349949783
124	123	0.4721472632034615
124	40	0.44857909099613497
124	29	0.4235334133242498
124	14	0.3949994783285338
124	46	0.38465363503435673
124	131	0.38436390301616136
124	49	0.37956385898366807
124	148	0.37365972690745264
124	147	0.3733671610910189
124	43	0.3671888759487817
124	122	0.3638359111398348
124	136	0.36068228687305603
124	152	0.3570144251037039
157	154	0.7150002005610913
157	53	0.713697585451874
157	164	0.6754615664672277
157	153	0.664059131880589
157	17	0.6459864616866688
157	119	0.6339482836966253
157	125	0.5979049048638457
157	49	0.5862151841366323
157	146	0.5583826443317838
157	150	0.5532202876479575
157	47	0.5512115739599781
157	179	0.5358459092688577
157	67	0.5158878532501315
157	144	0.49616062291026947
157	173	0.49350252884640655
157	45	0.49160147533254633
157	120	0.4809965675960068
157	18	0.46044037565244733
157	48	0.45967567953756905
157	165	0.4535097653820011
157	117	0.4381265936425471
157	147	0.4255500319986503
157	89	0.4142659229731385
157	21	0.39585155327019234
157	130	0.3880480532851027
157	46	0.38691774371228543
157	40	0.3866711305964075
157	148	0.36616753054268186
157	189	0.36422627774365424
157	145	0.36090844181460213
157	156	0.35700569966555035
157	168	0.3557223831197835
68	69	0.8141782485725398
68	86	0.6729251729233515
68	76	0.6506240083444517
68	65	0.6555672165322445
68	84	0.641900849662555
68	92	0.5871398751866741
68	91	0.5817408146775046
68	77	0.577464292286369
68	80	0.5274891939268312
68	172	0.513513538238971
68	66	0.5113012251796499
68	78	0.4725434770133073
68	94	0.45282637616838817
68	60	0.43918452490733484
68	90	0.4355777423793528
68	93	0.4152181102326614
68	45	0.40551350513521767
68	75	0.4041757442331487
68	61	0.40281949740924766
68	63	0.3971157539899745
68	42	0.3966186811283472
68	189	0.39204148704702196
68	188	0.3881839518396506
68	175	0.38682420731910877
68	180	0.3772676328661857
68	41	0.37329831127762353
68	187	0.371325743701038
69	86	0.6616540758146767
69	84	0.6599189264874933
69	77	0.6346833849015783
69	65	0.6281411810308773
69	76	0.6278625987735134
69	172	0.5644227424324756
69	78	0.5519907982714248
69	91	0.5498665447409485
69	42	0.5449923479378501
69	80	0.5118844606083486
69	41	0.4843790832450294
69	92	0.4824249627115745
69	75	0.47786207447516943
69	30	0.46744035256824873
69	167	0.4383528185090227
69	90	0.4331437530155092
69	45	0.42240851267131385
69	37	0.4178463796917214
69	94	0.4100572137763535
69	63	0.4096994538915193
69	134	0.4083171521028329
69	66	0.4049535286826468
69	169	0.4045438012209461
69	189	0.3951091894978304
69	93	0.39484755195404203
69	175	0.390305171910305
69	188	0.3677511036952447
69	2	0.3654226037938258
69	150	0.363749145640307
69	31	0.3585404163698247
69	184	0.3578168987464528
69	73	0.3520834189550917
135	134	0.6842114747277059
135	2	0.6631077154446846
135	24	0.64154793580396
135	39	0.6300445404320738
135	30	0.5841702085078385
135	100	0.5746379623283503
135	31	0.5450485841531206
135	37	0.5397763887598748
135	101	0.49886202995799117
135	32	0.4853428694179671
135	78	0.4790726523576949
135	140	0.47569083424083725
135	8	0.46607161015160614
135	0	0.46401823104710876
135	150	0.45916287251332605
135	143	0.44062812783709604
135	99	0.41188563813672513
135	181	0.40750021390464847
135	40	0.4026686939150393
135	144	0.39657654561170663
135	35	0.3548835738068463
135	138	0.3530116716777571
135	41	0.35040029167809605
17	119	0.8064529727187404
17	117	0.7789520327667899
17	120	0.7566151306185458
17	53	0.6853585836960238
17	48	0.672015852956128
17	49	0.6679209093658384
17	18	0.725613447438562
17	154	0.6852949444290327
17	16	0.675107972684722
17	125	0.6450765311259447
17	150	0.6283348824594174
17	146	0.6135096212505401
17	115	0.5813371091168881
17	130	0.5654712277790424
17	147	0.5622587543420584
17	118	0.5616908814331765
17	46	0.541870615310454
17	148	0.5395637618999247
17	14	0.5380592367576322
17	27	0.5321716743818685
17	21	0.5314042688552336
17	40	0.518093339626596
17	144	0.5084447174174102
17	153	0.5015462938902765
17	43	0.4938050512136596
17	45	0.48458570798114237
17	189	0.4831995238607943
17	47	0.48286218414465026
17	136	0.4811041702716659
17	152	0.47189078785429683
17	164	0.4593838115502128
17	67	0.44639576200822545
17	188	0.42329540445769526
17	129	0.42122473112307424
17	179	0.4086337482636234
17	26	0.40509564104669754
17	42	0.38809901722095475
17	168	0.3878101902083381
17	122	0.35545158017424516
17	180	0.35424534649405154
17	84	0.35282782767212434
119	120	0.6928675350786595
119	117	0.6788942060507865
119	150	0.6741599011014461
119	125	0.6672612662017421
119	154	0.6472723940532127
119	48	0.6346176908452992
119	18	0.5889062909057106
119	53	0.5781903581271233
119	146	0.5770175410606281
119	115	0.5763701396739881
119	16	0.5464037964023267
119	130	0.5447743862851142
119	148	0.5384427910970546
119	118	0.5324869895846733
119	21	0.5167093011682667
119	147	0.5086597160611607
119	27	0.476270915850108
119	49	0.47052157050657056
119	129	0.4671355121992268
119	164	0.46390836771944854
119	144	0.4492498106181728
119	46	0.4449051667597225
119	43	0.4428415190764406
119	14	0.4293748721783138
119	133	0.42746436501495866
119	153	0.4136775975695538
119	152	0.40999066334682244
119	26	0.40035363905378324
119	40	0.3968630341664693
119	136	0.38287997203210455
119	47	0.35210969979547524
40	144	0.8032478740761544
40	41	0.6941547583446652
40	33	0.7248882106137361
40	136	0.6877375070213624
40	138	0.6818856648894305
40	27	0.6560003766697038
40	34	0.649544288636221
40	24	0.6477079613594465
40	145	0.6194856537938023
40	53	0.6043931660869782
40	42	0.6006669868717327
40	146	0.5876049206498948
40	140	0.5733572570213246
40	130	0.564688440449715
40	134	0.5403218158740036
40	150	0.5367008021433135
40	62	0.528621410927914
40	30	0.5212976641203406
40	48	0.5174053202245188
40	137	0.5162986959606837
40	39	0.5123344843552137
40	117	0.5083557339123344
40	31	0.5054578629758151
40	32	0.5008049592350239
40	125	0.47861022585539376
40	49	0.4645202816157712
40	18	0.4609681691742962
40	26	0.4415141295809781
40	2	0.43705935753474573
40	78	0.4351157726745673
40	115	0.41188563813672513
40	21	0.4003788302601249
40	123	0.39847098785708196
40	16	0.3953791997429645
40	127	0.3832468748618178
40	35	0.37410703672588297
40	37	0.3730486962346365
40	118	0.37216169601686144
40	154	0.3692030006468615
40	120	0.3589063697238265
40	143	0.35874083305613047
40	14	0.35664790307260885
40	147	0.3513648611042551
40	45	0.3489871720821704
144	136	0.785969852475765
144	146	0.7359885898375919
144	150	0.670763596522661
144	138	0.6641876881014218
144	145	0.6380156974779017
144	140	0.6367034608481438
144	137	0.6357094082674117
144	33	0.6356140588021785
144	42	0.634629635901416
144	24	0.6340320116052991
144	130	0.627183638424434
144	41	0.5903609904127676
144	53	0.5818400426616959
144	27	0.5777175200034248
144	134	0.5684162333586577
144	30	0.5486025474401018
144	62	0.5290392072388084
144	34	0.5263840174672371
144	32	0.5221346480431318
144	48	0.5147715119525907
144	117	0.5146097913764818
144	31	0.4988394955204987
144	154	0.48774717892729974
144	49	0.4788337651755428
144	125	0.4738085268331428
144	127	0.46785444468479165
144	123	0.45209471915510413
144	18	0.4446324253197656
144	39	0.4389423579218774
144	143	0.4182259927251476
144	120	0.4145309706264444
144	26	0.4056388313306309
144	129	0.3913642320038965
144	153	0.3884472072499003
144	35	0.3813256973378747
144	2	0.3729195638091669
144	115	0.35759888748222324
2	134	0.7429939614200987
2	30	0.6646903567294958
2	100	0.6405701243942431
2	39	0.6087418120627585
2	37	0.608130901119878
2	24	0.5386983701145864
2	140	0.5142273971668078
2	101	0.5116408879537755
2	99	0.5111387212702446
2	0	0.5012618281886034
2	34	0.48504468049412586
2	138	0.46705733010599987
2	8	0.4502389955796462
2	78	0.4425520720444123
2	181	0.40909180542262735
2	32	0.3992698450396633
2	143	0.38546277861492306
2	150	0.38117186045212476
2	167	0.3720496961614628
2	186	0.3675954367498899
2	31	0.3674051491733402
2	75	0.36280299252865433
8	0	0.4526514701266846
8	101	0.4087003875617783
8	37	0.35917640739803053
30	134	0.7932732523570101
30	100	0.6317481125428258
30	140	0.571353480151993
30	31	0.5297085869976588
30	42	0.5293127968811112
30	37	0.525704136587576
30	78	0.5165113604535851
30	24	0.5152858337411789
30	39	0.5041836467543604
30	32	0.49844127592093757
30	99	0.4895892895078628
30	41	0.4854422406465058
30	145	0.4766960457529796
30	150	0.4460193395731335
30	138	0.4449693292272959
30	181	0.44464044830415606
30	34	0.43832858278612086
30	167	0.4350509164759596
30	158	0.4342154897935806
30	101	0.42511591332727366
30	62	0.42206339162280043
30	137	0.4022832078950261
30	33	0.39923622115904756
30	136	0.38557345746618377
30	146	0.36035167642632754
30	77	0.3588715217748481
30	172	0.3501283240575392
134	140	0.7156301385682056
134	100	0.6789157695714807
134	24	0.59844434197879
134	39	0.5764435927375452
134	32	0.570908766085398
134	37	0.5675423882388861
134	99	0.5572253689785802
134	138	0.5503407671641269
134	181	0.5273448276683699
134	145	0.5268826509895765
134	101	0.5226000127324163
134	31	0.512555704359828
134	137	0.5115375292466466
134	167	0.5047129743655503
134	34	0.4928819845602498
134	42	0.4634687717085695
134	41	0.46252601179617864
134	150	0.45835754277391216
134	158	0.44968072032792755
134	78	0.43284312184810575
134	136	0.4291219909884236
134	0	0.40544665826300313
134	33	0.40052156899801067
134	143	0.3923630344482996
134	146	0.3768472973208546
134	62	0.368917948509691
83	190	0.7918602731404318
83	191	0.6486357580964605
83	87	0.6026129731950376
83	88	0.5821772882627545
83	194	0.5759760051883507
83	81	0.5344686491587277
83	90	0.4916545564650878
83	97	0.48395035593050106
83	93	0.479904350260377
83	185	0.477900655945195
83	195	0.4660246422029843
83	74	0.4197265072943408
83	75	0.41419965007730664
83	50	0.3635322042770063
83	55	0.35518945597812535
83	183	0.34892569602370527
190	194	0.7121338199602923
190	191	0.6447143830453728
190	88	0.6033575712683691
190	90	0.590028638686251
190	81	0.5882461772232829
190	195	0.5817540460760487
190	93	0.5683823872474693
190	185	0.5538167983887801
190	87	0.5396346451697683
190	182	0.5112938394313153
190	74	0.48370526452604534
190	97	0.47276092498206435
190	63	0.44917797199906356
190	75	0.4480277644458786
190	193	0.4430906911924782
190	184	0.4302960948724806
190	55	0.4287384621348319
190	79	0.42183324293219415
190	98	0.4062819323328016
190	183	0.40072304942026515
190	92	0.38831983351408284
190	99	0.37380598194505166
190	181	0.36614155261713416
190	199	0.36127367937043636
27	130	0.7902886347130584
27	26	0.6927687345032848
27	53	0.6629171745196893
27	125	0.6478646620387777
27	118	0.6082632213491402
27	21	0.6044947096906761
27	18	0.5993229752514145
27	16	0.5515595609241244
27	48	0.5476861532090009
27	115	0.5417505202885323
27	117	0.5296510318537563
27	123	0.5089709809682998
27	129	0.5059193159609916
27	33	0.4950290446376721
27	133	0.49450039916613814
27	138	0.48694656137370507
27	136	0.4804660284124573
27	146	0.47830950616074147
27	34	0.46698695997763484
27	29	0.4576463320493348
27	41	0.4499200242125751
27	42	0.42019597783110935
27	127	0.39054249129292634
27	122	0.38709629108071647
27	120	0.3791700618673149
27	145	0.37771353329887847
27	150	0.3770960860980262
27	14	0.37347903326555965
130	125	0.6977334161930769
130	53	0.6358762231637358
130	117	0.6219138376988521
130	118	0.6218525115672516
130	26	0.6055660647652538
130	115	0.5857686870245857
130	129	0.581476122048804
130	21	0.5713332731496173
130	18	0.5705986155929906
130	133	0.5427953112551175
130	48	0.5365512753204811
130	16	0.5277129014352344
130	123	0.5268609788068594
130	120	0.5126810321687363
130	146	0.5075543938652007
130	136	0.4928971257579773
130	127	0.4793345760781145
130	29	0.46639248749160717
130	41	0.4445281200304504
130	33	0.4401122404403597
130	138	0.431069881337471
130	122	0.41703715226576776
130	42	0.4165579099917382
130	150	0.41053125918155886
130	145	0.3988831055849891
130	131	0.3879631081182711
130	49	0.37553382227190185
130	34	0.3565518910562671
148	43	0.7400862240544648
148	147	0.6380275560459763
148	188	0.578596289411345
148	189	0.5197520709817565
148	115	0.49838866514477465
148	164	0.49477987168108806
148	18	0.49037960123834734
148	118	0.4457870001704346
148	186	0.44537024114515644
148	120	0.4383608969416755
148	14	0.43688136501713426
148	16	0.43093146080632916
148	153	0.426614022105284
148	146	0.4228684836047912
148	117	0.40514579367893694
148	125	0.4045438012209461
148	187	0.39084753995383936
148	21	0.3847303161218354
148	78	0.38454286409034577
148	172	0.3842104848132923
148	154	0.3791786241354908
148	165	0.37720759444142166
148	152	0.3766585247282526
148	53	0.3744080126783408
148	180	0.3567700892892192
136	33	0.7812614712239873
136	138	0.7264032098490332
136	146	0.693869667485658
136	137	0.6649749354670161
136	140	0.6376182605450531
136	34	0.613677966965437
136	42	0.6104573100736479
136	127	0.5934597711838947
136	24	0.5863136282431627
136	31	0.5575838050286964
136	62	0.5418352955417329
136	123	0.5373696996024062
136	18	0.5152858337411789
136	117	0.5100371647042421
136	120	0.4906150190756072
136	53	0.4769201154260807
136	48	0.47527291908599956
136	150	0.47413417431184085
136	32	0.44821157785945503
136	41	0.44770000309717145
136	26	0.4452980901719533
136	49	0.42302449569477957
136	145	0.409349892291549
136	143	0.4051290764057631
136	39	0.40389124687951233
136	154	0.3988999232961824
136	118	0.38485810613375177
136	125	0.36503262984848
136	129	0.3648852730051352
136	78	0.36456449197902147
133	29	0.7471136093346642
133	129	0.6812484601256455
133	131	0.6496194342786658
133	26	0.5923119509499012
133	125	0.510843165975058
133	16	0.5056216374780549
133	118	0.5040195528085655
133	123	0.4957609908011538
133	21	0.45935225230977006
133	115	0.45872082399942327
133	117	0.4176069834126168
133	43	0.4129645151302629
133	18	0.35851427262552993
133	48	0.3570493262332877
33	34	0.762307188479236
33	138	0.6884746207926894
33	140	0.6089117311503656
33	127	0.592097684114041
33	24	0.590419619948566
33	123	0.5457862298696031
33	42	0.5118918403135625
33	31	0.5080664625417828
33	62	0.5025261207811492
33	137	0.4860000153438524
33	18	0.4745759170474708
33	41	0.47449068705163777
33	39	0.4715253668653299
33	26	0.46497500717843954
33	146	0.44363702253250265
33	32	0.43486442975805106
33	145	0.4291138324102452
33	53	0.4162520654491478
33	117	0.39915215675920107
33	48	0.39782304911153255
33	143	0.36631472800617343
33	78	0.3611954235066136
43	115	0.5884292576653098
43	188	0.5707806801887674
43	147	0.5422025275859085
43	186	0.5065886520943638
43	78	0.48231753819512924
43	118	0.47822466749558346
43	189	0.4670807855008542
43	16	0.46028276220813624
43	14	0.46004628762803434
43	120	0.4371159843404633
43	187	0.428305786692429
43	18	0.4183579978137891
43	117	0.4134703584300067
43	77	0.39850463615562265
43	172	0.38431276597350517
43	21	0.37856197492038407
43	29	0.36754354318970917
43	125	0.35380801395174327
43	152	0.353142972138132
24	39	0.7793056950914967
24	32	0.6899812673786385
24	140	0.6830929744799352
24	31	0.6553847041308725
24	37	0.6173055770289206
24	137	0.5942107082719539
24	35	0.5768974594535545
24	138	0.5550357939924275
24	143	0.5543711822119102
24	34	0.5481270261537463
24	62	0.49018209882135777
24	41	0.4743976987268847
24	42	0.4631939082889012
24	52	0.4504622071913334
24	145	0.44752408153720147
24	150	0.44055559874427336
24	127	0.4226138837415189
24	78	0.3969472807959623
24	146	0.38454286409034577
39	37	0.742913317840592
39	143	0.6304484092841848
39	32	0.638080915857175
39	140	0.6116979457968994
39	31	0.5800247468527949
39	35	0.5384569925313337
39	34	0.5338254309936875
39	138	0.4637670938993702
39	137	0.44916200707265447
39	52	0.4420614095728651
39	78	0.43925716256179603
39	41	0.4138599325584333
39	181	0.40671600678380065
39	145	0.39857192953453824
39	167	0.3873938055217112
39	62	0.3682093366756635
39	100	0.3595247542556105
39	99	0.3534580364847703
117	16	0.7298563979440365
117	115	0.6612209505437214
117	120	0.7515032649706418
117	18	0.7143935823998255
117	48	0.6354650364330418
117	118	0.6242996093957842
117	125	0.6034911058715428
117	53	0.5447321916538888
117	150	0.5329453661789539
117	21	0.5306647265428066
117	154	0.5268682029438881
117	146	0.5257620249657415
117	129	0.48830331577625785
117	14	0.4676903950035113
117	46	0.4676357046145193
117	26	0.46197558489346136
117	49	0.46125949756094314
117	152	0.43630670124341264
117	147	0.4350995590481859
117	123	0.40939983702473765
117	42	0.39662710803114193
117	138	0.36695525626423786
117	122	0.3642869899409488
117	77	0.35608045012733625
117	78	0.3525213604556746
0	101	0.6852312946943804
0	99	0.47365341104019376
0	100	0.3972926220439515
0	156	0.3476691711919825
32	31	0.6679430640402771
32	140	0.6811091013056608
32	35	0.631489657790497
32	181	0.5947926191856687
32	37	0.5903023546463717
32	62	0.5680844585149988
32	137	0.5585684326992765
32	52	0.5293559851872354
32	145	0.5101999160995156
32	41	0.497599063054407
32	42	0.4879681574443671
32	143	0.46028276220813624
32	138	0.42226061863928926
32	79	0.403623413277025
32	34	0.40193111777428164
32	156	0.39450986047310416
32	99	0.3600557903183294
32	167	0.3516365597489493
98	199	0.7281884488643297
98	97	0.6785490304212902
98	81	0.6450181397325485
98	61	0.6383239218953529
98	71	0.5592285597731385
98	177	0.5327090547788798
98	88	0.4756521474092099
98	79	0.438732428270714
98	92	0.4270147585362294
98	76	0.4176069834126168
98	166	0.4142162187130475
98	52	0.39850463615562265
98	63	0.38221411902947877
98	182	0.36352352580209296
98	35	0.3607257815030295
98	183	0.3566653589935589
81	92	0.7268846381210664
81	88	0.7258974148490808
81	74	0.6699652100792908
81	90	0.71636116356182
81	183	0.6477021565778808
81	185	0.6269712675753809
81	97	0.6129543088928054
81	63	0.6055913957413053
81	93	0.5980012726790155
81	76	0.5861495451132033
81	61	0.5642250962661094
81	194	0.562990049753005
81	85	0.4902428741587491
81	73	0.48342178299370736
81	91	0.47734490492031384
81	66	0.4772908531853874
81	75	0.45338266353754486
81	195	0.4435004705826225
81	166	0.4417636656538849
81	55	0.43525357710483276
81	199	0.43116757773421355
81	80	0.4297092245587977
81	87	0.41714453684509806
81	184	0.39721682506241146
97	177	0.6764554024426328
97	71	0.6146370947733916
97	199	0.568950746583593
97	61	0.5261960325786902
97	88	0.46106266494833825
97	183	0.44262444245144394
97	166	0.4270147585362294
97	87	0.4219236649747642
97	85	0.3703511427481285
97	191	0.36435637151793304
97	185	0.35775585952300387
97	52	0.34881151823358
174	175	0.7665467317965649
174	196	0.6697502067319935
174	170	0.5485885665818063
174	180	0.5301185262020525
174	183	0.5231304394169558
174	173	0.5185906382680838
174	179	0.504847109844548
174	160	0.46527279787954307
174	169	0.4359179943654897
174	165	0.42195654363669266
174	67	0.3994295438050504
174	168	0.3951176283517711
174	195	0.38595649087995004
174	171	0.3770875080802606
174	145	0.36099541318510475
175	183	0.660663426779919
175	170	0.6245253497406795
175	180	0.6033066920413129
175	196	0.6033003317925879
175	169	0.5868449272323812
175	172	0.5849338350976485
175	194	0.5542049186717309
175	195	0.5264852187899314
175	187	0.4774375566336599
175	160	0.47543546714712553
175	166	0.4483074654674193
175	171	0.4358774947076876
175	167	0.4358045908750772
175	185	0.4319813211231108
175	165	0.4224167283470941
175	189	0.40959959141946883
175	65	0.40646560161122747
175	182	0.3896946839082259
175	173	0.3782278161782602
175	67	0.3764783035210051
175	91	0.3744080126783408
175	66	0.3728851260555276
175	60	0.3546650400106248
34	138	0.7636443628358767
34	140	0.6534636989396396
34	123	0.5656276631573791
34	37	0.5016660364906351
34	26	0.4817725190948303
34	127	0.476193595566354
34	42	0.42138100686194374
34	41	0.4078254002024124
34	137	0.3973094650815663
34	78	0.3837927388719181
34	31	0.38243611417903534
34	18	0.35926350350029057
34	62	0.35849684315023145
138	140	0.7378620413624304
138	123	0.5788490198390771
138	137	0.52492216694652
138	127	0.4996653171132277
138	26	0.4682839458424934
138	42	0.4678153881602564
138	41	0.4368489990646322
138	146	0.4169462792959205
138	37	0.4160701672667116
138	143	0.4074835348972033
138	145	0.4067410439409976
138	150	0.37568842720224305
138	62	0.3700404789306738
138	48	0.3670677455965794
138	78	0.3614127883407988
138	31	0.3596118253200077
138	167	0.357651213741592
138	129	0.3540092061505413
120	18	0.6489600324003125
120	115	0.5928375235873027
120	16	0.5553885810853816
120	48	0.5185613951114942
120	118	0.51413912329801
120	150	0.5102590893678227
120	146	0.5016136514679873
120	125	0.4817341234079709
120	154	0.479904350260377
120	53	0.44318712654118814
120	147	0.43943469709453287
120	129	0.42044297728930996
120	49	0.39331864826243723
120	46	0.3899830126327909
120	21	0.3709204779223687
120	189	0.34837227640150453
71	177	0.7534898257863243
71	199	0.5010521525231207
71	35	0.39122873007409015
71	156	0.3875552795819928
71	61	0.3506108066831116
71	89	0.34800319498260357
177	199	0.5014864153826498
177	183	0.40592284757605634
177	89	0.37474329297362324
177	61	0.3645471499979546
177	156	0.3513035016037785
88	90	0.7490556299652886
88	87	0.6884746207926894
88	85	0.5499502568308463
88	92	0.6760592489828854
88	74	0.5863530010377872
88	194	0.5841438580854276
88	76	0.5716026428916894
88	91	0.5573081034325545
88	193	0.5507728372063925
88	73	0.5279725989612679
88	93	0.5182469545622955
88	55	0.4743589504666406
88	75	0.46688530379353554
88	80	0.4666428430938262
88	66	0.46631423603751776
88	185	0.429570604936895
88	184	0.41067259821059193
88	63	0.39628155021264777
88	94	0.3946449498600944
88	191	0.3615692667028745
88	50	0.3549709764696821
88	183	0.35102296260404425
90	91	0.7008046405716626
90	55	0.5462985713451188
90	92	0.6671724947406781
90	76	0.6244582486416247
90	93	0.6096222678978798
90	74	0.6093268537523158
90	194	0.6015993992974422
90	63	0.5542464887038693
90	75	0.5444789659441823
90	80	0.5083260703312523
90	184	0.4813500648157388
90	73	0.47803181915154247
90	185	0.4662203246589107
90	66	0.43372848882894927
90	77	0.40265193662162996
90	84	0.39193992585287313
90	193	0.38757227546835893
90	87	0.3792556816270029
90	183	0.36777704618279744
90	182	0.36693794926042433
90	195	0.36134323586626094
90	85	0.3480471389067497
29	129	0.6825485436659621
29	26	0.6584656819795741
29	131	0.5915584003357298
29	125	0.5209334448446721
29	123	0.4665333217155318
29	118	0.45439102646780355
29	16	0.4465638997169709
29	21	0.44514575245893584
29	115	0.4262704003560891
29	18	0.363749145640307
76	77	0.745825111797117
76	80	0.7096607075221457
76	92	0.6616484536386379
76	75	0.6487226403905622
76	78	0.5790218766112892
76	184	0.5773443035171993
76	73	0.5772509616754283
76	91	0.5660899297217504
76	63	0.550612587574342
76	187	0.5360383560948935
76	84	0.5180055446537266
76	185	0.498215775319723
76	74	0.4926851218260441
76	86	0.4914953021074288
76	65	0.4730404163610649
76	186	0.467330935476178
76	182	0.45946270457710053
76	66	0.44801977169884627
76	61	0.4439903554635953
76	93	0.443098727863262
76	194	0.4402331776379336
76	188	0.436063778515321
76	167	0.4142742067762718
76	60	0.39543825537860083
76	94	0.38889714222310534
76	172	0.37066172373724615
76	183	0.3538430062520728
77	75	0.7094471982595916
77	78	0.6997140186956751
77	188	0.6725912611551066
77	80	0.6969731428971205
77	186	0.6524196253181865
77	184	0.5815555427690109
77	86	0.5563974158824341
77	73	0.5561280929072683
77	84	0.47213949239715364
77	65	0.42025361660945937
77	147	0.41245841691402874
77	115	0.40104198083402187
77	172	0.4002780618040683
77	118	0.38018851562401224
77	187	0.3664013061864031
77	16	0.36220366453941355
77	45	0.35954216896940927
77	182	0.35805230710588065
77	94	0.3552418852877439
180	189	0.7440983934598733
180	172	0.5898526067717901
180	179	0.5746379623283503
180	169	0.557969580699308
180	45	0.547938117874925
180	165	0.5214141742007783
180	187	0.5113012251796499
180	84	0.4932679918443455
180	67	0.4843867369769933
180	171	0.4712453603683413
180	193	0.47064613863985877
180	164	0.4604718948583406
180	86	0.4595810305247245
180	65	0.45935225230977006
180	173	0.4531999223279841
180	60	0.44896242129237446
180	82	0.4478838840421863
180	168	0.43974933304374497
180	47	0.43857091132904674
180	153	0.43016571065366394
180	188	0.42236743325131215
180	91	0.42078867185934055
180	49	0.40391635273112464
180	89	0.4006391039528903
180	170	0.3972926220439515
180	159	0.3970904847165993
180	147	0.391135562656107
180	196	0.36573449062640195
189	172	0.7134914566585348
189	84	0.6714506153777662
189	159	0.4599595639242669
189	169	0.5932783555030251
189	153	0.5808403572506361
189	45	0.556604507883265
189	188	0.5541841326189016
189	171	0.5425131006971098
189	147	0.5388899893370199
189	164	0.5237402923025462
189	187	0.5156309559720526
189	86	0.5063953509746716
189	47	0.5058300250630529
189	165	0.49898220223307466
189	65	0.48115796617429213
189	146	0.46869761951130356
189	49	0.4473801199466662
189	67	0.4461715293564388
189	168	0.4380457855936066
189	82	0.4303286881223027
189	179	0.42771768644537894
189	46	0.40420084318784283
189	154	0.40203172708642493
189	158	0.39873173411005536
189	78	0.38322981229437836
189	42	0.3764525553075942
189	186	0.35897606262004145
37	140	0.6101121561925928
37	35	0.5798521922981561
37	31	0.4907820463634438
37	167	0.4827548187118155
37	181	0.47002311042236494
37	166	0.43714025191071076
37	63	0.42933408944183665
37	78	0.40152858348473797
37	99	0.3973178864999965
37	61	0.3805819568672043
37	137	0.36995416873273956
37	41	0.3688833920178783
37	101	0.36448645107284033
37	52	0.3587843975254114
37	100	0.3569358939175828
37	42	0.35580099214565547
37	62	0.35111063781412327
131	129	0.5662597912268565
131	26	0.5458213347811492
131	143	0.4368166319809876
131	123	0.39868127212261534
131	115	0.37183428137380253
131	118	0.3690993533580146
131	125	0.36540527434076386
131	21	0.3541141629891904
164	165	0.7411742577607162
164	153	0.6514881969032229
164	67	0.6306532272061658
164	45	0.6151719222061152
164	173	0.5902958391766099
164	49	0.5474480953302545
164	147	0.544893922761061
164	154	0.5341113820829411
164	146	0.5092969253107666
164	47	0.4965901814223133
164	179	0.43378531867530434
164	171	0.4135781281308055
164	150	0.4028948909564705
164	53	0.38895655373655447
165	67	0.6761732510133546
165	173	0.6511888026760358
165	171	0.5768374092969515
165	45	0.5671355123535928
165	153	0.5558586530798676
165	60	0.4757527293436882
165	62	0.4724580352795526
165	179	0.43406941613470185
165	47	0.42139745548425994
165	156	0.42003127692393066
165	49	0.41996538881195333
165	170	0.40726668306368147
165	146	0.4057474350310221
165	137	0.39226996479438303
165	145	0.37198076778814054
165	147	0.3559581950937419
165	196	0.34848649400654347
165	172	0.34846892274080904
140	137	0.7309620072785357
140	145	0.5418423596485819
140	31	0.5406969761417234
140	167	0.5379171230148567
140	42	0.5241828254912493
140	62	0.5152197274297702
140	181	0.46313892490800057
140	143	0.45217427659458026
140	35	0.4437253687019931
140	127	0.443098727863262
140	41	0.42427168921187747
140	146	0.4149780790993897
140	158	0.40406697506290906
140	99	0.3966860944789542
140	123	0.39637427187307234
140	100	0.3605343933972969
146	150	0.6716702180135674
146	42	0.6622215324299378
146	49	0.6564900109317646
146	154	0.6543051782509598
146	137	0.6275232378967124
146	153	0.6191897718232239
146	53	0.5716565020621819
146	62	0.5394077917798537
146	48	0.539372338861996
146	171	0.531160237542647
146	145	0.5060755489456301
146	47	0.4911008164899514
146	147	0.48561802055840664
146	67	0.4766110375989909
146	18	0.4652257852937656
146	45	0.46382203652142306
146	125	0.4436289906349481
146	41	0.38786966082175517
146	46	0.38567561271215894
146	31	0.37897311178018295
146	16	0.3624121604523889
146	172	0.3590457515134785
146	159	0.35145251229764607
153	154	0.7353967944740202
153	47	0.7253955715733946
153	49	0.5581072993183145
153	179	0.5487563166327107
153	171	0.5328809258569424
153	67	0.5162473536092498
153	173	0.49650730309433694
153	45	0.47425044555945545
153	147	0.4530330383833769
153	150	0.4452018798780373
153	53	0.43191624750334645
153	46	0.42779121879684573
153	168	0.4048782848029607
153	159	0.39972366228901385
153	48	0.36910799098280644
154	49	0.6390995036745107
154	47	0.6336670884340101
154	150	0.5793740773375858
154	53	0.5537335984254164
154	48	0.5531647694059038
154	46	0.5496153421838921
154	152	0.4875490071014939
154	125	0.47936538502195325
154	18	0.4720540086849033
154	67	0.47073176834971137
154	147	0.43574788394014985
154	179	0.42093678927989137
154	14	0.4057557886873167
154	45	0.39877378392190127
154	173	0.39715786810762704
154	171	0.3891262830906836
154	21	0.38862550554389746
154	16	0.3885575858151
154	168	0.3588628096312744
42	62	0.7328332339441244
42	72	0.3861437032498196
42	54	0.3828116977068191
42	31	0.5802304169659843
42	41	0.5752538444733405
42	137	0.5701735800101259
42	49	0.49906480954239196
42	145	0.4810887993482207
42	78	0.4473561240937671
42	158	0.43010866191363184
42	167	0.43006791071034617
42	84	0.4192650542704194
42	172	0.4158551537516355
42	150	0.41583034150736087
42	67	0.41477938894818284
42	171	0.4032968975210125
42	18	0.39478846364222725
42	93	0.3903306014687221
42	35	0.3844661700255478
42	48	0.37669284934531794
42	79	0.36569984058821725
42	53	0.36499795929509726
42	169	0.3609867163305932
62	137	0.68308230665443
62	31	0.6573710960112521
62	35	0.6037008775875518
62	41	0.5762699613944603
62	67	0.5549250745180669
62	145	0.5018007239407287
62	49	0.4878310057253098
62	45	0.47235704723484495
62	171	0.45436722027943927
62	60	0.44804374972508515
62	167	0.39631526811547696
115	118	0.640776462595394
115	16	0.6350833233633785
115	18	0.6198059940857636
115	125	0.600379269494208
115	21	0.5430421449894984
115	14	0.5382439389015021
115	26	0.505070614805797
115	48	0.4961003145456855
115	129	0.47108197936213997
115	152	0.46157433532575204
115	186	0.45058176168220354
115	188	0.4380134603916382
115	123	0.43705935753474573
115	53	0.4138019204809713
115	78	0.3996984553569331
115	46	0.390135626303104
115	150	0.36060399258581055
115	147	0.3594899240766935
137	145	0.5937253068142773
137	31	0.5637682180931476
137	171	0.5410507038724843
137	35	0.5022943697613221
137	167	0.48799101372208575
137	158	0.3959527446486278
137	127	0.3847132763390461
137	41	0.3697642638185899
137	169	0.3654226037938258
137	150	0.35901961864754994
137	67	0.3510580334267878
16	18	0.729664743652194
16	118	0.6508373316891132
16	125	0.5655120409317069
16	21	0.5516360923061209
16	48	0.5402014359206984
16	26	0.5082444892632207
16	129	0.4863283824150482
16	53	0.4664237860295988
16	14	0.45605584588425
16	152	0.42115892332755367
16	150	0.4009412761485355
16	46	0.39048316631182384
16	147	0.3814709683403623
16	188	0.3754651022596471
16	123	0.3706789758070813
16	122	0.35022483545733496
18	118	0.6974305223709723
18	151	0.32171595875167003
18	53	0.5953287184465538
18	125	0.5899699676123263
18	48	0.559242304887762
18	21	0.5566183115580355
18	26	0.5350041918325362
18	129	0.46192052261380395
18	14	0.4258529799376074
18	150	0.4154911788002626
18	152	0.4064405577344096
18	147	0.4053714503481971
18	123	0.39863080772092774
18	49	0.39855510659209764
18	78	0.3935637574256941
18	122	0.38186396010591084
18	46	0.3718515160309753
18	127	0.3702821135005857
199	166	0.6082191183616277
199	61	0.5279437485546046
199	183	0.5034300063989003
199	156	0.5011869507775741
199	182	0.46758101064488505
199	52	0.46220366211299574
199	181	0.4419487611625256
199	35	0.4380457855936066
199	185	0.38553940361663563
199	195	0.3854116923266944
26	129	0.6874158916931538
26	123	0.6294048869711681
26	118	0.5667215712414229
26	125	0.5539900961298253
26	127	0.5202919579944238
26	21	0.5073390695016694
26	48	0.4850905630582406
26	53	0.4510279556518992
26	143	0.42342672692255373
92	93	0.695189618601444
92	66	0.6177139069313916
92	60	0.5555683564378242
92	91	0.6269105730672484
92	194	0.5540039578757059
92	63	0.5430562469409127
92	65	0.5389396592938313
92	183	0.5098373744315041
92	80	0.48268579041221393
92	185	0.48136543071011134
92	74	0.47206178029834567
92	50	0.4462916609606013
92	61	0.4387082025361713
92	195	0.433289971181963
92	94	0.42363188265290674
92	87	0.4191001970859927
92	85	0.41130422544404494
92	73	0.3943409747559419
92	86	0.38464511458577233
92	55	0.380658918394551
92	193	0.37922143450236634
92	84	0.3776363707521977
92	75	0.35367678400480695
92	182	0.3510580334267878
150	48	0.49487048944578105
150	53	0.4650847317890124
150	49	0.4554457817124687
150	147	0.4473881184211651
150	125	0.39905967816800775
150	145	0.39008475746083493
150	100	0.3523724776573947
47	49	0.5827653353665434
47	67	0.549936305583098
47	179	0.5193213228482402
47	46	0.4800197957212844
47	45	0.46560964459289644
47	53	0.44374143071539185
47	173	0.4290077645224185
47	171	0.4255909764859331
47	89	0.4022832078950261
47	82	0.40177179984803346
47	168	0.3934961466916003
47	48	0.37003184819829743
47	147	0.3634627747110475
47	159	0.36136062436191224
186	188	0.718147967302401
186	75	0.5733975313231318
186	78	0.566918398619072
186	184	0.5309663851698015
186	182	0.506752174813465
186	147	0.49104010850593827
186	80	0.4756289344269379
186	14	0.4713853754960226
186	187	0.4692670600317671
186	172	0.4275542609514226
186	185	0.374545575418839
188	147	0.6522128112447793
188	78	0.5796928649840842
188	172	0.5507101356631126
188	187	0.5145289173548778
188	45	0.48574027908011014
188	184	0.476193595566354
188	80	0.4753967681713856
188	86	0.4693294407638857
188	14	0.45478770070967217
188	75	0.4362014425336267
188	84	0.4092000433720297
188	182	0.3879970869760208
188	65	0.35672645275567566
194	195	0.7143054355402016
194	183	0.6943723175555894
194	193	0.6865657419124205
194	185	0.6737942453475706
194	191	0.634014071161812
194	93	0.5986112007486355
194	182	0.5699373171399464
194	87	0.5024962214802406
194	74	0.4932982587146711
194	66	0.4929122666571855
194	184	0.49170763394409356
194	91	0.4788106432966438
194	196	0.4401283663227298
194	63	0.4381023519712884
194	80	0.4362257340647853
194	50	0.4256482958406688
194	75	0.38890562978022486
194	73	0.3800944114527013
194	166	0.36852912919057457
194	167	0.3663753333984323
194	170	0.3636970833105691
194	187	0.3589586397712268
195	182	0.656552598707015
195	196	0.6561598531545052
195	93	0.620015335742381
195	183	0.611941959565079
195	185	0.5724772440416009
195	50	0.5134472678302381
195	191	0.4991248818891343
195	41	0.43599088930063057
195	184	0.43302188712522227
195	66	0.428779270426548
195	170	0.4031796616767162
195	74	0.3871302968126159
195	181	0.3744166108325488
195	193	0.35751167206013296
195	167	0.35683990450470293
195	75	0.3490662083153551
53	125	0.6832262977061719
53	49	0.6213616279030959
53	48	0.5825209403918347
53	21	0.5320856536918702
53	41	0.4961832373127395
53	118	0.4528661226820939
53	45	0.43753653211235993
53	145	0.42998640304601704
53	147	0.4163182019840899
53	122	0.40830048642467154
53	67	0.40279436501196547
53	129	0.3674483990516109
53	179	0.36310688482369774
53	14	0.34895204327366003
53	168	0.3486534088137634
172	169	0.64165383849761
172	187	0.6326605949922075
172	158	0.473793016576569
172	171	0.5350398794035928
172	84	0.5187587628743916
172	78	0.47715956964932976
172	65	0.47500193354149883
172	167	0.43994290153662174
172	147	0.43594229331277773
172	170	0.4341262252704097
172	182	0.4145144072076377
172	45	0.39174524019439694
172	86	0.38328953013605266
80	73	0.6878903115063764
80	75	0.6398915043810456
80	86	0.6100368190984414
80	184	0.5795202103580498
80	94	0.5399535252151996
80	78	0.4786333534908642
80	91	0.44239927114193295
80	74	0.44002354301292723
80	187	0.42040181503888296
80	185	0.41534224158863253
80	65	0.4077170162592152
80	182	0.3998328853419183
80	84	0.3866371106527739
80	87	0.3597424201747735
80	193	0.3509703545233252
89	179	0.7094670650827177
89	50	0.5345472222979113
89	192	0.4329975120472232
89	82	0.5152197274297702
89	168	0.489558876819186
89	87	0.4751567934603082
89	173	0.4720384652379008
89	94	0.4253698555557987
89	156	0.414887017691698
89	191	0.37396081996090674
89	193	0.3737801735830038
179	173	0.6438897097812408
179	168	0.6193192418319132
179	67	0.44717213449137583
179	50	0.4297989088172954
179	82	0.42402565984414964
179	156	0.40810047705810204
179	159	0.394695603982423
179	160	0.3902627879895681
179	191	0.38888016691081917
179	192	0.37892172784902395
179	193	0.3612475946478746
75	184	0.6237867305586898
75	73	0.615706184039597
75	74	0.5245743401089137
75	78	0.47473860414831087
75	185	0.4406603611430812
75	182	0.4335173763312008
75	86	0.3824617261637364
75	99	0.35992522929374204
75	93	0.3583835454689291
21	125	0.7060484074797119
21	122	0.5285997938029849
21	118	0.557735388497825
21	48	0.5405271188758723
21	129	0.39220227272826463
21	152	0.38171874009436535
21	14	0.3681834037326772
125	48	0.6121233302144403
125	129	0.5481480125115403
125	118	0.5384285893569057
125	123	0.4329487599914369
125	122	0.4267939653185468
125	46	0.41764826277102524
125	14	0.4005803381233273
125	152	0.3835539563407129
125	49	0.38109493409218564
123	127	0.5944694122219631
123	129	0.6249338573655431
123	118	0.44248773795377255
123	48	0.3795724182639494
91	84	0.5867531338670016
91	93	0.5635225887090078
91	86	0.49579115904448834
91	65	0.46679927738335003
91	60	0.44386188672818994
91	94	0.41417479660898887
91	193	0.4039330896275161
91	82	0.3982943166929435
91	55	0.3966186811283472
91	66	0.3917960311405165
91	61	0.3867901921115053
91	63	0.36713696446540206
91	87	0.36625411950574416
91	183	0.3610215033718936
91	73	0.347484541223811
78	31	0.6320724847876991
78	147	0.5185467730782578
78	182	0.46030640607500767
78	84	0.45110760943734735
78	41	0.4509164282807022
78	45	0.44161073229514436
78	167	0.43949117815734823
78	187	0.43209518913527534
78	184	0.3861862470804046
78	158	0.37043742355552783
78	52	0.3568573576857918
118	129	0.47824009337138873
118	48	0.47255901091974306
118	14	0.3917621707750809
118	152	0.36138670663412603
93	63	0.6738379230982869
93	79	0.5704974443515414
93	66	0.5579626939614121
93	41	0.5054727530722618
93	61	0.5040120931280637
93	50	0.46010147086979186
93	182	0.4353508385431934
93	167	0.42665492125664944
93	185	0.4263031315398095
93	55	0.4237221374097956
93	196	0.40958294671962375
93	74	0.3889480665755503
93	183	0.38517325841058714
93	181	0.37682155744642726
93	54	0.3558795961372382
99	101	0.6950759247080175
99	100	0.5072796585249909
99	181	0.4866566121779317
99	79	0.3756197164808305
99	182	0.3743994144597482
101	100	0.5147274099730682
101	181	0.4417717140669667
101	156	0.3549185356164944
183	185	0.6755050642504263
183	166	0.6233038895284977
183	196	0.5058374663852696
183	160	0.4474920920767187
183	74	0.44645981818642916
183	191	0.43752036073518935
183	182	0.42570561177980243
183	66	0.41366102001549543
183	193	0.4078337369528422
183	61	0.39718313577539593
183	170	0.3947969050295911
183	63	0.37189460155236986
183	85	0.3566740868606463
183	50	0.35447269820994043
41	145	0.664801979235061
41	31	0.5642659938839772
41	50	0.4683151736633798
41	67	0.4366952453438391
41	182	0.4322415706231165
41	49	0.4252879460232886
41	35	0.4104231630820997
41	181	0.39719155819750973
41	45	0.3912541379782963
41	52	0.38254709520121494
41	167	0.3759117085207911
41	79	0.37417583818061334
41	196	0.3632371007389059
59	151	0.6906042273483296
87	193	0.608918023377088
87	94	0.5535532939043911
87	191	0.5487912589991873
87	50	0.4911918695221333
87	73	0.3947546974262658
87	82	0.38568412522254564
73	184	0.6442817626364785
73	74	0.5781970150477311
73	94	0.5051078590489203
73	85	0.41605362941677754
73	185	0.4119437609763096
73	86	0.4111131167366861
129	127	0.5265502689057382
129	48	0.4343534272846026
129	143	0.40791710071700915
193	191	0.5033702793352635
193	50	0.4628403814931123
193	182	0.4245258537703968
193	184	0.36572582821189714
193	60	0.36184740016565725
193	185	0.35141745255952744
84	86	0.681928465109752
84	65	0.6561370743867725
84	64	0.4505020604836748
84	82	0.4775224780451503
84	169	0.4656018124798411
84	60	0.4020736447682989
84	187	0.3975199804644812
84	45	0.3966439616361913
86	94	0.662120457107306
86	82	0.5318992378440242
86	65	0.6467782396168633
86	45	0.5435707585173893
86	49	0.4178959027142597
86	184	0.36485059814955817
67	171	0.6252324001828076
67	45	0.6648410401002438
67	49	0.629899788016243
67	173	0.5802171501587654
67	147	0.42405846737727443
67	50	0.40844213601242924
67	60	0.3786819052798103
67	35	0.36485926695834
67	145	0.36474656751045703
67	65	0.35925479417165096
67	170	0.3516190325910908
185	74	0.5316625588528642
185	184	0.5247555217847494
185	166	0.510983569805102
185	182	0.499365123302314
185	191	0.4937974896106062
185	63	0.4531681373585873
185	167	0.4513624532567196
185	187	0.45054191198065746
185	66	0.40491172720431845
185	160	0.3532392503022836
63	61	0.653750097937183
63	167	0.5917338881403466
63	79	0.5332674750638154
63	166	0.4853963785608975
63	181	0.4550573361762146
63	66	0.45341444072765485
63	55	0.4456668010412828
63	74	0.40184726926677233
63	54	0.3798633951257878
63	31	0.35740700532176484
48	49	0.5015163552370643
48	46	0.46049553350080696
48	152	0.43813467405802375
48	14	0.3935975611962722
48	147	0.36667831372475623
48	122	0.3511194049965406
45	49	0.6703728564011197
45	147	0.5514273484806952
45	65	0.46483391168721966
45	60	0.42434548581183146
45	171	0.41447299745911453
45	31	0.38983037753494787
45	46	0.361464950057407
45	82	0.3486007012631953
49	46	0.48143457357344666
49	147	0.45854709992500037
49	171	0.3926421952047222
49	82	0.35015464608574937
74	184	0.48970332648145526
74	85	0.42981521413509266
74	182	0.4153091414058399
196	170	0.5247700142654944
196	145	0.520751264035938
196	173	0.4142907741766327
196	167	0.381291513187979
196	191	0.35817435278361287
196	181	0.3540529392505069
61	166	0.6688117001526394
61	35	0.48522054915239116
61	79	0.4714242643707962
61	167	0.397915636109878
61	66	0.3920753386550518
61	60	0.37155849200237195
166	167	0.5822962683222274
166	160	0.474374449991314
166	181	0.45837334079634684
166	35	0.43685709065880396
166	170	0.43050793093851863
166	187	0.3816845679404792
31	35	0.513513538238971
31	167	0.4925715242261093
31	181	0.4650925687144864
31	52	0.44400641277229236
31	79	0.4376173847527987
31	143	0.43273747181567235
31	127	0.4177143061585402
31	145	0.389092339332933
31	54	0.3486709775072637
145	170	0.44496130916864884
145	181	0.44405458298728656
145	167	0.43682472385794097
145	171	0.39122873007409015
145	178	0.36035167642632754
145	158	0.35706677642424645
145	156	0.3563074628505644
94	82	0.4718830146267727
94	50	0.37715613041088425
94	85	0.36710235553919895
94	184	0.35219729858667587
46	152	0.6568938274563728
46	14	0.5616908814331765
152	14	0.6173055770289206
152	161	0.4010839382591329
152	58	0.36957432800510487
182	184	0.5621082854114454
182	79	0.5172148987612923
182	187	0.49036441053243124
182	181	0.4386839761639385
182	50	0.39512606713902537
182	167	0.3700750012214277
65	60	0.5376754594685017
65	169	0.5106953430222045
65	64	0.39148278227294214
65	171	0.38334071430705513
147	14	0.41205169449948414
173	50	0.5079254939261766
173	168	0.471774181738718
173	171	0.4024173061779071
173	170	0.34846892274080904
191	192	0.36874515585327894
191	50	0.3634193791818806
191	168	0.357834337962989
184	58	0.37802213101862914
184	187	0.3707824828540656
181	79	0.6362870492325949
181	167	0.5614854958242567
181	156	0.4419487611625256
181	52	0.4407892830036392
181	170	0.423968243983252
169	171	0.5452313179839482
169	187	0.5074653018148687
169	64	0.4487947346086893
169	170	0.4435968623320966
169	160	0.4356830717784157
169	167	0.42703111156448725
169	159	0.398142860741539
169	158	0.3959527446486278
79	52	0.4432996214844911
79	167	0.4037405989940491
79	54	0.35724998838019034
56	162	0.6335533661995948
56	163	0.6115852847813448
56	57	0.4683229804358005
56	161	0.3438039328469827
162	163	0.5724167366417895
162	57	0.4675731969283649
187	167	0.40205687789778716
187	170	0.3744424049088551
187	60	0.3573023296049415
35	52	0.38346013488279296
35	156	0.3790416200534571
143	127	0.5778374311767428
143	52	0.434077531936893
171	159	0.39340317498165495
171	170	0.38020562462776875
170	160	0.5613074389845477
170	167	0.46328030354096544
170	66	0.3896353126250224
168	82	0.5059118754668915
168	159	0.3731433841624278
66	50	0.5289455855232567
66	85	0.47763054693931317
163	57	0.37799641774897746
156	52	0.5928050954425673
156	192	0.36308952162980235
58	161	0.6011078515088215
167	158	0.4009328836539561
160	85	0.46328815721818406
160	64	0.3918806774108253
60	50	0.3948644337289396
50	192	0.3839717920962811
50	82	0.3534142823407218
82	159	0.4198747854288454
72	178	0.4858930755104525
