19	121	0.9560229208941606
19	124	0.7683961672446238
19	20	0.6949311730915689
19	120	0.6638186822842987
19	117	0.5769441608200345
19	17	0.5764970072969442
19	123	0.5646680062945965
19	16	0.5258994903477024
19	119	0.5190583637669984
19	15	0.518363972073316
19	18	0.4987643758577127
19	25	0.46477903484128785
19	136	0.4299374950826985
19	128	0.4155242729334458
19	118	0.41038158458753515
19	43	0.40468596997547546
19	115	0.3655525666172435
19	133	0.35080374765130956
19	26	0.345522286423101
19	75	0.3353996469926542
19	14	0.3346716911448095
19	28	0.327673787538713
19	125	0.3238837939433602
19	21	0.31242457791751693
121	124	0.7624328260682536
121	20	0.6813556256300652
121	120	0.6328644629257462
121	117	0.5763701396739881
121	16	0.5517195704943703
121	17	0.5439158866719344
121	15	0.5352896389370421
121	123	0.5307940252814805
121	119	0.5077399674484797
121	18	0.5005951553906958
121	25	0.44007192449242544
121	43	0.4350428091336881
121	118	0.4334767723168864
121	115	0.41015703123394187
121	128	0.39877378392190127
121	136	0.38317862302274636
121	14	0.3617691816372737
121	75	0.358087178548245
121	116	0.3370582430259306
121	125	0.33413878728456853
121	133	0.3333123640306932
121	28	0.320352614875549
121	186	0.3192843328291973
121	53	0.31405698052843284
95	197	0.8803227296795815
95	96	0.7019985233901883
95	198	0.6706150490500602
95	79	0.6599302164786913
95	181	0.6165685046769468
95	99	0.5981233137620056
95	98	0.5739476690550609
95	74	0.5525537444365002
95	81	0.547966107814199
95	93	0.5099187771096214
95	112	0.5061499339348156
95	196	0.48140384415164017
95	190	0.4741186702291277
95	78	0.4460593920173283
95	68	0.4446324253197656
95	199	0.4339801376606084
95	11	0.4282649581104529
95	85	0.4194381245607833
95	160	0.4057056657327194
95	5	0.39868127212261534
95	101	0.3877167298635781
95	184	0.3866881401735982
95	73	0.3860160619015255
95	106	0.36064749003953306
95	55	0.3577907394536445
95	186	0.35373802637977825
95	97	0.35321299336308065
95	32	0.3515752136179521
95	185	0.3398739412778595
95	70	0.3355505145920966
95	167	0.3345384852298993
95	76	0.3327344520415053
95	83	0.33110606568273115
95	90	0.3274327561500404
95	75	0.3273256174060427
95	183	0.32533309308680897
197	99	0.6223183988804557
197	181	0.6367331903368225
197	112	0.6076202064567567
197	79	0.5954836364011519
197	198	0.5927661791312977
197	96	0.5586028318038347
197	11	0.5156162733262931
197	98	0.4802737172178295
197	74	0.47797009794490786
197	101	0.4665411451456299
197	78	0.4522299625215582
197	81	0.4460273502048916
197	93	0.43586939456428514
197	106	0.42896696603041007
197	5	0.41844049202086947
197	199	0.41831674812168324
197	32	0.4078420736352722
197	196	0.405605412502869
197	70	0.38322981229437836
197	190	0.3773705485024662
197	160	0.3633239034664841
197	68	0.36325446178895293
197	38	0.3362957252857363
197	109	0.3279593991454516
197	166	0.3253420346415043
197	182	0.3179545803158421
197	184	0.31478690293915873
1	102	0.8751580861785921
1	111	0.831136284314191
1	6	0.7918975659180228
1	8	0.7859316243321757
1	110	0.7813393851514348
1	113	0.7798940308605187
1	104	0.7708828415345883
1	2	0.7369998323285099
1	103	0.7249166816003316
1	105	0.7175081333238763
1	13	0.7160055942034047
1	108	0.6695130215349825
1	3	0.6612209505437214
1	12	0.646248601137726
1	0	0.5994126814000016
1	10	0.5744168893141401
1	114	0.5541079111785436
1	107	0.543676429525219
1	9	0.5329382064484299
1	134	0.5151095366198548
1	4	0.495972143376097
1	109	0.4902200839658439
1	112	0.48824238860656854
1	141	0.43057310172756824
1	144	0.4300516097382943
1	101	0.4111131167366861
1	147	0.39831955724045964
1	140	0.3952948288785562
1	100	0.38229096849875494
1	40	0.36803643956862603
1	130	0.3677511036952447
1	26	0.35959441160806455
1	22	0.35747678414506445
1	126	0.3363223321728495
1	127	0.33516887503367027
1	24	0.32816464546544444
1	138	0.327673787538713
1	11	0.3207384326116711
1	23	0.3205051601808348
1	27	0.31812536192475876
1	106	0.3161556289750938
1	131	0.31258699914073435
102	111	0.8134690981908197
102	110	0.7816118921982312
102	113	0.7681913048888893
102	103	0.7639776369921208
102	104	0.7496563276084265
102	6	0.7492311436334143
102	105	0.6960876092846675
102	108	0.6928935309069962
102	8	0.6892733084644989
102	2	0.685507034615644
102	3	0.6763686077551748
102	0	0.6677713343474323
102	13	0.6656883225342842
102	12	0.6098861118174146
102	9	0.5698360327636647
102	114	0.547763152956338
102	10	0.5450485841531206
102	134	0.5148670568959193
102	101	0.5120467966700992
102	109	0.5064325282207468
102	107	0.5019952295282518
102	112	0.49517247093245503
102	144	0.44115177823995894
102	141	0.4358531940656436
102	100	0.4271046967348826
102	130	0.42289311875962804
102	40	0.41173616401661817
102	4	0.39542138267343724
102	147	0.38791213785425294
102	140	0.37863907446815276
102	138	0.3671283123291439
102	106	0.34478235578696015
102	27	0.3445444298595959
102	24	0.34169470446293576
102	34	0.3399712310676225
102	22	0.33319680165111815
102	21	0.32945787573997304
102	26	0.3239733009728763
102	75	0.32072946131431856
102	77	0.31661457819993505
96	198	0.871744284597632
96	81	0.7870758574780573
96	98	0.7263984864309551
96	74	0.6934494100219237
96	190	0.6272503642959399
96	90	0.6023390534629081
96	97	0.5989768247943411
96	85	0.5924093172813988
96	55	0.5922859836725753
96	73	0.5767573327220078
96	199	0.5721544658640465
96	79	0.5681589546647662
96	196	0.5534631221783629
96	88	0.5466282188797812
96	183	0.5344543621407492
96	83	0.5323508488674856
96	184	0.5250090962766046
96	93	0.47033468313746446
96	76	0.4633823956685906
96	160	0.4582153475383845
96	193	0.4578518531471879
96	112	0.4550573361762146
96	191	0.4506853625030219
96	185	0.4421901335407694
96	194	0.4140588055907692
96	70	0.4139676603561869
96	94	0.41088041387448254
96	87	0.4086170877582691
96	75	0.4051039999880516
96	92	0.40336388348864693
96	11	0.39773045400951923
96	181	0.39446764154185066
96	167	0.3929804749001458
96	68	0.3810436469204579
96	78	0.35669154240804035
96	61	0.3558533953661248
96	182	0.3455751221886566
96	80	0.33601188509081714
96	131	0.32731668879741543
96	99	0.3142011921947704
198	98	0.7861990951761446
198	97	0.712636177616199
198	199	0.7829699614369604
198	81	0.7302393625641469
198	183	0.6758746056246173
198	196	0.6753636792658565
198	190	0.6693916181460092
198	74	0.6612209505437214
198	79	0.6150848958207592
198	193	0.5962317823924796
198	160	0.5955997958120923
198	85	0.5574321843659914
198	185	0.5472029431634129
198	181	0.5349899162694941
198	93	0.5293127968811112
198	182	0.5291400162240917
198	83	0.5278355486771444
198	55	0.522251018385871
198	166	0.52212737425106
198	90	0.5175297988691969
198	191	0.5131305580074692
198	88	0.5077548113002506
198	184	0.5072499512282884
198	70	0.4961832373127395
198	167	0.49397138758638004
198	61	0.4874422783820294
198	194	0.4789339523077833
198	92	0.4516331441633556
198	177	0.43934593411811357
198	73	0.42323794528519537
198	112	0.4067410439409976
198	87	0.4037489688955434
198	11	0.38072732421429
198	76	0.35962053208204775
198	78	0.3549185356164944
198	80	0.3548223882515508
198	63	0.34345998519295806
198	99	0.338041769482967
198	68	0.33250321721841947
198	71	0.3183500431144067
9	108	0.8713837205351569
9	109	0.832307586743129
9	0	0.775706860676419
9	106	0.7319291800446711
9	3	0.8138070911576101
9	103	0.7857786516571593
9	12	0.7571874449760351
9	112	0.697106818064329
9	6	0.6914349890453166
9	5	0.6664616405693955
9	111	0.616649077844514
9	11	0.6055280660001813
9	13	0.5905303476279189
9	113	0.5677863808064595
9	101	0.5221055524191016
9	105	0.4853658023530234
9	27	0.4338502628452036
9	23	0.42766049070236906
9	40	0.41672319212114345
9	25	0.4103732686838582
9	110	0.4028865141656528
9	8	0.39735157150451494
9	10	0.38949959467359463
9	122	0.3835368984826114
9	26	0.38112912423702827
9	77	0.3787418656913208
9	130	0.37784212588525456
9	21	0.3773705485024662
9	2	0.36720617926829524
9	20	0.36682544754412755
9	28	0.35579225805804
9	128	0.35259141677505107
9	43	0.3504353799717031
9	75	0.3449057073498316
9	104	0.3441918656344421
9	126	0.338590805554892
9	100	0.33726209731924484
9	123	0.33681889547973143
9	188	0.33456512748256245
9	22	0.3277719732870841
9	118	0.32477860311892065
9	129	0.32340930991596256
9	51	0.31325453873967457
108	6	0.8494015004093862
108	103	0.8304547718190469
108	3	0.7936436759335153
108	12	0.7885553038935462
108	111	0.7448561740496806
108	109	0.7338177907373433
108	0	0.7181867061564647
108	105	0.6733954683121227
108	113	0.6648410401002438
108	13	0.6239760698749268
108	106	0.6161716484315455
108	112	0.6134909127278708
108	8	0.5898721686426943
108	110	0.5385776923730096
108	5	0.5073984756559022
108	11	0.48590071455252654
108	10	0.46854934502598894
108	104	0.45215836568222056
108	2	0.4464998509742815
108	101	0.4323960597063815
108	144	0.42450945807520146
108	130	0.40696635085755545
108	40	0.38833681753631394
108	114	0.3786133752026995
108	27	0.3668427561989609
108	23	0.36175179905032195
108	147	0.3326899869125671
108	26	0.32672727145349595
108	126	0.3223971311908801
108	155	0.31933821524779255
108	24	0.3183410565532978
108	122	0.3181073858853064
108	138	0.31732520692073285
108	22	0.3151652347638834
108	134	0.31412007491617217
74	81	0.8659859241550095
74	183	0.7360802405047266
74	196	0.7118034425438098
74	185	0.703117693011341
74	90	0.6654042279893274
74	73	0.6634717457915678
74	88	0.6522415412302944
74	93	0.630948251502559
74	193	0.6173984085061015
74	85	0.6032685293978117
74	167	0.6003856649031386
74	79	0.596991766391106
74	190	0.5715218448997188
74	92	0.568341769374617
74	94	0.5565078735546494
74	98	0.552907933617777
74	83	0.5527551706184618
74	76	0.5508494639846466
74	63	0.5480010935128553
74	97	0.5475461298975856
74	184	0.5319135793554731
74	181	0.5186491209416658
74	160	0.5080590438193946
74	61	0.4927381282938238
74	55	0.49030364472917926
74	191	0.478294081612863
74	75	0.47390158219943307
74	87	0.45389890003486305
74	194	0.44360489451470303
74	166	0.41047305502306364
74	91	0.40906682579922393
74	182	0.39624783124085905
74	199	0.38679869601208566
74	80	0.3827690241298525
74	99	0.3630547944854871
74	78	0.36262062009902135
74	68	0.3508914382478615
74	186	0.32831632935597316
81	183	0.7731049656880673
81	90	0.7337808676538372
81	73	0.704575983413788
81	76	0.6946208013178018
81	196	0.6904891353876705
81	92	0.6706040433933308
81	98	0.6629956429514083
81	167	0.6595292392703573
81	79	0.6511196828979722
81	88	0.6466677072324404
81	185	0.6406290876086127
81	85	0.6165127156861877
81	193	0.614929454278828
81	94	0.6099175128063679
81	63	0.6036182502207776
81	97	0.5957352836493077
81	61	0.5919418010857268
81	93	0.577370969843567
81	184	0.5721948228346044
81	190	0.5708143896974587
81	80	0.5415597356656807
81	160	0.5409304579104927
81	91	0.517156297236771
81	55	0.5133294386468868
81	68	0.511146108604561
81	83	0.5062614973004671
81	75	0.5021074211978876
81	181	0.48786910584144966
81	166	0.4745836647876913
81	194	0.471774181738718
81	199	0.45797830335172646
81	78	0.442342969596539
81	182	0.43462924115580653
81	87	0.41963588184803896
81	191	0.4056221220523042
81	65	0.4034810985294868
81	131	0.3391396111610059
81	175	0.332770023079435
4	107	0.8588119321120319
4	8	0.6909231630898774
4	105	0.6178190289113376
4	110	0.5529148765075583
4	104	0.5335107437191858
4	111	0.47076290422751954
4	10	0.436719523943642
4	6	0.4276686617324715
4	113	0.4226960200205789
4	2	0.36804508502859884
4	12	0.3206487170486627
107	105	0.7196120952923871
107	8	0.712439261623576
107	104	0.6123796409353609
107	110	0.5769308179573688
107	111	0.5756618418932593
107	113	0.4696334797492892
107	6	0.4304590499006729
107	2	0.3721358508581514
107	103	0.35925479417165096
107	10	0.34741419890904285
107	12	0.317208292485708
87	191	0.8575734645541703
87	83	0.8225656817182964
87	88	0.7673291628971807
87	89	0.705069143966136
87	82	0.6672890033964525
87	64	0.5811185916395191
87	190	0.7060333622916485
87	194	0.6879219186169651
87	192	0.6566379311053635
87	55	0.6549966110275756
87	90	0.595703027714944
87	179	0.586254563856959
87	97	0.5840779766419172
87	193	0.5355464368407766
87	91	0.5207366875217049
87	94	0.5037584192518466
87	183	0.48703810198978303
87	184	0.4679794132839611
87	66	0.4672840380534323
87	180	0.45340649653818577
87	73	0.4494892307254566
87	185	0.44037022048775804
87	196	0.43756887401763467
87	159	0.4085837659306285
87	93	0.407992122290079
87	177	0.3866371106527739
87	85	0.3856245362709784
87	92	0.35656934834675585
87	195	0.35339678025011356
87	84	0.3142823048858121
191	190	0.7875320403119855
191	83	0.7993827311287491
191	88	0.7322725609572109
191	194	0.7211850463986942
191	192	0.6807819502834676
191	89	0.6641317989180199
191	193	0.6428347573542194
191	179	0.624683915692466
191	55	0.5987331031622242
191	97	0.5942495217061562
191	64	0.5578731593753328
191	82	0.5464599093806816
191	183	0.5427670957125187
191	90	0.5215088243281584
191	185	0.5191241127526908
191	196	0.5146980071399693
191	184	0.5071311099862318
191	66	0.4892470780891721
191	93	0.4481556386577615
191	85	0.44308265445047457
191	195	0.43974933304374497
191	159	0.4218990052500079
191	182	0.4065741180194638
191	73	0.40006809642899954
191	180	0.387036778515917
191	177	0.38008585613779955
191	94	0.3596118253200077
191	54	0.33882097791606414
191	91	0.3368986828337144
191	92	0.3288604674289446
191	174	0.32511847832297097
191	160	0.32126763725199736
191	167	0.3174780804736717
110	113	0.8541225555991174
110	104	0.7893104729669008
110	10	0.7341637338655604
110	8	0.7355941844115971
110	111	0.7026370278556888
110	2	0.6851676344913178
110	6	0.6362275315666636
110	13	0.6309723270670858
110	105	0.6296403304658298
110	114	0.6219935502669397
110	103	0.6026002358894352
110	12	0.5899699676123263
110	134	0.5772309578892009
110	0	0.5514621439152759
110	141	0.5146980071399693
110	3	0.5094302240849056
110	101	0.45397829400976936
110	112	0.4320463902453364
110	144	0.41144545646937086
110	140	0.4108305420079304
110	100	0.3867136540460807
110	109	0.3710153400313896
110	138	0.32636992505459345
113	111	0.7951562773791394
113	12	0.7945302967623327
113	103	0.7596639542283538
113	8	0.7176439570150497
113	13	0.7141339739699617
113	104	0.6882167925129961
113	10	0.6790343480016413
113	3	0.661884520979444
113	6	0.6576606091776676
113	0	0.6360429786694048
113	105	0.6329963307293848
113	112	0.6236828682262275
113	114	0.6152837912486453
113	2	0.5792345519713002
113	109	0.56303103090087
113	101	0.4796811085713501
113	106	0.47236481598634766
113	141	0.46382203652142306
113	134	0.4619991819231857
113	11	0.43141177449594303
113	144	0.4124086229985544
113	140	0.40807547313196735
113	147	0.34293065503109715
113	100	0.3351067372481415
113	130	0.31665956524816335
3	103	0.8538247537980534
3	0	0.7725814384934345
3	12	0.738771816787725
3	111	0.7354748472796002
3	109	0.7345139011622691
3	6	0.6617496414246951
3	13	0.6332839148379851
3	112	0.6114538155760225
3	106	0.5959674696534286
3	8	0.5440989412127174
3	5	0.5065589167743338
3	11	0.5054950876524466
3	105	0.500460250427982
3	104	0.4910097527252447
3	101	0.4653903178603671
3	2	0.4550176891331242
3	10	0.4374637586863874
3	27	0.4113789972710577
3	130	0.39516826007496714
3	26	0.3945689641787173
3	23	0.37625513301851804
3	40	0.3649286151512308
3	128	0.36382723487397
3	25	0.36148233679350833
3	22	0.3586014162526484
3	127	0.35796512413002707
3	126	0.3554603166849323
3	21	0.34693048967579815
3	129	0.33932544463141073
3	77	0.3377228686937496
3	100	0.33746591998894243
3	122	0.33729754701210085
3	28	0.33561263154261
3	132	0.3343697385456394
3	123	0.33033122184219993
3	114	0.32517213515472015
3	138	0.31876336305328307
3	24	0.31737916417613143
103	111	0.8234046882869837
103	12	0.7613546666425947
103	0	0.7561316045167201
103	109	0.7465298299000374
103	6	0.7146383158661352
103	13	0.6759669379128397
103	8	0.6245802437829644
103	112	0.6182516514962105
103	106	0.592240537976522
103	105	0.5878994669511802
103	104	0.5570046896721048
103	2	0.5060532319806518
103	101	0.4920260220858857
103	10	0.4823328854429293
103	5	0.4717197599030685
103	11	0.4655391529498462
103	130	0.45780442954363165
103	27	0.4128898609279743
103	114	0.41273223939168635
103	26	0.3941467232460668
103	22	0.3876317589956603
103	126	0.37979493674146364
103	128	0.372730143451976
103	23	0.3703597711164837
103	127	0.3685204872959175
103	21	0.36264667500414854
103	25	0.36067358775880076
103	144	0.3595857046581638
103	24	0.3584358380184792
103	40	0.3538867452345461
103	138	0.35100542682334285
103	123	0.35040029167809605
103	28	0.3478449841941667
103	122	0.3472295317303742
103	134	0.3404664116961916
103	34	0.33696960086438804
103	129	0.33583445396677397
103	132	0.33523100990353616
103	100	0.3325210059323318
103	141	0.3191136915516504
103	77	0.3128757028502214
28	132	0.8503180344153204
28	131	0.7985509325940043
28	21	0.6722187085442166
28	129	0.6716866834553292
28	26	0.6659777890168415
28	125	0.6459573256710536
28	25	0.6169898213977333
28	127	0.5774442958902248
28	128	0.5768707712648639
28	133	0.5720939252126885
28	29	0.5695523443886641
28	27	0.5281817279663104
28	75	0.49607769767474785
28	20	0.46968024509516065
28	23	0.46090516618328004
28	122	0.4593917011791057
28	43	0.4450094284499186
28	16	0.4414577732701859
28	186	0.42212913840219174
28	123	0.41891057715558916
28	30	0.4148456233949072
28	118	0.4098575493909267
28	18	0.40435142413263236
28	53	0.4038242949674962
28	126	0.40140275968790723
28	78	0.40021087745495887
28	15	0.39904286300633973
28	77	0.39809237059971575
28	22	0.3859905318578842
28	116	0.3844661700255478
28	117	0.3787846926102264
28	2	0.37622079521875035
28	130	0.36790675003315493
28	73	0.3653099578215376
28	76	0.3611693370879714
28	104	0.3573895599924146
28	111	0.34899595413105905
28	40	0.32999264447040655
28	100	0.32719168213995214
28	167	0.32385694070380777
28	0	0.323266037476561
28	109	0.3228450889882959
28	13	0.3225852910679091
28	120	0.3183949750616673
132	129	0.6903635406359084
132	125	0.6810072309492671
132	131	0.760018972569741
132	128	0.6616484536386379
132	21	0.6450590144988932
132	25	0.6140580982238447
132	133	0.6108398461200983
132	127	0.607247902396493
132	26	0.5934273799477776
132	29	0.5552986739364254
132	75	0.5018456143511195
132	43	0.4926926944024423
132	27	0.47683513077564044
132	20	0.4739791202536728
132	126	0.46567229887167694
132	122	0.4597308866399385
132	23	0.45943114823623465
132	186	0.4577807167648356
132	77	0.4539227189841704
132	116	0.4489863739520799
132	123	0.4461154624378006
132	15	0.440692593312771
132	53	0.4335823390928169
132	118	0.4198500739626444
132	130	0.40750855330642183
132	16	0.3970904847165993
132	104	0.38194937483554264
132	111	0.3728851260555276
132	78	0.37161020750661106
132	30	0.3579215303013146
132	76	0.35771225820586006
132	14	0.3573023296049415
132	115	0.3565606197326345
132	2	0.35304668649369925
132	18	0.34988262513276336
132	117	0.3479856169847363
132	124	0.34353054607310607
132	22	0.3361005917111814
132	188	0.32578009952583603
132	40	0.3257532832439551
132	136	0.32243297313223945
132	120	0.32236128832508176
132	100	0.31828713598515185
17	119	0.8502903361361434
17	120	0.7105381999619601
17	117	0.6679541409335649
17	124	0.626795232534737
17	44	0.6162026641009543
17	46	0.5932329921636809
17	149	0.5904065917012774
17	14	0.5880892031204413
17	48	0.5876180149051525
17	154	0.5764769774145178
17	20	0.5606975432403971
17	15	0.5599840844660532
17	49	0.557845607659011
17	18	0.5450415548943989
17	16	0.5044968159372835
17	42	0.47940389454029675
17	115	0.4781321060441195
17	152	0.47235704723484495
17	118	0.43529410393900736
17	136	0.43354173789489125
17	33	0.41157836174072965
17	125	0.4042426734263354
17	151	0.38691774371228543
17	47	0.3760405048155294
17	45	0.37413283775405703
17	72	0.3715843500427416
17	155	0.3688920312364403
17	53	0.36763003118499643
17	146	0.3566828146654738
17	123	0.34457086826038735
17	157	0.34227751446497306
17	43	0.34203912399209263
17	188	0.3412795127925713
17	25	0.3406874135362883
17	21	0.3314265602248951
17	164	0.33003719897796624
17	7	0.32171595875167003
17	51	0.3167045508718563
17	143	0.31627263009603623
17	128	0.3144084710623332
17	153	0.3136873719897828
119	120	0.7324023918647782
119	117	0.6758311477935486
119	14	0.5955029980324233
119	15	0.5917988693955314
119	124	0.5870940046277912
119	149	0.5710233457045648
119	44	0.556210973961086
119	115	0.5542257040333878
119	18	0.5357247104721073
119	20	0.5300825765317944
119	46	0.5205107127264966
119	48	0.508889472065747
119	152	0.508600412424597
119	118	0.5074059010860944
119	154	0.5001228816809293
119	16	0.48195679264215174
119	136	0.478756689662631
119	42	0.4649279779718898
119	49	0.4607476383787475
119	125	0.41888584142688445
119	25	0.38726630920805866
119	43	0.3845258214235617
119	128	0.38061616264142645
119	33	0.3751729961558075
119	21	0.36379252917918686
119	151	0.3537642721835071
119	123	0.3522936501303799
119	188	0.337651991317831
119	26	0.33016194377591257
119	77	0.33013521371843674
119	69	0.3279772478810261
119	53	0.32701308133436624
119	116	0.317334199939326
119	27	0.317208292485708
140	141	0.8500685802625314
140	144	0.7022064147533679
140	150	0.6728157238522746
140	137	0.6455667214599686
140	114	0.6399800767082725
140	134	0.58991129030752
140	7	0.5567218293225623
140	146	0.5495734654244376
140	147	0.5467684430658769
140	164	0.5379455482099764
140	35	0.5325299756676054
140	176	0.5152637989852733
140	39	0.5116187409057888
140	142	0.5046086299193816
140	31	0.4961229307434188
140	10	0.4952026625033989
140	172	0.4851593818966584
140	135	0.47500967723634724
140	148	0.4651082423467411
140	138	0.46375139535211063
140	13	0.45503354816685077
140	2	0.4521901872191624
140	42	0.45195945499849616
140	24	0.4503346645919396
140	40	0.4436530861138174
140	149	0.4396928678690144
140	165	0.4393701430535285
140	130	0.43932172454452423
140	139	0.43067899468419496
140	44	0.4089169351843272
140	62	0.4038577714642853
140	33	0.390534016494204
140	188	0.3794269016630764
140	157	0.3698419559279096
140	37	0.36942753826533314
140	6	0.3536067890059112
140	104	0.3529241303117706
140	30	0.3445356169378731
140	145	0.34256882076491213
140	143	0.34060785720939424
140	136	0.33828974977811477
140	45	0.325511913124918
140	34	0.31394881226687454
141	134	0.7210938543997116
141	114	0.7108549425802598
141	137	0.6715549413405723
141	150	0.5861167227157507
141	144	0.5323293504469399
141	2	0.5240450176185313
141	10	0.5176249736433559
141	139	0.5134840854801693
141	39	0.5099483758195182
141	138	0.49560258789378614
141	24	0.477012815784776
141	135	0.4446805621558972
141	35	0.4373343695574291
141	13	0.42695752073770643
141	104	0.41624379807255485
141	165	0.41315527287950343
141	30	0.4085671046083554
141	7	0.40769200294823255
141	142	0.40525444935070665
141	146	0.3986392186221903
141	130	0.39831955724045964
141	40	0.3936736157883094
141	34	0.39163518495356464
141	6	0.38137697160743433
141	62	0.3778506982061435
141	147	0.37776497208227505
141	172	0.37698456682126114
141	33	0.36498929149856324
141	42	0.3644170770799592
141	136	0.3640180981373111
141	143	0.3539829655474078
141	31	0.35226737317714935
141	36	0.35007567834223546
141	145	0.34587448346737987
141	8	0.3441389726246071
141	176	0.31692046203108926
11	112	0.8498465225714104
11	70	0.6860685113271645
11	12	0.7040518839732091
11	109	0.6219812876339273
11	176	0.5788756165757324
11	13	0.5122386012307055
11	0	0.5003478110574487
11	106	0.4978623554990867
11	5	0.4421177285497335
11	32	0.40079859458890876
11	38	0.3963574139907021
11	199	0.3953538891841017
11	111	0.3513210331975932
11	142	0.33848455848652126
11	71	0.3338633698708645
11	101	0.328699924784642
11	187	0.3284055472652939
11	98	0.32668260825939455
11	6	0.3192843328291973
11	114	0.3164616115825521
11	147	0.3121357839723538
112	12	0.7821948325862778
112	109	0.7034815591102044
112	13	0.6906879086292992
112	0	0.6169712413470191
112	106	0.5991435177892959
112	70	0.5649880618502711
112	101	0.5276623932329927
112	111	0.5086523033705229
112	114	0.5045117254460997
112	6	0.4937672424516134
112	5	0.4918895861331059
112	176	0.45130671246015414
112	10	0.42289311875962804
112	2	0.3763581402161704
112	99	0.35365053634434546
112	104	0.3498211928778741
112	199	0.3419596507144506
112	78	0.34035147586878073
112	105	0.3396439546767138
112	32	0.3305361089673373
112	38	0.32828064055178835
112	147	0.3170733792325026
112	8	0.3151562280267496
6	105	0.7848587941072247
6	111	0.7425008025929497
6	8	0.7210938543997116
6	12	0.6935895483174874
6	13	0.661833946167579
6	2	0.6168845253491779
6	0	0.5887299017305456
6	104	0.5881676957114877
6	109	0.5558655632530344
6	10	0.5377252209525535
6	114	0.4693138460199857
6	106	0.4543434134420609
6	134	0.4514102282789786
6	40	0.43973320049137987
6	144	0.43767397739081104
6	101	0.40420084318784283
6	130	0.40107554690873215
6	27	0.38770823307326113
6	22	0.37714755284600077
6	147	0.36877971642390023
6	24	0.36682544754412755
6	23	0.36451246527718734
6	5	0.36093453388498775
6	26	0.33979433512966595
6	138	0.32049618738765384
6	100	0.3159396016392753
6	34	0.31507516483801307
6	126	0.3133266866589843
33	44	0.8475811144033204
33	62	0.8102306225660967
33	39	0.7504567967389849
33	136	0.7007944629718985
33	42	0.704480291794873
33	24	0.6666339119253909
33	34	0.6583127205936119
33	150	0.6499603203942851
33	31	0.6218279789788842
33	7	0.6061989710289344
33	138	0.5933042757196109
33	137	0.5911812369495887
33	49	0.5703962557932301
33	130	0.5688222366340185
33	149	0.5636999977076997
33	143	0.5485466221661659
33	146	0.5104957341314494
33	41	0.5004527549950931
33	27	0.48167268646165246
33	164	0.4693606293734011
33	30	0.4643634228634547
33	35	0.44031379356361505
33	135	0.42989673651903454
33	48	0.4246734024978248
33	120	0.41654964516223436
33	142	0.40910013182751187
33	69	0.4009832376119504
33	139	0.39915215675920107
33	125	0.39467871954153705
33	145	0.3786133752026995
33	134	0.37608343368528085
33	40	0.36634936003950774
33	18	0.36136062436191224
33	14	0.3606213917555346
33	45	0.36023855206056404
33	36	0.353142972138132
33	165	0.3481965368078804
33	46	0.3466137800093138
33	38	0.3450466659783251
33	152	0.33848455848652126
33	154	0.3363755443363322
33	72	0.3177568074101482
33	123	0.3149130246689325
33	2	0.31365130752797726
44	149	0.7905887999743422
44	42	0.7470208123132487
44	7	0.669176315153331
44	150	0.664567537690891
44	39	0.653114038635474
44	62	0.6519369080356698
44	49	0.6258715190382743
44	164	0.62149053212376
44	136	0.6195349503525956
44	31	0.6125483606520701
44	48	0.6085025720384458
44	146	0.5890369133951942
44	46	0.5837154911281136
44	24	0.5763033560787945
44	45	0.5584308170663633
44	143	0.5530120689029535
44	120	0.5526648841073707
44	152	0.5364373275026056
44	14	0.517603011370716
44	154	0.5083260703312523
44	18	0.5046682571226311
44	34	0.49487048944578105
44	138	0.49465903125524074
44	130	0.49375968047517216
44	69	0.4821717245739289
44	137	0.45443070200611324
44	15	0.4389988692578694
44	27	0.43849821945997836
44	72	0.4210026120407276
44	117	0.40667427683073215
44	30	0.3913134207685409
44	148	0.3884896618636551
44	125	0.38530951266214625
44	41	0.3779535610036199
44	35	0.37664136203185045
44	151	0.3754135595411402
44	188	0.3704978163174735
44	115	0.3640701464499107
44	142	0.36284641044044136
44	40	0.35042660799051856
44	157	0.34064321617913795
44	144	0.3222537541818418
44	135	0.3212227971764887
44	20	0.3210165142793372
8	111	0.83249185314985
8	105	0.7232326519206105
8	104	0.7189798721160828
8	10	0.6031858341923265
8	12	0.5994319021874817
8	2	0.5978920545156868
8	13	0.5876442024923489
8	0	0.4158882357809685
8	114	0.4077336914599308
8	109	0.3787504312048711
8	134	0.35508459065493847
8	127	0.338457995370683
8	144	0.3371202889837687
8	26	0.33679229862004023
8	22	0.32649500691264505
111	104	0.7294823319015374
111	12	0.7183077363871427
111	13	0.7032188038933778
111	105	0.6866503130186441
111	0	0.6098609896473371
111	109	0.5955804376397097
111	2	0.5883638787175667
111	10	0.5018456143511195
111	127	0.4290404020558501
111	26	0.41915790024479627
111	114	0.4056973116696988
111	130	0.3896353126250224
111	144	0.38748729340184407
111	22	0.3809410655416953
111	23	0.37851913956807076
111	106	0.3701267827411912
111	128	0.3687969963268634
111	129	0.36582977300379216
111	126	0.3657951257537235
111	25	0.3601689317994718
111	101	0.3594986317153349
111	27	0.35305544004316636
111	147	0.3487061141591777
111	138	0.33626024860112275
111	134	0.33401441228927314
111	21	0.3317024803623102
111	77	0.331114969340983
111	131	0.32683445716533266
111	24	0.3158405781597838
111	40	0.3151472212328451
109	106	0.7099980842050567
109	12	0.6900179404168656
109	0	0.6867031605244556
109	5	0.5982902724045597
109	13	0.5632632051064899
109	101	0.46698695997763484
109	27	0.41133745805064403
109	26	0.40275247633339833
109	105	0.40205687789778716
109	25	0.3833918961235945
109	10	0.3810436469204579
109	23	0.36571716573403074
109	104	0.36091713923417845
109	128	0.3487500335956897
109	77	0.34851285044589464
109	129	0.34605934791403853
109	21	0.34499380831618914
109	2	0.3432218135976799
109	130	0.34062553681470786
109	188	0.3335612336008597
109	22	0.33034903935016147
109	43	0.32787907693792423
109	40	0.3277541218593919
109	126	0.32735240288121314
109	122	0.3270309424664401
109	24	0.32385694070380777
109	123	0.3226300872818412
109	186	0.31896099497261776
109	127	0.31756799838551725
109	20	0.3169294576167876
109	75	0.3158765874940037
193	196	0.8304858037290799
193	183	0.8177540779702877
193	194	0.7325553385161324
193	160	0.7222869685654812
193	185	0.7652237916612884
193	190	0.7315482421641935
193	88	0.7221817255060184
193	167	0.687315661318918
193	90	0.6593257833467826
193	93	0.6333797373652222
193	85	0.6160041307914079
193	92	0.5926169742928229
193	97	0.5744972892002603
193	83	0.5729745129469751
193	63	0.5363518538016224
193	79	0.5229706274274424
193	166	0.5055769753175964
193	175	0.5025709674787731
193	181	0.49452306291057113
193	184	0.4941301294934466
193	159	0.49273055616514405
193	61	0.49210938771685775
193	55	0.48765572125201817
193	182	0.4783866244734737
193	174	0.47199183313598786
193	180	0.46737001465283734
193	54	0.44726013424144173
193	169	0.43609617188552346
193	98	0.4190012695082231
193	65	0.38821792384091847
193	94	0.3850540221630994
193	199	0.38458546961041157
193	170	0.37757635181171845
193	195	0.37514721850899435
193	73	0.3707566069557311
193	64	0.36793268908555105
193	91	0.3559494621250231
193	158	0.3206487170486627
196	93	0.7443080893712686
196	183	0.8117367593350531
196	185	0.7525763207897742
196	160	0.7134325400214825
196	167	0.661496626761777
196	181	0.647766005039397
196	190	0.6451932913143347
196	79	0.6268620119812053
196	90	0.6086599792444498
196	88	0.5937317816784348
196	194	0.5873757213617035
196	92	0.565341967857767
196	85	0.561321137509943
196	166	0.5432254464643363
196	98	0.5382013199174546
196	97	0.5307150123211425
196	83	0.5088450088178743
196	175	0.507019678804942
196	182	0.5032508107764744
196	63	0.5009098390959219
196	199	0.4935327864592629
196	174	0.49148771774647226
196	184	0.48972613186597314
196	61	0.4735525700134741
196	94	0.4380457855936066
196	55	0.43084188377214894
196	73	0.39199917104395404
196	195	0.3766499434123732
196	180	0.353099206863337
196	159	0.3306162737116202
196	170	0.3254582695576203
196	76	0.31292080758430335
24	39	0.8283324745926319
24	34	0.771490747609057
24	27	0.6947501543378766
24	138	0.6355842581167038
24	22	0.6268498709486331
24	130	0.6224348018794854
24	143	0.621791177808015
24	26	0.5561142783227307
24	7	0.5486934155408713
24	136	0.5317773226771465
24	2	0.524342358211728
24	62	0.4838890901944262
24	42	0.48309220405071224
24	150	0.4673934612821648
24	127	0.44284955795473074
24	18	0.4280036137832864
24	21	0.4247143842526581
24	40	0.41576417249612896
24	149	0.4148290651953524
24	134	0.4032885239711181
24	30	0.3981681049078811
24	104	0.3975536590435522
24	125	0.3844320820707751
24	142	0.38297384240017857
24	123	0.3733069177292036
24	137	0.37199800026610313
24	53	0.34147387442118693
24	69	0.3407492873066521
24	13	0.32017312853773017
24	129	0.3131823872041681
39	143	0.6800945856904422
39	7	0.6846420382832152
39	34	0.6525746721331859
39	130	0.597133339977593
39	62	0.5963220059333434
39	138	0.5799119286097119
39	142	0.576770679587631
39	150	0.5175444419757758
39	27	0.509474651577697
39	2	0.5017932419428497
39	136	0.4920108637288498
39	149	0.48451683907552257
39	42	0.47834806623934245
39	31	0.47398687365485864
39	38	0.4662203246589107
39	139	0.45169682406267087
39	137	0.45034263654293766
39	134	0.44514575245893584
39	10	0.4341424558178961
39	164	0.42391902767565637
39	135	0.39527795390518133
39	146	0.375224549708633
39	40	0.37518158857580036
39	22	0.37308312910762215
39	144	0.3612302045187268
39	30	0.35773841918331906
39	36	0.3561328414107249
39	72	0.35442897997981976
39	104	0.347211942975184
39	49	0.33244984965715796
39	69	0.32817356851581647
39	45	0.323606285309993
39	41	0.32277342545366977
45	164	0.8275461846782206
45	154	0.6609450956305503
45	146	0.6299058202408165
45	49	0.6105576749694465
45	173	0.5996496894667285
45	149	0.5989832370235669
45	46	0.5756952716032103
45	157	0.5695793681780713
45	48	0.5690859902019905
45	52	0.5376754594685017
45	31	0.514969937147417
45	86	0.5084447174174102
45	47	0.5039673334659539
45	156	0.49338905215899936
45	50	0.48049679391699135
45	148	0.47938849095449015
45	144	0.4776073905356951
45	189	0.47199960533639795
45	171	0.4712764768941974
45	165	0.4675341272497251
45	72	0.4603379302150613
45	62	0.46005417116589864
45	147	0.450254941132995
45	60	0.4497365636775025
45	151	0.4390230873386945
45	7	0.43264806634937886
45	150	0.4112543744838222
45	152	0.4025094887312771
45	14	0.3910932111793025
45	155	0.3786733392472265
45	67	0.34968954220077997
45	69	0.3395554874738685
45	142	0.33619816210665404
45	188	0.32322126179942484
164	146	0.8076036970142362
164	149	0.7373331397570323
164	173	0.6191589406674092
164	154	0.7080836350577614
164	165	0.6561883249327349
164	171	0.6238783555020561
164	46	0.6221651950956602
164	31	0.6207842156745413
164	48	0.6172312994680947
164	49	0.606211621331711
164	150	0.6031031260168748
164	157	0.5870874513830202
164	62	0.5724772440416009
164	144	0.5632290674170045
164	148	0.5615128845706258
164	137	0.5545166265218341
164	156	0.549510645106864
164	47	0.5192409846692181
164	52	0.5082222382977855
164	7	0.5011270434444903
164	152	0.49481763039087306
164	147	0.48473872848711613
164	151	0.483988644606628
164	142	0.4673621989636153
164	72	0.46139331781116216
164	189	0.4387566533675482
164	135	0.4356830717784157
164	155	0.39823541973634674
164	14	0.3873938055217112
164	42	0.38567561271215894
164	50	0.3593941359198497
164	188	0.3479416709196244
164	153	0.34478235578696015
164	172	0.34121766433454903
164	60	0.3325387944096408
164	35	0.32789692672708853
164	143	0.31945495340442753
164	67	0.3119010964058867
98	199	0.8265983324105189
98	79	0.6864335623571777
98	181	0.5614238666466548
98	70	0.5567356303849885
98	61	0.5464599093806816
98	93	0.5345043653673917
98	166	0.5292408102747022
98	97	0.5220764555797669
98	160	0.5219164012406202
98	183	0.5196571830589134
98	85	0.5174419338640138
98	32	0.4948780404403998
98	182	0.4852052577836259
98	92	0.45524761686828136
98	80	0.4403299158968992
98	68	0.4281669623796681
98	78	0.4247225803947658
98	38	0.41946284639948733
98	190	0.4098825095876917
98	167	0.4013608150548818
98	185	0.3954804359738838
98	63	0.38357101393711185
98	174	0.3586275581221331
98	90	0.3436363801214004
98	184	0.3377228686937496
98	76	0.33672137103335514
98	55	0.33173807882854806
98	88	0.3185297623192969
98	36	0.3157955652125161
98	187	0.31472383790521685
199	70	0.6911112613614026
199	166	0.6082569211522831
199	182	0.5848219890674413
199	160	0.5483788168928297
199	79	0.531712770428735
199	97	0.5261815700717839
199	183	0.5160492840649151
199	181	0.5116187409057888
199	176	0.5055918630054975
199	177	0.494968646546299
199	32	0.48288518913472983
199	61	0.47884147232089147
199	38	0.43279436177192443
199	174	0.4255582210355043
199	187	0.40900853762701406
199	71	0.3999672981281549
199	170	0.3803938064944761
199	80	0.3610910744403413
199	93	0.36004708668871316
199	185	0.35382551022571973
199	142	0.3474405777353355
199	167	0.3403072670728473
199	78	0.3357989648812735
199	85	0.32614653616438855
199	175	0.32243297313223945
199	190	0.3186106284919797
43	77	0.8265032882853188
43	15	0.7424649050560583
43	75	0.7232898790974516
43	116	0.7213625591110484
43	188	0.6917584392907582
43	186	0.665047444282033
43	20	0.660860614518493
43	115	0.6237561851002837
43	148	0.5656548651557833
43	118	0.5608209420726691
43	14	0.558045329743951
43	76	0.5541702748663655
43	25	0.5529287620567926
43	128	0.5497130438820735
43	53	0.5365726383584724
43	16	0.5257330813853354
43	40	0.5212539678289436
43	124	0.5163206986895741
43	120	0.49893713987829863
43	69	0.4987718881612176
43	27	0.49706467377452507
43	152	0.49429639520757424
43	18	0.4856256622726779
43	129	0.47460690756711854
43	21	0.46670542031415496
43	26	0.4619519872096529
43	133	0.4534621043516115
43	123	0.42929330495437995
43	127	0.4152015582167909
43	125	0.41004889521142873
43	117	0.4047026944254243
43	73	0.4024173061779071
43	29	0.39795771842990924
43	149	0.39190606999833183
43	122	0.3794611425524333
43	131	0.37411563713295864
43	78	0.3501721937973353
43	2	0.34809108130146676
43	104	0.34795924952916824
43	23	0.34297477420286154
43	42	0.34098791562576153
43	0	0.3394139274529312
43	100	0.33618929236887646
43	30	0.33263662680513223
43	68	0.32815572235650753
43	126	0.3249396070994773
77	75	0.758727751406156
77	186	0.7082282044612837
77	116	0.7067297868604963
77	188	0.7044299174944235
77	15	0.6801751981693984
77	76	0.6770082770262733
77	148	0.5559692066318278
77	69	0.5317988387202603
77	40	0.518539461947905
77	115	0.5153005231999825
77	128	0.5116999434245759
77	14	0.4932679918443455
77	25	0.4867939699056882
77	80	0.48467752384457746
77	20	0.4679794132839611
77	68	0.4487947346086893
77	129	0.44597928534248243
77	118	0.44050724282025805
77	27	0.44043470414139857
77	78	0.4316152235193351
77	73	0.42874662393314966
77	21	0.4129728096991014
77	120	0.4112045210633677
77	16	0.40178018560855
77	26	0.3995135860518282
77	133	0.3971325998377359
77	152	0.39334400697643584
77	127	0.39254069056982377
77	124	0.3892365930055338
77	30	0.38255563174575785
77	29	0.3787846926102264
77	53	0.371937685471467
77	18	0.37133436484094573
77	0	0.3621341578450839
77	123	0.35645587150831143
77	125	0.3557223831197835
77	122	0.350189741263134
77	187	0.34730867810549065
77	131	0.33975010738779526
77	126	0.33815690903153245
77	147	0.3281200293351364
77	100	0.3254850916031719
77	117	0.3181163739336249
77	23	0.3145346261323833
77	42	0.3133176683668536
15	115	0.8264715964346372
15	116	0.7955604228654306
15	120	0.7026117119059596
15	14	0.7429043561113939
15	152	0.6580463247383955
15	188	0.652970654713814
15	18	0.6379623301763404
15	16	0.636840200822962
15	118	0.6238233825937494
15	20	0.6064898503877252
15	117	0.5770375522369373
15	186	0.5745240866990305
15	124	0.5453718472198644
15	148	0.5453648214860656
15	75	0.5444930366440692
15	149	0.531712770428735
15	25	0.5114858443410852
15	128	0.506224311394391
15	42	0.46502203376097406
15	46	0.4501592635053771
15	21	0.4406120107580062
15	27	0.4388535473774312
15	69	0.43641194801335503
15	125	0.43396390429490905
15	26	0.41782161724923256
15	129	0.4000512973842221
15	123	0.3991605635012026
15	29	0.3965934000188925
15	151	0.3899999707655182
15	133	0.38895655373655447
15	136	0.38412524330817255
15	78	0.3703770276614575
15	40	0.36136931851548626
15	122	0.3493384062144441
15	53	0.33202283254151826
15	30	0.32045132255904746
15	7	0.31683050303832994
15	127	0.31438143638794375
115	14	0.74564312074651
115	116	0.7273135455332294
115	152	0.720844148490656
115	120	0.6110780032071255
115	118	0.583827556964879
115	16	0.5753675774623884
115	188	0.5664431876420825
115	117	0.55944157449746
115	149	0.5396771714597817
115	148	0.524712042517301
115	46	0.504116521812114
115	18	0.5038703449117381
115	20	0.47759195256462117
115	186	0.4577570033347154
115	128	0.4474121134152505
115	124	0.43898272351625645
115	75	0.4207969011936485
115	25	0.4073500930512792
115	151	0.38895655373655447
115	125	0.3861862470804046
115	21	0.36625411950574416
115	69	0.35372052886781613
115	42	0.3411734850555711
115	154	0.32311379426973535
115	123	0.32229856108574056
115	122	0.3200205470757581
83	55	0.7021810685559218
83	190	0.784935581387429
83	88	0.751929488917563
83	194	0.6341874668614053
83	97	0.6136654988253528
83	90	0.6093897219999045
83	89	0.5665925802880724
83	183	0.5383646777411378
83	82	0.5230795941370939
83	64	0.5142935954195034
83	192	0.511973012084427
83	184	0.48313053422094937
83	185	0.4815574794252366
83	94	0.4809427608232964
83	85	0.465233620906999
83	93	0.4638063389934392
83	73	0.45100405811505606
83	179	0.4388131761134135
83	66	0.4210108395740957
83	91	0.4048281191698926
83	92	0.37365972690745264
83	159	0.3733069177292036
83	177	0.3457248116252311
83	54	0.34136786260649343
83	195	0.3285304424937115
83	167	0.3120364977260072
79	181	0.8210724680085986
79	93	0.6909597450833329
79	160	0.648114109225219
79	63	0.6394720312828072
79	85	0.6015228243901878
79	167	0.5933042757196109
79	32	0.5906866312133173
79	166	0.5796530262275402
79	68	0.5543504016885427
79	183	0.5477211542443717
79	185	0.5313037960506294
79	61	0.5274891939268312
79	92	0.4844862287449841
79	78	0.4774375566336599
79	65	0.4248864886154164
79	99	0.4198747854288454
79	182	0.41576417249612896
79	190	0.4110050827827698
79	36	0.4050120479084941
79	97	0.4035815580253591
79	174	0.38896504083153616
79	90	0.38064181628859506
79	80	0.3535542901578111
79	54	0.34515237473667887
79	184	0.33696960086438804
79	76	0.3332056914204111
79	88	0.32944004647233327
181	160	0.6430048870411937
181	93	0.6152527189999474
181	166	0.6137777010683042
181	167	0.5596957211753297
181	185	0.5457089923198023
181	183	0.5414961283908664
181	63	0.5092598935356957
181	174	0.5012169026427136
181	182	0.5006775853452632
181	32	0.4847846288539862
181	99	0.4769201154260807
181	135	0.4522856449230497
181	78	0.4247553642669744
181	85	0.4129728096991014
181	175	0.4089502461170581
181	145	0.39129648315985033
181	139	0.37317781420910995
181	195	0.3681142464173215
181	61	0.36646190713780313
181	68	0.36282904346476413
181	190	0.36045608951109037
181	36	0.34146504043509057
181	184	0.3352576382408288
181	38	0.3175320319060083
183	185	0.7980431222370914
183	167	0.7210314454748041
183	160	0.6994127581885691
183	92	0.667311191819635
183	61	0.663270167766086
183	97	0.6423181133671069
183	166	0.6362453876616841
183	194	0.6316459495370006
183	88	0.6162646897063887
183	175	0.6131602819371664
183	190	0.6121983613061193
183	90	0.6066099488586258
183	182	0.5860838983944662
183	93	0.5628739214650222
183	63	0.5551741656838116
183	85	0.5467474113928095
183	184	0.5105548832441285
183	174	0.5053834079778012
183	180	0.4728152779808041
183	91	0.4483793744033434
183	73	0.44572289596838743
183	55	0.4372858439652205
183	76	0.43487253865206543
183	94	0.4271701010262268
183	170	0.41077235505607423
183	80	0.40853378114693706
183	169	0.39458585035210986
183	187	0.36245559253663473
183	159	0.3610649857606587
183	65	0.35443772374981053
183	60	0.3435217261751682
183	177	0.3327789156909601
70	176	0.8173561537547558
70	71	0.5853875700581436
70	38	0.574711634704557
70	32	0.574483889989012
70	177	0.5574942154961756
70	142	0.44901032596652907
70	114	0.4189435571600786
70	37	0.4001436888036464
70	187	0.3827519542416949
70	12	0.38264952942480784
70	97	0.36931527484623344
70	36	0.35430656069242644
70	13	0.3454342219456121
70	182	0.3420656139973959
70	139	0.3325921584218533
176	71	0.6364179614389951
176	177	0.635393488874972
176	37	0.48704572989150396
176	142	0.4812578632366209
176	114	0.4689238822878262
176	147	0.42864051509633216
176	38	0.4233446524668828
176	32	0.38897352786049433
176	144	0.3871302968126159
176	156	0.3712998798971669
176	187	0.3656738523943108
176	12	0.3498738492805722
176	10	0.3293865572597614
176	52	0.31433637746407406
20	124	0.8135367407901426
20	25	0.6670059971622133
20	53	0.621484394590431
20	123	0.6137901664539565
20	128	0.6089809414297653
20	120	0.598283851878647
20	27	0.5777041950001232
20	117	0.5659743964319345
20	16	0.5534215000818918
20	18	0.5446055912107677
20	118	0.5373625872261271
20	21	0.53562488312072
20	26	0.5290320060255395
20	125	0.5133883556582477
20	40	0.49755391799626614
20	14	0.4812962818555794
20	133	0.4787721053556637
20	75	0.47171198506171214
20	42	0.45170478372650835
20	23	0.449042260982033
20	129	0.44592320641847827
20	130	0.4329000054027279
20	136	0.4299945541279002
20	29	0.42699022847011586
20	188	0.42532071067241345
20	116	0.4183002477616732
20	127	0.4068912540521554
20	122	0.3999252959801943
20	149	0.3834516052668359
20	126	0.3829823756778584
20	186	0.37912724955248395
20	69	0.37542215015548275
20	131	0.37106707973660175
20	51	0.3557835239082737
20	2	0.33937853504500887
20	152	0.339192709139933
20	22	0.3328055931704192
20	0	0.3237047624910659
20	76	0.31350704063212254
124	120	0.5994831542411742
124	123	0.5543711822119102
124	117	0.5434509772087258
124	128	0.5332960994852227
124	25	0.5125630771885373
124	53	0.5066555521583912
124	16	0.5045713604725579
124	118	0.4715253668653299
124	14	0.45814424112361674
124	125	0.4370431778109579
124	51	0.4322253071380311
124	18	0.42824862618805415
124	133	0.4198500739626444
124	136	0.3989167407390345
124	21	0.38398884327859273
124	29	0.38172728296978997
124	27	0.37774782608021684
124	188	0.3737887764346662
124	75	0.37019582118998134
124	26	0.3686414680244464
124	155	0.3631416104549224
124	149	0.3562812712208465
124	42	0.3529153758352917
124	157	0.3477219176604641
124	49	0.3436099224275058
124	154	0.3389449000853036
124	186	0.33810376895912275
124	40	0.331889361769417
124	130	0.32977876237032544
124	122	0.326298444574658
124	129	0.32017312853773017
124	116	0.31969737859251746
71	177	0.8129949833148498
71	97	0.54431009364269
71	66	0.4997553518628314
71	37	0.48681686052031675
71	64	0.43410999444107673
71	170	0.41190224500434225
71	61	0.3987821936830577
71	173	0.39166904929832413
71	50	0.36546592631827
71	187	0.3580958962527533
71	179	0.3307944005068331
71	89	0.32501115837947614
71	194	0.32220894583400045
71	52	0.32103445313211265
177	97	0.6173365227649746
177	66	0.4477879508834471
177	37	0.44074899687538865
177	64	0.43063012248514765
177	194	0.42899144533564
177	170	0.4236236772578664
177	61	0.4119603668862492
177	187	0.38191520972658466
177	180	0.37486362610468427
177	173	0.36159534444996067
177	182	0.33686322238476996
177	192	0.3288515488916858
177	179	0.3219042107873248
177	89	0.32152768127754966
62	137	0.7075197462615743
62	31	0.6881694173905467
62	165	0.668136866947226
62	35	0.6203353346547282
62	49	0.6154142738169348
62	41	0.5726385666268745
62	146	0.5564112241670864
62	150	0.5450837292973465
62	135	0.5362806173121851
62	42	0.5171269946560568
62	171	0.5154620872630596
62	67	0.5079700132709297
62	145	0.4844632702184736
62	7	0.48258607227994194
62	136	0.45475597340663027
62	60	0.44621157501136344
62	34	0.43725349215573156
62	142	0.4244028792705189
62	138	0.4239928511981072
62	149	0.4030707879700398
62	48	0.39710733096574624
62	143	0.39211765167196294
62	30	0.3717739580550779
62	130	0.36399207312838483
62	52	0.3409967528680412
62	156	0.3273434744479427
62	69	0.3238658918416381
62	154	0.31955372427181844
62	37	0.31902387204049987
146	154	0.7252676201748715
146	150	0.6926907156744451
146	137	0.6783061492286341
146	149	0.6782035548617901
146	157	0.6737887852976319
146	49	0.6714506153777662
146	144	0.6392296267782258
146	165	0.616481719127155
146	171	0.5799982033852529
146	31	0.5688492936689028
146	48	0.5422519468594956
146	42	0.5324081746318666
146	155	0.5219091251699443
146	47	0.5092524869543688
146	46	0.5070642533115977
146	148	0.4953837868110757
146	147	0.49037200592263475
146	189	0.48740415745171123
146	173	0.48321485407704395
146	152	0.44859506638879065
146	130	0.44442380268511356
146	153	0.41401737696783375
146	136	0.408792009481611
146	14	0.40451871058705907
146	72	0.4011930196885945
146	156	0.39651755308110626
146	7	0.3960117685122655
146	151	0.3786904712475185
146	138	0.3751558111224035
146	172	0.3682698446478996
146	188	0.3610910744403413
146	135	0.3494437573189092
146	134	0.3446149310470502
146	35	0.3412883480453595
146	145	0.33751908591754803
146	86	0.32894964957509537
146	40	0.31585858294063235
5	106	0.8014310033516672
5	0	0.5376825684812809
5	101	0.48522819472547984
5	99	0.4597387730788004
5	12	0.4510837140562315
106	0	0.5867006737438303
106	12	0.5815158337944397
106	101	0.5570184844339416
106	13	0.40979098586540713
106	99	0.39772203587117855
106	105	0.3223344055691173
2	104	0.7992021653486265
2	134	0.6664783151024519
2	13	0.6462020097094114
2	10	0.5925845330755
2	114	0.5483158785261469
2	34	0.5156236146870264
2	22	0.4940998954792761
2	138	0.48843277020700254
2	130	0.48716013950078835
2	105	0.48070443013882
2	27	0.4774607179032967
2	40	0.473428440935321
2	136	0.462392369442215
2	30	0.46109416121621105
2	7	0.445891159747122
2	0	0.44062812783709604
2	26	0.419034246472956
2	127	0.4056722490739324
2	100	0.40054675616954594
2	101	0.39560696775052284
2	12	0.3949150774537731
2	21	0.3908390675387203
2	144	0.38483254931154265
2	123	0.38258977727078197
2	150	0.3593941359198497
2	129	0.3504792389554027
2	42	0.3462705886681948
2	147	0.3280486404816518
2	53	0.327852301815235
2	23	0.3230690136725136
2	131	0.3224598539815483
2	75	0.319867949010954
2	126	0.319562703097299
2	25	0.3180714331202102
2	125	0.31360622567815144
104	105	0.5884815552840202
104	13	0.5815025968537907
104	134	0.5610608129340902
104	10	0.5455263939751893
104	114	0.47073176834971137
104	12	0.4348076655252705
104	0	0.43128154408685315
104	130	0.4297989088172954
104	100	0.42318869185599906
104	26	0.42035241805411255
104	127	0.4057390813069376
104	22	0.39657654561170663
104	27	0.38018851562401224
104	138	0.36583843465787685
104	101	0.36328918313226677
104	75	0.36163011389931804
104	21	0.35767737602915417
104	129	0.3568835369903036
104	34	0.3539392299703568
104	40	0.3508914382478615
104	144	0.34903986345601373
104	25	0.34783619412492156
104	131	0.34466780438668826
104	147	0.3374393362172315
104	53	0.3331790219348102
104	23	0.3287356025699094
131	129	0.6112220971974901
131	133	0.5684230023500382
131	21	0.5424989869532623
131	29	0.537206095609282
131	26	0.5365227901999892
131	127	0.5258777871135158
131	25	0.5160712945182467
131	125	0.47797009794490786
131	128	0.47182859998001175
131	75	0.4249356556502404
131	23	0.41685539799007865
131	76	0.3937412153459308
131	126	0.37657270866062836
131	27	0.3761349461978933
131	122	0.37603191884785564
131	73	0.3489432609182992
131	118	0.3465081925515515
131	186	0.3429130069387412
131	167	0.34171236923679305
131	30	0.3331256813641961
131	16	0.3322986300056444
131	53	0.3312307115322348
131	123	0.3284144687339603
131	63	0.324000151950906
131	78	0.31522828033413214
185	167	0.707494774587765
185	93	0.6063064888250574
185	160	0.5962317823924796
185	88	0.5830954314367094
185	63	0.580986116007985
185	190	0.5796729459522137
185	92	0.5454210252107418
185	90	0.5286502326946229
185	166	0.5260730915673916
185	97	0.5213267934627381
185	85	0.5122754808668867
185	61	0.5034150750839917
185	194	0.4903416239148793
185	175	0.48002749149430013
185	182	0.4793114685949096
185	184	0.4590365961243339
185	73	0.39972366228901385
185	55	0.39693043200507755
185	174	0.38809901722095475
185	76	0.37190321846437707
185	169	0.3672234823336553
185	65	0.3633065434255167
185	94	0.352363719290163
185	54	0.3461913774986958
185	159	0.3356924919047406
185	180	0.33055392376717957
185	91	0.3269952199686579
185	195	0.32527050057497414
88	90	0.7962934228237244
88	85	0.6737887852976319
88	190	0.7268987869742106
88	194	0.721544770856959
88	97	0.6705930374413799
88	94	0.6446559449415495
88	92	0.6295980798899146
88	55	0.6172127283585315
88	73	0.5589742196934419
88	93	0.542527214134685
88	64	0.5361666230359713
88	89	0.5150360666190615
88	91	0.49162422483671225
88	66	0.4855568841723739
88	167	0.46758882428833454
88	82	0.45849971454792265
88	63	0.4557548287672397
88	184	0.4528740717688442
88	61	0.44366914941006813
88	192	0.43462924115580653
88	76	0.3684427073778732
88	54	0.35733722250804056
88	159	0.34098791562576153
88	179	0.3402365298700893
88	160	0.3199218090469152
88	84	0.3169384531454667
88	65	0.3122440884654326
90	94	0.7206567461675899
90	73	0.6819659114719822
90	194	0.6704664477739065
90	190	0.6232488521376778
90	91	0.6195595967996209
90	55	0.595541719219622
90	85	0.5482459397217888
90	92	0.5460599973650978
90	97	0.528109621751808
90	184	0.5261960325786902
90	76	0.5207658402465445
90	167	0.48494525911006
90	93	0.4791882174612805
90	82	0.47235704723484495
90	75	0.45725096169500534
90	84	0.45262761660337403
90	159	0.4020065756683699
90	160	0.38911779725030515
90	63	0.372730143451976
90	65	0.368693313085733
90	64	0.3665744435131111
90	54	0.3512158399395096
90	80	0.3414032008432362
90	68	0.33544402160229564
90	180	0.33432532795930137
116	188	0.720002416024783
116	186	0.673958012633502
116	14	0.6096599681602884
116	152	0.5943594780730506
116	75	0.5926234623055913
116	148	0.5829172034577658
116	118	0.5245670918532743
116	120	0.49661278303134576
116	16	0.47842518086307484
116	128	0.46407315735863025
116	18	0.449042260982033
116	69	0.4417717140669667
116	78	0.411893941604735
116	76	0.4093582165841301
116	129	0.4080504685936159
116	122	0.4021826228533907
116	30	0.39911852912008694
116	25	0.3945520777388121
116	21	0.391330358112117
116	40	0.37539637811895343
116	68	0.36823526904573106
116	149	0.36754354318970917
116	42	0.3586536994291121
116	27	0.35472623338096204
116	125	0.3467017628481648
116	117	0.34163287585315516
116	123	0.3315333747484632
116	151	0.32353466113813467
116	127	0.32208347477958327
12	13	0.7472461260056102
12	0	0.6564843206857535
12	105	0.597609269100764
12	10	0.5763167134136705
12	114	0.451394303559093
12	101	0.38734280877405636
12	144	0.3199936192117586
12	147	0.31899692506953403
12	23	0.31240652998708474
149	152	0.6932053403720189
149	154	0.6853903994043807
149	46	0.6662281270891669
149	150	0.627207903443024
149	14	0.6204091512481584
149	148	0.5899438895794373
149	48	0.5833791601582963
149	42	0.582137622700957
149	120	0.5564112241670864
149	49	0.5342400202199503
149	118	0.5273231701027642
149	7	0.5250018525840865
149	18	0.5103034661488531
149	188	0.5095264802197937
149	136	0.5055397547806337
149	151	0.5041911047052621
149	157	0.5006401183095726
149	130	0.489976946866954
149	72	0.47770773015861256
149	143	0.4724580352795526
149	144	0.4706305686490581
149	153	0.4580415215052808
149	138	0.44920990099135344
149	47	0.44621157501136344
149	117	0.4461234722120092
149	31	0.4433076563033285
149	155	0.4241076765901352
149	125	0.4160618983761484
149	69	0.38280316312210705
149	137	0.3824617261637364
149	16	0.36614155261713416
149	53	0.364165562450464
149	27	0.35264395642105534
149	147	0.34080231961773716
149	40	0.32861964633763174
149	156	0.32517213515472015
149	21	0.3179006449938765
149	122	0.3168754832473546
149	34	0.3129839518408322
190	55	0.6959587213479785
190	194	0.6419890356657735
190	97	0.6349997822520109
190	184	0.5514343077211132
190	93	0.54376095392314
190	85	0.5267092543452809
190	167	0.4676903950035113
190	160	0.4621722068204733
190	94	0.44570686920351943
190	159	0.43271308935072883
190	73	0.43246922988699876
190	64	0.42377136373125573
190	54	0.42014657046510906
190	92	0.41844049202086947
190	89	0.41499463482585963
190	192	0.3958093873582668
190	82	0.39169444686056804
190	182	0.34920670491249184
190	63	0.34590969781383885
190	61	0.3262537673795369
190	66	0.3253867415422401
155	157	0.7869997431786115
155	51	0.7641857265719753
155	153	0.6590034472212101
155	178	0.3959611768294801
155	47	0.7380851848743785
155	154	0.6976513001337703
155	179	0.5534631221783629
155	144	0.5476091441833318
155	49	0.5209625893712038
155	168	0.48385845554755613
155	72	0.47220165679297715
155	53	0.46824490942121605
155	147	0.45473217717185344
155	192	0.4508447246772624
155	89	0.44376552320093965
155	50	0.42690027951774606
155	173	0.4213398840932075
155	156	0.41635953508140433
155	189	0.3928790021538542
155	52	0.36791539644757676
155	46	0.35966406495289094
155	14	0.35813076644642333
155	125	0.3473174718417701
155	82	0.3461913774986958
155	130	0.33984740643619127
155	150	0.32029877138855095
155	40	0.3197961324137453
155	48	0.3135160577372077
157	154	0.7535416914663362
157	47	0.6907820279653242
157	144	0.6800623360932436
157	51	0.616481719127155
157	147	0.6120482880991641
157	49	0.5814496460122313
157	173	0.5331458076491641
157	153	0.5276912555197463
157	50	0.4757372560096501
157	156	0.4742814484319094
157	72	0.47314132041475954
157	53	0.46746379722497605
157	189	0.4645673335587979
157	179	0.451139468939436
157	130	0.4278402372189951
157	150	0.4251322987171624
157	52	0.4140090910374133
157	192	0.40654907678944113
157	46	0.3720841588095151
157	148	0.36725808770188156
157	48	0.36473789787942024
157	168	0.3607692745640677
157	89	0.3404929339039612
157	178	0.3303223129999327
157	86	0.32701308133436624
157	14	0.3163266273687071
61	92	0.7860080746105931
61	63	0.7025610746700675
61	166	0.6994229744815335
61	37	0.5752404626590952
61	97	0.65235069808628
61	167	0.5828445759723891
61	85	0.5514412668847805
61	60	0.5504662372407378
61	65	0.5474410922860875
61	67	0.5205034220025686
61	32	0.4984788527991359
61	93	0.49645455762636914
61	175	0.485319935815081
61	68	0.453160190936184
61	170	0.4502389955796462
61	160	0.442785244934867
61	174	0.43787606564678705
61	80	0.4283629437694022
61	76	0.3752159576110206
61	187	0.35769481724227886
61	91	0.35592326284584985
61	64	0.35003180522335475
61	66	0.349663210407827
61	182	0.34227751446497306
61	169	0.3166505679524754
92	85	0.6662837373923343
92	63	0.659873763542442
92	97	0.6014972969643188
92	65	0.5908103242974013
92	167	0.573900726284026
92	93	0.5682266703574361
92	94	0.5211374310225309
92	166	0.5077770765126337
92	194	0.48193376077964695
92	160	0.46758101064488505
92	66	0.44248773795377255
92	76	0.44146582438498766
92	91	0.4330381368253961
92	60	0.4294401209144126
92	175	0.4276032915348063
92	170	0.4178793953160046
92	68	0.407241658742476
92	174	0.4028865141656528
92	80	0.37910156138445966
92	169	0.3687969963268634
92	180	0.353230498051047
92	55	0.35058449424448956
92	67	0.34354818568718704
92	64	0.337793742239866
92	37	0.3157505508437371
92	73	0.3121809118306334
148	188	0.7856638590269437
148	152	0.5636112997076854
148	172	0.5412133543803599
148	147	0.5363518538016224
148	144	0.5198907302661773
148	14	0.5160786311845738
148	150	0.4830308719267266
148	151	0.45322376029878814
148	42	0.44476078450806183
148	189	0.44027348648810066
148	7	0.4338746157467139
148	46	0.42838743861026646
148	153	0.42553365371585167
148	40	0.40726668306368147
148	154	0.3921768871082653
148	69	0.384483213609774
148	137	0.37036839942092703
148	31	0.36676486525223534
148	120	0.3518468664117122
148	186	0.35148757105003187
148	171	0.3475636716533282
148	165	0.34210093315874707
148	49	0.34017463165872625
148	187	0.338041769482967
148	118	0.327245257824305
188	186	0.6020331149535791
188	14	0.5951931289167068
188	152	0.5643818554298018
188	40	0.4983661165454889
188	42	0.49305609031039266
188	150	0.47989665330529324
188	75	0.47283857102178517
188	147	0.4682761387044733
188	120	0.4543116699826741
188	69	0.4502310226952807
188	172	0.4464678248869898
188	144	0.44018480467531024
188	7	0.4165579099917382
188	30	0.4148290651953524
188	118	0.39745262009324683
188	128	0.38847268021606096
188	27	0.38677318411299144
188	151	0.37067034980413793
188	78	0.36757813915082427
188	122	0.34852163580320694
188	16	0.34751091858363964
188	187	0.3456631769289028
188	125	0.33437862048472
188	153	0.33384559904720124
188	0	0.33167578089269417
188	18	0.32800402054533956
188	130	0.3252973262862414
188	21	0.325037989150267
188	123	0.3239822513568817
188	129	0.32062180125774775
188	189	0.32004747442271436
188	46	0.31656059186189583
50	173	0.7856255827897838
50	66	0.6893782744542959
50	179	0.5487842706792958
50	47	0.5075543938652007
50	192	0.5071236817681883
50	52	0.5039524129770311
50	154	0.494621264699054
50	64	0.46662719805867575
50	156	0.4654138198877928
50	89	0.453446216765127
50	195	0.43764163916510374
50	49	0.40258490474909703
50	51	0.39286208909916737
50	170	0.39049164150769766
50	67	0.38910931134388665
173	154	0.6118981707967488
173	171	0.5932329921636809
173	179	0.5568874217871789
173	156	0.552824612951905
173	47	0.5414254463694042
173	64	0.5089709809682998
173	52	0.5049067177886433
173	66	0.4922003217485449
173	192	0.4698205253181389
173	165	0.457211414712992
173	49	0.4481156799362316
173	195	0.4423912282775027
173	67	0.42868948987524796
173	170	0.400974845453868
173	144	0.4007650196311918
173	48	0.3776106487376539
173	60	0.35238123596290244
173	189	0.3498738492805722
173	89	0.3484777084042922
173	46	0.33773172809646873
173	180	0.3336856509564153
173	147	0.3292260769374222
105	13	0.4664316104816217
105	10	0.4546925153377587
105	0	0.3866030896568542
25	128	0.781417274731799
25	23	0.7203537967363147
25	26	0.6935999268442864
25	133	0.6545910270778122
25	129	0.6658442140092004
25	21	0.6451699416870724
25	27	0.614742861332098
25	123	0.5944500136924762
25	75	0.5810324859813979
25	127	0.5750129247061495
25	22	0.57267216991832
25	126	0.5594896643728688
25	29	0.552602370460792
25	18	0.4845015340585609
25	117	0.46187332353988
25	186	0.45865765566497724
25	125	0.45495425011178325
25	16	0.44233492623398746
25	53	0.4349536237131411
25	120	0.4282077951580882
25	118	0.4281669623796681
25	73	0.38530951266214625
25	122	0.38485810613375177
25	130	0.3732552780559082
25	76	0.368148825584203
25	14	0.35980335961747767
25	40	0.3547349750429463
25	136	0.3155704791566628
128	129	0.7013741309383126
128	126	0.6944344540279431
128	123	0.6803417451738458
128	133	0.6343966526107271
128	127	0.6236339842128914
128	26	0.5523731005550805
128	21	0.5306072525071336
128	23	0.5258199084744303
128	75	0.5154841158875032
128	125	0.505405745267456
128	27	0.48382781971483646
128	29	0.4833681399419586
128	186	0.4698516954793066
128	130	0.44216599918404353
128	120	0.43544808981980127
128	122	0.42736628707845364
128	117	0.42529613729008164
128	118	0.42205517296317824
128	40	0.41135407394385903
128	14	0.39612980642236595
128	53	0.3918129609252534
128	16	0.384483213609774
128	76	0.36581244950550185
128	136	0.3435129062166335
128	22	0.33089236019904633
47	154	0.7768592737473876
47	153	0.6569336199615077
47	51	0.6326126133180973
47	49	0.5922535228456205
47	179	0.5246468184828124
47	48	0.5192409846692181
47	156	0.4942208243650182
47	46	0.4933512228636424
47	192	0.4849299623997875
47	52	0.4653903178603671
47	72	0.46067674139379783
47	89	0.4396767343235017
47	144	0.4242306886654564
47	168	0.3885830562082661
47	147	0.36785487021060426
47	178	0.356988248602342
47	151	0.34577763899062136
47	152	0.3267719331883528
47	189	0.3225404934088939
47	14	0.3150661575332286
154	49	0.7051546228950366
154	72	0.5593041540986108
154	46	0.689152561793878
154	48	0.6704224074324019
154	153	0.5515456451296036
154	51	0.5445704200155744
154	156	0.5346257861974067
154	151	0.5325443037515011
154	152	0.5239579669263902
154	14	0.49521775784035293
154	144	0.4756521474092099
154	52	0.4646065415076581
154	192	0.44841133206762446
154	179	0.42663038197521763
154	189	0.42505036898147913
154	147	0.4205746848605581
154	171	0.4064572537201494
154	150	0.38161622050240424
154	117	0.36017763455153257
154	168	0.3568311778207374
154	165	0.3552506232887319
154	178	0.3507686696898836
154	42	0.3332501393782187
154	120	0.32687018386774924
154	53	0.3148229388536237
154	86	0.31274038018117506
0	101	0.6523047406026098
0	13	0.6016185412968449
0	10	0.501890502058225
0	100	0.4472441349308804
0	40	0.44502546763933654
0	114	0.4330543862441026
0	130	0.3750784752808789
0	144	0.3746831216728001
0	122	0.37382318719817803
0	27	0.35773841918331906
0	21	0.34549586771877383
0	134	0.3296183285744594
0	75	0.32793262560306513
0	30	0.3270666640296455
14	152	0.7723394555990397
14	46	0.601012042468177
14	120	0.5590498453035214
14	16	0.5236023963219046
14	117	0.5136092513489205
14	18	0.5077325454095408
14	118	0.4890036360495173
14	125	0.4838967486708514
14	49	0.47469987206607583
14	186	0.4586497592972112
14	42	0.45157742047656363
14	151	0.441634881374036
14	48	0.4368489990646322
14	21	0.42224418458110347
14	150	0.41249990996100233
14	72	0.4012433611263932
14	75	0.3942480762550921
14	59	0.39142350876253695
14	136	0.3910508580461282
14	27	0.3776192228072566
14	7	0.3703770276614575
14	122	0.3686328269579116
14	53	0.3496017674092723
14	69	0.33852882914742083
14	130	0.331462166010255
14	40	0.3292617408753538
14	123	0.3187903144930923
14	86	0.3179186236631638
14	30	0.31559749135910764
152	46	0.706619652476678
152	151	0.5959674696534286
152	120	0.5389893255031087
152	48	0.4950441434130827
152	117	0.4880367242698822
152	118	0.4804737198994575
152	18	0.46129885863692227
152	16	0.4265322185680887
152	59	0.4093831890529574
152	42	0.40830048642467154
152	49	0.4026938293490824
152	150	0.3942227389017925
152	72	0.37715613041088425
152	186	0.3730573045492254
152	7	0.37214446597517614
152	136	0.3525826599512474
152	122	0.34922426588338623
152	125	0.34897838997198494
152	21	0.33314346179133975
152	153	0.317208292485708
137	165	0.7720568586269155
137	150	0.6821103139533388
137	35	0.6022625854163514
137	31	0.5973391988022846
137	145	0.5883573403996357
137	135	0.5784099958618755
137	134	0.555907022678768
137	171	0.5421248611479198
137	42	0.4926624036491417
137	138	0.4832531783213097
137	136	0.4753967681713856
137	49	0.4449933889749946
137	144	0.43767397739081104
137	172	0.4210602033194538
137	139	0.4075669272157045
137	7	0.393301742120631
137	130	0.3894911117398964
137	142	0.3735822902467512
137	30	0.36839949408325906
137	40	0.3600906042100275
137	34	0.331204002680367
137	41	0.32665580964255947
137	114	0.3250469326242531
165	171	0.7702328569587067
165	60	0.6202799649970476
165	135	0.5368574131438472
165	145	0.5166653191148781
165	67	0.5163427007368472
165	169	0.5079996913265161
165	31	0.4765646657578364
165	35	0.4692748578794379
165	175	0.45523968933611836
165	49	0.43938628198925495
165	150	0.42434548581183146
165	156	0.40436815399585124
165	189	0.38563304917532065
165	37	0.3845172999918683
165	172	0.3745885603944082
165	142	0.35399171247704597
165	52	0.3519081991658121
165	180	0.32156354561428235
165	46	0.31571453832533175
34	22	0.7297301994759152
34	138	0.6999283238257634
34	27	0.6504625061751249
34	136	0.5855255905815524
34	130	0.5600184043963511
34	42	0.49541397000911946
34	21	0.4696178907149747
34	143	0.46820587117203555
34	30	0.4632960108226328
34	125	0.44392612337711757
34	18	0.44031379356361505
34	150	0.43209518913527534
34	26	0.41748313499444023
34	123	0.3940284659508602
34	7	0.3849858813922133
34	40	0.38456842759900034
34	134	0.3833236531783178
34	53	0.3471064053144195
34	127	0.33505347396879337
171	67	0.658607264406246
171	169	0.5824879059619994
171	189	0.4738317916668404
171	60	0.4674247224317919
171	172	0.46073976122631677
171	49	0.45583405390985693
171	31	0.44941741147144065
171	135	0.3972252472168959
171	46	0.38803106477909105
171	48	0.38549683482766084
171	175	0.3751300330887664
171	145	0.36634936003950774
171	35	0.3621341578450839
171	180	0.35598439362686696
171	195	0.346772144726904
171	150	0.34627938960451365
171	156	0.3406697347741067
171	151	0.33232531706820917
171	64	0.32747739480870536
171	170	0.3157415477994138
171	52	0.31240652998708474
38	142	0.7679452622422656
38	139	0.646562967284066
38	36	0.5496083629157767
38	7	0.5296222524526718
38	41	0.49303338310376743
38	135	0.48608402929048716
38	32	0.4650063585250272
38	52	0.4145144072076377
38	31	0.3827178136813575
38	13	0.3505055536078045
38	10	0.3469128967690234
38	145	0.33000155548954657
38	156	0.31485897386050554
142	135	0.6102627972894369
142	52	0.5828181636686219
142	139	0.58716608524178
142	7	0.5770642327276295
142	156	0.5626142602175906
142	143	0.5015687470918826
142	145	0.4622351162424395
142	31	0.41269075593071447
142	10	0.4006391039528903
142	150	0.3820091612642221
142	41	0.3742704334553859
142	72	0.36801050280688913
142	147	0.3519344837068926
142	144	0.31409303480400896
51	153	0.6000082043785293
51	53	0.5958384897265572
51	89	0.5049588707897333
51	49	0.489209045294003
51	179	0.44431144744747475
51	82	0.43648480416662855
51	40	0.43135480090384287
51	86	0.4193062642472033
51	192	0.4051625106811955
51	168	0.3883962595365009
51	144	0.34234814021918114
51	125	0.3364996976978636
51	72	0.32836986080466674
51	189	0.3253688589564988
51	84	0.3150931792773026
51	178	0.3138045752398943
75	186	0.7499977798857007
75	76	0.712360463794302
75	73	0.7031783629532495
75	21	0.5364871820800107
75	129	0.5062168739872757
75	26	0.4975012453549206
75	184	0.47569083424083725
75	118	0.47383954646442755
75	133	0.4565784171392537
75	18	0.45133856477518214
75	16	0.45113150417170844
75	27	0.45051800129791525
75	78	0.433249357312074
75	127	0.43115129570341193
75	122	0.41812697731404347
75	125	0.4164504618377632
75	29	0.4127903133606613
75	91	0.40120980043716487
75	101	0.3951851367825068
75	94	0.3905085917008753
75	53	0.38813299185962896
75	100	0.3863223762970565
75	123	0.3859905318578842
75	23	0.3766671059794879
75	80	0.3761864563854796
75	120	0.3692893663723565
75	40	0.36790675003315493
75	22	0.36660906793249004
75	69	0.35922866581027074
75	68	0.35805230710588065
75	117	0.3570144251037039
75	82	0.3223433665455426
52	156	0.7505266786828443
52	72	0.49452306291057113
52	179	0.4578755639719166
52	192	0.4392652330577969
52	41	0.39657654561170663
52	46	0.39431563960035987
52	48	0.38881226302118327
52	89	0.38752978525842857
52	49	0.3577820195645781
52	64	0.3522235770208981
52	60	0.3372798222852374
52	143	0.3161466284904558
52	195	0.3143634129883726
156	72	0.4613618325818448
156	48	0.4193145060352123
156	179	0.4127820172848442
156	49	0.4091750664056848
156	147	0.40395819446506154
156	46	0.3772933626489634
156	192	0.3678894570134473
156	144	0.3459801235832888
156	64	0.33887408885698983
156	135	0.322827173451649
156	143	0.3164976052088447
186	76	0.5234063916737187
186	78	0.4650847317890124
186	73	0.4602039446026791
186	21	0.43410187892071944
186	129	0.4191166840482927
186	184	0.407241658742476
186	101	0.39357220846812196
186	125	0.3926760279575993
186	27	0.38457694863747577
186	118	0.37571419265801187
186	26	0.3715929692614216
186	122	0.3704891889718287
186	120	0.3699282744279651
186	127	0.36758678798214894
186	18	0.3603777805441987
186	16	0.35779945928031304
186	133	0.3501458721377891
186	29	0.3422422001373763
186	100	0.33676570122288646
186	68	0.32672727145349595
186	40	0.32463547266499565
186	30	0.31806244478598683
186	123	0.31548043478816
89	179	0.7492355301274835
89	192	0.7312133830848877
89	82	0.6094588682228952
89	64	0.5626826028917266
89	66	0.5231377027243924
89	168	0.4441749972949039
89	97	0.4331275051449736
89	91	0.4032885239711181
89	195	0.3970483679230781
89	194	0.38734280877405636
89	94	0.375963228781949
89	55	0.3724201158585243
89	180	0.3564209534419935
89	86	0.31449858296017086
179	192	0.7043140296674429
179	64	0.553081482829213
179	195	0.5365726383584724
179	66	0.5211519991862482
179	168	0.5200512489024026
179	82	0.4855568841723739
179	180	0.472885155121269
179	194	0.40775870375107814
179	170	0.38262392175072363
179	174	0.3583399666263516
179	189	0.33931659601895925
13	114	0.6906669900428669
13	10	0.6771978130349209
13	134	0.5168925303699127
13	101	0.48303853870146113
13	40	0.46328815721818406
13	7	0.4370431778109579
13	36	0.41704541303145337
13	30	0.3988746966287666
13	32	0.3632978633104265
13	144	0.3587843975254114
13	138	0.3543677718544738
13	126	0.3521797793220161
13	26	0.3432571010646707
13	23	0.3427718134860671
13	22	0.34110279507407043
13	129	0.33982087105344966
13	139	0.3379177617283131
13	127	0.33737730532351023
13	147	0.3175050564467878
13	130	0.3146337401793416
42	150	0.7351211579529617
42	30	0.6098421472154056
42	136	0.6529362356059302
42	40	0.6272867563451102
42	69	0.6143072100836992
42	31	0.5791082854831936
42	27	0.5633041677957806
42	35	0.5483018913788142
42	130	0.547216954388851
42	7	0.5441622941810161
42	120	0.5313899165126368
42	49	0.5239942393785426
42	138	0.4888514460784707
42	172	0.4295542954148679
42	134	0.4255582210355043
42	144	0.4104314785762428
42	18	0.396669241542401
42	125	0.37514721850899435
42	123	0.36999732463007023
42	53	0.3677511036952447
42	48	0.3542978159928332
42	153	0.3533880291120306
42	41	0.34719435397571097
42	117	0.3434158826736936
42	145	0.3305450163967014
42	46	0.3176489196234553
42	21	0.3170194103375105
93	85	0.5799982033852529
93	167	0.5436975616587407
93	63	0.5380734464498722
93	160	0.5135061751627003
93	195	0.4675341272497251
93	97	0.45607960595112845
93	94	0.45523968933611836
93	174	0.44189243172951154
93	166	0.42584479341035025
93	182	0.41683061073279004
93	54	0.38724930858027035
93	194	0.3866711305964075
93	68	0.3641568885844458
93	99	0.3607344802407562
93	55	0.3522235770208981
93	78	0.35197829004196707
93	65	0.3439009270525562
93	184	0.3391573107274339
93	170	0.3322274619042316
93	67	0.3152552990125508
93	175	0.3118108218199073
170	174	0.7440939302508544
170	66	0.6035673961645311
170	195	0.5870284687174624
170	187	0.46908768933713063
170	37	0.4508925277261536
170	67	0.44872285920996935
170	180	0.43633099001935816
170	160	0.4215537035673533
170	175	0.4051123588616812
170	194	0.3967113733823864
170	169	0.38153932464616586
170	97	0.38053064625314587
170	80	0.38045367593883944
170	166	0.37728478611942
170	182	0.3766585247282526
170	60	0.36500662702835707
170	64	0.36133454152418587
170	158	0.3464113963344924
174	195	0.6396847694868042
174	158	0.3586362719536282
174	160	0.5899504092030464
174	175	0.518151863544118
174	166	0.5163206986895741
174	182	0.48841754138965965
174	67	0.4340044871807884
174	187	0.4242060875026829
174	66	0.4175822149700978
174	180	0.41322161490423664
174	194	0.38492625477445325
174	145	0.36770786494393926
174	85	0.3605082926664631
174	167	0.3483195570941891
174	169	0.3474229919122383
174	172	0.31969737859251746
174	32	0.3170194103375105
174	37	0.31539038473803066
150	31	0.6378970951514993
150	136	0.6296705071684937
150	130	0.6215089442660198
150	144	0.6096285514664783
150	7	0.5962188920855359
150	138	0.546137192760642
150	35	0.5386060891240111
150	135	0.5372701193786286
150	40	0.530513846791966
150	134	0.5247482754303003
150	172	0.516445367944727
150	69	0.4852358402243719
150	145	0.4840039595582186
150	49	0.4837665444919649
150	30	0.48336047635250257
150	147	0.4741961877022751
150	27	0.39148278227294214
150	125	0.35819178688138176
150	189	0.3581656356410605
150	153	0.35444646745781905
150	48	0.3471855593843713
150	41	0.34443867079115736
150	120	0.32761130201334704
150	143	0.31814333773546705
150	114	0.3176129551999576
10	114	0.6198491010525151
10	134	0.5322648510653331
10	7	0.5239579669263902
10	144	0.41601228358783543
10	135	0.38208602483144566
10	139	0.3800174112773945
10	101	0.37661561750243233
10	36	0.34997038027693395
10	138	0.3352665142342311
21	125	0.7327267362418572
21	27	0.6834661647641692
21	122	0.5939907131988458
21	26	0.6217850440125637
21	18	0.5792478415640184
21	129	0.5445071070375036
21	53	0.5360668619988999
21	22	0.5306216214735178
21	133	0.5199345117181456
21	130	0.5102738819300944
21	29	0.49796764679001576
21	127	0.49084277461760484
21	118	0.4684634898350816
21	16	0.4664863796020008
21	23	0.4384739875618703
21	123	0.4344994565439669
21	117	0.43046719691566665
21	78	0.4249684322806469
21	136	0.3955647921599567
21	73	0.38806504152742216
21	40	0.3773019391137897
21	120	0.37163606439395314
21	138	0.3644777795449643
21	30	0.35917640739803053
21	126	0.33492030640161646
21	100	0.32641459845915444
125	130	0.6014334730253642
125	53	0.5953609966715687
125	27	0.59458578886911
125	122	0.5580659869604135
125	26	0.5059118754668915
125	18	0.48802148771804904
125	129	0.4761703980451794
125	118	0.467612264780254
125	127	0.46106266494833825
125	117	0.44730813045571566
125	136	0.4454343704879797
125	123	0.42432908705448547
125	133	0.42409947522856634
125	16	0.41227582717667666
125	120	0.41219282089057224
125	29	0.4073917954969542
125	138	0.40620678543599875
125	40	0.386679635417889
125	22	0.3782021075749846
125	78	0.36242953347498186
125	143	0.3551632404852784
125	30	0.3512772037511377
125	49	0.33034013062560985
125	126	0.31609262438757013
194	180	0.6166118918338279
194	97	0.5421036777843574
194	55	0.5382226297535558
194	184	0.5210135893699174
194	66	0.4915104706056821
194	64	0.4801813914384893
194	91	0.47800095913828117
194	85	0.47442094680071606
194	182	0.43458057404137196
194	94	0.43173727186155525
194	82	0.42853439443339364
194	73	0.42656494082044843
194	160	0.42509952765875497
194	192	0.4247061880409298
194	159	0.36540527434076386
194	167	0.3510492658134371
194	195	0.3284055472652939
194	169	0.31183790478689816
120	117	0.6946466755162612
120	18	0.6364239111229137
120	118	0.5698157738104692
120	136	0.5539138510367669
120	123	0.55354635807849
120	16	0.5286142052957847
120	46	0.4256401075705335
120	27	0.402836252003314
120	26	0.3859139381794534
120	151	0.3774048516434129
120	69	0.37333273669839917
120	138	0.3394227754047581
120	129	0.33789118711133087
120	48	0.33576347484238434
120	49	0.3350357190664273
63	167	0.7313808567082523
63	65	0.6931170206843106
63	166	0.6105012221282063
63	76	0.538322066556342
63	68	0.5343400550014464
63	85	0.5243568593614825
63	160	0.4248127333627693
63	97	0.42466520593800433
63	67	0.40420920937080995
63	32	0.4023670213451369
63	175	0.37640105713604277
63	80	0.36395737223234126
63	54	0.35511954675576407
63	60	0.34886421696208614
63	30	0.32062180125774775
63	94	0.31548043478816
167	166	0.6892523117933628
167	175	0.6121233302144403
167	160	0.5572598430124693
167	65	0.555485389650817
167	76	0.5292408102747022
167	184	0.5134840854801693
167	182	0.4813500648157388
167	97	0.4636728982477272
167	80	0.4584918167315937
167	68	0.44536222465597053
167	85	0.44348440429346453
167	169	0.4110050827827698
167	73	0.40963288000104
167	54	0.39745262009324683
167	159	0.3877422198392053
167	78	0.3846962362940376
167	187	0.3702821135005857
167	91	0.3515489214945752
167	180	0.33790890358251713
167	60	0.3335612336008597
167	55	0.31503913527833144
167	94	0.3132815946332238
192	82	0.5604026563073973
192	66	0.5155355133616372
192	64	0.4759538558892011
192	195	0.36074317891572444
192	97	0.35220605812645334
192	168	0.3328233778607829
22	27	0.626412591013518
22	26	0.5994511222836809
22	23	0.5989960612515705
22	123	0.5226290876936853
22	127	0.5030267553699407
22	18	0.4865268633367392
22	138	0.4860687546956652
22	129	0.4435245694819568
22	130	0.4107058515850074
22	126	0.374734697266768
22	136	0.36286377716405865
22	53	0.349461314977408
127	129	0.7246366093208844
127	26	0.6890317768392661
127	123	0.5772042850965104
127	126	0.5405129621141567
127	23	0.5329740043379023
127	27	0.5272509732684715
127	133	0.49782474790919895
127	29	0.44997585249223243
127	130	0.4499439510487674
127	138	0.3851988073621864
127	53	0.35780817904458273
127	136	0.3494964295581151
127	40	0.3483371304414868
127	122	0.3174421117101824
129	26	0.6849606665248561
129	133	0.6461728876203658
129	29	0.588527311661207
129	123	0.5825803975163826
129	126	0.5623202990859107
129	23	0.5391808600618703
129	27	0.48055063070428783
129	122	0.4179866884721984
129	118	0.3663753333984323
129	76	0.35471749165695965
129	30	0.34279828843832955
129	40	0.331889361769417
129	117	0.33105264249507466
129	78	0.33001046644987364
129	18	0.32898532079083675
129	16	0.3254046238952326
129	130	0.32334663004779907
129	53	0.3177837780713771
129	100	0.314552647378394
160	166	0.6167110484143773
160	85	0.6161158154104809
160	175	0.5853809968057365
160	182	0.5201169050320821
160	184	0.42184146346466855
160	68	0.3945942933388618
160	159	0.39331019522478095
160	97	0.39122873007409015
160	187	0.38806504152742216
160	180	0.3477746619280593
160	55	0.33498245293171075
160	65	0.33211180567097776
160	158	0.3308033062280191
160	54	0.32650394089358037
134	114	0.6962319105271866
134	30	0.5866941158821614
134	40	0.5033105474610604
134	139	0.4639397586979847
134	136	0.45338266353754486
134	138	0.4519355826952928
134	36	0.43895043118250454
134	135	0.4349536237131411
134	144	0.43209518913527534
134	130	0.4273008961983911
134	7	0.4024843488443688
134	101	0.3739350150722599
134	31	0.3657951257537235
134	100	0.359751125997366
134	147	0.33100812155077813
134	35	0.3287534411106959
94	73	0.612735761560571
94	91	0.6114851208304816
94	76	0.49794508560629785
94	84	0.48921665200188996
94	82	0.47934998069771656
94	85	0.4319406506377901
94	55	0.4160288221258266
94	184	0.38370746528610516
94	68	0.3691770896855477
94	97	0.3690993533580146
94	80	0.33266330712511394
94	53	0.3209896055682742
144	147	0.7203826609131867
144	40	0.5208387167451056
144	130	0.4924200346455342
144	189	0.45647551133246883
144	153	0.45383537966536863
144	114	0.45340649653818577
144	172	0.4279464351668328
144	7	0.41071416475789924
144	49	0.37168777643894585
144	31	0.36321105869087117
144	138	0.3259141730720694
147	189	0.43759312970363623
147	7	0.41274053587842946
147	135	0.39937911523417907
147	187	0.38975405195238355
147	182	0.36153449549339
147	114	0.3610910744403413
147	172	0.3496105451646271
147	130	0.3389360488917561
147	153	0.3374481975342734
147	40	0.3274952498628782
147	78	0.32649500691264505
147	72	0.32146491646849645
23	126	0.5821045659493939
23	26	0.5718517002613357
23	133	0.529348787326724
23	123	0.5106509902472155
23	29	0.48060446386972355
23	27	0.40446852749235207
16	118	0.7196458446825408
16	117	0.6578535100945669
16	18	0.6545510195035669
16	133	0.43671143114772554
16	29	0.4133377028932455
16	46	0.4039079841815229
16	122	0.38680719984688033
16	53	0.38527545067401003
16	151	0.3607953696475467
16	73	0.35813076644642333
16	26	0.3521009395770369
16	58	0.3349380628504414
16	123	0.32924390902380934
16	59	0.3233734931959128
118	18	0.7129362584352208
118	117	0.6246412299255947
118	122	0.4692670600317671
118	123	0.4384739875618703
118	151	0.4255827877278755
118	53	0.4198006491627197
118	46	0.4065741180194638
118	59	0.3916775152187237
118	26	0.38488366236582267
118	133	0.36511930180229657
118	27	0.3596118253200077
118	73	0.3394758618543416
118	29	0.33228973419987906
118	58	0.31796356933610936
31	35	0.7157764691996645
31	7	0.6961030728229497
31	135	0.6800408348996078
31	41	0.5381018649168571
31	30	0.4984713375733413
31	49	0.48499114746054467
31	69	0.4757836751283908
31	172	0.451290785871375
31	145	0.44621958392792976
31	36	0.4206323013496332
31	67	0.3947293720644883
31	48	0.38109493409218564
31	139	0.38055630185307376
31	60	0.357494228227321
31	40	0.34339824124189844
31	136	0.33377451337954206
31	32	0.33290340603731805
31	37	0.32783445144082773
31	78	0.31737916417613143
35	172	0.6505317285949693
35	135	0.5662597912268565
35	32	0.5636385927844769
35	37	0.5556582246408595
35	69	0.534889978774441
35	67	0.5345757920577062
35	30	0.5163206986895741
35	145	0.5118918403135625
35	41	0.4907213133404019
35	40	0.44247969587217
35	36	0.4378437344984774
35	7	0.42714557494078603
35	175	0.4224578056848528
35	60	0.3830335739713095
35	68	0.36730134298240374
35	49	0.33498245293171075
35	166	0.3306340874514187
35	65	0.3291101626522801
35	139	0.3259320485545854
18	117	0.6070648076626365
18	27	0.5455685366529507
18	26	0.4786796067692826
18	53	0.4269329892052315
18	46	0.41360299641620674
18	136	0.39657654561170663
18	123	0.38633088381440545
18	122	0.3766327805866854
18	143	0.3549010548357501
18	29	0.32695949653637657
18	78	0.3265575435540221
18	59	0.31202747136560116
97	85	0.559544619618237
97	55	0.5332674750638154
97	64	0.49174554419216016
97	66	0.4835980131734301
97	166	0.43176167963325823
97	91	0.3767100112659652
97	182	0.3762379642478261
97	80	0.3705668327811388
97	184	0.37052369797083606
97	76	0.3466225785676915
97	73	0.3384402863271026
97	195	0.3222806384974641
97	82	0.3169654393893768
97	187	0.3132094444537147
27	130	0.7125081949893983
27	53	0.6423239876037878
27	40	0.6281230175289048
27	26	0.653933295065108
27	136	0.5089487521726763
27	138	0.5031686649810527
27	123	0.48574027908011014
27	69	0.4697114205281393
27	30	0.44279328431153814
27	122	0.40077341347154244
27	133	0.3915505194498573
27	7	0.3894147623630874
27	29	0.38635640597204424
27	126	0.3460241377095557
27	143	0.34203029386951384
27	117	0.33777602421241343
27	78	0.3253420346415043
27	101	0.31656059186189583
130	138	0.607247902396493
130	40	0.5870481302985069
130	136	0.5761163210590915
130	53	0.5563836072904627
130	7	0.4589971309483979
130	123	0.4527071258283707
130	26	0.43980579474230924
130	143	0.43787606564678705
130	122	0.39921100254381814
130	126	0.3964079868359685
130	49	0.36256850858812867
130	72	0.3538167621196839
130	69	0.35373802637977825
130	30	0.34345116481027815
76	80	0.6803632299935446
76	68	0.6369650153861809
76	73	0.6706590687248247
76	91	0.5874346673240117
76	184	0.5090672979050983
76	84	0.44149802813333233
76	69	0.4233446524668828
76	65	0.39309039290911957
76	187	0.3778849868418804
76	82	0.3592199562313271
76	78	0.3561153778983552
76	40	0.32333767554927695
76	86	0.3230421446197328
76	101	0.32137524755550634
114	139	0.5116630343218924
114	36	0.5078216049023848
114	101	0.4681277891902314
114	40	0.4351076658966499
114	30	0.43246922988699876
114	32	0.42010539575720646
114	135	0.3769588300511066
114	172	0.3465169918417859
114	7	0.3174960645128469
182	187	0.7071599836733361
182	78	0.5286574379458469
182	184	0.572961078788878
182	80	0.5566735231837925
182	175	0.5527968369398166
182	180	0.5396629963357716
182	135	0.4743667002657396
182	60	0.4371726076809394
182	166	0.36083016221345793
182	145	0.3469216932529276
182	161	0.33898030425947034
182	195	0.3368543571232124
182	159	0.31743311937658014
187	80	0.6868035507911397
187	180	0.5228979734558102
187	172	0.48061215402625707
187	184	0.47898789405813064
187	68	0.47085630482528723
187	189	0.455810287125394
187	175	0.4528661226820939
187	91	0.37824495492299226
187	37	0.3636884060346945
187	32	0.3609519282846656
187	60	0.3307854947267277
187	195	0.3251631924948162
187	67	0.32297049126629745
187	86	0.3217249237112468
46	48	0.6979334972888308
46	151	0.6823615543834167
46	49	0.551816947744418
46	117	0.5147127087078587
46	72	0.47514905116330414
46	59	0.44805973471781013
46	7	0.33301010281310933
46	153	0.3275041773022542
46	58	0.3228988342100595
49	48	0.6226797708425008
49	41	0.4386193693871952
49	86	0.43378531867530434
49	72	0.4230983874062034
49	67	0.41952052827014935
49	153	0.40446852749235207
49	136	0.38251294836992417
49	151	0.3588628096312744
49	7	0.345522286423101
49	138	0.33357012094024896
49	53	0.32168009833653904
73	184	0.6716482630589904
73	91	0.5396629963357716
73	82	0.5194746702486688
73	55	0.43916838242648476
73	80	0.43255865237283797
73	101	0.3841422921331416
73	84	0.367846223350852
73	161	0.36091713923417845
73	58	0.3570406010443483
73	78	0.3480647160481759
73	100	0.3469128967690234
73	85	0.342462898818789
73	68	0.33151557291799905
73	133	0.31815232555503914
73	53	0.3147328473659202
29	133	0.7041829808181351
29	26	0.5894155445951414
29	126	0.36176049037523944
29	53	0.34483522220088053
133	26	0.5633246481021116
133	126	0.4626832111900035
133	53	0.401536971199025
133	123	0.38843022494262447
133	122	0.37036839942092703
133	117	0.35116323998511006
55	82	0.471043074357364
55	85	0.45262761660337403
55	184	0.4466199386129759
55	64	0.41782161724923256
55	91	0.3872068058586981
55	159	0.3540179528943964
55	158	0.34771312673521665
55	66	0.3238837939433602
136	138	0.6677270054638001
136	123	0.53120330829807
136	30	0.45460525295476545
136	40	0.4531919761936685
136	7	0.4031796616767162
136	69	0.3819920797537044
136	143	0.3602994664973963
136	117	0.35656934834675585
136	26	0.35395672438694503
136	53	0.317244267185197
138	123	0.5157997846317864
138	143	0.5011719743946494
138	40	0.4273335921972968
138	7	0.3928790021538542
138	30	0.3823251221210881
138	26	0.3605343933972969
138	126	0.3496017674092723
138	53	0.32544038790293256
166	175	0.6568426602865348
166	32	0.5371634096568136
166	68	0.4188116305106869
166	65	0.39249839414939336
166	172	0.3721530810280799
166	85	0.3567700892892192
166	67	0.35603678901437724
36	139	0.6981283433600819
36	32	0.6570472926687003
36	30	0.5102442965036265
36	135	0.39380036146552927
36	7	0.3858628727711645
36	37	0.3386616321375541
36	41	0.3377140092311899
139	135	0.5284340397345296
139	7	0.44143361949927457
139	145	0.4040837095252633
139	32	0.36485059814955817
48	151	0.5108357755447068
48	72	0.4415543819560138
48	7	0.3606300912462802
48	117	0.35839226105003696
7	135	0.6169588542644243
7	78	0.5002203593661919
7	30	0.46350017899420687
7	69	0.4372615802142019
7	143	0.4156649107259227
7	40	0.4129976929945636
7	41	0.3884217336900386
7	72	0.3772333255831553
117	123	0.46478687460933765
117	151	0.40880033833849283
117	26	0.36705044024413425
117	122	0.3664445928974929
117	53	0.3551370244337787
117	58	0.34062553681470786
117	72	0.3284947593148759
126	123	0.6677768751248826
126	26	0.4305568094511887
126	40	0.3618387094696206
26	123	0.5073242172095974
26	53	0.43083373998435043
26	122	0.3684686345904261
26	78	0.3437333869983573
26	143	0.32694163446982294
26	40	0.3182511877955346
65	169	0.5522966586753445
65	68	0.5466352308173549
65	67	0.4879148235272741
65	175	0.47500967723634724
65	60	0.46904089061564175
65	91	0.4482994752274347
65	84	0.42674489324731585
65	54	0.3949657187786669
65	85	0.37105845661238107
65	86	0.3707911080255888
65	172	0.3588279604316952
65	69	0.3578168987464528
65	180	0.34036031744741657
65	159	0.3235257078559375
65	189	0.3184668632015966
65	64	0.3117927662270832
66	64	0.49131325686875155
66	85	0.48942200498033284
66	195	0.4711986833799987
80	68	0.5975256903970787
80	91	0.5328164793536109
80	184	0.523660461131996
80	180	0.4245258537703968
80	69	0.41876215345836343
80	86	0.37914437467320267
80	84	0.3767443343314497
80	78	0.37173948617750197
80	37	0.3702130801632745
80	175	0.3490486451370989
80	60	0.3426394305579077
40	69	0.6831783065909591
40	30	0.5629012477676985
40	53	0.5379384420258776
40	172	0.4005971286966596
40	101	0.39446764154185066
40	123	0.3896353126250224
40	68	0.3836136567831117
40	153	0.3624034738466483
40	122	0.35964665199242934
40	100	0.34064321617913795
40	78	0.3298767958701676
69	30	0.5841702085078385
69	68	0.5496153421838921
69	78	0.48609930358832276
69	86	0.47949630985205
69	172	0.4545497178031171
69	53	0.3858203164579841
69	84	0.37866477314976793
69	91	0.3530379328824237
69	175	0.3148319476904333
56	162	0.6824096458736852
56	161	0.6232060410092269
56	57	0.6224164242888031
56	163	0.5855715898809079
56	58	0.48868400273508283
56	99	0.3608562559788086
162	161	0.5709626886769571
162	57	0.5476511502566194
162	163	0.49652237255465237
162	58	0.4207310645800459
151	59	0.5411497133511742
151	72	0.3964501290360569
151	58	0.3566740868606463
151	189	0.3528453377990413
123	53	0.39083059505737383
123	122	0.3637838525976653
143	72	0.3642436244016618
135	145	0.640576021055628
135	78	0.4617867851099217
135	41	0.42654039923586046
135	172	0.4117195544132201
135	30	0.407375114722545
135	175	0.40336388348864693
135	60	0.3519695288982967
135	32	0.3336145567478099
85	68	0.34212742189543044
85	184	0.3326544137442883
85	64	0.3174241269858884
184	82	0.47705916198467124
184	91	0.4754586856494489
184	159	0.41201018297422104
184	180	0.40772535389356745
184	161	0.38714729928363606
184	68	0.35773841918331906
184	58	0.3350978601836477
184	78	0.33468945092311614
184	101	0.3334101397608925
82	91	0.6260114044128261
82	84	0.586011678115727
82	64	0.42071460473411876
82	159	0.4180114467755795
82	180	0.41577244386326795
82	86	0.4148704601790592
82	189	0.40688290962312923
82	168	0.37773925298203354
82	58	0.31344391931351395
84	91	0.6635445141963162
84	86	0.6446150337855774
84	189	0.5111756571866258
84	68	0.4079421085201366
84	180	0.4037489688955434
84	64	0.39911852912008694
84	159	0.378913163633331
84	169	0.3328500544523917
91	180	0.6156192497212343
91	86	0.5822103407808573
91	68	0.4658210840746205
91	64	0.4031210387910944
91	169	0.36692929566325727
91	159	0.36432168123498515
91	189	0.36295060700095105
91	175	0.3229077915445647
153	189	0.39110168160717673
153	168	0.38751278871338674
153	53	0.3428424121486884
67	60	0.6287039100892027
67	37	0.49162422483671225
67	41	0.48012752981995077
67	195	0.4508925277261536
67	64	0.4432353403693175
67	169	0.4403863418271469
67	172	0.40801712825684877
67	86	0.38722380714482557
67	32	0.3861011577763997
67	175	0.36613289318179415
67	54	0.357686096666909
67	180	0.32952919046085416
67	189	0.3189160810621816
67	145	0.31372343554656246
32	68	0.4845474482195865
32	37	0.4683307871350995
32	172	0.39917737678386717
32	30	0.37295400053542044
32	41	0.36421760431987765
175	169	0.6532516431562944
175	172	0.632882447061442
175	180	0.6059838689484807
175	189	0.46542948754147695
175	60	0.42516506866102594
175	145	0.402785987411226
175	159	0.3735134532878036
175	68	0.3397854897015118
175	158	0.32886938590754455
175	37	0.3120635764692351
169	180	0.6267466598803142
169	159	0.5105844559886201
169	189	0.5597163230503911
169	60	0.5214942636053663
169	172	0.43402883606690845
169	64	0.42714557494078603
169	54	0.39482222879176454
169	168	0.3870707860906946
169	86	0.365327288667607
169	158	0.31855671822541665
101	100	0.5151242297117874
101	99	0.5271571060016368
101	30	0.36166488234279576
101	161	0.33017976352005984
101	163	0.3205320782152746
54	159	0.6514881969032229
54	64	0.3760490907186301
159	189	0.45366861675029446
159	180	0.45057379188553304
159	64	0.37395221839568926
159	168	0.33930774734645786
172	189	0.6491162947529631
172	68	0.4641986898132994
172	30	0.3869772627263328
172	145	0.3790330567464962
172	180	0.37017856196111815
172	86	0.35729360622332035
189	168	0.5370637984004258
189	180	0.6227838457081022
189	86	0.5613416847213468
189	64	0.33848455848652126
86	180	0.4672371380008832
86	60	0.4218085809186491
86	168	0.3673099938478632
86	64	0.35402669957632144
86	68	0.3328500544523917
86	37	0.3118740146213078
53	122	0.37030799994771196
145	41	0.5797526179228768
145	195	0.35013709812838534
195	64	0.39246455581772816
195	180	0.3561677676891412
195	41	0.3223702491281931
68	78	0.38971164653708545
68	30	0.3761006047811414
60	37	0.5588091860795096
60	180	0.4745681692337124
60	64	0.4498721686024519
60	41	0.3137414669855421
180	64	0.4500556010766903
180	168	0.41681408555018906
161	58	0.5600184043963511
161	163	0.5101629303537597
161	57	0.48784624599481125
161	99	0.32235232746419784
57	163	0.41402566282964437
57	58	0.36945344367703936
99	163	0.39111015196879506
30	78	0.4570690306065887
30	100	0.36595969116020594
163	58	0.40227482617910165
64	168	0.3456719820681475
72	178	0.3604038840976354
