9	108	0.9399360232214237
9	109	0.8022878536436613
9	5	0.7240662314733443
9	112	0.7293091786287512
9	6	0.7061486924464256
9	3	0.6959793464321266
9	103	0.6857613893530043
9	12	0.646999222899227
9	106	0.6460563804453029
9	11	0.6441355138305822
9	105	0.6384246432016286
9	0	0.4915104706056821
108	6	0.7292717277940147
108	109	0.734923468815449
108	112	0.714648101567819
108	3	0.7100724616913818
108	103	0.702960914935967
108	5	0.6840572062711018
108	12	0.682660694361135
108	105	0.6627938375536567
108	11	0.6037199435997531
108	106	0.5923508995588365
108	111	0.5019204256944313
108	113	0.4812194427686916
28	132	0.9228935905374656
28	131	0.7873800751349191
28	143	0.6876584462977863
28	39	0.6490352766658458
28	125	0.5798787425397367
28	21	0.5616018894995204
28	16	0.5092376735654051
28	25	0.49769686809947333
28	53	0.49205633790496617
28	29	0.49104769726479247
28	133	0.48846322694910277
132	131	0.7595835896012372
132	143	0.6628274784755305
132	125	0.6144815155600117
132	39	0.5895851918153199
132	21	0.5294279596010815
132	53	0.4805967736392711
19	121	0.8878969260752767
19	15	0.6882694246552385
19	124	0.7172023304226838
19	20	0.6598398882043044
19	23	0.61261708231695
19	16	0.5678473633663582
121	124	0.7479871221032677
121	20	0.6336491341120726
121	16	0.6165437103343019
121	15	0.6024346229771048
121	23	0.5904912698088557
121	21	0.549510645106864
121	118	0.5358245228502239
121	115	0.5353681154661506
121	119	0.5184809701754943
121	125	0.48735078502771173
121	29	0.48131164878543786
126	128	0.8778920858644411
126	129	0.6447786562570209
126	123	0.5753742669454072
126	124	0.5639728330992585
126	127	0.5359100643992675
126	22	0.5271571060016368
126	130	0.49741094086285775
126	23	0.4942510535984759
126	25	0.49214727820203913
128	129	0.7499190186543866
128	130	0.6242385805861905
128	124	0.6766668857933966
128	127	0.6702296753876489
128	123	0.6670892542816015
128	23	0.6617833653303721
128	25	0.6611196368526622
128	22	0.6320124325547654
128	29	0.5575631316738777
128	125	0.5481620030332885
128	26	0.54045633200651
128	21	0.5289887971458624
128	20	0.5174053202245188
128	34	0.506752174813465
128	117	0.5008274347291262
128	143	0.49665045088318405
95	197	0.8586543857101424
95	98	0.7441251713191703
95	96	0.7266392932718421
95	79	0.706619652476678
95	99	0.5842492523865488
95	198	0.6162026641009543
95	106	0.5905238348503737
95	199	0.5892980660557063
95	71	0.5332460059463572
95	97	0.5225055107132003
95	135	0.5104143962126872
95	78	0.5048992670589612
95	181	0.4943795145059317
95	109	0.485404022427351
197	106	0.6066099488586258
197	198	0.7142074679968065
197	96	0.6868827877599037
197	98	0.6718293561557724
197	79	0.6631469337952415
197	199	0.6478936746679246
197	181	0.6125983409632038
197	135	0.6123046364829327
197	99	0.5645181346695309
197	71	0.4874270302328747
197	109	0.48612985129301983
13	111	0.8487316952363206
13	110	0.7238330419928437
13	12	0.7513683082533877
13	8	0.7488580513313527
13	113	0.7421910460808087
13	10	0.6487805525270622
13	2	0.5990345320920079
13	104	0.5561280929072683
13	112	0.5447392242839734
13	1	0.5219091251699443
13	102	0.49986037875621975
111	12	0.8261861339474802
111	113	0.8196007602280324
111	8	0.7701108063563346
111	110	0.6903373698234735
111	105	0.5884031070094624
111	112	0.5587954312799142
111	6	0.5546828071172851
111	104	0.5405625094410529
111	10	0.5151756531493987
111	107	0.4927759878178971
111	103	0.48821192323680684
111	3	0.4831152023750676
111	102	0.4809965675960068
22	26	0.8481153053807242
22	23	0.8047329850939143
22	34	0.771207233126757
22	123	0.72964136333113
22	25	0.722640722558034
22	29	0.7059079609370434
22	129	0.6882746874710068
22	21	0.659139197217844
22	127	0.6483518247660961
22	143	0.5804691668436536
22	117	0.5630037104432642
22	33	0.5401306138542533
22	16	0.5372274375536503
22	24	0.5314544996518643
22	39	0.5240377638123234
22	124	0.5205836157913648
22	118	0.4919350674688468
22	125	0.4816266056445685
26	29	0.7955237115835917
26	129	0.7285264855144776
26	23	0.761846025437114
26	25	0.67727901525412
26	34	0.6575925059005568
26	21	0.6455725538583978
26	127	0.6406349835145626
26	123	0.6287341457083867
26	24	0.6032685293978117
26	143	0.5987844221976966
26	39	0.5944112145578007
26	33	0.5156676612615649
26	16	0.5081406456195062
26	119	0.4983736328201687
26	117	0.49350252884640655
26	133	0.4859389086493475
26	124	0.48465457087990443
23	25	0.8471863975284964
23	124	0.7328517516193488
23	21	0.6618676633782887
23	29	0.761846025437114
23	20	0.7119316861304085
23	129	0.6659443992675996
23	127	0.5764302383278979
23	34	0.5762098461129422
23	123	0.557618259083135
23	16	0.5350541538973911
23	143	0.5344757925531789
23	119	0.5324511657506208
23	17	0.4907364970432332
25	29	0.7363550306389222
25	129	0.6195657582205072
25	20	0.6128169472284621
25	21	0.5998417809796577
25	124	0.58834426353296
25	127	0.5807674639008633
25	143	0.541729324752845
25	130	0.5412416372922627
25	133	0.5259862964362586
25	34	0.5201023153122148
25	53	0.4988319838914509
25	123	0.48940679550943716
25	27	0.4872974089620348
25	125	0.48163428596570507
52	156	0.8439947648854174
52	122	0.6005455251687
52	39	0.5940489558380226
52	118	0.5842426658199562
52	17	0.577364303377445
52	21	0.550647427904057
52	33	0.5388119289763474
52	46	0.5311099848581293
52	143	0.5295071226544527
52	149	0.526853754593708
52	44	0.518151863544118
52	16	0.5166506578244201
52	154	0.51124213707826
52	112	0.49668058381773206
52	11	0.4921927443228164
52	109	0.48802910603114513
52	127	0.48435612160426084
52	38	0.483452434536175
52	43	0.4813423817576058
156	118	0.6548309955362512
156	17	0.6469527091313311
156	149	0.6433566781060993
156	44	0.6006733788250471
156	122	0.5901850644216154
156	21	0.5812311717176473
156	39	0.5803696998518196
156	46	0.578662808195759
156	33	0.5665382599981533
156	152	0.5541356291410899
156	154	0.5456176996233735
156	143	0.5453788728770307
156	120	0.5376825684812809
156	119	0.53562488312072
156	136	0.5281600969016955
156	43	0.5258922560123969
156	14	0.5158438203038485
156	129	0.5129463601243063
156	127	0.5108357755447068
156	16	0.509059889362522
156	125	0.5052940520458367
156	115	0.4928668430640066
156	138	0.4922382077583017
156	38	0.48165732648522247
39	143	0.8431295582809635
39	24	0.6286494811841701
39	127	0.6769649418958794
39	129	0.6146744266711164
39	33	0.5988357363167581
39	118	0.5952641562314955
39	119	0.5908754147676425
39	16	0.585236365782447
39	17	0.5820384466733507
39	21	0.5521159409446568
39	29	0.5465580952878291
39	120	0.5422378274498494
39	125	0.5406262076375284
39	117	0.5308083902830357
39	131	0.5195111766037804
39	123	0.5076063592164577
39	34	0.506937951832198
39	133	0.499042281175629
39	142	0.4919047468766567
39	53	0.4844250045245988
143	127	0.7421191731542925
143	129	0.6758420126918839
143	118	0.6459864616866688
143	125	0.63070140689585
143	21	0.6219812876339273
143	16	0.5971783783191469
143	119	0.5892980660557063
143	24	0.583801190533806
143	17	0.5794670753886771
143	117	0.5794471485050179
143	29	0.5660355638844727
143	123	0.5605604042105213
143	131	0.5569633035424774
143	142	0.5429716306376304
143	33	0.5407889637567388
143	34	0.5330026412758053
143	120	0.5285133184471386
143	138	0.49626615102841276
143	20	0.489155796254896
11	112	0.8360785494251857
11	0	0.5997393407748188
11	109	0.6940251985708642
11	103	0.6498390180071015
11	3	0.6245070503552062
11	176	0.5881742362606354
11	12	0.5821772882627545
11	102	0.5669862551248663
11	70	0.5534978051471662
112	109	0.7456253595633199
112	12	0.7420068375318188
112	103	0.7416785789111946
112	102	0.6197752011050208
112	3	0.6835301043999877
112	113	0.597847075876914
112	176	0.5882723352651736
112	70	0.5667826625247624
112	0	0.5655392481615141
112	106	0.5106435978538049
112	110	0.49617569925338717
6	105	0.8292092616143376
6	12	0.5973134707523006
6	5	0.5633383012551034
6	8	0.541807038348818
105	5	0.5224255374379703
105	12	0.5143450787128321
105	8	0.5112347507257254
105	3	0.48726690671809564
105	103	0.4838814316438837
84	86	0.8289591661621567
84	82	0.5895199490387607
84	189	0.7236282700078037
84	91	0.6084332976936471
84	76	0.5435989391378672
84	180	0.5384427910970546
84	68	0.5250742860865512
84	73	0.4874956445628042
86	189	0.7456520009408093
86	91	0.618757961914629
86	68	0.5757621252496802
86	82	0.5634202137123799
86	76	0.5568805229847659
86	180	0.5439370109924793
86	92	0.4902200839658439
86	69	0.4838814316438837
12	113	0.782272454690896
12	8	0.6376479317467741
12	103	0.5939777695444266
12	3	0.5890891537745343
12	110	0.5841965576988276
12	109	0.5242553449262093
113	110	0.6526665259493327
113	8	0.6064013390643399
3	103	0.8097835676953946
3	102	0.6047675108066861
3	109	0.5904391617425957
3	0	0.5165333565931765
3	1	0.48529700154437716
103	109	0.6261208518287628
103	102	0.597602840430731
103	0	0.520977161178984
103	106	0.48472342777147914
109	106	0.6063444309912335
109	5	0.5679896317671549
109	0	0.5453577956756347
44	149	0.8012520774947798
44	33	0.7123259840951466
44	43	0.5365940007087052
44	136	0.6003089149275513
44	46	0.5958255900429531
44	35	0.5825671853608331
44	49	0.5355464368407766
44	17	0.5265069028468669
44	154	0.5250670430785793
44	120	0.5155134863269383
44	45	0.5137343953622219
44	42	0.5116482701520227
44	152	0.5083260703312523
44	62	0.5071608221049896
44	14	0.4999203875245513
149	136	0.7323189352508409
149	154	0.6671392005562047
149	45	0.6129543088928054
149	46	0.6058762846628812
149	33	0.5976606956949324
149	49	0.5841965576988276
149	171	0.5750129247061495
149	152	0.5686328029141465
149	164	0.5445774544078433
149	120	0.5316553854654911
149	62	0.5236677188912043
149	146	0.5225563980112838
149	43	0.517646935233913
149	17	0.5014489888754775
149	153	0.4930258138856175
149	35	0.4861451246998742
149	118	0.4839426979729107
88	90	0.8005708505231333
88	85	0.43823971301563536
88	193	0.6563705000756432
88	194	0.633104195254358
88	74	0.6209808572312197
88	73	0.6096536849747504
88	91	0.5245743401089137
88	55	0.5095338840097288
88	81	0.5022495063873323
88	63	0.4865115973559701
90	194	0.7614261150364885
90	74	0.6307676460309876
90	55	0.5682876079014996
90	73	0.56520587477988
90	193	0.5341614109645967
90	190	0.5278571900234523
90	91	0.5211301468267905
90	63	0.5037882677485748
90	185	0.499507730320123
90	81	0.48302320507792607
96	198	0.7992744089799904
96	81	0.7000354291530343
96	97	0.659235327483347
96	98	0.6956595285648044
96	78	0.6350296200684626
96	79	0.5943465431830764
96	71	0.5849601485783109
96	181	0.5725243010421436
96	177	0.5593041540986108
96	135	0.5591941956414002
96	199	0.5475951415454703
198	181	0.7142956400453684
198	135	0.6625077816767214
198	177	0.6267891612193177
198	81	0.6301470469109683
198	97	0.629229738655114
198	199	0.6172622497890414
198	185	0.6064835286487709
198	98	0.5879714434600887
198	79	0.5749660676106361
198	190	0.5427741497130298
198	78	0.5052121329216036
198	183	0.49571573619268006
29	133	0.63407386998604
29	129	0.6777388495878258
29	21	0.614456618449391
29	127	0.6058509674922246
29	124	0.5809927405208273
29	20	0.5575286745455953
29	16	0.5289671916774225
29	123	0.5207366875217049
29	34	0.5202481988517177
29	117	0.5058969942528366
29	119	0.5030267553699407
21	125	0.7889331863190957
21	16	0.6646959385596904
21	122	0.611923193409427
21	155	0.5937058817604872
21	129	0.6601898040282488
21	17	0.6323186195814744
21	118	0.6215212186460892
21	124	0.6091256238711629
21	127	0.6087355176903797
21	53	0.5798057264117418
21	119	0.5780172511714031
21	20	0.5681183215555169
21	117	0.5544819999962682
21	34	0.5455685366529507
21	123	0.5251756802115386
21	51	0.49662785039656543
21	33	0.49263968480068604
21	24	0.48881339393522666
125	16	0.6292961817489283
125	129	0.6095908489056958
125	127	0.6080615770339832
125	119	0.5873167691668488
125	53	0.5867728051435271
125	124	0.5627577709506141
125	17	0.553483932190001
125	117	0.5498525916518441
125	130	0.5475391279268904
125	118	0.5355820953866061
125	155	0.5111830441433403
131	133	0.4839809870196476
73	184	0.7751486644329698
73	76	0.645852420430597
73	187	0.6387740358004109
73	74	0.591766379729282
73	75	0.5898265232002943
73	193	0.5830228268111435
73	185	0.5682063564576224
184	187	0.7202190642503119
184	185	0.6227838457081022
184	193	0.6205506023329891
184	75	0.5980719314233544
184	76	0.5145068592146018
34	123	0.7070799866615104
34	33	0.6509698863208965
34	127	0.6132663567388704
34	129	0.587938728019245
34	24	0.5847430255373349
34	138	0.5469717136672165
34	117	0.5237693195386702
8	10	0.6603872107040618
8	107	0.6526607856478087
8	110	0.5760962780131452
8	4	0.5488471627970304
8	104	0.5219673316087475
45	164	0.7637277195612084
45	31	0.5382084232726163
45	49	0.661833946167579
45	171	0.5698360327636647
45	67	0.5420118752469013
45	60	0.480627534117566
164	171	0.6738761372674512
164	182	0.618319601013344
164	165	0.6600148819134715
164	60	0.5643682258135323
164	146	0.5461021050942031
164	49	0.524204582120073
194	193	0.7101616937632421
194	190	0.703441147740319
194	185	0.6697171193227801
194	55	0.5484487411254182
194	167	0.5442889815022911
194	74	0.5247700142654944
194	191	0.48565622838755973
127	129	0.7605422194214708
127	123	0.7118429071651757
127	118	0.6165685046769468
127	24	0.6118230956090758
127	117	0.5789753433686532
127	119	0.5767373118462237
127	138	0.5669116125453076
127	16	0.5413688952411853
127	124	0.5369357047730475
127	130	0.5343329101562126
127	17	0.5321573383631063
127	33	0.5301976087684883
127	120	0.5137417560941174
129	123	0.6370541482047155
129	124	0.602122365288554
129	118	0.5962575620841057
129	117	0.579420578249106
129	16	0.5788623183613633
129	119	0.565341967857767
129	133	0.5545512511273547
129	17	0.537625694238535
129	20	0.5128800373198344
129	138	0.503355346817696
129	122	0.4877852831324795
58	161	0.7570722212856773
58	56	0.7240852600459138
58	163	0.6602687776476438
161	159	0.4251568762795512
161	56	0.6773764361408555
161	163	0.6737177979526048
68	69	0.7560630738269253
68	92	0.6164073195887996
68	91	0.5488261994481098
68	172	0.5299819073169445
69	92	0.6578818705996533
69	40	0.5534423114756587
69	61	0.4878233854790376
175	183	0.7554069113040957
175	174	0.7483745204399238
175	169	0.6921441297785519
175	180	0.6546196016719183
175	195	0.6366975147232552
175	172	0.6057876691969832
175	167	0.5965217330256551
175	170	0.5948249293117588
175	65	0.5645045081301716
175	145	0.5412487078288946
175	166	0.5350827019684813
175	92	0.5206492220602755
175	165	0.5094524381708067
175	182	0.49797516703479466
175	196	0.48396567162331827
183	167	0.7161809899415339
183	169	0.65946708243116
183	81	0.6284680070155798
183	166	0.5851574604338924
183	182	0.5820516711443379
183	174	0.5788955633199419
183	181	0.5732297034508381
183	63	0.5724369064678054
183	195	0.5587816761728706
183	65	0.5579902404518867
183	180	0.5420683706472539
183	170	0.5011794626236411
183	60	0.49955275849219494
183	165	0.4869160454574818
139	140	0.7535460131829625
139	36	0.7354564836694105
139	142	0.6412006388025512
139	141	0.7061537059512644
139	114	0.6367212987685026
139	37	0.564899552846225
140	141	0.743370013009807
140	37	0.7075547036368104
140	150	0.5569564055852734
140	114	0.6529132880357211
140	142	0.6258897672408877
140	36	0.5830228268111435
140	32	0.5788756165757324
140	130	0.5463687232995882
140	137	0.5324941541225822
174	170	0.6581880451794138
174	195	0.609823304094007
174	145	0.5893111204576328
174	172	0.5872578107394145
174	169	0.5678338122250222
174	166	0.5509121517147646
174	165	0.513513538238971
174	146	0.485755560059282
174	196	0.4816496463860325
124	20	0.7404116866858245
124	119	0.5965217330256551
124	16	0.5531370084421476
124	15	0.5222001087536557
124	115	0.49972534147940195
124	123	0.49132084294431605
124	117	0.4912298051177847
124	120	0.4895816864473632
56	163	0.7477755988482302
56	162	0.629507530400456
56	57	0.5660695431097927
163	162	0.4891710106381895
189	159	0.48101194029415967
189	180	0.5804757973606286
189	82	0.5694307220984706
98	199	0.7256891962636005
98	78	0.6858196554023985
98	79	0.6807926808560859
98	61	0.5821177888809355
98	135	0.5738806067989431
98	97	0.5632905138736654
98	81	0.5390602707296996
98	181	0.5192701996144122
98	99	0.4809811946020826
141	114	0.6873209372544724
141	142	0.6403754921861755
141	37	0.6064013390643399
141	2	0.5550288746013486
141	134	0.5204742583478855
141	36	0.5156309559720526
141	104	0.5071311099862318
141	32	0.49055427293925474
141	150	0.4860229291293151
20	17	0.6006605948416294
20	119	0.5884161824912608
20	120	0.5117663750501321
20	16	0.5038703449117381
20	118	0.4832608429479264
70	176	0.7379531398391777
70	38	0.6948691194373448
70	30	0.514705357961749
70	32	0.6208702559702949
70	35	0.5583482329299505
70	142	0.5447392242839734
70	199	0.5288159341983677
176	199	0.6260843720976291
176	142	0.5386841738803179
176	38	0.49416036231247756
171	173	0.7371916420682599
171	67	0.6935272711097921
171	165	0.6820942718594813
171	146	0.6784626896540656
171	153	0.5952964382998661
171	154	0.5902762923057953
171	49	0.5777308446988065
171	170	0.5756885858151782
171	179	0.49329069210906595
171	47	0.48480757803612573
173	66	0.7095514865020933
173	170	0.6488442471985932
173	165	0.6237439663834246
173	67	0.5465300437046321
173	179	0.5391241148943073
173	50	0.5343543444628482
173	145	0.49989038374034167
173	153	0.4819107282511427
51	155	0.7371733795904373
51	53	0.5924417688801802
51	40	0.5630446906682154
51	47	0.5656412643104469
51	157	0.5258777871135158
51	49	0.500864892385135
155	154	0.5739275511864732
155	157	0.5405200405332746
155	17	0.5272654132444233
155	47	0.5241755731295793
155	53	0.506224311394391
155	153	0.49681616720635174
36	37	0.5923703728251342
36	32	0.591831357139103
36	142	0.5558033689289479
36	114	0.5448798607955585
36	38	0.48751089137407777
136	137	0.5701128357051788
136	33	0.6078031055515702
136	35	0.5384143873108886
136	123	0.5251611962493099
136	62	0.520576325826425
136	154	0.51719292375787
136	150	0.5059490771845341
136	17	0.5018082058635187
136	46	0.4832225190740533
35	62	0.7306684845857221
35	32	0.629622223532182
35	134	0.5741354024208911
35	33	0.6003664784459648
35	42	0.5544404456311484
35	137	0.5501804081097665
35	38	0.5016361026424659
35	24	0.49982287083872734
35	142	0.4848840704886866
62	42	0.6130354597378967
62	61	0.5309879270675889
62	137	0.5304060549562607
62	134	0.5204378020718684
62	67	0.49296525745352854
123	33	0.6836739302340076
123	117	0.6028994814036366
123	24	0.5775975838885905
123	138	0.5599223037482972
123	120	0.559839919771606
123	118	0.5286646431208889
123	17	0.5107101266765359
123	137	0.50093980206888
123	115	0.4899693476038043
123	119	0.4835060718829579
199	166	0.6108774572225352
199	181	0.6573824531267763
199	61	0.6094022947300035
199	135	0.5551603298972728
199	79	0.5185760168414372
5	106	0.6970399865372258
110	104	0.655658444022483
110	10	0.6553618846970807
110	2	0.5772709647688355
110	107	0.5447462568374393
110	114	0.49499884618992535
110	102	0.4920942310006742
91	180	0.7228031313795525
91	92	0.6839561006412074
91	80	0.5517473941009438
91	76	0.50813322765097
91	94	0.5047502366658563
91	65	0.5015013854600058
91	63	0.49772695941350253
91	60	0.4921018093960592
180	167	0.5561280929072683
180	195	0.5248352266642737
180	172	0.5005576842283129
180	92	0.4968462935554855
180	169	0.4844020442184795
32	114	0.7213721516938187
32	37	0.5813635903877147
32	38	0.547420082693534
32	2	0.5423084214355893
32	142	0.5310525486431373
32	134	0.5218945728007446
114	2	0.6437433347115306
114	37	0.5870088064438913
114	142	0.5791348702111093
114	134	0.5521020374313764
114	104	0.5000853868881994
114	10	0.4996503102718442
114	107	0.48571735705465413
187	75	0.6020139879242767
187	76	0.6394542986769911
187	193	0.594275395791354
187	77	0.48140384415164017
167	63	0.6212940932173768
167	185	0.5925715560502788
167	169	0.48321485407704395
4	107	0.7144621253973623
4	10	0.5172734954364815
107	104	0.6127420070711673
107	10	0.5995728335067085
181	79	0.6646066203718608
181	81	0.6244887502840343
181	135	0.6241348141223687
181	166	0.5885077022468896
181	196	0.572167918495449
181	61	0.5003103275163411
33	17	0.6557154514850286
33	24	0.6212204084861758
33	120	0.5788689675070374
33	118	0.5567011271526654
33	117	0.5279798113725357
33	138	0.5131452917968687
33	46	0.5031537284048507
33	42	0.48940679550943716
87	191	0.7120697415235178
87	89	0.6208579654151747
87	192	0.5734646490015042
87	193	0.583504483329256
87	83	0.5543019111127176
87	190	0.488935154245842
191	190	0.6579669409207324
191	83	0.6014015581767816
191	193	0.5942818641204537
191	185	0.5236096546892051
193	185	0.6147055344824915
193	190	0.6030967633123072
193	74	0.544556351001192
193	55	0.48158052216415775
66	50	0.590211131069825
66	170	0.5578731593753328
66	67	0.5368574131438472
66	89	0.49260939195812553
185	190	0.70940746123054
185	74	0.608464787181771
185	135	0.5169291705285335
190	83	0.7003922195371733
190	55	0.5188610799512516
190	79	0.4906985372273281
119	120	0.7087561255206906
119	17	0.6768782575526663
119	118	0.6397497532874614
119	16	0.6216623520847901
119	14	0.5656480647715817
119	117	0.55814172416977
119	115	0.5175664060672649
119	152	0.49884700707460483
120	17	0.661361624000372
120	14	0.6308760175173258
120	118	0.6220242055147173
120	152	0.5925780446013389
120	117	0.5823425316103388
120	16	0.5726788903456917
120	115	0.570011581343792
120	46	0.5180494435046253
120	15	0.48678633955223566
37	130	0.6011781004921384
37	142	0.536558396409562
37	150	0.48529700154437716
79	99	0.5823557489999135
79	135	0.5776309019778947
79	78	0.5478331446750427
79	97	0.5307868426663285
79	81	0.5109909587252593
79	83	0.5054206364175855
15	116	0.70517473260612
15	115	0.6952567850121695
15	14	0.6818589123803444
15	16	0.5634884656329793
15	152	0.5517473941009438
15	118	0.5224473492428473
15	17	0.48609930358832276
116	188	0.5809331171341285
116	115	0.6625807162418456
116	14	0.49036441053243124
116	186	0.48390440707315874
83	97	0.48591599241396594
81	63	0.6710385423867006
81	74	0.6183566604906836
81	80	0.6314054794352659
81	78	0.6184616474102534
81	93	0.609301704307948
81	92	0.5999314000303477
81	97	0.590419619948566
106	99	0.5127031465733783
106	101	0.5112790677080683
115	14	0.6411829726105053
115	152	0.6337748000310404
115	118	0.6228266936597882
115	16	0.535168338849579
115	17	0.495911820052091
115	117	0.48928510902364325
115	46	0.48890471595396645
38	142	0.6891368094058115
14	152	0.6942272921792381
14	17	0.6624909488389932
14	46	0.6040185542954252
14	118	0.5551119022248258
14	16	0.5319350910505186
14	43	0.5062614973004671
152	46	0.6916854263835803
152	151	0.5602723121464425
152	118	0.6196889706054775
152	17	0.5608963402068339
152	43	0.5200585443314477
152	154	0.5149184988757911
67	49	0.6714615983116967
67	47	0.59472799316796
67	42	0.5223528264838233
67	146	0.5157851054687147
67	41	0.5099705740595327
67	153	0.4955271463476477
169	170	0.667078154294973
169	158	0.4885241368628662
169	165	0.5981168912385757
169	65	0.5839330103747187
169	166	0.4988319838914509
46	48	0.5397693023071225
46	154	0.6008778807870544
46	17	0.5970239454720899
46	118	0.5140434809809533
46	151	0.5064697035840933
46	43	0.48647343110430386
78	80	0.641336057029589
78	7	0.5612526418073042
78	135	0.596212446816781
78	74	0.49978536104645677
16	118	0.6844401049509788
16	117	0.6775441608762857
16	17	0.6042662089621099
16	122	0.4941301294934466
118	17	0.6331221702852892
118	117	0.5949283088006001
118	122	0.5618277667246504
118	43	0.5239289475962536
118	138	0.5126736605493513
118	24	0.5108801169942071
92	80	0.6433215112175661
92	65	0.6420007925163782
92	94	0.6174726613091385
92	63	0.6092891291260456
92	60	0.5561211856534124
92	76	0.5317988387202603
92	93	0.5308443014525487
47	153	0.6832209656514808
47	154	0.6208886912306698
47	49	0.61778192955729
153	154	0.6600826021922576
153	146	0.5920327382355804
153	49	0.529953141940038
165	170	0.6778199418510749
165	145	0.5916104025673499
165	166	0.5796729459522137
165	146	0.5463897673911928
165	60	0.5423225393139833
165	182	0.5117516129954924
146	172	0.6298877233391129
146	49	0.6067932036831549
146	154	0.5645998874441032
146	42	0.4964620929176817
146	145	0.48828046864542096
170	166	0.5939842414100778
170	145	0.5939259918514103
170	179	0.49530832358262483
117	17	0.5008124511414319
17	154	0.5511071404559081
17	122	0.5436482522748626
17	48	0.5066704180107812
17	138	0.4898857507943303
17	53	0.484998795259322
53	157	0.6730674126788293
53	27	0.5575631316738777
53	144	0.5037136442512514
53	40	0.4934495751494165
157	144	0.611647877297014
157	40	0.48248634163501375
49	154	0.6549909011957812
49	18	0.6025174359192733
49	42	0.589180562590872
63	65	0.5793607906700584
63	74	0.5664431876420825
63	76	0.5528454441548379
63	80	0.49737331080921376
154	18	0.4840116169228276
135	147	0.5380734464498722
135	7	0.5419906882085862
10	2	0.5989768247943411
10	104	0.5750530849287278
97	177	0.5556029226676665
97	93	0.5163940361963729
97	71	0.48687789889057104
89	179	0.6587884218911458
89	192	0.5454140000133725
71	177	0.658341050879174
177	178	0.3712998798971669
104	2	0.5921171663779472
93	196	0.6489079327786303
93	94	0.6362037223796306
93	41	0.5964315428391035
93	195	0.5748723421038369
196	195	0.6048372743537908
196	145	0.5407818882455087
76	80	0.5646816291416002
76	75	0.5576664915317853
76	77	0.5328594443759709
76	74	0.5175883694766918
2	1	0.5663209295972691
2	134	0.5338039797378805
80	60	0.6346654692504329
80	182	0.5737867067084352
80	74	0.5416092037039965
65	60	0.5993870526080314
195	182	0.4997928631548909
195	50	0.4889808094513376
94	50	0.6194856537938023
94	41	0.49468169029226305
1	102	0.6346654692504329
102	0	0.5989383498058483
60	182	0.6062369210170256
145	166	0.6343249422454745
166	61	0.6145375295841313
162	57	0.6033130522132947
130	27	0.6184554723201561
130	150	0.5510235812199296
130	144	0.48286218414465026
61	41	0.5212903815949235
144	150	0.5123934830070155
75	186	0.5467964842233678
137	138	0.6017780310882104
137	134	0.4943568465028716
77	188	0.5959158813719345
85	160	0.5944306144710894
99	101	0.5940618978010191
82	168	0.5233628275607176
72	178	0.5714545047732278
151	59	0.3785362739035746
54	159	0.5561142783227307
54	64	0.48959689249391497
147	148	0.5030342249732002
43	148	0.5118106594009266
30	100	0.46225870607623026
