9	108	0.9297306501730033
9	109	0.8882772680840056
9	11	0.7666292003738561
9	5	0.7260298483524135
9	106	0.7161127912334623
9	103	0.6874791815990932
9	113	0.6540992512496416
9	112	0.623181575830148
9	3	0.6069511302246677
9	12	0.5998929937090088
9	0	0.4285017395427498
9	156	0.41989125939379435
9	6	0.4049618887751882
9	52	0.37987195213129304
9	192	0.3022191311023371
9	154	0.2973134907244733
9	13	0.2858857059515189
9	153	0.2751341201944773
9	176	0.2734417987823956
108	103	0.7846282875818538
108	109	0.8265349748977496
108	113	0.7210074389266187
108	11	0.7107510431691031
108	5	0.7052149486250082
108	106	0.6810983793517635
108	3	0.6606577915043238
108	12	0.6454267213056364
108	112	0.5955352658805831
108	6	0.47161090544941175
108	0	0.4604088552855153
108	13	0.38503698736391506
108	156	0.37316920679379945
108	176	0.32829848507104653
108	52	0.32417019602223357
108	105	0.3190148897741538
108	192	0.3061394151826767
108	111	0.3039355228636274
108	164	0.2821164045668157
108	153	0.27853209290462505
109	106	0.7712477539419846
109	11	0.7584475518825365
109	5	0.6830342978324917
109	112	0.6819819588185329
109	103	0.6393419763736148
109	113	0.6375945222214733
109	12	0.5057035110676169
109	156	0.4963490556921806
109	3	0.47589971133047315
109	52	0.47569083424083725
109	0	0.42804445355460324
109	154	0.37984628091974804
109	164	0.34471186383258895
109	153	0.33954664042311883
109	192	0.3271291745161964
109	48	0.3267808653602015
109	46	0.3261107905605975
109	176	0.30580405410746575
109	17	0.30127382418505555
109	18	0.2948136636780948
109	157	0.2888123063052586
109	119	0.2866568668455169
109	122	0.27877190469948604
104	110	0.8870473570928903
104	135	0.6680759672276705
104	107	0.5818731148077712
104	114	0.782543940847896
104	2	0.740944333902679
104	134	0.7401947501473327
104	102	0.713697585451874
104	7	0.6521266100448696
104	1	0.6517873883452493
104	10	0.6510390295042013
104	8	0.5643068887326826
104	111	0.5251177425370726
104	13	0.521981882458939
104	30	0.5021597715274484
104	100	0.41687192248385335
104	150	0.3934961466916003
104	32	0.3409967528680412
104	105	0.3371202889837687
104	39	0.32574434436685223
104	144	0.3248591074628614
104	138	0.3180444679460097
104	73	0.31393979787714155
104	123	0.30765212575850553
104	88	0.3069186094906677
104	90	0.30099193530141855
104	143	0.2965293103791588
104	6	0.29497801023769743
104	80	0.2920811392582643
104	101	0.2870147796719539
110	114	0.8421727622258693
110	102	0.7770574415910063
110	10	0.7459448987960704
110	8	0.6971736374794646
110	2	0.7045810191051435
110	111	0.6675607299669443
110	134	0.6654599480028458
110	1	0.6534808881584836
110	13	0.6430283482263647
110	7	0.6219383660157981
110	135	0.6014717683100459
110	107	0.5430139401677065
110	105	0.4793730870733085
110	30	0.46400253715984074
110	6	0.43714025191071076
110	100	0.3999084946506582
110	32	0.36243821989183206
110	101	0.3588889458744027
110	73	0.34404199643350947
110	3	0.3319961394504846
110	88	0.3267808653602015
110	39	0.3267808653602015
110	150	0.32231648344296165
110	90	0.3003279247061651
110	144	0.2900125810635247
110	143	0.2860142585163299
110	138	0.27346030327284865
110	123	0.2709140413402883
110	0	0.26891140450555945
123	138	0.8760214503916652
123	136	0.7324765570509665
123	33	0.5305713287569139
123	130	0.5133073435200085
123	134	0.5081925692884034
123	24	0.49540642432175414
123	150	0.49131325686875155
123	40	0.45591327183010005
123	135	0.4549463199094017
123	34	0.4482195688874528
123	31	0.43612856412561557
123	121	0.4214467996876601
123	39	0.41997362506808567
123	19	0.419034246472956
123	22	0.41404223434743176
123	144	0.40908347894961733
123	26	0.40084056177218325
123	2	0.3984373384858946
123	80	0.394518304059493
123	143	0.39061028729960356
123	124	0.3660116544294227
123	30	0.36186478136904787
123	23	0.3549709764696821
123	42	0.35062834800135045
123	88	0.34318652516176157
123	120	0.3265128748161763
123	7	0.31513821438217104
123	27	0.30737144044538245
123	114	0.3058765710436725
123	90	0.3016465640964635
123	140	0.3002824338662124
123	100	0.2910929642282583
123	73	0.2874001346530384
123	25	0.28365276456476346
123	75	0.2796017538732906
123	128	0.27688013947743695
123	146	0.27065457210177096
123	126	0.26982956955955284
123	20	0.26961630216698823
123	145	0.2694308307583169
123	94	0.26863307606324355
138	136	0.7857786516571593
138	130	0.607418311948484
138	33	0.5610265514347699
138	24	0.5401872721195016
138	134	0.5390531765512127
138	150	0.5171123429110944
138	144	0.5136902293826386
138	39	0.5106362053848962
138	143	0.4986516823128228
138	31	0.4870075896398838
138	26	0.46886147111526266
138	40	0.461251625127872
138	135	0.44657991118763535
138	34	0.43858706429847494
138	2	0.4267367143244521
138	146	0.4195617275322362
138	145	0.4046107066005423
138	137	0.3835965998410019
138	7	0.368822915703351
138	30	0.3579215303013146
138	80	0.3534580364847703
138	114	0.34088186401782483
138	140	0.3384402863271026
138	22	0.3179006449938765
138	142	0.2953157789077679
138	127	0.29400994065559344
138	120	0.29052539763847546
138	27	0.2896095368696213
138	42	0.282953762768305
138	19	0.2821992393934609
138	100	0.27271070963500843
88	90	0.864022166044693
88	75	0.816824372492372
88	94	0.7471622056787214
88	85	0.7457230329607353
88	193	0.69029025780809
88	73	0.7740687165531439
88	91	0.6982820961985641
88	81	0.674628766396162
88	194	0.6563818834815397
88	93	0.6520288949626077
88	97	0.6482938570168075
88	96	0.6389279218494647
88	76	0.6266859372123107
88	92	0.6143943703183167
88	74	0.5848483077814008
88	87	0.5812046842888478
88	184	0.5650357151598423
88	84	0.5627167713448186
88	61	0.5587610429358412
88	64	0.5231812809731341
88	80	0.5159538975585805
88	198	0.5117811368025861
88	196	0.49737331080921376
88	83	0.4783634897543348
88	186	0.45224587213888007
88	190	0.4514818859600766
88	185	0.447995793028041
88	58	0.4298804326029381
88	160	0.4231312263606046
88	98	0.4219894211887705
88	95	0.39918578332452864
88	60	0.3908051772159804
88	20	0.390534016494204
88	4	0.3899321366474143
88	56	0.3787846926102264
88	50	0.3756454834853227
88	121	0.36194299367083216
88	8	0.34925060687977444
88	135	0.343654018280941
88	23	0.3418801725448603
88	107	0.3267630009581282
88	89	0.3097058328676906
88	86	0.30359058622638363
88	25	0.29065357572324535
88	55	0.2833308932348099
88	66	0.28033904708460616
88	99	0.27573480847482146
88	102	0.27337703147200754
88	79	0.2731271914873009
88	183	0.2727199658984538
90	75	0.7584305610746384
90	92	0.7283809854193598
90	93	0.7248549913324237
90	85	0.7229511404568829
90	94	0.7101517802150648
90	73	0.693511700188104
90	61	0.6856130361023762
90	81	0.6772736022861047
90	194	0.6629283851874472
90	97	0.6582277185462744
90	91	0.6258715190382743
90	64	0.6256524871538455
90	96	0.619904518799081
90	74	0.6108398461200983
90	76	0.5635157642476305
90	196	0.5332674750638154
90	84	0.5294999263942777
90	83	0.5196425837789409
90	193	0.4977645718711282
90	198	0.4963415192786247
90	190	0.4642928269182141
90	87	0.44757206358054347
90	184	0.4349536237131411
90	160	0.43220091138318845
90	185	0.42828945546947433
90	80	0.4234923814829763
90	58	0.4129976929945636
90	20	0.4113623817879426
90	98	0.3934623397282003
90	4	0.3775163296985127
90	56	0.37687303661328847
90	121	0.37669284934531794
90	68	0.3743220275952727
90	186	0.3610041099768261
90	32	0.35773841918331906
90	55	0.357459339813372
90	135	0.35141745255952744
90	63	0.34903986345601373
90	95	0.34891691348447446
90	86	0.3355682625900305
90	23	0.3287266832115526
90	37	0.3097691172564153
90	8	0.3019192422176683
90	183	0.3002460402107004
90	107	0.2989443934225728
90	89	0.2833952726102039
90	116	0.27432978580871853
90	60	0.2736730903620503
90	25	0.26961630216698823
90	134	0.26873513503677515
96	198	0.8561648663779732
96	97	0.76518234523498
96	61	0.7407954670153585
96	98	0.7994549170367877
96	81	0.7228174577378922
96	85	0.6715549413405723
96	93	0.6398796934526406
96	75	0.6018800793738808
96	92	0.5919158162743157
96	196	0.5515456451296036
96	74	0.5391737671836256
96	95	0.510251692973465
96	193	0.4897337335119033
96	166	0.48783862589723453
96	199	0.46704169281092384
96	73	0.4614484141660354
96	185	0.4595573666401759
96	183	0.44306658075281075
96	160	0.4325749100924327
96	37	0.4221455744032374
96	64	0.4171197568219386
96	194	0.4041004437171346
96	76	0.39762943193014283
96	83	0.3961045136865035
96	190	0.39263373685044595
96	94	0.3809752603768118
96	91	0.3776106487376539
96	184	0.3749581647048045
96	177	0.37174810424300914
96	186	0.3613084581209756
96	63	0.3589586397712268
96	32	0.3584706984686523
96	197	0.34812623411595767
96	71	0.3153453575827509
96	55	0.3134619542586416
96	58	0.30965158692191336
96	70	0.3066921418768174
96	79	0.30432574981504334
96	87	0.2971220417894848
96	56	0.2902873249623737
96	84	0.27274773438586086
96	80	0.2712383225325036
198	98	0.8062430910264214
198	166	0.6941184861402252
198	97	0.7138300315807659
198	81	0.6720048849148479
198	199	0.6677491704976278
198	196	0.6481894961262684
198	61	0.6404757675377817
198	183	0.5760762342743838
198	193	0.5650289077749725
198	93	0.549831661442771
198	185	0.5491685143671009
198	85	0.5451329292809621
198	75	0.5185467730782578
198	92	0.4919653868677993
198	95	0.4841188122440538
198	74	0.477429836063004
198	177	0.4717897301744377
198	194	0.46156646579809896
198	160	0.44859506638879065
198	197	0.43778715226388626
198	190	0.4198006491627197
198	70	0.4007902009504018
198	184	0.3977051993936124
198	73	0.39193146198875495
198	186	0.3838524264876347
198	37	0.3812060482513614
198	79	0.36214284640213656
198	71	0.3567788164091171
198	63	0.34668416676840247
198	64	0.34512594836790655
198	76	0.34180068948415754
198	195	0.3352398860754802
198	83	0.32976984988125535
198	112	0.30856624507582725
198	91	0.3015374790263265
198	58	0.2975687187833399
198	182	0.29377239738227745
198	56	0.29165117661965245
198	55	0.28815222619381053
198	32	0.287473525058497
198	94	0.2850131133303782
23	25	0.8515595918822132
23	22	0.639016679008987
23	20	0.563092497431265
23	124	0.4569107985638531
23	21	0.45535066821785
23	121	0.4258038597282183
23	16	0.41999833342139986
23	27	0.41948756761600564
23	19	0.40576414227582075
23	28	0.3742532348937971
23	117	0.37415863820305684
23	115	0.36777704618279744
23	40	0.3537817690765037
23	42	0.33954664042311883
23	53	0.3308567393177597
23	188	0.3295113621331047
23	75	0.32029877138855095
23	94	0.32003849869784695
23	34	0.3144355052267318
23	116	0.30662872472034514
23	51	0.3031547630273227
23	120	0.3019010652124874
23	132	0.29842524463442793
23	186	0.29562609585855065
23	73	0.2904063657943829
23	91	0.286418213825318
23	17	0.28592243630599723
23	14	0.2758549203096745
23	77	0.269959371535762
23	184	0.2682154992910101
25	20	0.5824680843804483
25	21	0.540590820515817
25	22	0.6004176407958876
25	27	0.575541479002779
25	53	0.5029445847743591
25	124	0.4953460561313607
25	188	0.4206158398418094
25	28	0.4048532022910723
25	16	0.4009580609358006
25	51	0.4001016937120624
25	117	0.37714755284600077
25	128	0.37644397244054806
25	29	0.3649112784825833
25	121	0.3599948635948875
25	125	0.359751125997366
25	40	0.3557311177045739
25	132	0.34043104790970297
25	19	0.33751022507897493
25	94	0.33141765863104133
25	186	0.33074987101713527
25	77	0.32762915531306164
25	116	0.32673620391721175
25	115	0.3178467076143428
25	17	0.2957447299760962
25	75	0.2941195637660086
25	42	0.28777622479240517
25	133	0.283119343023501
25	157	0.27424655686887167
25	126	0.2731919683563413
6	105	0.8455411354787917
6	12	0.7185835228181771
6	111	0.6887112486796205
6	8	0.6199414605282703
6	113	0.595961021387248
6	3	0.589435121928434
6	13	0.5848285688613721
6	103	0.5514412668847805
6	1	0.5090376632822252
6	10	0.47333533178474785
6	102	0.44226253276901584
6	114	0.4125911886395359
6	11	0.3861096670025049
6	107	0.336047368454408
6	5	0.3329567554909761
6	0	0.29730437465048787
6	106	0.29179756012212416
6	4	0.2714606512006352
105	111	0.6957266100145072
105	8	0.5952964382998661
105	12	0.5938288954144934
105	13	0.5333247226854329
105	113	0.5057332810237658
105	102	0.49548187783096154
105	3	0.4939940670183308
105	1	0.4446244022640293
105	114	0.4371159843404633
105	10	0.43175354377961095
105	103	0.4265158570231859
105	107	0.34700085886141746
105	11	0.2773325133873877
114	134	0.7690098104979513
114	10	0.7409082516444357
114	2	0.7239615546202416
114	102	0.7054109367434407
114	13	0.6602405744595199
114	7	0.6236095403769949
114	111	0.6087292232413684
114	1	0.6036945220966801
114	135	0.5782768920906024
114	30	0.5639591942525508
114	8	0.5620330369886933
114	32	0.5072202427260398
114	39	0.48943721415347774
114	150	0.4543275418565868
114	100	0.44881869178471195
114	101	0.4289588061219864
114	139	0.4233200287750042
114	141	0.3843468575973295
114	144	0.3817529112047355
114	40	0.3449233280293405
114	140	0.31884421582615735
114	143	0.3147959120028565
114	107	0.314552647378394
114	3	0.29667523471347257
73	75	0.824560474237046
73	76	0.7621395822810539
73	184	0.6889424763940968
73	94	0.6953032777231108
73	84	0.6463999900110915
73	91	0.6425295383480658
73	194	0.6413301701112146
73	193	0.6010823041205314
73	80	0.5807210723742494
73	81	0.5647224958364135
73	74	0.560155664898187
73	185	0.5150140241429856
73	186	0.5098225729635467
73	92	0.5054429725783126
73	60	0.4888210045126841
73	85	0.4757527293436882
73	64	0.45664965246526545
73	97	0.4564992599104689
73	87	0.44072482434612276
73	61	0.43423983318371767
73	86	0.43191624750334645
73	58	0.43034498432644974
73	65	0.3779535610036199
73	93	0.3729367823007209
73	107	0.36289850985507954
73	196	0.35891508155473645
73	160	0.3515927413920865
73	20	0.3491979243350574
73	56	0.33377451337954206
73	50	0.3282003373155319
73	183	0.3274684671939109
73	8	0.3261733447551831
73	135	0.3179995248455315
73	98	0.31422823026822516
73	4	0.2957538552996551
73	190	0.2835883954091335
73	121	0.2781446312540426
73	95	0.270598966432686
75	80	0.5821772882627545
75	58	0.4507491108207733
75	76	0.6907454287823511
75	94	0.6787540146175887
75	81	0.666661690960819
75	184	0.6498794558151181
75	186	0.6325646267871312
75	193	0.6253907363959358
75	194	0.6140580982238447
75	91	0.6026448151158202
75	97	0.5976221262103214
75	85	0.5731961321033073
75	74	0.5680031793688194
75	84	0.5453086128569299
75	92	0.5401093657423578
75	61	0.5289743935764278
75	185	0.5276984709010596
75	93	0.5209407310901758
75	87	0.4854728138860678
75	64	0.4534779916499221
75	196	0.4402009292801068
75	190	0.43974933304374497
75	95	0.41800319407677894
75	83	0.4126741620669546
75	98	0.3966355348670904
75	20	0.38244465157257074
75	60	0.38185541827413316
75	160	0.357703537755263
75	86	0.35705805135992075
75	56	0.34739661271936334
75	183	0.33733299574840225
75	107	0.3313375416313614
75	135	0.31969737859251746
75	121	0.31495806544904326
75	14	0.31371441974221814
75	116	0.30947075254625084
75	197	0.30365413316873885
75	132	0.29880779246073735
75	124	0.2867945351010553
75	55	0.2864090341529582
75	99	0.2785689892884612
75	8	0.271877439360471
75	128	0.2708213782720041
19	121	0.8190419493537466
19	20	0.5834781018128034
19	42	0.43850629661767515
19	120	0.42996194937978627
19	117	0.4194793272796326
19	136	0.40749187443490864
19	124	0.38528396626947237
19	16	0.3535455401332362
19	33	0.34418305028450435
19	40	0.34414778827794396
19	115	0.3377583059455703
19	14	0.3372886846785609
19	135	0.3173881568522517
19	150	0.31604761940368004
19	132	0.30751631696681714
19	28	0.29603671355079786
19	17	0.28908725870963664
19	186	0.2795740989555511
19	69	0.27828302081377343
19	78	0.27299763031879465
121	20	0.636459607636105
121	124	0.4689472852703713
121	117	0.4462596274386324
121	120	0.4458030255065643
121	42	0.4344670075711313
121	135	0.36804508502859884
121	16	0.3627074675780511
121	115	0.35859270217115735
121	150	0.3517855306363745
121	14	0.3496807649978465
121	136	0.33969703211404734
121	28	0.33477824624807834
121	132	0.3314265602248951
121	186	0.3248501627682011
121	56	0.3220386609461672
121	40	0.31921248639301053
121	77	0.3182332133574999
121	116	0.31290276586002946
121	94	0.3064203348976189
121	93	0.30319108647442444
121	85	0.2997728431700959
121	69	0.2958724795935397
121	30	0.2792237631905743
121	163	0.27152549160645545
12	113	0.816791089979436
12	103	0.705069143966136
12	111	0.6548881114326635
12	11	0.6539733592182849
12	3	0.6126295761700784
12	13	0.5976542676395863
12	5	0.5166579885075234
12	106	0.4743357006282012
12	112	0.45149780909842735
12	176	0.4417073247712624
12	0	0.3573808372342166
12	8	0.3474229919122383
12	10	0.30627535073814316
12	70	0.288986448363061
113	103	0.7968051355252382
113	13	0.6754996272846178
113	3	0.6674054794039257
113	11	0.6659944828908401
113	111	0.6425823793135653
113	5	0.6306833400819524
113	106	0.6198367851579983
113	0	0.4983510837713767
113	112	0.47527291908599956
113	176	0.43185930439695375
113	10	0.41872092068212
113	1	0.36127367937043636
113	156	0.3211062062395342
113	102	0.3082314357232978
113	52	0.28044039906083135
61	92	0.811395398920499
61	81	0.7574689046117763
61	63	0.6740235010084827
61	37	0.6201999756879957
61	55	0.43842552185313743
61	93	0.7284232341522672
61	97	0.6870887274754417
61	98	0.6750317733917044
61	85	0.6492609332871141
61	74	0.64250017961528
61	64	0.6405996069457232
61	183	0.5355963582702072
61	196	0.5244148609190007
61	166	0.5114415400476149
61	68	0.5104365801873141
61	76	0.49775704952937494
61	185	0.4969667869774765
61	160	0.469204674615757
61	91	0.4657506101556827
61	194	0.4411437243533438
61	83	0.4241896863796294
61	32	0.4206240706303418
61	35	0.40060552388243337
61	94	0.39628997978857233
61	190	0.3856415620140057
61	84	0.35817435278361287
61	199	0.3534055313263444
61	95	0.34489689691891384
61	65	0.34080231961773716
61	56	0.3403337925309546
61	60	0.34000660736900856
61	36	0.3356215051544442
61	69	0.3178017582265066
61	58	0.305949084430969
61	193	0.2873634381846912
61	132	0.28044039906083135
61	116	0.27361758326829233
92	93	0.7708422644422424
92	64	0.750391267173476
92	68	0.5858803446622683
92	81	0.7027483969040074
92	74	0.6577627439401272
92	97	0.6099175128063679
92	85	0.6062369210170256
92	91	0.5983352139348169
92	63	0.5961544359394816
92	76	0.5871857419751713
92	94	0.5598879784366623
92	98	0.551413429769607
92	196	0.5503198530676369
92	65	0.5436130289885481
92	194	0.5430209914880246
92	84	0.5094302240849056
92	183	0.48888188645376834
92	185	0.48636655572200127
92	37	0.4409181866807199
92	69	0.4306952848559468
92	55	0.42088741929988627
92	86	0.4207063747072805
92	160	0.40548008224121196
92	60	0.39633212666601386
92	166	0.3828970399599432
92	66	0.3814026078622801
92	56	0.37322945735186247
92	83	0.3685550544923679
92	32	0.36471188860685544
92	175	0.3579999980694586
92	87	0.3529941638989572
92	190	0.3506897406777398
92	107	0.327986172161005
92	193	0.3258337305170622
92	35	0.3176579105865339
92	80	0.2954983258416816
92	4	0.2930686910501683
92	58	0.29055286524886587
92	195	0.28342286298920993
92	169	0.28259494769497484
92	184	0.2749492497809296
92	95	0.27054335895795123
92	36	0.2691896880440839
98	199	0.7460069915802878
98	81	0.6362453876616841
98	97	0.6192390977018698
98	166	0.6113849372780956
98	70	0.5569150162284623
98	93	0.5555407020712304
98	196	0.5272293127335261
98	85	0.5230941217398742
98	183	0.5193943495919259
98	177	0.45360507966155317
98	71	0.44389400562293907
98	37	0.4285425579811376
98	185	0.42639313653921534
98	74	0.4221373564374058
98	63	0.4068662205613644
98	193	0.3979240527078522
98	160	0.3882264166763835
98	95	0.3776963865196141
98	64	0.3708601070950389
98	36	0.3692980025941023
98	76	0.3530379328824237
98	68	0.32711131466928556
98	35	0.323507801117747
98	195	0.3233824474627958
98	32	0.317621946391507
98	91	0.31118777380247287
98	194	0.3111426149913952
98	60	0.30883765600492946
98	184	0.3001914480883815
98	197	0.2988168995725559
98	79	0.2878404264381119
98	186	0.281066799674167
95	197	0.8001035522421004
95	97	0.49298796667532435
95	93	0.4852434856490669
95	99	0.4809120124693525
95	79	0.47248910602854705
95	81	0.4714087090408759
95	83	0.46737001465283734
95	190	0.4551921226274051
95	166	0.4454904799138846
95	196	0.43252613608975715
95	112	0.4237467508834181
95	85	0.41664881857165437
95	193	0.3967956320480913
95	11	0.38523287171245857
95	101	0.36719752764030716
95	186	0.3528891120351077
95	106	0.34998793056874844
95	184	0.34244524431461243
95	185	0.3282449508103158
95	87	0.32308692608502043
95	183	0.3174870725218078
95	191	0.2845536641315275
95	58	0.28323891826868774
95	163	0.2717755672218645
95	89	0.2696441211534545
197	112	0.5855847318452573
197	166	0.5011944388564482
197	99	0.4813423817576058
197	79	0.4500237025042244
197	101	0.4269329892052315
197	106	0.41846523893684784
197	11	0.4009160984629074
197	196	0.3795381807529713
197	193	0.37897311178018295
197	81	0.376383890561931
197	190	0.3478449841941667
197	185	0.32870884431891767
197	97	0.3279504746898581
197	181	0.3240986010709495
197	186	0.32102548373451906
197	183	0.30538701288672276
197	182	0.29693056896185255
197	184	0.2965019480247122
197	52	0.2850682384391431
197	83	0.28500392562894006
197	93	0.27213672275979983
126	128	0.7969146398186783
126	124	0.5368075863831813
126	125	0.4712220222040985
126	133	0.3573459455779637
126	127	0.33516887503367027
126	132	0.282944563370594
126	76	0.27477360405433915
126	129	0.27405234003296436
126	130	0.27009843419418683
128	125	0.5840186767623112
128	127	0.5007225433119745
128	129	0.4328024886271556
128	124	0.4326643225217264
128	130	0.39144044438269043
128	133	0.3775249044803492
128	132	0.33575460218370384
128	118	0.2980608242036153
128	76	0.2823925042911365
128	117	0.27841217397961676
103	3	0.7951562773791394
103	11	0.6480213079064481
103	106	0.6300686615792479
103	13	0.6195349503525956
103	5	0.6156999749424179
103	111	0.5729677959064132
103	0	0.5694104492925759
103	112	0.4833068291519317
103	102	0.390449264866451
103	176	0.38363071346349265
103	1	0.3794611425524333
103	10	0.3683735653423201
103	101	0.3358610701551929
103	156	0.3274684671939109
103	52	0.2737748486326621
3	0	0.584400722176322
3	13	0.6382765160689734
3	111	0.589004260657805
3	11	0.5464599093806816
3	5	0.5243713602070889
3	106	0.47774631900309833
3	1	0.4464678248869898
3	102	0.42941565316372043
3	10	0.4253125196146447
3	8	0.38547129276656694
3	112	0.3628811436356074
3	176	0.35827023723008855
3	101	0.2909373614989811
50	66	0.7859316243321757
50	94	0.6033766497122655
50	89	0.472403658642951
50	87	0.46323317994951496
50	173	0.4210108395740957
50	91	0.3842104848132923
50	195	0.35579225805804
50	86	0.3466665704446273
50	193	0.34423594147385966
50	179	0.33319680165111815
50	84	0.3321295995877547
50	76	0.32945787573997304
50	65	0.317244267185197
50	184	0.3148769910235774
50	194	0.3130921927005012
50	180	0.30835812932882134
50	85	0.3049245041183913
50	45	0.2909373614989811
50	174	0.2858765232316358
50	4	0.28582142580983044
50	60	0.2817021673559526
50	93	0.2802561180908077
50	51	0.2688186333454937
66	94	0.47276868991643267
66	67	0.46953214579187275
66	85	0.4223920811115309
66	89	0.40923334503991043
66	93	0.40085734817448826
66	170	0.38538614829653056
66	65	0.37359089457733086
66	87	0.3610910744403413
66	68	0.34233931221145
66	4	0.3353996469926542
66	86	0.3220476238283115
66	195	0.3174421117101824
66	173	0.30206465035557367
66	41	0.29455797880550794
66	174	0.2942383134035701
66	8	0.26974612025293476
66	179	0.2692824392381933
66	64	0.2682154992910101
136	33	0.7082979753363664
136	31	0.5820450589473305
136	146	0.510784040418091
136	150	0.492086652530703
136	130	0.48829570014035273
136	24	0.48709912312306025
136	134	0.46904089061564175
136	40	0.4654686553995569
136	34	0.44770000309717145
136	26	0.4466359490825705
136	144	0.44074093943665826
136	145	0.4227863619078397
136	44	0.42237564927412335
136	42	0.419899496272511
136	39	0.41844049202086947
136	135	0.4011594573835757
136	137	0.3967113733823864
136	149	0.3864244621665885
136	120	0.3825983134887462
136	2	0.37279902717703883
136	7	0.3499791554535524
136	78	0.33858195196225105
136	30	0.31166637077269266
136	27	0.31011261318191624
136	147	0.30896429723079366
136	181	0.30438019197116895
136	69	0.30267339421937745
136	22	0.300455291789338
136	80	0.2867853575857886
136	143	0.2799704417630074
136	140	0.2720996846924779
136	142	0.2682433408803535
17	119	0.7816118921982312
17	18	0.7423616758808548
17	120	0.7091639734949033
17	152	0.6429931559960282
17	149	0.6840891289051618
17	15	0.6403813913406887
17	16	0.6196458497444617
17	48	0.6063064888250574
17	44	0.5911031708424079
17	49	0.562477551797752
17	46	0.5451540138388217
17	154	0.5426048325666711
17	147	0.5380521317968263
17	77	0.5085707587965197
17	117	0.4816496463860325
17	115	0.45769376433693093
17	118	0.4462756443425747
17	148	0.4415946325537278
17	14	0.4404427642786125
17	53	0.434077531936893
17	43	0.41403394862284393
17	164	0.40042081425922865
17	78	0.39968165039970127
17	188	0.3931326660753757
17	21	0.381658938140294
17	116	0.3804878856182317
17	151	0.3498211928778741
17	33	0.3449057073498316
17	27	0.34205678405603474
17	52	0.32273759229841653
17	156	0.3123523848426306
17	122	0.3082404856292232
17	22	0.3027278965585135
17	155	0.2987804707987328
17	45	0.29800615364126715
17	157	0.291934782242519
17	20	0.2786796735061319
17	153	0.2706916415445347
17	125	0.268336142941698
119	149	0.6991163613453034
119	120	0.6736030998176825
119	18	0.6238172741117703
119	152	0.6070206027218894
119	154	0.5953674520859721
119	48	0.5558724733493792
119	147	0.5257547891847677
119	15	0.5107101266765359
119	44	0.48270113055267716
119	118	0.4786487715455289
119	46	0.46914228451612655
119	16	0.46471631407341596
119	117	0.45274687774145
119	49	0.4397009345353652
119	77	0.4280117818773923
119	115	0.3833918961235945
119	78	0.378433463999274
119	164	0.37775639911363107
119	125	0.3716188265331184
119	53	0.3609867163305932
119	148	0.3581569184360643
119	14	0.3497685342646905
119	43	0.32892289554724014
119	155	0.3280575642932718
119	21	0.32263904635120405
119	122	0.31229823766865467
119	157	0.30629347453531386
119	156	0.29432965309719444
119	151	0.2823833017204142
119	129	0.2792145428239284
119	116	0.27508790449794485
102	1	0.7480443835194127
102	2	0.6972558601340808
102	13	0.6601954454852308
102	10	0.6575584502311417
102	111	0.5924871978886571
102	135	0.5777841404011337
102	7	0.5745307858812798
102	8	0.5697077143621283
102	134	0.5696806964216417
102	30	0.5331672799721549
102	101	0.5197301749068058
102	100	0.47775403655077453
102	0	0.4745991600475156
102	144	0.3952020132232713
102	40	0.35731977618117033
102	150	0.3426835597128827
102	32	0.3338367135463777
102	39	0.32836986080466674
102	107	0.3177837780713771
102	99	0.2805970216333997
18	149	0.775706860676419
18	118	0.5087486624667101
18	44	0.6883325736632019
18	120	0.6322766056004742
18	147	0.6278625987735134
18	48	0.5563559891845654
18	15	0.5562385985205657
18	152	0.5432677394526665
18	46	0.5304132416123108
18	154	0.5146024395710227
18	16	0.4841570927661873
18	78	0.4723725846644571
18	77	0.4548273582152161
18	49	0.4449452688372376
18	27	0.4170619343561177
18	148	0.4125496993581122
18	33	0.41227582717667666
18	151	0.4078837560273944
18	53	0.4032968975210125
18	164	0.38503698736391506
18	52	0.3844661700255478
18	156	0.3770789299978015
18	43	0.3745627696022752
18	122	0.35253011771170734
18	115	0.33351679601459194
18	153	0.30895525179221645
18	14	0.3067646152929095
18	117	0.3020555627586535
18	26	0.299153824436405
18	155	0.28972862880632955
18	146	0.28636313500244204
18	130	0.28516929624075255
18	21	0.2838366623515193
18	22	0.274339033215036
18	192	0.26985738509448265
18	125	0.26945865274424874
149	44	0.7396381462436437
149	147	0.7066546989497753
149	120	0.6400214046418703
149	152	0.6168473567645557
149	78	0.5534561853542465
149	46	0.5470347845372282
149	15	0.5439018034085695
149	154	0.5314401483770292
149	48	0.5226872339693823
149	118	0.49635659203092286
149	77	0.4681668310950182
149	148	0.4603852142484069
149	33	0.43330621623720184
149	49	0.42553365371585167
149	43	0.4198665483426146
149	164	0.4149780790993897
149	130	0.41190224500434225
149	27	0.39591058274275653
149	122	0.3948728745163994
149	156	0.3867306629655222
149	16	0.38649251415349023
149	53	0.3632284201192886
149	52	0.3607866713491515
149	115	0.3488554339938647
149	26	0.34614736916045974
149	151	0.3343519744892876
149	14	0.3274506117889117
149	125	0.3239195974510149
149	146	0.30846671514199114
149	117	0.30597627603611555
149	181	0.29984565232324395
149	153	0.2895820528413558
149	127	0.28723499390248836
149	116	0.2774063586830155
149	155	0.27573480847482146
149	129	0.2725163164426553
149	157	0.2724052246273959
106	5	0.7605717281377126
106	11	0.6919356974821467
106	112	0.5873429709117921
106	0	0.4767578642657536
106	156	0.3981849340170672
106	101	0.3864840078852494
106	52	0.3693843613031326
106	13	0.3093531981966293
106	192	0.27281252575587317
13	111	0.7709639769532516
13	10	0.7541374729309427
13	1	0.6453683751052687
13	8	0.5826530588685181
13	0	0.5813371091168881
13	2	0.5293847758672372
13	7	0.5196279841955093
13	101	0.39190606999833183
13	11	0.3656045477563332
13	134	0.3587059803554377
13	5	0.35395672438694503
13	144	0.33886523718347505
13	135	0.31529132312211766
13	39	0.2791131153928377
13	100	0.2735435709749149
111	8	0.6781225406300508
111	10	0.5923508995588365
111	1	0.5350898387953137
111	107	0.4294808990979167
111	7	0.368287132066999
111	0	0.35004057996999327
111	2	0.3383871577579601
111	134	0.2759103536358911
111	11	0.2698202976145008
93	85	0.7590754873853099
93	196	0.6781225406300508
93	83	0.6236400949813199
93	97	0.7056720865399505
93	81	0.6657328688864496
93	94	0.5999762039107949
93	64	0.5458353762092751
93	190	0.5313325040915584
93	68	0.528534938314507
93	91	0.4781783880976781
93	74	0.4725745445325538
93	32	0.4650690577193739
93	87	0.45862606975931336
93	63	0.44614750110583257
93	37	0.4311920002538976
93	55	0.4262131180987369
93	166	0.4258857253493797
93	89	0.41997362506808567
93	194	0.40281949740924766
93	56	0.40221615227948965
93	160	0.3935299525907842
93	41	0.3755510016298377
93	195	0.36710235553919895
93	69	0.3628377269841097
93	79	0.3527665402818703
93	185	0.3492418266089736
93	183	0.34760763086406765
93	76	0.34561915031961477
93	193	0.34219805586818924
93	58	0.32779874998978226
93	36	0.32028082309963607
93	191	0.31806244478598683
93	84	0.3116121979153264
93	99	0.3084576666312233
93	163	0.30257346812302627
93	20	0.29888975450762006
93	186	0.2927670053393219
165	171	0.7699479844702876
165	62	0.6533720117230722
165	167	0.6213554887676761
165	174	0.6118981707967488
165	170	0.555153411888786
165	172	0.5541494876615884
165	137	0.5293991707500083
165	189	0.49416792033049184
165	169	0.4861603978097278
165	187	0.4775687950550276
165	175	0.47491674804293743
165	67	0.4528661226820939
165	173	0.44782792428598556
165	180	0.4141250878194897
165	35	0.4123339275048092
165	176	0.40249272887412957
165	164	0.39538763646249125
165	182	0.33585219815198003
165	168	0.3356569990061364
165	162	0.3283877041521703
165	179	0.3195716818653938
165	146	0.31485897386050554
165	153	0.31251481418632465
165	44	0.30409888610015223
165	46	0.3022009577205567
165	156	0.28602344044850714
165	54	0.2755869667032002
171	174	0.6910485723357623
171	67	0.6418185274032226
171	137	0.6246473281208413
171	172	0.6164259205053126
171	170	0.6078094112670924
171	175	0.5856044442146086
171	189	0.5008049592350239
171	167	0.49834356727194545
171	62	0.49405454221719075
171	173	0.45659424771767354
171	146	0.44750808695011557
171	180	0.41902600233540765
171	35	0.4113789972710577
171	168	0.4066075053759308
171	169	0.384236055987644
171	153	0.36014282316715696
171	179	0.3540616856847017
171	145	0.3509878907964335
171	140	0.3497860873813464
171	47	0.33985625144353493
171	34	0.30491543388026643
171	54	0.2873634381846912
171	49	0.2860968940149163
171	69	0.2838458566929131
171	46	0.2798137594934324
171	65	0.27621520411539147
171	164	0.27503244398393245
134	2	0.7667116436658965
134	30	0.7197470724531709
134	100	0.593109844107388
134	135	0.6432101314925326
134	7	0.5911682267008607
134	150	0.5788157721862247
134	10	0.5307437453741927
134	39	0.5103182578053352
134	31	0.5096745416827633
134	32	0.4781243921103453
134	144	0.46449675466067686
134	1	0.4613854466127824
134	140	0.45382743929485103
134	40	0.4350022713642276
134	137	0.39428185846050606
134	101	0.3885575858151
134	42	0.38115476616155375
134	141	0.36456449197902147
134	69	0.35580099214565547
134	146	0.35059326511886396
134	143	0.34693928603763396
134	24	0.3405636571423062
134	145	0.3045979407078682
134	8	0.29538880026972153
134	99	0.281950722294932
2	30	0.6695406082271766
2	10	0.6669338275147658
2	1	0.6634605495381507
2	7	0.632882447061442
2	135	0.5945017415668925
2	100	0.5467333898941243
2	144	0.4672449548589283
2	39	0.46438695353398945
2	101	0.46107841322749726
2	150	0.44010417739271523
2	40	0.39656811830785144
2	31	0.3816247641604024
2	8	0.3790673095848353
2	32	0.36290719287028417
2	143	0.2934068753382426
2	99	0.27096037099179227
2	0	0.26974612025293476
11	112	0.7417055724830641
11	5	0.6572347873304655
11	52	0.4909642168184212
11	156	0.4806659830522256
11	0	0.4478998718994984
11	176	0.38257270463890125
11	70	0.35590579634889835
11	101	0.28586734045925005
11	192	0.2718867001618723
97	85	0.6523851630512464
97	81	0.644603344205709
97	196	0.5607043993846047
97	83	0.5292696058316851
97	190	0.5199564014198084
97	74	0.4972679367019073
97	37	0.4478119351397753
97	32	0.4478119351397753
97	94	0.4420533637201961
97	91	0.43552102160788003
97	166	0.4354318819794284
97	64	0.4291546246009282
97	193	0.4276931744034382
97	63	0.4197017920933673
97	185	0.41231732775327407
97	194	0.40699972544981505
97	79	0.39805029363900146
97	160	0.38216288311252194
97	76	0.3802997194972255
97	55	0.37585159861205025
97	87	0.3639400214054204
97	183	0.36084755811979696
97	68	0.35820922072936234
97	56	0.34939986209897667
97	58	0.34211859237695064
97	186	0.3371557425020961
97	99	0.33030449513883164
97	184	0.3279147762821387
97	36	0.31974226755424195
97	28	0.2979059191993555
97	177	0.2880055045034271
97	84	0.28725334371823735
97	132	0.2846088049427639
97	199	0.27778476436522026
140	141	0.7632271971215768
140	35	0.6333557835540289
140	137	0.6292116162149443
140	175	0.5724570756010762
140	69	0.5453858984575646
140	32	0.5232974762611089
140	34	0.47932687365755255
140	150	0.47321116979637695
140	37	0.469625685268737
140	30	0.4644183267414959
140	42	0.46327244979097726
140	36	0.4580494234487321
140	39	0.4166405544996027
140	31	0.3994463527915587
140	172	0.39900923187780796
140	145	0.39819334847114507
140	139	0.3819322924115513
140	167	0.36068228687305603
140	146	0.3517066659150363
140	24	0.3239733009728763
140	63	0.3202628745807801
140	68	0.311115519030288
140	143	0.2918707467482262
140	41	0.2839286034164988
141	36	0.6771815706112851
141	139	0.6293082613232069
141	32	0.574778601509367
141	39	0.4961907752972872
141	175	0.49434173412728905
141	137	0.46036945319419575
141	35	0.45154557678805235
141	30	0.4143570410325461
141	145	0.40047119283910076
141	37	0.3959358800865986
141	42	0.3886424848162525
141	31	0.376126360940579
141	69	0.3716188265331184
141	41	0.37109294872529014
141	172	0.3637317917828794
141	150	0.36152580253387645
141	142	0.3318181719232732
141	38	0.3269237721696738
141	68	0.3207474038514751
141	176	0.2927670053393219
141	34	0.2827513639952918
141	146	0.28247532508861223
141	67	0.2813430768064162
141	167	0.276806270850305
83	190	0.7625584061962827
83	87	0.536544154154983
83	191	0.5009922343822432
83	85	0.49195022731747945
83	89	0.457725384414745
83	196	0.44043470414139857
83	81	0.42903224277750973
83	55	0.4063236782343096
83	94	0.3573721144136713
83	99	0.3404575708398666
83	64	0.33094578975297406
83	163	0.3141290881736448
83	91	0.3068733187473193
83	115	0.29095566850148846
83	74	0.2890047779937715
83	186	0.28312854143183425
83	32	0.27600273843426654
83	193	0.27569784925458773
83	166	0.273756347584717
190	191	0.5374692648441203
190	196	0.5351183853388766
190	87	0.49276084423213456
190	81	0.4080588035077557
190	193	0.39947156576775156
190	99	0.38946566254232073
190	166	0.3885066432473635
190	55	0.3830421067914378
190	85	0.38211164484585547
190	163	0.3666177238786694
190	194	0.36222972851135354
190	185	0.35426283657482327
190	89	0.35372052886781613
190	115	0.35219729858667587
190	186	0.3439097443437569
190	64	0.32476965790127926
190	14	0.3176669014924917
190	91	0.31543541047321977
190	79	0.3093622411746419
190	94	0.30124654691604014
190	159	0.2934982638970853
190	183	0.29293156841189494
190	15	0.27913155720726446
190	68	0.2785966610367444
190	195	0.2770463319227777
190	116	0.2737285956329424
190	74	0.27339553667080047
76	91	0.7227505960831107
76	60	0.6518736558904464
76	86	0.6243545288096745
76	84	0.6773223163587131
76	94	0.6430166177846385
76	184	0.6095468590988778
76	194	0.6063697242350035
76	81	0.6007309029493801
76	74	0.5929218277667807
76	80	0.5751133200665651
76	65	0.5610471085650285
76	185	0.5409233839298305
76	64	0.524342358211728
76	193	0.4881890734286069
76	186	0.46289538422568666
76	87	0.46266749255962886
76	183	0.4155242729334458
76	63	0.3776706658649956
76	85	0.3610215033718936
76	187	0.34629699129429603
76	182	0.32627163843250995
76	107	0.31914063628724526
76	68	0.29975464033611415
76	196	0.29598197084265876
76	160	0.29233723111794824
76	56	0.2882897654921217
76	20	0.286418213825318
76	180	0.2769909362822165
76	169	0.2750232003869623
76	58	0.2685681263030828
5	112	0.4904023867385348
5	0	0.47241919519182446
5	156	0.3430630080067965
5	52	0.3308389285235448
5	101	0.284213587533606
85	160	0.5802038830436378
85	81	0.5952189581073304
85	94	0.5834187388982137
85	4	0.4897717406247164
85	196	0.48023524943628093
85	74	0.48018908565985596
85	64	0.4595179253825944
85	193	0.43473467786280395
85	194	0.41624379807255485
85	91	0.39211765167196294
85	87	0.3698764840941979
85	8	0.36753489404048156
85	37	0.3462705886681948
85	55	0.3403072670728473
85	107	0.334591769200417
85	32	0.3207922591872222
85	56	0.31917656179878523
85	184	0.3188621824789044
85	186	0.3117566543658887
85	89	0.30985951876515383
85	84	0.30942554045403153
85	185	0.30717221196095285
85	20	0.30375398719143165
85	68	0.3019919480431045
85	183	0.2808088989773024
85	58	0.2757532877792192
85	116	0.2732567427479163
28	132	0.7587319946959534
28	131	0.5767172902776204
28	20	0.3990849004072427
28	29	0.3889480665755503
28	42	0.35091774422689437
28	27	0.34701845054740743
28	53	0.34353054607310607
28	21	0.34190666581155527
28	133	0.327968323542508
28	32	0.32793262560306513
28	116	0.31433637746407406
28	186	0.3138766955642901
28	124	0.30891002376096277
28	99	0.30616660329272205
28	117	0.30615754064486533
28	188	0.3008191386890965
28	68	0.30066451444943215
28	16	0.29833414767883204
28	40	0.2855459103598659
28	115	0.27551304092761686
28	77	0.2743205383516641
28	41	0.2720441260798003
28	30	0.2709047752593634
132	131	0.5310740877956958
132	133	0.4072249755219683
132	125	0.40079859458890876
132	29	0.3827690241298525
132	124	0.377773544986148
132	20	0.3617257246982799
132	117	0.3071993810675428
132	37	0.3047521601367138
132	21	0.30050077743686165
132	42	0.30017325027723746
132	186	0.29950888071982684
132	32	0.2789840169274164
132	116	0.27779399269583194
132	30	0.27305315774682704
81	74	0.7044248796740222
81	185	0.6673389256829196
81	183	0.6510620748313354
81	64	0.6106203930724892
81	196	0.6100054253869343
81	194	0.593550456418775
81	193	0.560882632147149
81	166	0.5553125066504523
81	91	0.5439370109924793
81	60	0.5303341842027455
81	63	0.5026083376608158
81	87	0.46177104990529555
81	184	0.4573537753854542
81	84	0.45658633246460373
81	94	0.4529058673958554
81	160	0.4521504101181257
81	80	0.4369299118248983
81	79	0.4356506640032136
81	195	0.39493195816207394
81	199	0.3785448409740383
81	186	0.3707566069557311
81	56	0.35917640739803053
81	55	0.35231116779063193
81	58	0.3460241377095557
81	182	0.3286285663995988
81	65	0.3190867463001446
81	191	0.30059174463126315
81	177	0.2837814952071317
173	174	0.7570295338888997
173	170	0.6679430640402771
173	189	0.48206426586081047
173	187	0.47510259583621695
173	180	0.47421169031475874
173	164	0.4720928660183771
173	179	0.4599753325231975
173	195	0.41569799908303784
173	60	0.3830677048596087
173	45	0.37041153998443155
173	154	0.354813647209808
173	192	0.3538605020307939
173	62	0.34161520999289
173	153	0.3380594839184419
173	65	0.30228273620842133
173	182	0.29521536890140027
173	142	0.28496717429949364
173	146	0.2775632690528227
173	67	0.27129390741417525
174	170	0.7412058023744352
174	67	0.5233047378206225
174	180	0.5111756571866258
174	195	0.5067670387074833
174	179	0.4820489134319237
174	137	0.4820258842335429
174	175	0.4658367441430753
174	189	0.45035060842213376
174	62	0.43609617188552346
174	145	0.4224578056848528
174	187	0.4025430076360513
174	146	0.38821792384091847
174	164	0.37350484837866116
174	172	0.3463409944520423
174	153	0.34603294035205734
174	167	0.3421715685815634
174	192	0.32218206013226736
174	169	0.31896099497261776
174	65	0.30485194066469307
174	45	0.2930504087281647
174	168	0.2841124698826899
174	155	0.27094183928182053
174	142	0.2686609109270276
38	142	0.7553682662410006
38	52	0.4676278914095044
38	145	0.46157433532575204
38	181	0.46096029405452454
38	176	0.4586971364172818
38	156	0.4524288120512362
38	139	0.42434548581183146
38	39	0.37481205630913833
38	44	0.36669562453808885
38	164	0.3528103172980833
38	31	0.347211942975184
38	189	0.3277630476024932
38	41	0.31679451784500706
38	33	0.3104198830288988
38	70	0.30834908014827694
38	146	0.30444370530672266
38	137	0.29471322108178855
38	112	0.29155967999232985
38	167	0.2911295743974074
38	24	0.28677618001788224
38	36	0.2692824392381933
142	143	0.5417717151352694
142	139	0.5248352266642737
142	181	0.4874575262338833
142	156	0.48266277964617965
142	176	0.4577807167648356
142	145	0.45573105981618073
142	39	0.4050120479084941
142	52	0.3709291020703703
142	31	0.36753489404048156
142	167	0.36595969116020594
142	137	0.36143017583104375
142	24	0.35039151945100244
142	26	0.33979433512966595
142	44	0.3366947722031226
142	33	0.3334901327514173
142	130	0.31422823026822516
142	164	0.28523360245005025
142	127	0.28167454780587897
142	146	0.27158106713542285
10	7	0.6565127711686997
10	8	0.6565070812215317
10	1	0.5835770261497395
10	135	0.4959947633885133
10	101	0.42235921715909697
10	0	0.41218451988557225
10	39	0.3981092009150025
10	30	0.3805391981848755
10	144	0.36854641278880074
10	100	0.3392812009686663
10	150	0.3067464972723365
10	40	0.2725348310388877
64	74	0.643186679660097
64	194	0.5780771786988798
64	65	0.5284268321217858
64	91	0.5138153592533748
64	185	0.508489205098345
64	84	0.4969667869774765
64	183	0.4831841933482395
64	63	0.47162645696580163
64	196	0.4414094650886174
64	60	0.4355129183581915
64	94	0.41946284639948733
64	55	0.402442447683729
64	68	0.39934549484421317
64	169	0.37728478611942
64	87	0.36452113655220575
64	160	0.35351928968829066
64	86	0.3333390308500733
64	193	0.3281914144408614
64	107	0.31394881226687454
64	80	0.30963350449203625
64	69	0.3033272915537404
64	56	0.2890047779937715
64	184	0.2827881656456899
64	191	0.2719237428638868
1	7	0.5818135835593212
1	135	0.4679872232000995
1	8	0.4618418560372167
1	101	0.4537956770920719
1	0	0.43938628198925495
1	30	0.4186137073839295
1	144	0.40126014106703717
1	107	0.39049164150769766
1	100	0.3690820779171427
1	150	0.32935981186060526
1	40	0.3208460836907553
1	39	0.31888014890249744
1	99	0.2718867001618723
193	194	0.7471754578408241
193	184	0.6391349954229668
193	185	0.6140892439001563
193	196	0.6075823572158421
193	87	0.5833725634322576
193	91	0.5566735231837925
193	195	0.5335178973438836
193	183	0.5246468184828124
193	60	0.49445506965995156
193	74	0.4577570033347154
193	186	0.4572825979786807
193	160	0.4520788068039302
193	94	0.4450816025538627
193	80	0.4392652330577969
193	191	0.4227945743900401
193	84	0.4137687692134424
193	182	0.38261538572871806
193	199	0.3591938271190606
193	180	0.3499265034725449
193	166	0.34827562265475714
193	187	0.32847691737379653
193	58	0.32624483176559166
193	177	0.32319439569844444
193	79	0.31051024417323003
193	56	0.27033018024975863
194	185	0.683268951520794
194	74	0.6032685293978117
194	184	0.5957546362875848
194	91	0.5780971531557344
194	183	0.5757353847148416
194	196	0.5753475085514603
194	84	0.5387480545255842
194	60	0.530959204384696
194	94	0.5001678729569984
194	87	0.4841034995162795
194	80	0.46339810105814416
194	160	0.44242339930824404
194	195	0.4326318098957009
194	65	0.4222524016448929
194	169	0.4140008050383834
194	191	0.4074585158763021
194	180	0.4026184212251288
194	186	0.3940875962295942
194	107	0.3486270553141085
194	4	0.323543614362398
194	182	0.3207922591872222
194	86	0.3160656215679322
194	187	0.3069638988439801
194	166	0.28389182761692394
94	91	0.6793683330103502
94	84	0.6226736481053462
94	86	0.5925845330755
94	184	0.51733208726219
94	20	0.5166653191148781
94	87	0.5055769753175964
94	89	0.48081976030962303
94	80	0.46045613540052605
94	186	0.4248291239063404
94	196	0.4160867048414118
94	68	0.3962141112001679
94	56	0.3644777795449643
94	58	0.3633846616230244
94	74	0.36308952162980235
94	51	0.34561915031961477
94	65	0.31642561704499994
94	4	0.30636596750342593
94	82	0.2952792669328558
94	40	0.29415610308340046
94	60	0.2894904359651337
94	135	0.28072599370967494
94	185	0.2784490730351264
199	70	0.6387029942274679
199	166	0.6513212520592545
199	183	0.5900742674360046
199	177	0.5262683405471624
199	71	0.526203263717993
199	139	0.4697815609691592
199	176	0.4599595639242669
199	195	0.45088456073094696
199	196	0.448195595588559
199	182	0.40296190285297484
199	170	0.3760405048155294
199	185	0.36960886408718363
199	112	0.3614040945014142
199	187	0.3188981150969265
199	169	0.2975687187833399
199	160	0.2928858581876233
199	60	0.29006753366941146
199	35	0.28929802326024645
112	156	0.5552571739508186
112	70	0.5693428682706434
112	176	0.5159465596049643
112	52	0.5062317487262066
112	166	0.40302053471836985
112	181	0.38040235946746065
112	182	0.36348013248109506
112	177	0.333383474363824
112	79	0.32185042708785266
112	71	0.2767970370418615
112	187	0.27393209935891083
112	0	0.2709511051619124
70	176	0.741295911807012
70	71	0.654933798763879
70	177	0.6146682048793809
70	166	0.477993243950572
70	139	0.4111879027098619
70	35	0.39636584296529664
70	36	0.3624121604523889
70	156	0.3278612269146555
70	52	0.30535981047434224
176	139	0.5044371748932966
176	71	0.4901593068408981
176	177	0.4728618634019447
176	156	0.45893398289904835
176	52	0.35861013027164224
176	170	0.3465873839682195
176	172	0.27023748558488636
170	195	0.48285451566651105
170	169	0.4800736645808282
170	180	0.47083295566526506
170	187	0.46292681275827535
170	175	0.4602985248586049
170	65	0.4554616329508773
170	67	0.43027979782681697
170	179	0.393191845716178
170	183	0.38560751026532725
170	172	0.3691943637235308
170	189	0.36069968491330917
170	62	0.35309045362292857
170	60	0.3139037397522252
170	167	0.2972040942594049
170	182	0.2935530944576044
170	192	0.28299055983853605
170	71	0.2803206187809116
170	177	0.2787811275360265
127	129	0.7397106073338471
127	143	0.5837682307632391
127	130	0.5351754747598806
127	125	0.4722560467867477
127	26	0.4332006183455016
127	156	0.399664845173802
127	118	0.39038993478896145
127	131	0.3770875080802606
127	27	0.29474974641588186
129	131	0.40970777532100094
129	125	0.47412642230723867
129	156	0.415102240348909
129	143	0.40795878004883585
129	118	0.347044837618545
129	130	0.34640259631256354
129	133	0.34547825494496553
129	26	0.33735071975782166
129	29	0.3219221382254856
44	33	0.6088173385540097
44	147	0.6859838124307656
44	78	0.639873787875073
44	164	0.553019010641081
44	46	0.5504383571500042
44	146	0.540619130366231
44	48	0.5391383016451119
44	49	0.5266369928033009
44	154	0.5162546884580824
44	120	0.5021822062563829
44	152	0.4645202816157712
44	52	0.43962026467975607
44	156	0.4151105172158519
44	15	0.4145309706264444
44	122	0.4132713685444387
44	26	0.4100738507015381
44	77	0.4007146551762512
44	153	0.3952188893972541
44	167	0.3730917371652944
44	181	0.36949661808710443
44	31	0.36730134298240374
44	137	0.36662637976138035
44	189	0.36001227154351345
44	145	0.3554253702695379
44	148	0.3465257910710384
44	130	0.33959972182637704
44	27	0.33481376271348734
44	157	0.29501452932572386
44	43	0.28516929624075255
44	144	0.2766585237818485
44	155	0.2688557424081443
137	146	0.7392347682981089
137	145	0.6737724047063408
137	34	0.5665925802880724
137	167	0.5215961822863233
137	31	0.5181445483197511
137	150	0.4901593068408981
137	69	0.4885241368628662
137	24	0.4440866950379824
137	33	0.4398622529644752
137	175	0.42448486401039626
137	35	0.42402565984414964
137	62	0.39384260669745025
137	67	0.38389505853511235
137	39	0.35451641489039676
137	172	0.3248769966778355
137	144	0.29101974133234676
137	42	0.289701146847819
137	49	0.28496717429949364
137	155	0.28309174748599614
137	153	0.28220844300338105
137	147	0.28044039906083135
137	189	0.273275249261824
137	164	0.2682340604003588
146	150	0.608477382440549
146	145	0.6114976423962848
146	144	0.5952641562314955
146	40	0.5369001188152617
146	49	0.5271209997807047
146	157	0.5261381807246764
146	33	0.506276371135791
146	147	0.5005951553906958
146	189	0.49151805474297783
146	164	0.48055063070428783
146	155	0.4543434134420609
146	153	0.45148984756519767
146	154	0.4500715499322495
146	78	0.43352549692284054
146	42	0.41301428151565267
146	48	0.40905849912184233
146	31	0.3962394013308937
146	34	0.38996605423552627
146	69	0.38650952649271525
146	47	0.37644397244054806
146	122	0.3466753686370159
146	39	0.340528296004799
146	130	0.33557713649966353
146	167	0.33139095349546627
146	172	0.3176938738676276
146	46	0.309099972101428
146	24	0.3081499840595982
146	168	0.300091357423291
146	77	0.2922457745503069
146	67	0.2715718046730283
24	34	0.7384537009872881
24	39	0.6348147454977383
24	26	0.6005838844907948
24	33	0.612204613399508
24	31	0.5741286986970061
24	22	0.5247410289998008
24	143	0.4598807165779151
24	130	0.3726526443508082
24	167	0.3671888759487817
24	69	0.3525126031378993
24	145	0.3496983193423276
24	27	0.33086564462647616
24	35	0.31991283251783664
24	150	0.31391275436834937
24	7	0.3087200507745816
24	40	0.308647673632774
24	30	0.2836159825030835
34	33	0.6545052920721601
34	22	0.6411358594423021
34	31	0.5591392090335374
34	69	0.5260730915673916
34	35	0.49227609190321
34	26	0.39493195816207394
34	42	0.37586018593553255
34	27	0.36800185709237404
34	39	0.3615605739947909
34	145	0.3500230304152871
34	167	0.33341902810804463
34	150	0.3323164214398106
34	130	0.3074982081811486
34	41	0.2971585100957352
34	36	0.29252927250364086
34	62	0.2709974338091644
183	185	0.7341268514104683
183	166	0.6968291308339105
183	196	0.6322886099745512
183	74	0.5731491289838537
183	169	0.5646611947557074
183	60	0.5536642566757642
183	195	0.5461933290412081
183	182	0.5127178891318751
183	187	0.508837598012595
183	177	0.4913587722039771
183	160	0.4825400443062791
183	191	0.47466888507645316
183	65	0.37571419265801187
183	184	0.3507072808888297
183	180	0.33759883077294345
183	87	0.32739704417072063
183	63	0.3258784214079379
183	175	0.31967942260598786
183	71	0.3116031689088101
183	91	0.3036632110828472
183	179	0.29910829840601233
183	84	0.29400080504718623
183	62	0.2748198283925649
185	74	0.6820461416385832
185	166	0.5401872721195016
185	196	0.5323293504469399
185	184	0.513513538238971
185	60	0.5091858243278112
185	169	0.4896653160181928
185	187	0.4529615069710697
185	84	0.43144432928937787
185	91	0.4304264611393109
185	160	0.42953798561260537
185	182	0.42516506866102594
185	195	0.39735999258833965
185	191	0.3967703551504144
185	162	0.3787932577993489
185	87	0.3651106348916977
185	63	0.3620472688136528
185	186	0.3570493262332877
185	177	0.3465081925515515
185	65	0.3445620555208541
185	80	0.31932025467099934
185	58	0.3102391439110614
185	56	0.2800626008376924
185	180	0.27459793998692383
15	115	0.7271910584718139
15	152	0.7201757458375874
15	43	0.7029103267847792
15	14	0.655424635261161
15	16	0.6516608320958954
15	116	0.673958012633502
15	120	0.6041900199560176
15	148	0.5756284102588318
15	46	0.4897109283507487
15	118	0.4547163126546326
15	77	0.4341343405793842
15	147	0.4297907560532754
15	117	0.4173923029619946
15	78	0.4007650196311918
15	188	0.3998748911853074
15	45	0.3499616050388941
15	186	0.316470610074559
15	52	0.31094389953216467
15	21	0.29722232754554945
15	49	0.29301384344124753
15	82	0.28620706806000135
15	48	0.2841032770555276
15	168	0.27495849378461346
15	159	0.27271070963500843
115	152	0.6207965080610728
115	120	0.6104322157859986
115	14	0.6040757157306257
115	16	0.6010375932349029
115	116	0.5920911898722644
115	43	0.4744519432030953
115	117	0.47131537090178965
115	118	0.45080488682754966
115	148	0.4027357203895745
115	20	0.38107783862886396
115	186	0.36723213377102504
115	82	0.3376608511992428
115	77	0.33204952510079416
115	191	0.3218145701341455
115	21	0.3100493436968728
115	46	0.3064565787165003
115	89	0.3014374774434034
115	159	0.29262985619535115
115	68	0.29019574897744754
115	87	0.28658343893452914
115	188	0.28654672371636863
115	163	0.28292616441899754
91	84	0.6881799457026994
91	87	0.6660779422550067
91	86	0.6036373192256997
91	60	0.5792478415640184
91	184	0.49925251969756723
91	80	0.4784637354080853
91	65	0.47325773274560146
91	74	0.47321893047153996
91	180	0.42969291741900684
91	89	0.428305786692429
91	196	0.40634872496104485
91	82	0.3957587860608866
91	68	0.3948981964788123
91	186	0.36981605913275656
91	63	0.33583445396677397
91	191	0.3328945142544948
91	20	0.31208162868304873
91	56	0.2970673377047861
91	179	0.28988435087959563
91	58	0.2800349536572241
91	195	0.27530048617241115
152	14	0.6432922034032128
152	43	0.6228940186070846
152	120	0.6172312994680947
152	116	0.5813304886067451
152	46	0.5627099378080126
152	148	0.5490497729124225
152	16	0.5322361826898487
152	77	0.515469430213575
152	147	0.49650730309433694
152	78	0.4780858213350125
152	154	0.4547797689921271
152	188	0.4249356556502404
152	49	0.4236154717933056
152	117	0.42077221298295586
152	118	0.4037154888840559
152	82	0.3949994783285338
152	48	0.3862713298125995
152	45	0.3693670900716679
152	47	0.3299480884925567
152	122	0.3272541869004971
152	186	0.32441180156429017
152	164	0.32208347477958327
152	21	0.32093578659143185
152	151	0.3197512451743598
152	20	0.3119462315872665
152	155	0.3073623851895735
152	157	0.3070454161765335
152	189	0.29937233042159145
152	159	0.28614280078655047
152	53	0.2859040712337716
152	51	0.2767601012969215
30	32	0.6009737140145827
30	100	0.5896439037368935
30	39	0.5076880115931782
30	135	0.4802967969999807
30	101	0.4774993185448929
30	42	0.4591944387118084
30	99	0.4542561161525958
30	150	0.4406523029231109
30	7	0.4358612943502702
30	69	0.4241568832986591
30	40	0.4076419744906765
30	31	0.3958009539755981
30	144	0.38412524330817255
30	36	0.3087290976659542
30	175	0.2780800455071683
30	63	0.2722200554629362
40	144	0.7132901164955543
40	150	0.6226062929641129
40	42	0.5580522155596243
40	39	0.48393503994119963
40	20	0.48258607227994194
40	124	0.45111557442066347
40	157	0.4405153023184454
40	135	0.42466520593800433
40	145	0.42306554734025487
40	51	0.3921261140762526
40	69	0.3821970406515849
40	41	0.37301426233402446
40	33	0.3525651461183902
40	130	0.35202209483518077
40	7	0.34210093315874707
40	100	0.3387324548825207
40	155	0.3302154023023031
40	53	0.32898532079083675
40	27	0.3287356025699094
40	77	0.30116471215092405
40	26	0.2986529632337803
40	49	0.2970399849311197
40	78	0.2933246210499117
40	122	0.29041552240921825
40	101	0.2837723005004093
144	150	0.6426997818010051
144	157	0.5329310466415917
144	124	0.4767346828760375
144	39	0.4695633267887997
144	130	0.4261803838455652
144	7	0.4232215277533938
144	135	0.41388479384843985
144	145	0.38093251667008354
144	122	0.37866477314976793
144	147	0.37586877319446244
144	155	0.37394361676613996
144	42	0.36655713092263903
144	78	0.31695644403176265
144	154	0.31597560847094147
144	26	0.3117837383462259
144	20	0.306755556310412
144	33	0.29448491823624817
144	101	0.2922274825952493
144	100	0.2888123063052586
144	164	0.2835883954091335
144	48	0.2751248771568878
195	196	0.7132311653847626
195	166	0.4787721053556637
195	179	0.46357869211326785
195	87	0.45846812284807764
195	191	0.4488905594418901
195	180	0.41704541303145337
195	175	0.37718186271732246
195	187	0.3439890972353188
195	139	0.3302599494561623
195	60	0.31965248819568176
195	145	0.2922823578189255
195	177	0.28722581891555216
195	89	0.27958331731301056
195	182	0.27302539426021677
196	166	0.6690437651338189
196	87	0.4715175901903771
196	191	0.46758882428833454
196	160	0.43532652413622036
196	74	0.42615583242325983
196	175	0.4243946804137623
196	79	0.3639400214054204
196	56	0.3528015620183941
196	179	0.33026885871039613
196	180	0.3229077915445647
196	184	0.3121267582316579
196	89	0.3073171080755786
196	99	0.30134656115842956
196	177	0.30051897131316896
196	163	0.30029153214349075
196	139	0.287143241661521
196	63	0.27809849883430154
196	55	0.2752173052438501
196	58	0.27302539426021677
196	84	0.2710530265286208
49	154	0.7104143941057431
49	48	0.6423651051476121
49	157	0.6061610182801134
49	155	0.6005071630821233
49	46	0.5705851270946646
49	47	0.5658520428315699
49	153	0.5587335308770734
49	53	0.5449431372267199
49	164	0.5325371397477043
49	51	0.5249656329806096
49	77	0.49749372039237516
49	189	0.4911159927406488
49	45	0.43367165553166814
49	147	0.43016571065366394
49	82	0.3838012658705277
49	120	0.3645298077640072
49	148	0.3504353799717031
49	122	0.3364908299884895
49	33	0.33452072343102357
49	67	0.32668260825939455
49	16	0.32574434436685223
49	78	0.31548943948070435
49	178	0.3025371297113885
49	117	0.28186787485173725
49	42	0.26998718496863033
49	21	0.26984811329954517
49	145	0.26854956878017533
154	48	0.6931378036599237
154	46	0.670912090199278
154	155	0.6673722038759057
154	153	0.6323366244348247
154	164	0.6322766056004742
154	122	0.45550918493338866
154	157	0.6118356089059492
154	147	0.5071533941883132
154	189	0.4560162443279851
154	47	0.453716266540375
154	53	0.4464438045708277
154	45	0.4060314213094481
154	51	0.3914658473157258
154	156	0.3824617261637364
154	125	0.371670539346875
154	192	0.36809695645199836
154	120	0.3550059357975161
154	148	0.3494525361788364
154	21	0.34512594836790655
154	52	0.32671833893141033
154	77	0.32659327749406547
154	78	0.317585981282627
154	151	0.3159936115454654
154	130	0.31496707343484165
154	16	0.302046475106834
154	178	0.2983250376842908
120	16	0.5561557211544309
120	147	0.543169051524498
120	117	0.5349256724553321
120	118	0.5075024248212786
120	77	0.4693606293734011
120	14	0.46052705067479455
120	78	0.4355129183581915
120	48	0.41966059870866906
120	116	0.4077753782718826
120	43	0.40193111777428164
120	33	0.3969809775751612
120	46	0.3742102373634261
120	148	0.3457160068512448
120	20	0.33167578089269417
120	150	0.3088738403299962
120	27	0.30064632232304506
120	130	0.29149562917849986
120	42	0.289939307947445
120	53	0.28160089339038075
120	21	0.2739690974016907
120	125	0.2712661151995138
43	148	0.7086167517340954
43	116	0.7021050192843943
43	77	0.5570529699938581
43	188	0.5878536588709438
43	14	0.5730954065146139
43	16	0.46098391919602905
43	45	0.4607633924658468
43	186	0.420319485346611
43	147	0.4049368082944373
43	78	0.3959949048851198
43	46	0.3578430574776531
43	20	0.3456719820681475
43	82	0.3271738231110253
43	118	0.32138421470619044
43	157	0.3169474486171255
43	168	0.30125563939382877
43	189	0.28414004805075627
148	188	0.6326665923599799
148	147	0.5981425808713227
148	116	0.5284412472710986
148	45	0.5277778350695199
148	164	0.5070716821323589
148	157	0.4877852831324795
148	77	0.4721861161343063
148	78	0.4424555692003481
148	16	0.44177976240893757
148	189	0.4259839548906343
148	46	0.42553365371585167
148	14	0.40585602727494274
148	186	0.3763581402161704
148	82	0.3487588172991968
148	168	0.31881726541739497
148	122	0.31077225975450984
148	151	0.30962446319311276
148	182	0.3030821134903811
148	118	0.2852152295094004
148	47	0.2766492891556883
148	53	0.27552228182779953
33	31	0.6311829364203166
33	22	0.5973842199314193
33	26	0.5115818276483463
33	48	0.4131967371589342
33	147	0.41019861894151904
33	145	0.407133212951733
33	130	0.3989083320511515
33	78	0.3891008253714289
33	27	0.3664272784033925
33	167	0.3445356169378731
33	39	0.3431600581990078
33	42	0.31625463054971437
33	181	0.31539938999868083
33	150	0.30931702572509523
172	175	0.7067297868604963
172	168	0.5583138196067091
172	67	0.5566873253218967
172	180	0.478101249866436
172	68	0.4774143947005301
172	189	0.4598649462383373
172	35	0.43484010265285666
172	169	0.4250749486335588
172	167	0.3993707102373884
172	47	0.3830847699115349
172	69	0.36328918313226677
172	159	0.34425357138481233
172	62	0.34235696816646743
172	42	0.29320580163306603
175	180	0.5413901024883286
175	35	0.5272654132444233
175	69	0.5044669960170287
175	169	0.47358359934423416
175	67	0.4683229804358005
175	166	0.457962498089486
175	68	0.4468520624246689
175	167	0.4373586313985817
175	63	0.39400312340425675
175	145	0.3867306629655222
175	62	0.3862968533506144
175	139	0.3830762374182579
175	37	0.37614353139062373
175	168	0.3326810937092545
175	179	0.3306875272572262
175	150	0.3174870725218078
175	36	0.3122711633206822
175	32	0.30947075254625084
175	42	0.29516972583341333
175	191	0.28695972137289216
175	41	0.27507866120607
147	78	0.656797173278837
147	164	0.5582931706904928
147	77	0.46994519893303754
147	46	0.46073976122631677
147	48	0.45331116064566607
147	157	0.4306464134987895
147	122	0.4216277070822233
147	181	0.40637377107712525
147	26	0.3968798840273675
147	156	0.37850200497313796
147	153	0.37593746894189606
147	7	0.37066172373724615
147	52	0.33581670954320203
147	189	0.3333123640306932
147	130	0.3331256813641961
147	135	0.32636992505459345
147	16	0.32247777425882596
147	118	0.3144895720254188
147	45	0.30117380512170044
147	53	0.29928129007562104
147	150	0.29803348916684613
147	27	0.29262985619535115
147	188	0.29178841155359014
147	155	0.29014995899171897
71	177	0.7046313721159497
71	166	0.31627263009603623
71	35	0.3071812683854557
71	182	0.3048610112899835
71	37	0.2810023283040306
177	166	0.46717460050687953
177	182	0.41664881857165437
177	187	0.3902034477216425
177	191	0.33979433512966595
177	60	0.31108842256337765
177	35	0.27636299040856144
177	160	0.27343254646126935
74	60	0.503907649705644
74	63	0.49492334483864187
74	160	0.49372186947282937
74	84	0.48483817590723743
74	65	0.4075168926402279
74	184	0.3760662623311078
74	87	0.36964339914809013
74	80	0.3627682570650432
74	107	0.35365053634434546
74	55	0.3516628500234982
74	166	0.3417653621096329
74	169	0.33384559904720124
74	56	0.3297609373334036
74	191	0.31974226755424195
116	14	0.6163577137814062
116	188	0.5986496992436717
116	186	0.5595583576608675
116	16	0.48229451676825663
116	68	0.404619069468466
116	77	0.4021658577357826
116	20	0.3790587464726276
116	117	0.35315172500763387
116	118	0.3386881911166784
116	182	0.3198589721372882
116	184	0.30516937963456636
116	45	0.30418056101265173
116	82	0.29460363991283384
116	159	0.2728865700057626
182	187	0.6978206444192762
182	60	0.46328030354096544
182	186	0.4475800603372309
182	180	0.4388616214176373
182	169	0.4331275051449736
182	184	0.40845046772861404
182	166	0.3771303975221337
182	62	0.3355505145920966
182	181	0.32834309534397016
182	164	0.3066106050327237
182	189	0.3034271674018416
182	78	0.28795048038289567
182	156	0.2709140413402883
182	45	0.2695792094849921
187	180	0.5650969781619097
187	60	0.530722195698776
187	169	0.5136534223198861
187	167	0.4039330896275161
187	62	0.37671859212931413
187	179	0.3739694214617915
187	189	0.35505837292765663
187	191	0.34059901731640907
187	184	0.33625137928084686
187	65	0.3242417872601821
187	166	0.3240986010709495
187	162	0.31816131331742153
187	156	0.30167383413018906
187	186	0.26920823868244553
187	87	0.2691896880440839
8	4	0.534025609582121
8	107	0.5045415435610957
8	7	0.35615030467432307
8	135	0.3302955861200002
8	160	0.2767139304657313
166	139	0.4869541901670203
166	79	0.4390150147159663
166	63	0.41806921373530315
166	37	0.39472093014393755
166	35	0.38674767162185103
166	160	0.3825983134887462
166	169	0.3551282856258055
166	191	0.3087652846728258
166	163	0.2783383734031055
166	36	0.27686167262741007
166	167	0.27093257335151827
48	46	0.5591048399054634
48	155	0.5353324454623042
48	53	0.5145142120036891
48	153	0.5069230914032739
48	164	0.4468600656212492
48	157	0.4439421818264799
48	21	0.41448956156449235
48	16	0.40435142413263236
48	47	0.39325102209941676
48	27	0.37784212588525456
48	51	0.36887475273557885
48	125	0.3633846616230244
48	77	0.35042660799051856
48	78	0.35016341997226524
48	117	0.34339824124189844
48	122	0.3368454918019285
48	156	0.33488479279033195
48	52	0.3330545572864541
48	130	0.304189635726911
48	189	0.29319666130268746
32	36	0.6920399280546963
32	37	0.5801972493706081
32	42	0.479226735470992
32	68	0.46797160329472476
32	69	0.4650612205752106
32	39	0.44056365781641244
32	41	0.43018200966266373
32	35	0.4051374350762139
32	63	0.40389124687951233
32	79	0.3663407021263258
32	99	0.3550671122321448
32	139	0.3517066659150363
32	150	0.32045132255904746
32	100	0.3117837383462259
32	55	0.2825213348232789
32	31	0.27791395632757415
36	41	0.5299819073169445
36	37	0.5432888849129289
36	35	0.47468437871835484
36	68	0.4595337021031236
36	69	0.42714557494078603
36	139	0.416458727493469
36	39	0.4019143486119516
36	63	0.39782304911153255
36	42	0.38346866443333477
36	31	0.3275488136219804
36	79	0.29293156841189494
36	55	0.29238295739670056
36	67	0.2903147967211933
184	186	0.6759071959140096
184	80	0.4680184621336628
184	84	0.45663382289879806
184	60	0.4408295673561595
184	87	0.42676942959706826
184	58	0.4046023436649443
184	188	0.3087381445014662
184	86	0.30426223145336795
184	56	0.2902598527250677
184	133	0.288922292987077
184	20	0.2861795252580955
184	160	0.28289856560118837
184	161	0.27625215191359065
84	86	0.5873364205909742
84	80	0.5058746718671223
84	65	0.49782474790919895
84	60	0.4850905630582406
84	87	0.4486030539776226
84	180	0.3055683495632038
84	186	0.28916973513367106
84	89	0.2872992173351577
84	107	0.2790116817334159
84	56	0.27180335113655835
84	82	0.2682804623024337
84	160	0.2682526213105598
87	89	0.6845517126736641
87	191	0.684019959885958
87	179	0.5708818029424404
87	60	0.4414577732701859
87	186	0.3956407070216879
87	82	0.38692624662598185
87	180	0.38402294485751903
87	192	0.34292183101517876
87	80	0.3039355228636274
87	86	0.29929949858081756
87	54	0.28910558717480067
87	178	0.2809102219469787
89	179	0.551169802630494
89	191	0.5170390796403237
89	51	0.49078963765601663
89	82	0.4531045639628253
89	192	0.4063236782343096
89	47	0.37585159861205025
89	168	0.36402677301397496
89	86	0.34337177863985274
89	186	0.31550744869533914
89	155	0.30979623829718916
89	180	0.2714977031628834
89	54	0.2699964560127989
191	179	0.6075318872684417
191	192	0.4464998509742815
191	180	0.4146220645205235
191	168	0.34409489344779964
52	156	0.6812752542397297
52	181	0.5276912555197463
52	46	0.4320138562464388
52	78	0.3896946839082259
52	164	0.35963794541825966
52	122	0.35118077354954247
52	153	0.3217069937344096
52	145	0.313308650018211
52	167	0.27571632896660725
156	181	0.5502292173362124
156	164	0.39342853170064235
156	46	0.3849092180077298
156	122	0.3722219991428283
156	78	0.3250558760400984
156	167	0.3219042107873248
156	192	0.31627263009603623
156	153	0.3109619656976379
156	130	0.29329720198863873
156	125	0.2864090341529582
156	26	0.27666775835691215
156	162	0.27307166648520803
156	145	0.26956993618949543
99	101	0.6808302355591352
99	79	0.49088831767851754
99	100	0.4259675839977583
99	163	0.3820091612642221
99	181	0.3334456927938721
99	56	0.3212766050942388
99	58	0.2696904851307236
101	100	0.5568115307346398
101	0	0.501059641952999
101	181	0.4331112569929397
101	7	0.3937834629069323
101	135	0.3557049137637781
101	79	0.3389006435175782
101	163	0.29559871745940236
101	39	0.2823925042911365
27	53	0.680465266918406
27	130	0.6083703129694309
27	22	0.5152417635481343
27	26	0.4812962818555794
27	21	0.453883020374939
27	125	0.4458110380674683
27	131	0.4051792274125322
27	51	0.3569446198541129
27	118	0.3364908299884895
27	155	0.3288515488916858
27	77	0.31009453646645935
27	16	0.27094183928182053
53	51	0.6386023333562515
53	157	0.5787492711070722
53	155	0.5112052045603541
53	125	0.4900529354025916
53	21	0.4846086629481746
53	77	0.46811217191655635
53	130	0.4299211918675069
53	20	0.3745627696022752
53	188	0.36014282316715696
53	16	0.3312663225090274
53	124	0.31513821438217104
53	117	0.3150571501716859
53	41	0.31046506430241383
53	131	0.3078331846493641
53	47	0.2951971118358881
53	153	0.2780800455071683
53	29	0.2683268629596529
53	118	0.2682619016909763
186	188	0.4849299623997875
186	14	0.4105146297633185
186	20	0.3862032641526185
186	80	0.35861013027164224
186	16	0.35508459065493847
186	58	0.34802956152061504
186	117	0.3414120352516194
186	133	0.307154098945035
186	82	0.3069276674725382
186	118	0.3057677943087297
186	86	0.2923738122478997
186	159	0.2910563532065423
186	77	0.27938972098390974
186	124	0.26893923488072974
63	68	0.5763233919656392
63	35	0.5554715607775464
63	37	0.5374123722548524
63	62	0.4829925369420713
63	69	0.4688146596631793
63	55	0.39721682506241146
63	65	0.3511983068676786
63	167	0.3326722004467698
63	162	0.3046433010217233
63	79	0.3045888684792895
63	169	0.30428037983281847
63	86	0.2844249949167945
145	41	0.5150360666190615
145	31	0.44403852653414333
145	130	0.4359584922578774
145	39	0.41093859461099946
145	181	0.4023921640650353
145	167	0.379478262607329
145	69	0.3751300330887664
145	155	0.3690648022212269
145	150	0.36045608951109037
145	153	0.3313286394475304
145	179	0.31205455027782547
145	47	0.29654755167833646
145	67	0.284801782949958
145	180	0.2814719901781687
145	42	0.2756331686577181
145	72	0.27523579025079764
145	78	0.2723867086186494
46	151	0.42018774344310683
46	164	0.5228616436205329
46	153	0.5076731663847879
46	47	0.49273055616514405
46	189	0.4778929397986894
46	155	0.463555138941826
46	122	0.4362014425336267
46	78	0.38063326513796913
46	45	0.3801628516305276
46	16	0.3603777805441987
46	192	0.3588889458744027
46	82	0.3435746446538046
46	168	0.3409790783232136
46	157	0.3392281065918944
46	14	0.3047521601367138
135	7	0.6553504745315248
135	100	0.47093413059457306
135	150	0.45879977789794324
135	80	0.4010168055712511
135	78	0.3743564224010514
135	39	0.36854641278880074
135	181	0.31848483466426875
135	20	0.2992084538751426
135	42	0.2879413095112799
135	124	0.2806891455792673
155	51	0.6628050514915826
155	157	0.6436379154839199
155	153	0.6180601076738574
155	47	0.5699440688160113
155	179	0.485816681006834
155	122	0.41472143020137564
155	178	0.4091667406139676
155	125	0.3813342432124122
155	21	0.37542215015548275
155	192	0.3708601070950389
155	130	0.36230791702828435
155	164	0.3524775732493937
155	189	0.34907498981252366
155	168	0.33202283254151826
155	82	0.3264592704055341
155	41	0.32564601287541434
155	72	0.30934415516266706
155	16	0.28924304390676303
42	69	0.6659277033923363
42	150	0.576770679587631
42	20	0.4766187659813446
42	68	0.44979240351111655
42	41	0.44107929070236407
42	51	0.34415660387060326
42	31	0.3280664880463416
42	77	0.316470610074559
42	124	0.30633878305676376
42	35	0.3045979407078682
42	37	0.2961735618125896
42	39	0.29259328105656096
42	100	0.27067310692348984
69	35	0.6321385334763385
69	68	0.571158116779014
69	41	0.5264707623714237
69	150	0.5066332528149112
69	67	0.4344913444064972
69	37	0.39806712462428223
69	31	0.37422743656866647
69	62	0.3596031184953462
69	51	0.2969123322088097
69	39	0.2725718596258396
69	163	0.2718218734946334
69	55	0.26891140450555945
51	47	0.567216909690879
51	157	0.5374194840960538
51	41	0.5004827362765094
51	82	0.4639789957827848
51	20	0.4380781096628014
51	21	0.39353840389928957
51	153	0.37333273669839917
51	124	0.3446942402364713
51	77	0.3325565826503371
51	117	0.3255387341228258
51	188	0.32482332833554156
51	68	0.32169802865946673
51	16	0.31977817769023686
51	86	0.31300199254881855
51	67	0.29437532092785196
51	178	0.29358050901358934
51	168	0.28833560928182433
51	179	0.28317453269217535
78	181	0.540619130366231
78	77	0.4985915721950519
78	164	0.4328593746440428
78	7	0.4063988165825281
78	122	0.40428450197390536
78	167	0.3370671069134619
78	14	0.28957289139247944
78	26	0.28936216342700966
78	16	0.28809720714497244
78	189	0.28323891826868774
78	31	0.2794819125462458
78	130	0.26961630216698823
78	21	0.2682340604003588
7	39	0.5263261814425514
7	150	0.407375114722545
7	143	0.3890244486477004
7	26	0.38605861066026254
7	100	0.3842957197685278
7	181	0.3740210291160572
7	31	0.37306591279958656
7	0	0.30356335099566234
14	16	0.48128091462987627
14	77	0.4585313050890059
14	188	0.3997320644653662
14	20	0.3914997169649707
14	118	0.3696174979481477
14	117	0.36306347636612873
14	68	0.30805042589072085
14	82	0.29122109608972624
62	35	0.4912601522526143
62	167	0.4408537371152863
62	67	0.43492119053507255
62	162	0.3841763889971773
62	60	0.378433463999274
62	169	0.37514721850899435
62	180	0.37030799994771196
62	65	0.35331801778081623
62	189	0.3177747879081042
62	54	0.2969032137510664
62	68	0.2942565817723611
60	65	0.5824945130019082
60	80	0.4599516795160065
60	180	0.38958442037592916
60	169	0.3878356780094887
60	86	0.33478712545361083
16	117	0.6119669800341476
16	21	0.4958967384731758
16	118	0.4831765279808489
16	77	0.4007146551762512
16	188	0.37702746014453825
16	20	0.3742532348937971
16	82	0.29280357641025356
16	159	0.27282178146388003
157	153	0.5031163856491448
157	164	0.49521775784035293
157	47	0.46652549821243555
157	189	0.44671599713996846
157	45	0.40585602727494274
157	188	0.3922107344688499
157	150	0.37677007595169815
157	122	0.3676559763436473
157	77	0.3651799684043408
157	124	0.339166160420605
157	168	0.32253153370369436
157	20	0.30101012326902515
157	21	0.2976051764636779
157	29	0.28652836579166047
157	82	0.2812233624390782
150	39	0.4609681691742962
150	124	0.4469000805312502
150	20	0.4304916375398041
150	100	0.3437333869983573
150	31	0.31796356933610936
150	77	0.30453443394727375
67	41	0.5216544148500983
67	47	0.4982984667021273
67	68	0.4933814864492392
67	35	0.452889969726349
67	189	0.4123754256858308
67	168	0.37771353329887847
67	82	0.33370342391552826
67	54	0.31012165145555853
67	86	0.2800073060122213
67	153	0.2741910686263279
22	26	0.4452499863101243
22	21	0.3525826599512474
22	130	0.293845491486562
22	31	0.27748943072286175
20	124	0.5839593706485751
20	188	0.5202627855361738
20	77	0.47618586313293737
20	117	0.4058142623831947
20	68	0.3486007012631953
20	86	0.3131733680079984
20	56	0.2966205147111876
20	21	0.2910563532065423
20	82	0.2810852195997024
39	143	0.5572874208564284
39	26	0.5428799505317043
39	31	0.46913448542436914
39	130	0.3530116716777571
39	100	0.3458040518513554
39	181	0.3334634689547211
35	37	0.5923833546181598
35	68	0.48637419016060424
35	41	0.3636623738283744
35	167	0.3599948635948875
188	77	0.4878310057253098
188	45	0.3881244982988566
188	124	0.3462353843134273
188	29	0.3312485171385919
188	21	0.3155614749755217
188	117	0.30408981083388004
188	133	0.28386424521911324
153	47	0.6088928540104259
153	189	0.48955127346090205
153	168	0.44640376928071773
153	164	0.44102290752744266
153	179	0.38677318411299144
153	122	0.381265874391252
153	192	0.3701181526476021
153	178	0.31923044834610514
164	189	0.5822235612492954
164	45	0.544830641502726
164	122	0.3859309594567226
164	47	0.3037085998263765
31	26	0.36843406484631697
31	167	0.35926350350029057
31	143	0.31888913202835806
31	57	0.31685749133477076
31	181	0.28391940954491346
31	130	0.2821532205647111
139	167	0.3108987331354244
139	79	0.29068104109871745
139	181	0.284149240668967
86	68	0.5568184303054144
86	65	0.5405554314810586
86	82	0.4526435190242282
86	45	0.40224129864105923
86	180	0.4009664532284845
86	80	0.3617865639726878
86	189	0.29432965309719444
86	168	0.2721274633185606
167	162	0.4782169544470239
167	169	0.4131718587968598
167	181	0.3758344237714323
167	143	0.3144895720254188
167	57	0.3072989968403615
167	180	0.29528839500744736
37	68	0.554938915527684
37	55	0.3705064435991905
117	118	0.4705605000632627
117	21	0.41786288764182306
117	124	0.3920584129837549
117	125	0.3802569500778338
117	77	0.3219311018579985
117	163	0.28528872001422323
47	82	0.47725996485803657
47	168	0.5487772822827022
47	189	0.4721317215174673
47	41	0.41718583550545724
47	179	0.34577763899062136
47	192	0.3340854851397637
47	122	0.3083128828680495
47	159	0.2733030086533813
130	125	0.5832999943659762
130	26	0.43503470172087544
130	143	0.3812060482513614
130	131	0.37032525725960275
130	118	0.33719119506416767
130	181	0.2755962071959722
179	180	0.5809264919285066
179	192	0.5450134370932616
179	178	0.4109635281877505
179	72	0.3537905174301521
179	168	0.4223181356569897
179	189	0.3228540466698613
179	54	0.2979059191993555
26	143	0.46186545677321567
26	131	0.30853005315424636
26	181	0.30548675080082716
100	181	0.29616443897335765
100	163	0.2700335396888303
100	0	0.2691989633882338
68	41	0.4740721562168014
68	65	0.39444230938368335
68	82	0.3925914440827685
68	55	0.33774944672238016
125	21	0.5131158239156519
125	118	0.4687990552605724
125	124	0.36858097922087374
125	131	0.34119115694804697
124	21	0.3831018347019687
124	77	0.28420439528111396
143	131	0.3648419292775198
143	181	0.2968758580529648
65	169	0.5694442369176081
65	180	0.35782561838592186
65	107	0.29407388841023546
65	80	0.29057117672310434
189	168	0.549664194912592
189	45	0.4908731369562875
189	180	0.48802148771804904
189	159	0.40890860728087214
189	82	0.3768043972068257
189	192	0.31371441974221814
189	169	0.27525427505423694
189	54	0.26971830291691634
107	4	0.4638534307036913
107	160	0.304507215935261
180	168	0.5021522931342566
180	169	0.48444796416337493
180	159	0.31115164686602426
160	4	0.38603308160212474
160	56	0.2971858607564988
160	55	0.2813338683197777
131	133	0.4145475337706112
131	29	0.28216242443434303
131	181	0.27774785053008855
131	118	0.27089550912823396
169	158	0.3225404934088939
169	162	0.27308092077858653
168	82	0.45646759499525746
168	192	0.4030959136844056
168	159	0.38911779725030515
77	45	0.377584926140329
77	82	0.29596372284118083
77	118	0.28054174478414795
77	21	0.2720070859970199
181	79	0.4140588055907692
181	122	0.30863862623871413
181	162	0.29918113940093527
192	122	0.29872582600537445
192	54	0.2943113855885573
192	178	0.28914224346925815
45	82	0.38797160293158145
29	133	0.5426048325666711
29	21	0.35080374765130956
21	122	0.3678029880978935
21	118	0.3180983977798044
41	79	0.29407388841023546
41	82	0.2807075697479066
82	159	0.5277273316648053
82	54	0.3325565826503371
159	54	0.43462113014632664
79	58	0.28393779723587625
162	163	0.4328593746440428
162	57	0.4099989823892745
162	161	0.36839949408325906
162	56	0.3369252775432398
56	163	0.4629896663316954
56	58	0.4308744582216016
56	161	0.3890838532283997
56	57	0.28022847416314645
163	161	0.42683485679145944
163	58	0.3711015715935251
122	178	0.28073520561297904
58	161	0.4062568839777645
55	158	0.40677442586679474
161	151	0.32164423699854966
151	59	0.2666928117350271
178	72	0.3087743312848825
