23	25	0.8791926052681882
23	22	0.7415705805967192
23	123	0.7257933221799429
23	18	0.6862590158664307
23	118	0.5319279205617874
23	126	0.7776510218755575
23	28	0.7515293783637167
23	29	0.6896195864074419
23	26	0.6342890829686728
25	126	0.7848587941072247
25	28	0.764393657193493
25	29	0.7300385968319478
25	27	0.7035623682052401
25	128	0.6429696930005253
25	22	0.7107213519256758
25	123	0.6828902359482504
25	18	0.6602913388574239
25	20	0.6516780919032614
25	124	0.6476382990176637
25	19	0.6406349835145626
4	107	0.8665101137050774
107	104	0.7059781911490313
107	8	0.6439833650985124
88	193	0.8654347244815652
88	90	0.7869236049146205
88	194	0.7536756343982136
88	173	0.703602765930892
88	50	0.693511700188104
88	190	0.6852949444290327
88	66	0.6696840292543556
88	180	0.6512406354210288
193	190	0.7854341113714842
193	170	0.7227171601812478
193	173	0.7207672782313018
193	90	0.7648920426033036
193	194	0.7618040631770231
193	50	0.7188880766680987
193	180	0.6781387447949904
193	66	0.6556014290839622
193	191	0.6473246844672296
193	87	0.6332839148379851
193	158	0.6201938221299298
15	116	0.8648058082327519
15	14	0.7534422740061721
15	77	0.6458057880492035
15	115	0.7998155004820107
15	148	0.6420948364525562
15	186	0.6371670253230067
116	115	0.839092817126434
116	186	0.6959587213479785
116	125	0.6307616246712398
116	14	0.6759669379128397
116	148	0.6636004813502279
116	77	0.6294773434368768
96	198	0.8608712101805751
96	81	0.7776510218755575
96	98	0.7764624759548159
96	95	0.7286625390226464
96	97	0.6729087574406154
96	176	0.6387444364685119
96	78	0.6228328144907623
198	95	0.7445666608887844
198	176	0.716954573204426
198	97	0.6798849162607448
198	181	0.6781765519492305
198	81	0.7490644081470448
198	98	0.7184238845206911
198	197	0.6804813756001747
198	78	0.6181836927362707
9	108	0.8494293497528762
9	11	0.7358739885547632
9	109	0.7238806451197453
9	6	0.6453158570855609
9	112	0.7096557436701173
9	70	0.6512924620903718
108	112	0.7123506128025616
108	11	0.6689498497781745
108	109	0.6317481125428258
108	70	0.6315317413870006
108	6	0.6245375489500543
85	160	0.8407129019256198
160	65	0.5368574131438472
115	17	0.676553024010915
115	16	0.5968501556116981
115	46	0.5908689060667422
115	117	0.49570065072494224
115	48	0.47234927840994934
115	14	0.6700809345856263
115	186	0.6477950240596319
50	173	0.8335630781249954
50	66	0.7612411517612532
50	180	0.6980565699912998
50	90	0.6657551402832571
50	170	0.6636508454382486
50	190	0.6518736558904464
50	179	0.6426821733517878
50	174	0.6415832394197437
50	67	0.6345997726925752
50	194	0.6309000967276941
50	87	0.618165156924859
173	180	0.7189702106182858
173	66	0.7056068170548511
173	194	0.6928363377070281
173	170	0.6361144271352608
173	190	0.6228940186070846
173	90	0.6191774395899762
70	176	0.8199942785182761
70	112	0.6840146386826154
70	98	0.6912522736556695
70	95	0.6814520496152552
70	139	0.6705765279599064
70	199	0.6362394357057486
176	199	0.7649750179413944
176	139	0.7112751710288233
176	177	0.6209439928912438
176	98	0.7085769204922406
176	95	0.6768620021478498
176	197	0.6719006738177488
176	181	0.6217850440125637
32	114	0.8165912806927479
32	141	0.7906262939449213
32	35	0.712370314505348
32	166	0.681398483654763
32	37	0.6711704508863146
32	140	0.6368580335190178
114	166	0.7277983276522128
114	110	0.7235186884824147
114	140	0.7000099307406696
114	134	0.6425823793135653
114	102	0.5862873781743722
114	141	0.7882525685531219
87	191	0.8089211972246815
87	179	0.6983025917106523
87	91	0.6926595036029186
87	180	0.6815966412461311
87	83	0.6546653171318904
87	190	0.6490005501209838
87	89	0.6357451593166265
191	190	0.7182205990023691
191	83	0.7139673292072541
191	179	0.6910067738754163
191	180	0.640056825637712
191	170	0.6217666421685384
45	164	0.7995631526253862
45	44	0.7691732097915158
45	43	0.750696945620947
45	149	0.7456697605348407
45	148	0.6301169002261878
164	43	0.7310504769539005
164	149	0.6854222124961036
164	44	0.6565981114112096
164	171	0.6515054634596278
164	148	0.6422476166407375
164	31	0.6182331182056066
19	121	0.7969146398186783
19	17	0.6740562412235882
19	126	0.668833807197599
19	120	0.7132557295739812
19	124	0.6488558270711784
19	20	0.6227287499947689
121	120	0.7549557251810632
121	17	0.6438897097812408
121	124	0.6294773434368768
141	37	0.7127247531953567
141	166	0.6966490367112259
141	140	0.6528157474896104
141	110	0.6436262007284452
90	194	0.7681093158695135
90	66	0.6970297036887325
90	180	0.6593370889879273
90	94	0.6590373887465074
90	93	0.6521151152772608
90	92	0.6398855989546314
90	190	0.6256829141502498
190	55	0.6640199982787055
190	158	0.6375707826870288
190	170	0.6932728649128405
190	83	0.6344384786153602
126	124	0.6658887437557292
126	123	0.6916697789207634
126	28	0.6825592260698463
126	29	0.6306833400819524
126	129	0.6255429342036978
6	105	0.784051070988576
81	93	0.7139183006416556
81	78	0.6937970641494807
81	63	0.6885850653892925
81	98	0.7408721651085561
81	181	0.6706590687248247
81	97	0.6510678359755736
68	69	0.7771762684066036
68	172	0.7572130438434063
68	61	0.6771436690562809
68	169	0.6530911003541323
69	40	0.6863965439509779
69	62	0.6258106867469916
69	172	0.6790020119429883
69	61	0.6595574893978718
69	67	0.6470747975029526
98	199	0.6885377359015914
98	95	0.6565810447074331
98	78	0.6462136580181197
98	97	0.6329903375349953
95	197	0.771490747609057
95	199	0.6224776802554045
197	181	0.6227960883612406
43	148	0.7708422644422424
43	52	0.7047572236009592
43	14	0.670378362366543
43	171	0.6538016298778829
43	44	0.6954943532981014
43	149	0.6892628102736529
43	31	0.6308218348504961
148	149	0.739171267252591
148	44	0.6937348214916735
148	52	0.6361680063268945
148	152	0.6220303363354595
44	149	0.7612621765564319
194	180	0.6618002262789393
199	181	0.6589808180464519
199	139	0.6195657582205072
28	132	0.7621814934124131
28	131	0.6921024525506198
28	76	0.5796397460261999
28	29	0.7037844994236923
28	129	0.6518679052455922
91	180	0.7629348019826874
91	84	0.7170323204675556
91	179	0.7158886134661471
91	94	0.7161663770838852
91	93	0.6546767452487078
91	89	0.6454267213056364
91	86	0.6357034494940489
91	66	0.6328224972867058
91	82	0.6278020161142505
91	189	0.6193377347986169
180	94	0.7261764083659493
180	196	0.666033432669366
180	179	0.7105431512814429
180	84	0.666728353090345
180	93	0.6620137403482605
180	66	0.6603533760395475
180	170	0.6447552852348905
180	189	0.6360906121918888
180	175	0.6209439928912438
10	110	0.7618879813039355
10	2	0.7521249936714243
10	140	0.635059455990185
110	140	0.6958246303081981
110	2	0.6865763143168868
110	111	0.6346415806543091
110	13	0.6289517860519824
149	136	0.6326725896518659
149	24	0.6293867711444602
66	64	0.6397792883553426
66	170	0.7196699493080925
66	65	0.6463126564859509
195	196	0.7576265695345212
195	93	0.7060082855618525
196	93	0.7015976146602999
172	169	0.70148081083299
172	189	0.6372561195344307
12	112	0.7558273730925325
12	113	0.5477841512771165
112	103	0.6715000362575012
112	11	0.6984511499345148
112	109	0.6714396321488515
60	182	0.7554412580602284
60	183	0.7048981246246121
60	171	0.6943049913575409
60	67	0.6788834238512488
60	80	0.6787378354985151
60	174	0.6408471858199191
182	80	0.7076795231403935
182	171	0.7031733075158023
182	183	0.7041728981495451
14	152	0.7354105699167438
14	155	0.6960515251836737
14	51	0.6519024079901236
14	186	0.6318081981789567
2	104	0.6381461250818782
2	100	0.4060815283977794
2	140	0.6198059940857636
20	124	0.7512027916502272
20	17	0.6176211339066316
124	17	0.6475512058625404
51	155	0.7506620271963023
51	47	0.4464277906692566
51	189	0.6176396898868576
155	152	0.6525689306327456
22	123	0.7145600201819085
22	18	0.6259992420661216
67	171	0.7391304382111422
67	49	0.6141266161871479
67	42	0.5793475036946165
67	174	0.6358226105670994
171	31	0.650427890912527
171	169	0.6364655567899193
171	189	0.6189985878836091
65	169	0.7374791340543154
169	170	0.6826980707813413
11	109	0.6522472870025369
152	154	0.6632869696122928
152	186	0.6382350319993271
89	179	0.734854478086283
179	189	0.6496078742366627
179	192	0.5325299756676054
179	178	0.44283348012695134
29	26	0.6961185357153922
29	129	0.6628218718410306
94	84	0.693657003594892
123	24	0.6578591823448442
123	138	0.6408295060334903
123	18	0.6687122038119839
123	128	0.6268923632307746
123	33	0.6184801722222616
109	106	0.5234354328956551
109	5	0.5169218426483271
24	143	0.7232421904732612
24	33	0.6270804985122969
24	39	0.6485372710563683
24	34	0.6261086922229187
143	39	0.6698274003459092
143	127	0.6413890358970685
170	175	0.6630965095329172
170	93	0.6506182414229332
170	183	0.6174293485112189
86	189	0.7203922817510088
189	157	0.6520059000300803
189	84	0.6243423250288394
189	150	0.6235912066997741
84	82	0.653641288369187
93	175	0.640452175301736
37	35	0.6304062299865966
35	137	0.6736959531907794
35	62	0.6711869364611465
139	38	0.6733189457023696
139	36	0.6468189552270318
8	111	0.7094124286058404
8	104	0.6765747144641417
111	13	0.6461845366818041
183	175	0.6858514331787467
183	174	0.666033432669366
183	61	0.6260053232775424
52	156	0.6364179614389951
40	144	0.7043392258675009
40	41	0.6803793428409203
40	145	0.6628555105331752
144	145	0.6371076197198916
150	157	0.7037340271338619
157	53	0.6219015730827333
27	130	0.540951679393297
140	137	0.6673555651125386
174	175	0.6977539423433918
175	92	0.6659388340499677
175	167	0.6080741821030591
26	39	0.6383772476630551
131	133	0.5942818641204537
63	74	0.5741421060677997
41	145	0.641471435312167
181	79	0.669419212965477
56	162	0.6766289354610804
56	163	0.5700925862182132
162	57	0.5718517002613357
38	142	0.6765204861297958
142	7	0.6342412663536722
49	146	0.6725255413316624
146	119	0.6345340669620528
103	3	0.6442408177192177
62	165	0.5964701976206437
154	153	0.5772509616754283
73	184	0.654362362982514
184	75	0.4970044372425305
82	159	0.5539831651416947
82	168	0.507027108077727
82	59	0.4624552625793109
33	34	0.6494691303019948
135	147	0.6484561477741652
135	7	0.5382155265513168
1	102	0.6453683751052687
134	30	0.48984014873692716
156	122	0.5943853469304538
7	0	0.473537054907263
125	21	0.5722015487269662
125	53	0.6203414864572919
177	71	0.5275180635236916
76	188	0.6115727653594238
76	187	0.6111281274505524
76	75	0.5992460722844576
187	185	0.5254580566582142
161	163	0.5709222471950827
161	58	0.48564858697017066
163	99	0.514742110935595
163	118	0.4103732686838582
163	151	0.37629805381476766
54	159	0.5575906959932769
178	72	0.3684513498457441
100	101	0.4161197791650849
