126	128	0.9395971917901361
126	133	0.8508710117455206
126	118	0.7088456937487744
126	129	0.8039916833009437
126	25	0.801144653143314
126	23	0.7918229744562394
126	29	0.7632271971215768
126	132	0.6777064080655464
126	130	0.6680870405697527
126	28	0.6470050367816667
126	27	0.6340021104869975
126	131	0.6234811902307611
126	127	0.6008587120683468
126	125	0.5958191400858603
126	21	0.586005112174119
126	123	0.573498204954136
126	117	0.5685719006913303
126	16	0.5219382289969491
126	124	0.49827591540587324
126	17	0.48751089137407777
126	115	0.47528066020573173
126	26	0.4695477364367459
126	122	0.4628796695229382
126	143	0.46066098570983555
126	121	0.4586734481832059
126	14	0.44942539167547874
126	20	0.44614750110583257
126	19	0.4044768915106247
126	52	0.38966075785727855
126	18	0.3799917433817611
126	186	0.3769674090391714
126	48	0.3682612008428522
126	152	0.34892569602370527
126	15	0.3392812009686663
126	161	0.3359764007733869
128	25	0.8316612033445138
128	133	0.8443970312791651
128	23	0.8121797001324116
128	129	0.782272454690896
128	29	0.7789520327667899
128	130	0.7182883744710066
128	132	0.7097351568485532
128	118	0.7001323068420906
128	27	0.6599810177511217
128	28	0.6399387450716414
128	125	0.633577309998082
128	127	0.6329423892484266
128	131	0.6282077746815214
128	21	0.6111594526139339
128	117	0.5650289077749725
128	123	0.5560728327253045
128	16	0.5338683314441083
128	26	0.5167752691351528
128	124	0.5133073435200085
128	115	0.4980503653631556
128	17	0.497614110808099
128	20	0.48689315774021646
128	121	0.4823328854429293
128	122	0.4775456368818663
128	143	0.46140118893690785
128	14	0.45480356392832777
128	19	0.44437565215220043
128	18	0.41045642464911736
128	186	0.397334729136098
128	150	0.38702827645769045
128	52	0.37987195213129304
128	48	0.3788617769762622
128	136	0.36877971642390023
128	152	0.3630200663325286
128	116	0.34975975761426853
128	161	0.34632339337181395
128	15	0.3456631769289028
128	119	0.3442271264273495
128	53	0.343953829890035
23	25	0.9224326442567993
23	29	0.7699479844702876
23	133	0.7226884981440266
23	129	0.6853002481010779
23	27	0.6811627066935821
23	118	0.6546424600004499
23	132	0.6211712792283465
23	21	0.5777241823896057
23	130	0.5694915363603962
23	26	0.5498944499984859
23	28	0.549685130645542
23	17	0.5323508488674856
23	125	0.5296078622948527
23	131	0.5253856634714278
23	127	0.520977161178984
23	16	0.5124745982558095
23	117	0.4986892487011506
23	20	0.4971173768103678
23	115	0.4810196265323207
23	121	0.47667286259504804
23	124	0.4738628104162454
23	19	0.47103529313649023
23	18	0.4689238822878262
23	123	0.4510757487854727
23	14	0.44284955795473074
23	122	0.41020693627833144
23	186	0.3948559928748202
23	143	0.36793268908555105
23	116	0.35861884422813745
23	48	0.35135609564611275
23	161	0.34846013701609496
23	152	0.34011273049942464
23	163	0.33114167996195876
25	29	0.8342636307616296
25	27	0.7572258424048524
25	133	0.7647675319869364
25	129	0.6919356974821467
25	118	0.6644614377974732
25	132	0.663258966163803
25	21	0.6205506023329891
25	26	0.6051035588794863
25	28	0.5984379232966824
25	125	0.5841504458064762
25	130	0.5836957124950043
25	20	0.5755682284671856
25	17	0.555077308725891
25	124	0.5435918940976369
25	131	0.5391879528636284
25	127	0.5359243202545259
25	121	0.5166433270655681
25	16	0.5162986959606837
25	19	0.5159025302931529
25	117	0.4983360506975977
25	115	0.4778697909166729
25	14	0.46580542371437145
25	123	0.442254488694919
25	122	0.44153023074426573
25	18	0.4333305832921317
25	119	0.3836818819341846
25	186	0.37910156138445966
25	48	0.372532079860649
25	143	0.36625411950574416
25	15	0.3622210405836458
25	116	0.3614475630699159
25	150	0.35456887286119554
25	161	0.33403218085801933
25	52	0.33301010281310933
25	104	0.32999264447040655
25	152	0.3269952199686579
129	133	0.8941998651897869
129	123	0.8195022596334887
129	127	0.7767006285903469
129	29	0.6987224974372429
129	130	0.6844879407610287
129	132	0.6827674746560441
129	27	0.6626872903148655
129	143	0.6501335520855446
129	118	0.6441413646872929
129	125	0.6312611390561543
129	17	0.6029058464874144
129	117	0.579094992657362
129	21	0.5690386584370557
129	28	0.5684230023500382
129	26	0.5639728330992585
129	136	0.5613279866573029
129	131	0.5241755731295793
129	152	0.5168119153542897
129	16	0.5051376530889654
129	124	0.5012393657534353
129	150	0.4950441434130827
129	149	0.4781321060441195
129	122	0.4757836751283908
129	48	0.46471631407341596
129	18	0.4645987000636106
129	52	0.46439479694513924
129	20	0.4582785483171067
129	121	0.43357421899405757
129	49	0.422991653128027
129	19	0.420977929024967
129	119	0.41133745805064403
129	138	0.4030959136844056
129	155	0.39033907785585137
129	14	0.38877830949217446
129	120	0.3864499821547855
129	156	0.3770188816092521
129	115	0.37469171776617505
129	154	0.36420025728278393
129	146	0.3465785851658714
133	29	0.766134009455205
133	132	0.7201131648825688
133	123	0.7183367771752452
133	127	0.7024192525527577
133	27	0.7009064008786373
133	118	0.6825538849043608
133	130	0.677333140901673
133	28	0.6521151152772608
133	125	0.6441413646872929
133	21	0.6057433558269518
133	117	0.5943142046127571
133	17	0.5911356997330552
133	143	0.5885207752667044
133	131	0.5690859902019905
133	26	0.5606838307213274
133	16	0.5507519373826132
133	20	0.5298236826519892
133	124	0.5287006678533644
133	121	0.5025634932169833
133	152	0.4860611172868853
133	19	0.4742736978240732
133	122	0.473793016576569
133	136	0.4691500835347065
133	48	0.4524447180707077
133	52	0.4468440591565633
133	150	0.44591519485781334
133	115	0.4443596014039558
133	14	0.43819931483276775
133	18	0.4368732736350557
133	119	0.42115892332755367
133	120	0.3975115606523597
133	49	0.39481378760436064
133	149	0.37258375189658594
133	53	0.3621949764228913
133	155	0.35669154240804035
133	15	0.3465169918417859
133	154	0.3328233778607829
19	121	0.870247831928868
19	20	0.8540413924065533
19	124	0.7541115951597346
19	119	0.7186850714140973
19	17	0.6729251729233515
19	150	0.6304484092841848
19	120	0.6161716484315455
19	117	0.5619098831352871
19	49	0.5551326574024565
19	48	0.5506683311810447
19	118	0.5281745176876047
19	29	0.5087412506810186
19	42	0.49871930046300417
19	123	0.47555929150544274
19	27	0.47463014968468414
19	26	0.45969934015936487
19	125	0.439297514332779
19	154	0.4324529703390618
19	16	0.4153008661883018
19	115	0.413122100222483
19	149	0.408467130956798
19	136	0.40301215894012815
19	152	0.4020820281024332
19	132	0.3976125939795426
19	21	0.38442355991827076
19	122	0.35735466858554393
19	15	0.35393048266918203
19	53	0.35025115545772834
19	127	0.34460611861118867
121	20	0.8550395030790883
121	124	0.8347797054729219
121	119	0.7517077568637983
121	17	0.6615303707552112
121	150	0.6375707826870288
121	120	0.6024409936639756
121	117	0.5864711028001048
121	118	0.5813569701854698
121	48	0.5764035285848463
121	49	0.5480990432697063
121	29	0.5075024248212786
121	42	0.48629020725157396
121	123	0.484302541847408
121	27	0.4790110108438643
121	125	0.46694004327236915
121	26	0.46368859825100034
121	115	0.4484432885855118
121	154	0.43044275566026785
121	16	0.4265322185680887
121	136	0.42212092029759585
121	132	0.4182672462133995
121	21	0.4038410333510826
121	152	0.39362291332570315
121	149	0.3769159341406203
121	53	0.37579148554028946
121	146	0.35379926572189896
121	51	0.349154020528056
121	122	0.34137669725615827
121	155	0.33401441228927314
121	130	0.32779874998978226
125	132	0.8681451964506774
125	21	0.8444257282212648
125	130	0.7372053382198411
125	143	0.7340945757082862
125	122	0.6109589384865107
125	28	0.7658447272865299
125	155	0.7181043807706412
125	29	0.712355538333519
125	27	0.7059079609370434
125	52	0.695855578701113
125	118	0.671790949177495
125	49	0.6709230875910555
125	17	0.6598681178390257
125	154	0.6419831571272533
125	150	0.6343368947311906
125	48	0.6325466305858356
125	127	0.6282077746815214
125	136	0.6268559415029726
125	131	0.6040947681612366
125	124	0.5932005874716808
125	26	0.5924482589692349
125	149	0.5883900312199143
125	152	0.5845060684524597
125	156	0.5794338635310189
125	16	0.5707537111964415
125	53	0.568517760149323
125	123	0.5639250957897114
125	51	0.5596957211753297
125	20	0.5510514355264973
125	117	0.5450345255590519
125	119	0.5427600416354336
125	115	0.47518776191256207
125	14	0.47080182242582513
125	138	0.4670729671089382
125	153	0.4501911571965696
125	146	0.44837138480815386
125	18	0.4465398819747104
125	47	0.4201795089859043
125	144	0.40919171778471675
125	33	0.4059311998085706
125	44	0.40436815399585124
125	40	0.3780649851720254
125	46	0.3698419559279096
125	120	0.35898477395063433
125	15	0.357494228227321
132	28	0.836168818578604
132	29	0.7549557251810632
132	21	0.795376808035601
132	131	0.7362909346540653
132	130	0.7172557444984073
132	27	0.707364893401802
132	143	0.7039661408509473
132	118	0.6875688244252692
132	127	0.6330742353520986
132	52	0.6177139069313916
132	26	0.6059205867588356
132	16	0.59844434197879
132	17	0.5863923710621465
132	122	0.5792677753757552
132	155	0.5781637296748942
132	48	0.5438595517800812
132	117	0.538982230559798
132	123	0.5386202870406829
132	152	0.5288735600569859
132	124	0.5230069515637317
132	49	0.5229778924066768
132	136	0.5163647021024953
132	150	0.5102590893678227
132	156	0.48960449540551987
132	20	0.48600765334658225
132	115	0.4745991600475156
132	14	0.4714242643707962
132	53	0.46937622323900785
132	154	0.46514742515164115
132	18	0.46320176276655267
132	149	0.45757517873372355
132	119	0.45035060842213376
132	51	0.4283711087863101
132	138	0.38351131120478404
132	15	0.3611606414894664
132	146	0.3539217353060884
13	111	0.8637430886490509
13	113	0.8067674146519861
13	12	0.7842051282320935
13	10	0.7731451934491078
13	30	0.5723024278758739
13	102	0.7845898487209275
13	2	0.77863724968869
13	110	0.757745824787857
13	36	0.7242612220940078
13	114	0.7048075517794549
13	139	0.6833222622320497
13	104	0.6635389170724002
13	103	0.6536183776475378
13	32	0.647313064901741
13	0	0.6436262007284452
13	3	0.6384127947708444
13	1	0.6309843643936293
13	108	0.6266737917653626
13	112	0.6252263093002679
13	11	0.6169836281239188
13	7	0.5889128227610493
13	105	0.5781237846871563
13	9	0.5666740514901193
13	141	0.562375000295525
13	100	0.5448447045409262
13	109	0.5210063038835624
13	101	0.4925336546287905
13	8	0.472869627381813
13	70	0.448802720405711
13	134	0.4455546006871168
13	144	0.43287562715857525
13	140	0.3907882316572652
13	99	0.34866219319114133
13	106	0.33456512748256245
111	110	0.8061030570420481
111	102	0.7940504633279928
111	113	0.7971699462965391
111	2	0.7740286316882281
111	10	0.7376341775114177
111	12	0.7323699391294916
111	104	0.7256560583169752
111	1	0.6621822282230965
111	139	0.6406231916271203
111	36	0.612998007108848
111	114	0.6073110235617665
111	103	0.5893959665694859
111	105	0.5853547030265323
111	108	0.574945984843602
111	8	0.5724234599940998
111	112	0.5697617465490243
111	3	0.5515456451296036
111	100	0.543176101160021
111	11	0.5429152136424589
111	0	0.5360383560948935
111	30	0.5166946407868037
111	141	0.5151389225009725
111	7	0.4765260205310535
111	32	0.4751645356837365
111	134	0.4706305686490581
111	9	0.45341444072765485
111	101	0.4353508385431934
111	109	0.4132464920327455
111	144	0.38520732354817
111	107	0.36898705843365365
20	124	0.838470282263124
20	119	0.7894612209549805
20	17	0.7431999525901943
20	150	0.7015163638141929
20	49	0.6552820072567824
20	48	0.6314235189071701
20	120	0.6184554723201561
20	29	0.6129730371588691
20	117	0.5777841404011337
20	118	0.5776375653648155
20	27	0.5769841875605126
20	154	0.5237475492256007
20	42	0.5189706888966141
20	26	0.5086671286763881
20	123	0.5035494460937421
20	21	0.4834371089131221
20	53	0.4833987935589145
20	149	0.4693450352150255
20	152	0.455841976026898
20	136	0.45485115185277547
20	155	0.438296267497409
20	16	0.4359098945751596
20	115	0.4352859987132953
20	51	0.4258857253493797
20	122	0.4205746848605581
20	15	0.4052628070051494
20	130	0.40179695692742906
20	28	0.3742360360747417
20	52	0.36809695645199836
20	14	0.36599433359325606
20	127	0.36197775305835034
20	40	0.3341565541912505
9	108	0.8476937187225998
9	3	0.7841281116903962
9	109	0.7664642379289894
9	105	0.7520424633596866
9	5	0.561991988472585
9	103	0.6952412861488163
9	0	0.6204952567166154
9	12	0.6160041307914079
9	32	0.5996881132992273
9	6	0.5519282176083621
9	114	0.5469366716116726
9	106	0.5319279205617874
9	102	0.5316840785573264
9	36	0.5102960702073872
9	112	0.49416792033049184
9	70	0.486595556573667
9	11	0.4794269993651707
9	139	0.4695945066144323
9	113	0.4445923093276379
9	101	0.427137399439287
9	10	0.41591304658066564
9	110	0.40028645954518594
9	141	0.38415081644738974
9	7	0.3840911448723697
9	38	0.3818383344148736
9	1	0.37894742010668053
9	140	0.3672840410608368
9	2	0.36573449062640195
9	30	0.34109395855509717
9	39	0.34062553681470786
9	35	0.34055481694824563
9	31	0.3273256174060427
9	197	0.32683445716533266
108	12	0.7234567349636108
108	105	0.7508104015388449
108	103	0.7310085733289706
108	3	0.7204307623300691
108	109	0.6708625982839362
108	102	0.6541965066430265
108	139	0.5866941158821614
108	114	0.5822433913746644
108	36	0.5803962260764645
108	0	0.5780771786988798
108	6	0.5574321843659914
108	32	0.55336599965334
108	113	0.5504801768257036
108	112	0.5402085177065287
108	70	0.507932914005414
108	110	0.5034001434684142
108	141	0.5003478110574487
108	106	0.49811051863296363
108	5	0.49104010850593827
108	11	0.4812885982797082
108	2	0.4438458268531145
108	1	0.4418360988115726
108	10	0.4283629437694022
108	140	0.40948307279413354
108	30	0.4078920923018075
108	7	0.4074084759995413
108	31	0.3991017148978776
108	134	0.3791957484770448
108	38	0.37628946978471955
108	101	0.36854641278880074
108	100	0.35521567091229034
21	28	0.7680683119122106
21	27	0.6974716073318894
21	52	0.6845198280269406
21	29	0.6819766097759751
21	130	0.6799709479414505
21	118	0.664176510858648
21	143	0.664081492305406
21	155	0.62050140653482
21	17	0.6093582888338422
21	26	0.6074498631399345
21	122	0.5968630308558394
21	16	0.5745910750575449
21	49	0.5727460903859186
21	48	0.5697414850561388
21	131	0.5677253920137302
21	127	0.5676033957299107
21	136	0.5567218293225623
21	154	0.5256100575877015
21	53	0.5230650662303469
21	152	0.5115522956826966
21	156	0.505934196723335
21	124	0.5058002590213766
21	115	0.5015088703860725
21	117	0.5011869507775741
21	51	0.49978536104645677
21	150	0.4980578847840404
21	18	0.489072111825645
21	149	0.4832455136206137
21	14	0.48188769505665136
21	123	0.4745526733855826
21	119	0.4379649704648309
21	146	0.39331864826243723
21	138	0.38256416822498696
21	46	0.3821970406515849
21	15	0.3780649851720254
21	40	0.37312616875365673
21	153	0.36982469146165664
21	144	0.3610649857606587
21	151	0.3359231725089569
21	44	0.3342276194431286
21	47	0.3306162737116202
136	149	0.8434184471618655
136	123	0.7706392851249643
136	138	0.7278312476466194
136	33	0.6967468129907901
136	146	0.5796198251468532
136	150	0.7462064877011774
136	154	0.7263984864309551
136	143	0.7220237982012567
136	155	0.6931689759625924
136	49	0.6912261642385732
136	152	0.649139440073426
136	44	0.6435676224270139
136	17	0.630978345768334
136	48	0.6240737647388878
136	127	0.6170517499326286
136	130	0.6136592646405405
136	156	0.6099426322186265
136	52	0.572107379229562
136	117	0.5245525951138632
136	119	0.521981882458939
136	164	0.5175151554594852
136	27	0.5136828681213425
136	51	0.5131158239156519
136	46	0.5014489888754775
136	47	0.4900225408819907
136	120	0.480250636770592
136	26	0.47780805731972065
136	153	0.4700386918414037
136	124	0.457907177391616
136	18	0.4447768281222395
136	122	0.43264806634937886
136	118	0.4324773595554921
136	142	0.4298885845960307
136	144	0.4289996049640339
136	53	0.4159295867698314
136	16	0.40653238229673744
136	42	0.40131886873832945
136	28	0.38635640597204424
136	31	0.38122314176001154
136	29	0.37553382227190185
136	173	0.3545251580405163
136	34	0.34982996909850284
136	22	0.3378291775765618
136	176	0.3309635991327778
149	44	0.7807934760804387
149	154	0.7798940308605187
149	150	0.7690506697468344
149	49	0.7342006119884654
149	123	0.7132213392185028
149	152	0.7126755473458796
149	155	0.702540817783356
149	143	0.6831943042851182
149	156	0.6748575494899451
149	33	0.6709230875910555
149	17	0.6648466199270605
149	164	0.6480503103859376
149	48	0.6448896521498493
149	138	0.6361263341524866
149	119	0.5913698509839015
149	142	0.5609443159937826
149	127	0.5603134764587742
149	120	0.5544542973933919
149	52	0.5479451154747719
149	47	0.5168852021109134
149	153	0.5153299012092583
149	51	0.5019578285500508
149	46	0.49872681321612994
149	124	0.48393503994119963
149	130	0.4818953728621463
149	117	0.4473721214005998
149	26	0.4375122749404732
149	31	0.43242858048979177
149	176	0.42462422209467465
149	146	0.42253174051977915
149	18	0.4188281223089086
149	173	0.411470377540844
149	27	0.4110632563465355
149	144	0.39234611329053315
149	118	0.3855649441022698
149	22	0.384184913049451
149	53	0.3827178136813575
149	42	0.36692929566325727
149	122	0.36595969116020594
149	16	0.35669154240804035
149	157	0.34498499849307385
149	177	0.33244095485661285
149	148	0.33137314977675003
124	119	0.8052961072689242
124	150	0.719920534594695
124	17	0.7169011116129974
124	49	0.6940096483763897
124	48	0.6442525166438532
124	118	0.6408295060334903
124	29	0.5957868891474857
124	117	0.5770909119866418
124	26	0.5721813708189682
124	154	0.5673322036184865
124	120	0.559283538386807
124	123	0.5235298084683725
124	27	0.5230723302217162
124	155	0.48996174826618594
124	115	0.48596946259051965
124	42	0.4784406029024333
124	152	0.4724347314471102
124	122	0.4536845003018984
124	16	0.44556261546238435
124	130	0.43399637074451186
124	53	0.4294401209144126
124	146	0.42943196506756287
124	144	0.40959959141946883
124	127	0.39938752016383444
124	51	0.39858034090518246
124	15	0.39756207852096176
124	52	0.38738530622839135
124	11	0.38323834361079323
124	28	0.3715412529885278
124	112	0.36725808770188156
124	14	0.36595969116020594
124	40	0.35687481061775067
124	18	0.35155768559732276
124	157	0.3394935568569832
124	116	0.3372355094219087
28	131	0.7618040631770231
28	29	0.7097202682513346
28	143	0.6798257586216704
28	52	0.6653206340643856
28	118	0.6240188137783703
28	27	0.6151532749567988
28	130	0.609440011081483
28	16	0.5895460470725217
28	122	0.5192994133459957
28	155	0.5112273642976671
28	26	0.5055174215552404
28	127	0.489688122519508
28	17	0.4811963896004525
28	117	0.46768258231002824
28	53	0.44893846798742965
28	14	0.4434683377192983
28	152	0.44272896730475486
28	115	0.4409262425567264
28	156	0.4391441681735116
28	51	0.4345724626088749
28	48	0.4298885845960307
28	123	0.3977977967055127
28	49	0.39633212666601386
28	18	0.3818468763771205
28	154	0.36170834148252134
28	15	0.3462089804074169
49	154	0.8356566941921744
49	150	0.791748359365421
49	17	0.7863518035374277
49	48	0.7729037335620444
49	42	0.5789155093713386
49	155	0.7545641181650926
49	119	0.745247683890702
49	152	0.6542708638198514
49	47	0.640452175301736
49	52	0.6307074290152216
49	153	0.6170827113342586
49	51	0.6135283290845502
49	44	0.6126108352755751
49	156	0.6124733810002869
49	123	0.5963864420971823
49	33	0.5932718752566505
49	120	0.5724705213050645
49	27	0.5591735762399521
49	46	0.5353039080843267
49	53	0.5327663500220585
49	143	0.5274531052175266
49	146	0.5126368013186552
49	130	0.50282504767695
49	118	0.48815860597652466
49	26	0.4832225190740533
49	117	0.4726677400430706
49	122	0.4599674482599973
49	29	0.4552079784856836
49	164	0.44434355037041645
49	15	0.4394589036898187
49	138	0.4311920002538976
49	14	0.4297744503149961
49	144	0.42631131416132684
49	127	0.42054175962929674
49	16	0.40911678443290067
49	157	0.4035062143155607
49	168	0.39450986047310416
49	40	0.39174524019439694
49	115	0.38445764813514316
49	34	0.3743306263932819
49	142	0.36970383304728466
49	176	0.36561321105780603
49	173	0.3575291156434918
49	22	0.35342303329324476
49	177	0.3530817003207061
49	18	0.3392015585929766
154	155	0.7929393682795961
154	150	0.7455853930273364
154	48	0.7162589145779095
154	47	0.7102608137574181
154	153	0.7071299869151719
154	152	0.674525226680508
154	17	0.6650530213639112
154	119	0.6516205565875495
154	156	0.6446559449415495
154	51	0.6430283482263647
154	44	0.6249277627507168
154	33	0.6107019151563771
154	123	0.5878471145517155
154	143	0.5850127718455634
154	52	0.5833065919386583
154	46	0.5831746258611209
154	164	0.5411214264593821
154	120	0.5343757780822841
154	53	0.5307724772072774
154	138	0.5187660717299355
154	146	0.5099261769002957
154	130	0.48751089137407777
154	117	0.47365341104019376
154	173	0.4693606293734011
154	157	0.4671589654029423
154	42	0.46149563678019456
154	27	0.45761470907707574
154	122	0.4539147794064793
154	127	0.43552102160788003
154	142	0.420023041152074
154	26	0.41936395531176673
154	168	0.4078670832745543
154	118	0.40320478475764754
154	144	0.3927521477655917
154	16	0.38085557389479396
154	174	0.3673359460629328
154	176	0.35988170581905243
154	50	0.3572848827793628
154	151	0.352792806676927
154	171	0.33951125161933265
154	22	0.33812148255616803
154	34	0.3368454918019285
154	29	0.33681002991955433
29	26	0.6525918961849
29	27	0.7355023906690603
29	118	0.6812752542397297
29	130	0.6390225955480187
29	131	0.6267648751965469
29	17	0.6137839337993856
29	127	0.5792677753757552
29	16	0.5615881972793766
29	143	0.5250742860865512
29	117	0.5242190861591312
29	122	0.5221055524191016
29	52	0.5023990404513233
29	115	0.5018156877112192
29	123	0.4746921254289882
29	119	0.46373569651363933
29	48	0.4604009750123743
29	150	0.45331910569956646
29	14	0.44836339514131807
29	53	0.44654788796029826
29	15	0.4205088332903019
29	152	0.4163926003202073
29	18	0.4143156247623972
29	155	0.4108721020674762
29	156	0.3406608953026755
29	51	0.3359497869094022
29	186	0.3316490808917387
29	116	0.33141765863104133
61	81	0.8288339939834483
61	37	0.8048386810204544
61	93	0.7280850891593748
61	63	0.7136485183744801
61	74	0.6990498945841089
61	181	0.6502778602187613
61	90	0.631381425742952
61	79	0.6259566714543238
61	167	0.6245802437829644
61	183	0.6075066504549304
61	98	0.6028931162431079
61	196	0.5994126814000016
61	166	0.5738671934240087
61	95	0.5734713603459802
61	169	0.5669726844392504
61	185	0.5628260974743815
61	96	0.5612663415629632
61	198	0.551489978881417
61	60	0.5384143873108886
61	78	0.5339469751319149
61	92	0.5267381568307928
61	65	0.5056886256378886
61	69	0.49313934432077705
61	55	0.4774607179032967
61	190	0.4743124501280585
61	97	0.47429694942702405
61	197	0.4681043631700577
61	54	0.42027008420900036
61	193	0.4076086208260149
61	88	0.39865604022354056
61	80	0.3917537055179021
61	85	0.38037670035329746
61	32	0.3787161687613783
61	68	0.3786733392472265
61	99	0.37216169601686144
61	67	0.3646511980908543
61	5	0.3464465958125132
61	73	0.3459449111858325
61	66	0.34397146368398657
61	94	0.33319680165111815
81	74	0.828646080030064
81	90	0.7874560696900423
81	96	0.7691732097915158
81	63	0.7522422330186932
81	185	0.7247458185278705
81	78	0.712449110089216
81	80	0.6949725364450794
81	93	0.7613798858348143
81	88	0.6233283486091191
81	95	0.6200953548200806
81	73	0.6195472737288046
81	181	0.6140207208876579
81	198	0.6095468590988778
81	37	0.6064582409261419
81	190	0.5969788942207989
81	65	0.5870088064438913
81	98	0.574477190267922
81	193	0.5722957031380779
81	79	0.5630378608229974
81	55	0.5589673441767924
81	60	0.5542672726831724
81	196	0.542174286316661
81	94	0.5373056854641103
81	167	0.5323293504469399
81	97	0.5272076515133658
81	183	0.5214724219516732
81	184	0.5150801495277563
81	85	0.5075246977208295
81	92	0.48856220314140475
81	69	0.484111155917232
81	54	0.47939619278431567
81	91	0.47557476822544403
81	87	0.4712298016654976
81	84	0.4672215040656526
81	197	0.45297740334452274
81	75	0.45251629159597695
81	169	0.4433237257272897
81	180	0.41236712618652305
81	76	0.41138730491008757
81	66	0.40491172720431845
81	58	0.39035603043159006
81	83	0.37527610094021163
81	182	0.34180068948415754
81	99	0.33560375787121366
74	185	0.7127985488193355
74	90	0.7108895688247491
74	93	0.6917845119020225
74	63	0.6734829050575762
74	80	0.6455958826990751
74	78	0.6246351316541637
74	96	0.6049957933488269
74	60	0.588945480883742
74	73	0.5810722286708564
74	193	0.54502749614708
74	183	0.5439229281887165
74	167	0.5401093657423578
74	190	0.5370068709565379
74	181	0.5296510318537563
74	37	0.5274603231116735
74	88	0.5152784888982369
74	94	0.5107101266765359
74	196	0.5074430271067426
74	65	0.4993275906415388
74	198	0.4888286150157375
74	79	0.48088126293240535
74	95	0.47174308398703213
74	55	0.45891030118502485
74	85	0.4519992407319379
74	97	0.43966866744434074
74	184	0.4374071531708911
74	169	0.436314797572712
74	98	0.40714989766681114
74	92	0.403054037156209
74	91	0.40262680017546226
74	180	0.4020065756683699
74	87	0.39877378392190127
74	75	0.38893957934852463
74	84	0.3705582059469465
74	182	0.37039428395077617
74	76	0.3628377269841097
74	54	0.3596118253200077
74	69	0.3473702329766402
74	194	0.3453109214557451
74	197	0.33653516793855365
74	58	0.3322185656255404
36	139	0.8279554616492786
36	32	0.7754279140490018
36	113	0.7643520837821021
36	114	0.7588719871402194
36	141	0.7053405944396228
36	70	0.6572915878405813
36	110	0.6418773305267215
36	12	0.6261451701268583
36	7	0.6207842156745413
36	10	0.6170331721745936
36	2	0.6050908817324075
36	140	0.5821442338203533
36	102	0.5786228978488642
36	103	0.5326517546520217
36	112	0.5195768832637867
36	0	0.5194892730182908
36	30	0.5077622331130818
36	11	0.5047502366658563
36	104	0.4921851668224963
36	31	0.4909718063225372
36	3	0.47934998069771656
36	134	0.4703424709536938
36	109	0.467612264780254
36	100	0.46211715726000974
36	105	0.46008570459198217
36	144	0.4565705017416239
36	35	0.4395395877310146
36	38	0.4334199237398513
36	1	0.4094331321504169
36	101	0.3972926220439515
36	175	0.3899066977619745
36	39	0.38404852035419873
36	135	0.37705319536227294
36	40	0.3677856935514372
36	137	0.35996875120193994
36	199	0.354953496433469
36	172	0.35434153887112985
139	114	0.775706860676419
139	141	0.7121929587569363
139	70	0.7053405944396228
139	113	0.7430924965062192
139	110	0.6554474514048781
139	32	0.6311949684304424
139	7	0.6243972396425004
139	140	0.621435291577413
139	102	0.5923833546181598
139	31	0.5810722286708564
139	12	0.5800512890886963
139	2	0.5698292798562267
139	112	0.5573563600873574
139	10	0.5443874989252208
139	38	0.5308371193711471
139	11	0.5130937222108992
139	103	0.5039225710968732
139	135	0.49766677558731215
139	134	0.4925715242261093
139	109	0.49043276636255223
139	144	0.48414178077973086
139	105	0.4778697909166729
139	176	0.4559449569757986
139	30	0.45559635681727023
139	104	0.45314429787531696
139	100	0.4452980901719533
139	0	0.4451698074954608
139	199	0.4376578084194882
139	3	0.43324123432693756
139	35	0.41932274775410355
139	137	0.4117444687157369
139	164	0.40475286615083367
139	142	0.3981681049078811
139	101	0.3701354127708958
139	1	0.33812148255616803
123	127	0.7070649852065242
123	150	0.6958039966105574
123	143	0.6847482767906123
123	17	0.676401157964566
123	152	0.641336057029589
123	130	0.6268134460243417
123	27	0.5987844221976966
123	48	0.5760628713969789
123	117	0.5679557614163726
123	138	0.5605192565046303
123	44	0.5469436801761124
123	120	0.5363518538016224
123	155	0.5311387011354133
123	118	0.5234572130140615
123	119	0.5119361169582475
123	156	0.5014864153826498
123	52	0.4960023032430625
123	33	0.48359035180676374
123	26	0.4582153475383845
123	146	0.4533667745102626
123	18	0.4347265677699482
123	122	0.4087003875617783
123	16	0.39015258205466274
123	51	0.38759776880387464
123	46	0.3858543616398893
123	53	0.3675002968078059
123	42	0.3665657872496061
123	144	0.3600035676005351
123	164	0.3594899240766935
123	142	0.3412353356240625
123	14	0.33263662680513223
123	47	0.327727344279038
113	112	0.6818375090596496
113	100	0.5929347964871133
113	110	0.7518642912578911
113	114	0.717857283986868
113	102	0.7177942695870506
113	2	0.7163806360711693
113	10	0.7143690994348509
113	104	0.7033350462524368
113	12	0.6883220495529607
113	7	0.6118356089059492
113	32	0.6083955077787984
113	11	0.6035483246272595
113	141	0.5972041128237883
113	103	0.5736525375502874
113	70	0.5541356291410899
113	0	0.5338826309835187
113	3	0.5237330353034765
113	144	0.5108062130682429
113	1	0.5101037492357655
113	101	0.48596946259051965
113	134	0.47945010352542944
113	30	0.47531936470062636
113	105	0.47136204129121456
113	109	0.4611177826546875
113	140	0.4570690306065887
113	8	0.39388485026560666
113	135	0.37989762275773836
113	39	0.3437157499299374
113	40	0.3395200989103951
113	99	0.331310834902896
110	2	0.8026439020715453
110	10	0.755209336880209
110	104	0.7065595647418575
110	102	0.6991163613453034
110	114	0.6527009661849663
110	12	0.6072731517825755
110	100	0.5917078934848586
110	8	0.5464318535047425
110	1	0.5313037960506294
110	11	0.5299747160870533
110	7	0.5295934718321846
110	141	0.5295574943418128
110	0	0.5292984001694446
110	30	0.5204159273955175
110	32	0.5193213228482402
110	112	0.5128284486830915
110	134	0.5088079540372982
110	103	0.4990272618896939
110	105	0.49254880269155116
110	3	0.4889503729453197
110	101	0.47224050715545063
110	144	0.46672888556712655
110	109	0.3706789758070813
110	140	0.3484952795475618
119	17	0.7641441213751738
119	120	0.6628274784755305
119	150	0.7208249325880559
119	48	0.6932053403720189
119	152	0.5953545411802991
119	117	0.5604712473495889
119	118	0.5484277646609381
119	155	0.5321071598942837
119	27	0.4708251724653409
119	42	0.4668305607365968
119	51	0.4539624157914328
119	53	0.45324759762136463
119	15	0.44817162164497293
119	115	0.44571488262167025
119	26	0.4363228938313607
119	16	0.409349892291549
119	52	0.40903351868096705
119	14	0.39883265084143227
119	44	0.39576721977734175
119	122	0.3905594406917848
119	47	0.38485810613375177
119	156	0.37720759444142166
119	157	0.36244690624571674
119	153	0.34632339337181395
119	146	0.3445003646437187
119	143	0.34434171729792284
119	46	0.3427806385306558
119	130	0.3399358538040695
37	63	0.63667967589428
37	93	0.6033321322687825
37	169	0.592954248990899
37	166	0.5714679734142711
37	167	0.5527760041246212
37	183	0.5382013199174546
37	92	0.5078438680797344
37	90	0.49978536104645677
37	196	0.49609277566350607
37	79	0.4926321117019686
37	32	0.47593838638340646
37	60	0.4448570419115652
37	69	0.4409987422438756
37	65	0.4345967966948621
37	185	0.4317454078557098
37	98	0.4287955932533131
37	39	0.41437360706010984
37	67	0.39735999258833965
37	175	0.3970736381998708
37	181	0.395725050527529
37	68	0.3916097859987014
37	78	0.3875552795819928
37	30	0.38177853885266855
37	95	0.37851913956807076
37	66	0.3702130801632745
37	54	0.3672148308327449
37	141	0.3637664992452384
37	88	0.355582621312568
37	5	0.3453109214557451
37	55	0.33940507944104154
37	96	0.32889614099137904
2	104	0.7446334964968723
2	10	0.7619718738602599
2	102	0.7061035677165441
2	1	0.601733378783238
2	12	0.6001745758606907
2	11	0.5836363724395068
2	112	0.5764302383278979
2	30	0.5679354382825071
2	7	0.5631266428118529
2	114	0.5532133481364336
2	100	0.5510444720649712
2	8	0.5464458815960224
2	0	0.5441622941810161
2	134	0.5411567848827838
2	32	0.5242988529375977
2	103	0.5168265733116626
2	144	0.4967333135721929
2	101	0.4736766802829264
2	3	0.45819164605172163
2	141	0.4483394257109378
2	105	0.40220777002410674
2	109	0.3983532103654665
2	40	0.362168911695712
2	39	0.33848455848652126
166	183	0.7992021653486265
166	175	0.7534855032229301
166	165	0.6445098167158236
166	167	0.7109192457201502
166	169	0.621735970902911
166	196	0.6084521916164383
166	140	0.5325944496415934
166	181	0.5145730315925342
166	60	0.49982287083872734
166	35	0.493320958083576
166	141	0.4868473802997712
166	79	0.4848534743977531
166	170	0.48126554710833214
166	199	0.45925756762999426
166	32	0.4330706353813364
166	93	0.4308988883218426
166	182	0.3761349461978933
166	98	0.3537817690765037
166	195	0.3522586140693162
166	114	0.3499001766529142
166	137	0.345381380338579
166	197	0.34119115694804697
183	196	0.7574390661696083
183	167	0.7152689209519305
183	60	0.7070399813672432
183	169	0.6960566802705344
183	182	0.5650289077749725
183	93	0.6295256416664904
183	185	0.5891479183159972
183	170	0.5756752140081769
183	194	0.5443241680199109
183	195	0.5169364983329803
183	175	0.5120984413843604
183	180	0.492048759062071
183	181	0.4839197236554176
183	193	0.45522383405525635
183	165	0.4395960623398817
183	90	0.42138100686194374
183	79	0.4162107278779392
183	63	0.4161941923676964
183	198	0.40755024929576256
183	66	0.3934792433429237
183	65	0.369902379548442
102	1	0.6950707559775022
102	103	0.6580576640898476
102	12	0.6420478168996954
102	104	0.633643149186401
102	114	0.6186900720497869
102	10	0.6044439403439237
102	3	0.6016632032750624
102	112	0.6014270902092008
102	0	0.5864973442503201
102	100	0.5727662488970198
102	30	0.5701870778979744
102	32	0.5421460438224516
102	11	0.5323293504469399
102	134	0.5312894415725734
102	105	0.5224982407953022
102	109	0.5136681453718679
102	141	0.5069899609604446
102	7	0.484302541847408
102	101	0.4592654584186207
102	144	0.4053798070541937
102	106	0.3892111378620594
102	39	0.35971630233117674
102	70	0.34887299986902676
102	8	0.33729754701210085
155	153	0.7454076990737253
155	156	0.739207555173688
155	52	0.720002416024783
155	51	0.7113344564840753
155	47	0.7272287517320755
155	143	0.6945017568542795
155	150	0.6579045576603982
155	48	0.6199845557390306
155	33	0.6188752044607817
155	130	0.6106893741397857
155	17	0.5896765187786427
155	53	0.5779972739432734
155	152	0.5778773960252916
155	27	0.5603477779381713
155	138	0.558499628725734
155	44	0.5538445292526054
155	164	0.5531092462499149
155	173	0.5494827229711018
155	146	0.5415597356656807
155	142	0.5175883694766918
155	176	0.499079828078803
155	46	0.4944399592268431
155	122	0.490675760443672
155	26	0.48404224564001247
155	127	0.4614641553279799
155	174	0.46012511974245346
155	168	0.45533481495809713
155	157	0.44849122121276574
155	144	0.44573090924367026
155	118	0.4290077645224185
155	42	0.42211270212361895
155	40	0.41667361037462214
155	137	0.40974106035705143
155	117	0.3970904847165993
155	16	0.3969557050910848
155	112	0.38254709520121494
155	177	0.38253855859135916
155	179	0.3781249782649264
155	50	0.37301426233402446
155	70	0.36715426854732686
155	38	0.3660376352082015
155	171	0.3589063697238265
155	120	0.3471327905539587
155	34	0.3447030520649047
155	11	0.3355860103497392
155	18	0.32736133125602884
150	17	0.7112899933414688
150	48	0.6933351844561805
150	152	0.5925456010770472
150	44	0.585762118235655
150	130	0.5520950855595927
150	120	0.545287533356589
150	27	0.5389467546960275
150	146	0.5368147047211211
150	42	0.5341042347944517
150	138	0.5284772838113181
150	156	0.5282754546582595
150	127	0.5234717327129738
150	143	0.5232103316190578
150	33	0.5205981954935431
150	51	0.5052791583369053
150	117	0.5035718388941189
150	47	0.4949157942924453
150	53	0.49053908566014714
150	153	0.487716694224985
150	52	0.48227149467518776
150	118	0.473793016576569
150	26	0.46636901282173354
150	144	0.465343311836732
150	122	0.4648652682815604
150	164	0.4544783102722012
150	157	0.43052422405665813
150	40	0.3707652323191358
150	46	0.3673878487770903
150	142	0.36183001871069104
150	173	0.32836093904302543
90	88	0.782466403717559
90	93	0.7727023458428437
90	193	0.718554503303791
90	65	0.6792983272011263
90	92	0.6294109254280442
90	190	0.6253359335330808
90	185	0.6459048760999716
90	85	0.6275474858714886
90	55	0.6011142381639392
90	80	0.6007372941348086
90	94	0.5923314256004262
90	63	0.5775842561140087
90	194	0.551587391592129
90	73	0.5463406634376341
90	91	0.5285925879423152
90	87	0.5158291420493557
90	196	0.5137270345546969
90	96	0.5117147065368463
90	78	0.5023616597521453
90	169	0.4913284289453372
90	66	0.476193595566354
90	54	0.4731180359655341
90	180	0.4612673699213899
90	181	0.4605506877932894
90	60	0.43489686491094726
90	79	0.41493668858092303
90	69	0.4073167298716096
90	58	0.39607078910361365
90	184	0.39152511850577076
90	83	0.3747862705415282
90	84	0.36947071363248724
90	57	0.3608997443322462
90	198	0.35264395642105534
90	97	0.35228489120768225
90	75	0.3496281004912083
90	167	0.34866219319114133
90	67	0.33817462190983283
79	181	0.7871899840051358
79	99	0.597795667108348
79	197	0.62752930000453
79	98	0.6113035237081993
79	95	0.6065783466816451
79	196	0.5363874691809201
79	78	0.5229125048580266
79	32	0.5185760168414372
79	167	0.5120467966700992
79	198	0.509911377243481
79	114	0.5083112380883376
79	93	0.4888590562839045
79	199	0.4793037659528294
79	7	0.43637956566362524
79	63	0.4143156247623972
79	169	0.40982426817375384
79	135	0.40699972544981505
79	175	0.40544665826300313
79	193	0.39591058274275653
79	185	0.3796152136906802
79	69	0.37750775485193333
79	97	0.3698074267400088
79	101	0.36091713923417845
79	5	0.35147880645435176
79	106	0.3486094860080821
79	109	0.3469128967690234
79	30	0.34146504043509057
79	35	0.33138205166560736
79	54	0.3303846736597601
181	197	0.6705049791974305
181	198	0.6496367737784565
181	196	0.6491567982750044
181	98	0.6346535251039808
181	167	0.5822103407808573
181	95	0.5697820073492685
181	199	0.561971463176393
181	78	0.5583344678312222
181	99	0.519029140023661
181	93	0.5082593228632195
181	135	0.5056737399070617
181	193	0.49930507014547565
181	185	0.49756144235981487
181	114	0.4310943063843187
181	190	0.4242880889433911
181	169	0.40086574127470775
181	182	0.39363981441268986
181	96	0.3806760202401063
181	63	0.3731433841624278
181	32	0.3632457812954611
181	101	0.36209071411591115
181	175	0.3602907646230994
181	57	0.35869726702398613
181	7	0.3538605020307939
181	55	0.3447206755395229
181	97	0.34397146368398657
181	85	0.3401215737026531
181	106	0.3298054994848341
17	152	0.7370637821043563
17	48	0.7426039842586365
17	118	0.6902850227783535
17	27	0.6664394068214238
17	120	0.6476034637860488
17	117	0.6341396399344583
17	14	0.5841109183257243
17	44	0.5785031501806085
17	52	0.5760361447184154
17	16	0.5728401575108159
17	18	0.5519560320039896
17	26	0.5435425766714317
17	115	0.536864530946814
17	15	0.5339827192090004
17	143	0.5325443037515011
17	51	0.5192190726639012
17	130	0.500235354808011
17	53	0.4999203875245513
17	122	0.49329069210906595
17	127	0.48214869892802564
17	42	0.4784637354080853
17	156	0.47723679783856454
17	46	0.4658758930375833
17	47	0.4076252977943037
17	146	0.38904142171520645
17	188	0.3720152324876498
17	33	0.36705909295211725
17	116	0.3604038840976354
17	153	0.3553642116515932
17	151	0.34818774918556483
17	131	0.336473094390708
17	177	0.3329300810305716
17	161	0.3310793543542127
12	105	0.6458349338522591
12	10	0.6304966096373136
12	3	0.6003153111812206
12	103	0.5809728667513738
12	114	0.5511628404736343
12	11	0.5483088849908271
12	0	0.537433707549135
12	112	0.5353253112323842
12	32	0.5279942359665917
12	104	0.52308685797648
12	6	0.5193432316678113
12	7	0.49129049819480036
12	141	0.48647343110430386
12	1	0.4802583303269022
12	70	0.47815524740284887
12	109	0.46600898563640214
12	100	0.4276686617324715
12	30	0.39602020022566664
12	101	0.3898727783222943
12	8	0.38690924073279026
12	134	0.3457864433384214
12	140	0.3444034158253667
12	106	0.3371380158624597
3	103	0.7348452781731516
3	0	0.6485083001465541
3	105	0.6986917889375821
3	109	0.6224960555583801
3	32	0.5354893791952178
3	10	0.5153372455223397
3	114	0.5139110320532334
3	1	0.5020027094985978
3	5	0.5009023481650685
3	11	0.49366893093323966
3	112	0.49300310578334866
3	106	0.4649279779718898
3	6	0.42145502347895114
3	101	0.4167892972596906
3	100	0.4122343248890754
3	104	0.39624783124085905
3	141	0.3858543616398893
3	30	0.37163606439395314
3	7	0.3684081368695464
3	70	0.35494475632229233
88	193	0.6848226264342564
88	93	0.6320965035553813
88	85	0.6014462384273622
88	87	0.5880826615710797
88	94	0.5779772960223244
88	91	0.5487073940981854
88	65	0.5453156392037817
88	66	0.5326087763520294
88	55	0.526152644144775
88	92	0.5208022794446812
88	80	0.5140066920704458
88	194	0.510924455725411
88	73	0.4983661165454889
88	190	0.48790720409884814
88	185	0.4835980131734301
88	54	0.4459552519466264
88	96	0.4120599965992856
88	180	0.40844213601242924
88	78	0.402442447683729
88	83	0.39085601230273026
88	75	0.36834763602828696
88	97	0.36273352059334346
88	63	0.3623600398735461
88	84	0.36189954302106886
88	67	0.33882097791606414
88	58	0.3361272025346235
88	64	0.3271202446219526
88	95	0.32681659346381337
44	156	0.5796795857064821
44	33	0.5777908020175146
44	164	0.5627372714937964
44	143	0.5590017209913953
44	152	0.5569219146466908
44	142	0.5456738812770258
44	77	0.5153592780074097
44	45	0.4999053857824369
44	51	0.49920747353296213
44	48	0.49490824367151076
44	47	0.48538873462023746
44	52	0.48309987023290113
44	53	0.4544862447307955
44	31	0.44726013424144173
44	138	0.4472521346219398
44	153	0.44564275928677827
44	46	0.4300516097382943
44	127	0.38735980795333375
44	120	0.3782021075749846
44	173	0.36448645107284033
44	157	0.36266404462594765
44	18	0.3614040945014142
44	176	0.3591502773472285
44	50	0.35424534649405154
44	27	0.3327077731416709
44	22	0.3274595395206458
91	94	0.7793842193782845
91	84	0.7573580601611335
91	80	0.7315621869732317
91	87	0.7026623420266883
91	180	0.6303580205165599
91	86	0.6525689306327456
91	82	0.641683251571512
91	65	0.620851820023153
91	73	0.6077904938905662
91	64	0.5720871980887958
91	69	0.5544127411850546
91	76	0.5029147023034202
91	43	0.5025859157769725
91	68	0.49411501263575214
91	189	0.490683352779399
91	75	0.47451393247837576
91	63	0.46725277164392603
91	60	0.4627932334569724
91	89	0.44115177823995894
91	78	0.4386759005648218
91	45	0.4261230962169885
91	93	0.416128047573972
91	184	0.41322161490423664
91	66	0.4121596164599885
91	92	0.3967450776509829
91	187	0.38924507792125385
91	83	0.38915174021556903
91	96	0.38277755897592514
91	194	0.376830137469234
91	67	0.37608343368528085
91	191	0.36158665193046036
91	55	0.35968147766284175
91	185	0.35025115545772834
94	80	0.7298190109900771
94	65	0.6227042610286255
94	180	0.613203962475079
94	93	0.5735854414249085
94	73	0.5728468760138686
94	60	0.5677389456174191
94	87	0.5485606039448372
94	194	0.5342471660577821
94	84	0.5247337824932508
94	86	0.5001903675824249
94	92	0.47432795053500887
94	78	0.473428440935321
94	63	0.4705371425490627
94	185	0.46477903484128785
94	193	0.4570690306065887
94	64	0.45201515452180296
94	69	0.4510837140562315
94	66	0.4233036126329559
94	76	0.39715786810762704
94	82	0.39024583395811363
94	68	0.3647985839685145
94	184	0.3602994664973963
94	75	0.35656934834675585
94	96	0.3511018705701407
94	55	0.3368277609801869
94	85	0.3322274619042316
94	43	0.32836986080466674
56	57	0.7773346179910728
56	162	0.7113640954165092
56	163	0.6770949332056759
56	161	0.5116113584053794
56	85	0.4487867487399875
56	160	0.4471241309785554
56	18	0.4140919472540681
56	101	0.40238378322584883
56	99	0.38410819422124604
56	16	0.3696951998246093
56	58	0.35756400206181543
57	162	0.7047572236009592
57	163	0.6137216030455708
57	85	0.5882919529887376
57	160	0.4996878268129276
57	193	0.4227781493561966
57	101	0.3880565474392244
57	99	0.37198938405917337
57	161	0.36452113655220575
127	130	0.7287047508356775
127	143	0.6974202504143648
127	26	0.6185851331725019
127	138	0.6082758215129254
127	27	0.5715083774901664
127	118	0.49691407346289707
127	52	0.48247099734834487
127	156	0.4554537073677705
127	131	0.45406561905655524
127	144	0.45340649653818577
127	16	0.4508287897528963
127	117	0.4506853625030219
127	18	0.4481476470567116
127	122	0.4361609552355529
127	152	0.42557459890011756
127	48	0.4180527092346543
127	33	0.3940875962295942
127	146	0.38279462847205337
127	24	0.3450554753759113
127	120	0.32963615549208486
114	7	0.6692812203953042
114	32	0.7522509155205224
114	141	0.6913097080206161
114	70	0.6136467960413744
114	140	0.5994062743172232
114	10	0.5897026094273551
114	135	0.5863792480285
114	199	0.5791348702111093
114	109	0.5642455454211879
114	30	0.5468806003362177
114	112	0.5362592448753581
114	103	0.5320784848051545
114	101	0.5295215149461756
114	100	0.5214287365940945
114	0	0.5212758163163094
114	38	0.48780052429414034
114	105	0.4873812840016407
114	134	0.48574027908011014
114	11	0.4816957258714154
114	104	0.4792652516348615
114	197	0.4644496987834006
114	31	0.44319516235728273
114	99	0.4358774947076876
114	1	0.43325748022682514
114	175	0.4204923697054199
114	35	0.41199357788521146
114	106	0.40360667137907363
114	98	0.39245609606880266
114	172	0.3607257815030295
114	176	0.3602298497473592
114	95	0.34106744863649086
114	5	0.32977876237032544
114	144	0.32968072175776475
32	141	0.6551792861534855
32	140	0.6426176032286147
32	7	0.6382053982514906
32	35	0.615432911430981
32	70	0.5898265232002943
32	30	0.5687884136089266
32	0	0.5678744647256431
32	109	0.5663481002059512
32	10	0.5617661721498696
32	112	0.5377749786906255
32	175	0.533467820368053
32	103	0.5264418486210946
32	134	0.5136460606804557
32	11	0.48004288281868107
32	199	0.47305594086947816
32	100	0.4395153832633326
32	172	0.4373909795297568
32	31	0.4311187307994047
32	104	0.42924436125826726
32	1	0.4261967511116633
32	98	0.4244028792705189
32	101	0.423369275533311
32	39	0.4197676979128205
32	69	0.4182094908467393
32	105	0.4172849452607576
32	99	0.4148787389697254
32	197	0.4144564330791194
32	38	0.390923788709532
32	5	0.3861692297453183
32	40	0.37915293713616977
32	137	0.37856197492038407
32	135	0.3689265874732927
32	68	0.36500662702835707
32	34	0.3569271679187606
32	144	0.34314241325442024
32	106	0.3347072104636639
32	95	0.32719168213995214
95	197	0.7744292011797764
95	97	0.5396275571870222
95	198	0.6907035968106117
95	98	0.6748194279789936
95	96	0.6451524286757212
95	99	0.5243713602070889
95	78	0.47784664137091803
95	106	0.453358829888567
95	5	0.42688392425508
95	109	0.40828382047432377
95	93	0.37459715719630954
95	185	0.36582977300379216
95	190	0.3518468664117122
95	63	0.34549586771877383
95	199	0.34428883047841424
95	54	0.3383428823023114
95	196	0.3288069553255502
197	198	0.7557973607559455
197	98	0.7129067538596787
197	199	0.603211280252342
197	135	0.520240905395658
197	99	0.5168412309660138
197	109	0.503907649705644
197	78	0.46690876400832465
197	106	0.4638063389934392
197	96	0.46330386435431103
197	97	0.4392006671046062
197	196	0.4259675839977583
197	167	0.4158716949038807
197	7	0.4109635281877505
197	182	0.4089252630196742
197	5	0.36626277805323104
197	176	0.3654226037938258
197	101	0.363749145640307
197	38	0.35369428213568
197	70	0.3465081925515515
197	145	0.34415660387060326
197	112	0.3357279838501816
197	172	0.3308033062280191
10	8	0.5914218710586899
10	104	0.6595970364462312
10	1	0.5869825890018645
10	7	0.5613896255233962
10	100	0.5603546380034085
10	11	0.5485955570493033
10	0	0.5309807465112482
10	112	0.5263840174672371
10	101	0.5144995063498528
10	105	0.4929728272687611
10	103	0.49141945514303836
10	30	0.4765028325110169
10	144	0.43372848882894927
10	141	0.41274053587842946
10	99	0.4008321684700994
10	109	0.37470031379513263
10	70	0.3404664116961916
10	134	0.33855539082461117
10	40	0.32930631947671507
10	140	0.3285304424937115
48	152	0.6550251590645856
48	118	0.5990858222442814
48	52	0.564899552846225
48	120	0.5599154388397217
48	27	0.5515247708621763
48	117	0.5445633855466906
48	42	0.5379384420258776
48	51	0.5311458800140849
48	47	0.5235080306301493
48	46	0.5227599099760025
48	130	0.48246332509396167
48	14	0.47882605795638494
48	156	0.47538902815546186
48	153	0.473893827989782
48	33	0.4726988028640592
48	143	0.4709107836333944
48	16	0.4682371019176101
48	146	0.4667523501629927
48	115	0.4619834506427129
48	26	0.4593917011791057
48	15	0.45884714675974503
48	53	0.43877280307781275
48	122	0.42086273337478564
48	18	0.40618173524931556
48	151	0.37500972792718285
48	144	0.347379026285307
48	168	0.3394670142629143
48	138	0.331239614364903
93	196	0.7390306110170147
93	66	0.6077526570678676
93	60	0.6279655718362229
93	92	0.6233405776920592
93	185	0.6074751027132008
93	169	0.6026702872708527
93	193	0.5539277144720949
93	65	0.5518725851326616
93	180	0.5345257941762735
93	190	0.514595087689898
93	55	0.5059565173022036
93	63	0.4952026625033989
93	195	0.49313177614758485
93	194	0.48976413935106694
93	167	0.48278549603081455
93	87	0.48243263533611297
93	78	0.46725277164392603
93	80	0.45443863689742525
93	69	0.43357421899405757
93	97	0.4304183137736272
93	83	0.42672035626930965
93	98	0.4244438725104056
93	54	0.41806921373530315
93	67	0.41795367643514186
93	85	0.4147462700763793
93	96	0.3771132419394728
93	89	0.3754135595411402
93	198	0.37183428137380253
93	73	0.35643841259961395
93	175	0.35498845625770076
11	112	0.7701514961572267
11	0	0.6206735704597494
11	103	0.5694577514289121
11	109	0.5653283599347186
11	7	0.5587541650364415
11	104	0.555077308725891
11	101	0.5317916667821689
11	144	0.5281745176876047
11	70	0.516291361566251
11	26	0.4710741985077987
11	40	0.4386839761639385
11	8	0.4351157726745673
11	100	0.4197676979128205
11	39	0.3813513347659571
11	105	0.3737457615332472
11	138	0.3549272759138039
11	146	0.34339824124189844
11	134	0.34321299157953444
11	176	0.33511561425314035
11	140	0.32959158775731556
11	1	0.32735240288121314
112	144	0.5427741497130298
112	0	0.643737478728643
112	103	0.6273049513424597
112	70	0.6101058785227236
112	7	0.6091130443984282
112	109	0.6016504430937211
112	104	0.580846983456942
112	176	0.5283835848456708
112	101	0.5051972375570841
112	134	0.4461955569638103
112	26	0.44609944267498597
112	100	0.4432514110755142
112	140	0.4410390173612452
112	39	0.41004889521142873
112	40	0.400513173139656
112	105	0.38070167252017073
112	1	0.37581724867261657
112	141	0.35771225820586006
112	8	0.3565344335167995
112	30	0.35058449424448956
112	38	0.33926350308324416
112	156	0.33488479279033195
112	142	0.33351679601459194
96	198	0.6830609701289638
96	80	0.657365417341501
96	78	0.6371313828695274
96	63	0.6075508140736554
96	73	0.6004687982310419
96	184	0.5392376003342991
96	98	0.5307652943633788
96	185	0.5298740308651808
96	97	0.49565539252703317
96	190	0.49279113110516676
96	76	0.4605428088263632
96	75	0.44070065117764234
96	55	0.42450945807520146
96	87	0.420023041152074
96	84	0.4004460038517732
96	193	0.3789645479539231
96	54	0.37480346111769836
96	58	0.3663060698392571
96	69	0.3456719820681475
96	43	0.34399791391999984
96	85	0.34051945556989893
47	153	0.7676989927544061
47	51	0.642200612785875
47	156	0.5702815544931181
47	33	0.5491894664401928
47	168	0.5491475616036244
47	173	0.5331672799721549
47	50	0.5126810321687363
47	52	0.4927154116839228
47	174	0.4871906459062511
47	46	0.48227916878023175
47	164	0.45889451301341055
47	42	0.4486110414947897
47	53	0.4401606172357773
47	89	0.4353022090941567
47	152	0.42360726625922546
47	157	0.4235744434277245
47	179	0.42064053199968277
47	143	0.4169214943119024
47	171	0.4136444421871352
47	142	0.4105146297633185
47	146	0.40258490474909703
47	34	0.39767152563496616
47	137	0.3890838532283997
47	41	0.38893109205547827
47	22	0.3864499821547855
47	82	0.3783734872426344
47	27	0.3776449446275342
47	38	0.36911662854383415
47	138	0.3648679357038641
47	40	0.3632457812954611
47	176	0.3469216932529276
47	130	0.3467809421871929
153	173	0.6145375295841313
153	156	0.580986116007985
153	51	0.5670541039363559
153	174	0.562764603949073
153	168	0.5560175676265324
153	171	0.5336180400747677
153	52	0.5189706888966141
153	33	0.5127473733418226
153	179	0.5007749908589955
153	164	0.4957383638334336
153	143	0.4557152134877272
153	146	0.4467480143605632
153	50	0.44107929070236407
153	137	0.4316396344522086
153	176	0.4177390712909433
153	142	0.41765651843583135
153	46	0.4162520654491478
153	138	0.4124667156603428
153	152	0.4115866677390651
153	157	0.39721682506241146
153	130	0.3959358800865986
153	53	0.38513067551248265
153	144	0.37681297735895747
153	40	0.3646165164048549
153	189	0.36384458734256503
153	38	0.36016022898472155
153	34	0.3549185356164944
153	165	0.35220605812645334
153	89	0.347827403994526
153	42	0.345645566467797
153	41	0.34480878926735237
173	174	0.7671234810235872
173	50	0.7280474956015148
173	164	0.6003920602352756
173	171	0.5145436224034166
173	33	0.5110279021933446
173	156	0.48374356506055843
173	142	0.4554774839005034
173	179	0.4492019188508486
173	145	0.436314797572712
173	157	0.4306627042318073
173	41	0.4220798287339173
173	170	0.3965344084240372
173	176	0.3908051772159804
173	137	0.38525841928623467
173	38	0.3849347730594477
173	143	0.37840776006406507
173	138	0.37799641774897746
173	195	0.3672494364551393
173	165	0.3493384062144441
173	51	0.3430630080067965
174	171	0.6519369080356698
174	164	0.6015674944296331
174	50	0.5723226016274348
174	145	0.5677118381022489
174	41	0.5193432316678113
174	165	0.49856151533785886
174	33	0.4953460561313607
174	156	0.48945242302886793
174	195	0.4866337168834195
174	38	0.4841647486482159
174	176	0.4628246657720117
174	137	0.46214075036490826
174	179	0.4501911571965696
174	170	0.44153023074426573
174	142	0.40566389473977815
174	22	0.3955900977145056
174	175	0.36761273409461676
174	157	0.3662281434827388
174	62	0.3660203147524128
174	31	0.36243821989183206
174	34	0.3599513426266482
174	172	0.35579225805804
174	140	0.3517855306363745
174	35	0.34903986345601373
174	70	0.3478713540349895
109	103	0.6246229348827487
109	0	0.6069511302246677
109	105	0.5234426930111286
109	70	0.5191606373123993
109	101	0.497674298827676
109	7	0.485816681006834
109	106	0.4602985248586049
109	5	0.436719523943642
109	199	0.4304264611393109
109	38	0.42793826651338923
109	39	0.4057892026345807
109	176	0.39061028729960356
109	30	0.39046621572151113
109	140	0.3851902911105941
109	99	0.36645325004937235
109	134	0.35897606262004145
109	141	0.3587756847565907
109	1	0.3483371304414868
109	100	0.3456631769289028
109	135	0.3392723520559772
109	40	0.33430756330901856
109	35	0.32828064055178835
131	143	0.5529426472989216
131	118	0.5223891829104822
131	130	0.49898220223307466
131	16	0.47559024465103455
131	52	0.4334118022329543
131	27	0.42832211763559586
131	122	0.3932002996846621
131	117	0.3892790169235847
131	26	0.36014282316715696
131	14	0.35016341997226524
131	115	0.3481086578310822
38	199	0.7592491931205374
38	70	0.7172557444984073
38	142	0.6838123790097459
38	176	0.6546138869027373
38	31	0.6308037725942994
38	41	0.6201692071343806
38	145	0.6168721361266775
38	164	0.5687004647399928
38	35	0.5405129621141567
38	140	0.5202044369770527
38	156	0.5173906742382703
38	33	0.4608185294841298
38	135	0.4433960346087112
38	137	0.4321033220376084
38	7	0.39762943193014283
38	141	0.3865520561900696
38	52	0.3563598444301797
38	98	0.34002429515886584
199	145	0.6343309185262418
199	98	0.6052049650101122
199	41	0.5822367814098464
199	70	0.5813768305612813
199	176	0.5765170364865524
199	135	0.5591667029524023
199	140	0.5440848619326655
199	35	0.5195403803223939
199	175	0.4761703980451794
199	7	0.45753564658151963
199	182	0.4520788068039302
199	31	0.43742332652904914
199	198	0.41092197188495405
199	141	0.40090770576644
199	167	0.3787932577993489
199	172	0.3690648022212269
199	142	0.3673791984836247
199	196	0.35978594866134145
199	195	0.3439185615743107
199	164	0.33460953004852156
199	137	0.3333212530297446
196	195	0.6343309185262418
196	169	0.6726295928200151
196	167	0.5929023741095668
196	175	0.5856767169766002
196	185	0.5817341988627724
196	193	0.5666265279687169
196	180	0.5019353870619665
196	198	0.5007674985773907
196	170	0.483452434536175
196	98	0.4817110851079972
196	182	0.4743821996433634
196	60	0.46521011384857863
196	190	0.45607168600107695
196	194	0.4556993668704144
196	92	0.4197100305628471
196	78	0.3965006974708356
196	66	0.36874515585327894
196	55	0.362855093833758
196	145	0.34465899231527
84	86	0.7363138275942304
84	82	0.6818375090596496
84	189	0.6232549677082454
84	65	0.6360012953605568
84	80	0.6317060480801435
84	68	0.5969660217431116
84	69	0.5965539401561168
84	76	0.5874674123877864
84	73	0.5855190189452463
84	43	0.5788423704624652
84	63	0.5724906892837582
84	64	0.5534769955962403
84	87	0.5136607838836903
84	45	0.5133809912964774
84	75	0.5114710765453961
84	180	0.5092154529161893
84	184	0.4996052879481266
84	187	0.47015554314605795
84	54	0.46295824012695697
84	67	0.4618418560372167
84	60	0.4593759218488322
84	78	0.4328593746440428
84	66	0.37074798152836813
84	55	0.3498211928778741
84	159	0.3357013649804628
84	185	0.32768271380835323
27	130	0.7132606422015836
27	118	0.6572120650357494
27	143	0.59366702957697
27	26	0.5888017707573058
27	52	0.57299466360682
27	53	0.5314760259920936
27	152	0.5070345372751754
27	117	0.5040270124138713
27	51	0.5036539400403051
27	122	0.48529700154437716
27	14	0.4758378274173819
27	16	0.46689312393815524
27	40	0.44545841781327505
27	115	0.4310943063843187
27	156	0.4282649581104529
27	18	0.4270719929130607
27	144	0.3791700618673149
27	146	0.37640964032617713
27	15	0.34511713945670747
27	120	0.3445356169378731
27	138	0.32975202472677156
198	98	0.7137417398336828
198	78	0.5818201984503744
198	185	0.5555407020712304
198	182	0.5451891532360329
198	184	0.5416162702604277
198	190	0.5391383016451119
198	97	0.5025111712809422
198	135	0.4946741373546474
198	167	0.4777386013816811
198	193	0.4655861480349309
198	63	0.4205499910409639
198	99	0.405538571594181
198	55	0.3769588300511066
198	54	0.3712395287807369
198	73	0.35988170581905243
198	147	0.34935596534531904
175	172	0.5895917156698719
175	140	0.6045454741272975
175	165	0.5974549598129717
175	169	0.5864645422451736
175	35	0.5613759285358438
175	141	0.5403926172817423
175	195	0.489475235783656
175	137	0.47514130879272487
175	41	0.4696568627516799
175	171	0.46646290755979686
175	167	0.46399469010697536
175	170	0.44797980688941996
175	145	0.4265731212090661
175	67	0.37887034158135346
175	68	0.3573110529242252
63	78	0.6921493391075317
63	80	0.6875002759140005
63	65	0.6474234386268468
63	167	0.6412889595683091
63	73	0.6294833809816126
63	76	0.5958642881714417
63	185	0.5782702360937517
63	60	0.5485116663772857
63	69	0.5397055207898115
63	184	0.48629020725157396
63	75	0.4725124083195783
63	169	0.4386193693871952
63	68	0.4309151747044456
63	43	0.42939118478261007
63	98	0.4291383079347193
63	92	0.4255582210355043
63	55	0.4183909963249905
63	54	0.3982438337883434
63	190	0.36751759555129465
63	97	0.3593418846418802
63	86	0.35855784522024003
63	67	0.33582558178478317
63	193	0.33196054783531687
105	6	0.6590430454064302
105	103	0.6259992420661216
105	0	0.44526602121632514
105	1	0.4335092556691524
105	107	0.41928153846847754
105	4	0.4135947070563084
105	141	0.40442670638610745
105	8	0.40033684458003704
105	101	0.34719435397571097
105	140	0.3467369542756143
70	176	0.7517555958072156
70	31	0.6757061803509429
70	7	0.6147677443687958
70	140	0.6058446380078255
70	164	0.5757019573142634
70	35	0.5535394221758019
70	142	0.5336681058296782
70	137	0.4708096058456203
70	156	0.45605584588425
70	33	0.45133060180424295
70	22	0.44775597087261176
70	135	0.44086179355959365
70	103	0.4408537371152863
70	0	0.4285752114724237
70	144	0.4271946264830668
70	141	0.4246979917595816
70	138	0.40274409839522823
70	145	0.399849687880828
70	34	0.3763924738812937
70	172	0.373418795752017
70	41	0.3646858787651311
70	134	0.3543327944194067
70	101	0.3493823035815528
70	42	0.34319534736157403
70	40	0.3395554874738685
176	177	0.49564030586284225
176	164	0.6341276824444643
176	156	0.6191219407605526
176	140	0.5960899721078057
176	142	0.5656140616965804
176	31	0.5151389225009725
176	33	0.49749372039237516
176	71	0.4907213133404019
176	137	0.48722877724108493
176	35	0.4412806307612654
176	138	0.4201795089859043
176	145	0.3979324692388433
176	7	0.3935045982661688
176	52	0.3878101902083381
176	171	0.3709463501744362
176	144	0.34011273049942464
176	135	0.3355416405037983
176	22	0.334058833265993
104	134	0.5562869385417919
104	100	0.5685854350572982
104	7	0.5664431876420825
104	8	0.5426118883283427
104	1	0.5029147023034202
104	0	0.4632253257629222
104	30	0.4598886016389182
104	103	0.4454423863344899
104	144	0.4446244022640293
104	101	0.4377790688044049
104	26	0.3568224510744926
104	141	0.33963510822682713
68	69	0.7392302329450087
68	86	0.6874158916931538
68	67	0.6861531916306461
68	65	0.5520047042410761
68	92	0.5100075696168493
68	172	0.49617569925338717
68	189	0.4483154556357625
68	35	0.4280362857401839
68	54	0.413088926469096
68	82	0.4125248049676476
68	98	0.4020065756683699
68	78	0.3990849004072427
68	169	0.37436502094155194
68	42	0.36499795929509726
68	43	0.3638098821528412
68	45	0.3491452395826978
68	64	0.3418360158927018
68	55	0.34122650000945537
69	65	0.5465931580420319
69	86	0.5421248611479198
69	92	0.47316460420298445
69	67	0.4663455374949792
69	54	0.45849971454792265
69	78	0.457211414712992
69	189	0.45086862652500137
69	82	0.44613949154602583
69	172	0.41891057715558916
69	169	0.41322161490423664
69	55	0.4037991868851624
69	40	0.40274409839522823
69	184	0.3987485542360031
69	87	0.39656811830785144
69	80	0.3959949048851198
69	180	0.38087267274518455
69	73	0.3669725630140174
69	167	0.3648939415608801
69	98	0.36004708668871316
69	43	0.3412883480453595
69	60	0.33580783724203184
69	89	0.3266736754454783
156	52	0.7061737592625675
156	143	0.6736522601349934
156	142	0.6647126836050524
156	33	0.626521947989719
156	164	0.6265097984325074
156	138	0.5498595682347575
156	152	0.5225563980112838
156	130	0.5223455549705939
156	51	0.5215961822863233
156	46	0.4727065683857692
156	177	0.4505658220170426
156	122	0.4333630717132087
156	53	0.43211958763141955
156	31	0.38568412522254564
156	26	0.3756712499090658
156	144	0.3652492978660285
156	137	0.36404412257782914
156	157	0.3499265034725449
156	145	0.33940507944104154
156	71	0.3386793381836029
156	171	0.33176477705824714
156	50	0.3316045797094798
156	16	0.3269862891981938
75	76	0.7387809009775551
75	73	0.665348500560049
75	80	0.5207731282379873
75	184	0.5115153790260482
75	43	0.5082074039438745
75	185	0.5011045769561504
75	14	0.4922306307055366
75	186	0.44675601848692126
75	87	0.420977929024967
75	82	0.3973852554382674
75	77	0.3962562610840182
75	64	0.37599757433144826
75	58	0.36586441923987617
75	116	0.35928092196983297
75	187	0.35325675461925793
75	54	0.347211942975184
75	83	0.3442800157960545
75	78	0.3401038872360424
75	86	0.3336145567478099
76	73	0.6697943191412022
76	43	0.6382172519775795
76	80	0.6074435530549664
76	184	0.5714275665675247
76	77	0.5421954673834374
76	187	0.5350898387953137
76	185	0.4798273773852116
76	78	0.47033468313746446
76	86	0.46451243937026304
76	45	0.41955348781809787
76	186	0.413088926469096
76	147	0.37760207460329764
76	64	0.36138670663412603
76	87	0.357686096666909
76	82	0.34392737874421664
76	58	0.3354528963456093
76	65	0.33008175201508566
76	188	0.32930631947671507
137	140	0.7384127765156894
137	165	0.6673278323596957
137	35	0.6147926261817402
137	31	0.585236365782447
137	164	0.575099935019227
137	146	0.572786406715366
137	22	0.5341185292950821
137	34	0.5183932234184848
137	138	0.5129242532031739
137	171	0.4848764215772167
137	33	0.46276965845697693
137	141	0.4158137996672496
137	41	0.38371599293919434
137	62	0.37988050907178705
137	142	0.3620733361837707
137	42	0.3616040369065975
140	141	0.6943360664977046
140	35	0.6924929954020241
140	31	0.6142760777949035
140	172	0.5201971430656721
140	165	0.5169951180411771
140	7	0.501059641952999
140	164	0.4727065683857692
140	34	0.4344345574704353
140	171	0.43093146080632916
140	22	0.4203112519967025
140	134	0.3877677092218271
140	146	0.3852158396685438
140	135	0.366583099713153
140	144	0.36162142163127725
140	138	0.34616497267856566
140	103	0.34210093315874707
140	41	0.3357900924609284
130	143	0.6957885205835646
130	52	0.5854270079564783
130	138	0.5742627585491633
130	118	0.57156897840865
130	26	0.5541356291410899
130	122	0.530671910454164
130	146	0.5217126425537124
130	117	0.500460250427982
130	16	0.4859389086493475
130	144	0.46694004327236915
130	152	0.46378279215541385
130	53	0.43513198601875885
130	33	0.42644222661684283
130	115	0.4238698088643495
130	40	0.4233446524668828
130	18	0.4213398840932075
130	51	0.41623553062713675
130	14	0.41227582717667666
130	24	0.3588366728253805
152	46	0.608231719598421
152	117	0.6028485579703824
152	143	0.5989511751092779
152	14	0.586654767096203
152	120	0.5826530588685181
152	118	0.5818598861802601
152	52	0.5452313179839482
152	16	0.511382463426513
152	115	0.4854422406465058
152	18	0.4570373865120137
152	15	0.4545417839215135
152	51	0.44875480454839306
152	177	0.4323716683805609
152	33	0.42434548581183146
152	122	0.3994463527915587
152	26	0.39533701514463343
152	188	0.3862798377243332
152	53	0.35942026071382094
152	116	0.3383428823023114
152	138	0.333383474363824
152	186	0.3318359697391737
86	45	0.5989640001054419
86	189	0.5664839347840875
86	82	0.5641501101079321
86	65	0.5100445632874127
86	67	0.49944768855875726
86	43	0.49236700624209984
86	64	0.486565026988888
86	53	0.45199128372910896
86	51	0.43050793093851863
86	80	0.3960454949651726
86	73	0.37397802289834264
86	187	0.372945391450178
86	62	0.3446942402364713
86	87	0.3418448473438949
86	180	0.3416505414720124
103	0	0.616834966624932
103	1	0.48467752384457746
103	106	0.4518560036761898
103	7	0.44399838415359083
103	101	0.4409987422438756
103	100	0.4044601634064197
103	30	0.4029116443356081
103	5	0.39493195816207394
103	141	0.36546592631827
103	134	0.36067358775880076
103	144	0.3426482565098724
143	52	0.7026167752382066
143	138	0.6094525825857076
143	142	0.5739677862308641
143	33	0.5487073940981854
143	51	0.5167093011682667
143	26	0.48901124476674945
143	118	0.477244520252098
143	16	0.47643326447320694
143	53	0.45630925307483367
143	18	0.45338266353754486
143	117	0.4521822319428438
143	122	0.44999180278332895
143	46	0.4219236649747642
143	164	0.3774648796479316
143	14	0.3679586275653239
143	146	0.34608575492771043
143	177	0.3415622109637391
143	115	0.3401923171628002
80	73	0.7149806490133993
80	78	0.6393419763736148
80	65	0.6037326538908762
80	60	0.5718651598200547
80	185	0.5669387563787094
80	180	0.5567011271526654
80	87	0.5094006042474801
80	184	0.503564374702501
80	43	0.49198054611980335
80	193	0.4504382943541889
80	182	0.4175574459069995
80	45	0.40923334503991043
80	85	0.4072249755219683
80	187	0.400655893584524
80	194	0.3940284659508602
80	64	0.37789355883885495
80	190	0.37565407235776604
80	167	0.3508388246283108
80	97	0.34934718581055274
80	66	0.3490662083153551
80	82	0.3409614035373184
50	157	0.5007300360438025
50	66	0.47934227842483595
50	45	0.42924436125826726
50	41	0.4131138068869187
50	51	0.400513173139656
50	164	0.3868412145281831
50	179	0.3747690797076444
50	53	0.37133436484094573
50	171	0.3674743482157748
50	64	0.35065465951742303
50	62	0.34979486384757796
50	189	0.34159754389122615
50	142	0.3340854851397637
50	89	0.33385448448869726
138	33	0.6748466579971848
138	164	0.6013887916999114
138	146	0.5711850672995048
138	144	0.5265141307136239
138	31	0.5151315761442236
138	142	0.49339661779410326
138	52	0.4333143386592363
138	34	0.41849823385829316
138	26	0.391389636726751
138	40	0.365647863630206
138	22	0.34820532436899954
138	122	0.3371291524529954
185	193	0.6624404463111139
185	184	0.6103004506697791
185	73	0.600762858108643
185	190	0.5961673277835395
185	78	0.5592079415246973
185	167	0.5526787751843439
185	180	0.4849376107920134
185	60	0.48414943681002565
185	169	0.4784637354080853
185	182	0.4559528780816446
185	65	0.45367655856212635
185	194	0.42532071067241345
185	98	0.4088336530850468
185	92	0.40232511546308786
185	55	0.40224968062671984
185	58	0.3959611768294801
185	186	0.3897625328371185
185	85	0.37857910860728133
185	54	0.36158665193046036
185	97	0.35817435278361287
185	87	0.3416505414720124
185	116	0.33735958167284436
73	184	0.7209738268511435
73	58	0.5617456392408
73	78	0.5482599280961972
73	43	0.5374550421554501
73	190	0.5034374719436029
73	87	0.4873431600984284
73	54	0.47865648046216497
73	65	0.478101249866436
73	55	0.46588372259762983
73	193	0.44342013628680116
73	82	0.40131047927300534
73	161	0.38913476886502096
73	180	0.35151386446739163
184	190	0.5742426515342437
184	58	0.5600527224047236
184	43	0.5330455943931699
184	54	0.5121500823961496
184	78	0.49650730309433694
184	161	0.4771750158768232
184	193	0.46396330116731793
184	187	0.4619991819231857
184	55	0.4418200030521053
184	87	0.4365252773340853
184	147	0.43612856412561557
184	180	0.41315527287950343
184	186	0.41153683072349345
184	97	0.3827690241298525
184	191	0.37128263704114
184	83	0.36768192092997076
184	167	0.36268141399577514
184	116	0.36117803262366505
184	77	0.3586014162526484
184	82	0.3548398701489451
184	115	0.3538605020307939
184	98	0.3395200989103951
184	118	0.3389449000853036
184	182	0.33578121998099775
184	159	0.33362344373143665
184	14	0.3274952498628782
52	51	0.6002001668654539
52	118	0.5128284486830915
52	122	0.5039747935976251
52	53	0.5012618281886034
52	142	0.4949006929758385
52	33	0.49310150270839515
52	16	0.47397136677898755
52	46	0.45083675725099964
52	26	0.44748409453265525
52	14	0.415582185019382
52	117	0.4074418361892218
52	177	0.3972252472168959
52	15	0.39528639142522104
52	115	0.3896353126250224
52	144	0.3529941638989572
52	40	0.3463497949007181
52	18	0.3354972691690394
52	164	0.3328500544523917
193	194	0.6767915544315006
193	85	0.6684080387796156
193	190	0.6171384370427082
193	180	0.5062094365048612
193	65	0.5009772540965234
193	55	0.46489662370979556
193	78	0.4480757194240485
193	169	0.4280117818773923
193	92	0.41669840155779225
193	182	0.4037657084957716
193	160	0.39735999258833965
193	163	0.3853946630388826
193	195	0.38513919222330967
193	162	0.3839291629947542
193	167	0.3612302045187268
193	170	0.35767737602915417
193	54	0.33984740643619127
193	66	0.3361715527144073
193	58	0.32808433537682535
41	145	0.7162735234590114
41	195	0.5591941956414002
41	35	0.4757836751283908
41	40	0.4349130820642272
41	179	0.39331864826243723
41	31	0.36435637151793304
41	33	0.3632978633104265
41	62	0.3555302065343987
41	89	0.35058449424448956
41	168	0.3495227648493563
41	182	0.3372355094219087
145	195	0.5895525713886414
145	182	0.42338569056344705
145	172	0.3830762374182579
145	40	0.37851913956807076
145	164	0.37705319536227294
145	144	0.3704546789499894
145	135	0.3646685385544622
145	33	0.3523899942066852
145	35	0.3367834328807055
145	31	0.329974822255693
145	170	0.3272006115667669
167	60	0.615016507431119
167	169	0.6083766117867335
167	78	0.5312822642191484
167	182	0.5287799155606494
167	98	0.48453214379586573
167	65	0.441634881374036
167	135	0.3856671001361108
167	35	0.3783477819457315
167	180	0.36158665193046036
167	165	0.34747574864832226
98	78	0.6112784707755388
98	135	0.5001153828723941
98	97	0.45889451301341055
98	182	0.4262131180987369
98	99	0.3964922695654502
98	54	0.3792043105504209
98	7	0.36570850319280374
98	190	0.36503262984848
98	5	0.36374046874315463
98	106	0.3505494101320147
78	135	0.4930787968452722
78	65	0.4897413350833782
78	182	0.4867176630282834
78	60	0.44248773795377255
78	43	0.4261312803731823
78	97	0.42120005371946295
78	190	0.38951656034274496
78	54	0.38301650813495175
78	55	0.37864764076022994
78	87	0.36404412257782914
78	180	0.3432218135976799
78	92	0.3334990205650906
141	134	0.5344257871884924
141	35	0.46854934502598894
141	31	0.4470521208799443
141	30	0.4288772031875637
141	7	0.4274888829270346
141	39	0.40776704104547695
141	135	0.38919416743615676
141	0	0.33480488368631645
141	1	0.3298411481478305
162	160	0.6007309029493801
162	163	0.5849733048568826
162	85	0.5545166265218341
162	161	0.34779224286146326
162	101	0.33452072343102357
162	8	0.33301899382621536
51	53	0.7031227492308875
51	157	0.506254060269853
51	89	0.4831458657705425
51	168	0.4729006825670143
51	33	0.45568351996424733
51	46	0.450167237035858
51	42	0.4307604427364807
51	82	0.42509133472001137
51	40	0.4048030354394442
51	26	0.3783734872426344
51	146	0.37548228264977174
51	120	0.37516440367134163
51	118	0.37513862583111496
51	189	0.36954842527344073
51	45	0.35946380078513485
51	122	0.35288035731146744
51	179	0.3484952795475618
51	117	0.3450466659783251
51	142	0.3339166809178997
51	16	0.33315235191606124
118	117	0.6540305873600697
118	115	0.6501681903162014
118	16	0.6129730371588691
118	14	0.578243611336552
118	26	0.5544750744607508
118	18	0.5277129014352344
118	15	0.5042955081212728
118	122	0.4928971257579773
118	116	0.4750174208576293
118	161	0.4356020502226173
118	186	0.416128047573972
118	53	0.4119603668862492
118	151	0.40438488358847136
118	120	0.3955394860048015
118	58	0.35171542890842744
118	46	0.35057572330861636
118	188	0.3412795127925713
118	163	0.3377051497087907
118	146	0.3374481975342734
60	65	0.6103945720567113
60	62	0.5809066158497872
60	182	0.5624023490546618
60	180	0.5568667251494304
60	66	0.5436271185328553
60	169	0.5091191555911141
60	194	0.4731878873301948
60	67	0.4350022713642276
60	189	0.40209041136915213
60	195	0.39280289131477814
60	165	0.3642436244016618
60	64	0.35689226330057083
60	92	0.34534615138381625
53	157	0.5616018894995204
53	82	0.40849212528859746
53	26	0.3954635639359396
53	40	0.37889603500723945
53	89	0.37106707973660175
53	122	0.3688920312364403
53	117	0.36354956103753816
53	42	0.34081115812540447
53	189	0.3406962528270361
53	168	0.3396439546767138
53	45	0.33166688095141184
87	83	0.6940977575836254
87	82	0.6136467960413744
87	191	0.5780239100934869
87	89	0.5721477394328892
87	64	0.5582174520798365
87	180	0.5411779990183977
87	190	0.5278355486771444
87	55	0.5056290809080162
87	54	0.4760621341833166
87	179	0.42545175812023595
87	97	0.3945267475792591
87	92	0.36409616975352754
87	66	0.34750212619147075
87	65	0.33172917930055473
87	58	0.3285304424937115
33	164	0.6991674814025763
33	31	0.6298696257534553
33	22	0.6169216911824547
33	34	0.5541494876615884
33	142	0.5226363562440647
33	46	0.5115892104509131
33	146	0.5095486913632506
33	42	0.45361302204984294
33	144	0.38221411902947877
33	35	0.3783477819457315
33	26	0.3477043357488346
33	40	0.3462881904798811
33	24	0.34568959216401507
164	31	0.6951121038097754
164	142	0.6085781334749426
164	171	0.5436341631901184
164	22	0.5055620873286174
164	45	0.4868550100589087
164	157	0.4137687692134424
164	34	0.4131718587968598
164	35	0.4107557295980445
164	144	0.4016124575963374
164	146	0.3887698209449124
164	148	0.3708083581767465
164	46	0.3382277591070958
164	7	0.3273702595723887
169	65	0.5451750977070327
169	180	0.49607769767474785
169	67	0.49375968047517216
169	92	0.4689940892600171
169	170	0.44586712399339956
169	66	0.421348108785574
169	55	0.4110466356699091
169	194	0.4041255444977717
169	54	0.39246455581772816
169	189	0.378887470596843
169	195	0.37412423747568363
169	172	0.3693670900716679
169	190	0.35261768687594924
169	64	0.3372355094219087
31	22	0.6316880193144179
31	35	0.6752331259711594
31	34	0.5498874737991858
31	142	0.5442045260459617
31	7	0.5331672799721549
31	135	0.43250174813906367
31	134	0.38982189717912163
31	171	0.3603777805441987
31	77	0.3553816858529383
31	144	0.3523024089913635
31	62	0.3488203015081901
31	42	0.3386350726187538
1	30	0.5547381908182152
1	0	0.4752419538712436
1	8	0.4535018220570506
1	100	0.44952912780033116
1	134	0.373212243227925
1	106	0.3618126370041576
1	101	0.3510580334267878
83	191	0.5911226884075379
83	190	0.6188937139215638
83	55	0.46614205714929374
83	82	0.44046694426425026
83	179	0.43877280307781275
83	89	0.4330706353813364
83	54	0.3930312076846461
83	180	0.39089837305372954
83	159	0.37409843625445754
83	64	0.36709370314883055
83	195	0.34059901731640907
83	97	0.33659723856187773
35	62	0.6355782977523127
35	34	0.5745039886904189
35	22	0.5561004634308906
35	165	0.4853963785608975
35	172	0.46306037103650344
35	67	0.4596283563362479
35	171	0.4427048472525575
35	42	0.44041052330376185
35	7	0.4364686144049844
15	116	0.6918105827096863
15	14	0.6815591596365735
15	115	0.5873429709117921
15	186	0.5037136442512514
15	188	0.4997553518628314
15	120	0.4616058127098878
15	59	0.3836221851560188
15	16	0.3758945345839278
15	77	0.37586877319446244
15	151	0.36421760431987765
15	117	0.36266404462594765
15	26	0.339192709139933
116	186	0.6889162075760223
116	188	0.6355604162045415
116	115	0.631772147708338
116	14	0.6227654811565476
116	58	0.36382723487397
116	16	0.34674575197995455
116	117	0.3371202889837687
186	14	0.6061167365838629
186	115	0.5478121479646002
186	188	0.5353538476937636
186	117	0.37190321846437707
186	16	0.3508212862628676
186	58	0.33179147475649956
67	65	0.6479342891909284
67	66	0.5882527168491635
67	92	0.5858672096239241
67	62	0.5186637408517987
67	64	0.4395153832633326
67	189	0.39741893830119696
67	171	0.3887019101908194
67	82	0.378107837705287
67	54	0.3714119522188129
67	172	0.36485926695834
67	89	0.3390334087205242
67	42	0.336473094390708
67	55	0.328432311495496
142	134	0.3769674090391714
82	64	0.6063064888250574
82	89	0.5780638620094107
82	159	0.4989296292235211
82	189	0.5826134265582731
82	168	0.4842259930355887
82	180	0.47133870642646547
82	179	0.4628639545292263
82	191	0.4291383079347193
82	54	0.42302449569477957
82	43	0.3419331585347624
82	65	0.335381896732052
82	187	0.33212070265891486
14	115	0.5602928946485692
14	188	0.5072796585249909
14	117	0.456230071275403
14	16	0.44210968319502286
14	18	0.3948897558913367
14	58	0.34098791562576153
14	122	0.33355234620218066
14	161	0.33045593945339086
65	66	0.5876703888484557
65	92	0.5667419356950082
65	180	0.48128091462987627
65	85	0.47489351408944586
65	55	0.46387697557588786
65	194	0.42909751504383054
65	64	0.4182754967039977
65	189	0.39306502821171857
65	54	0.3806674693498792
65	43	0.3377228686937496
65	62	0.3315956792959388
4	107	0.6786353524428881
4	8	0.5502152722265864
4	160	0.4124252212442005
107	8	0.6551907008059712
107	160	0.46596201418559313
107	85	0.4126160813867444
163	161	0.5345329369598468
163	99	0.42547632753068093
163	160	0.4188198764443332
163	101	0.3986644509236265
163	85	0.3892196229759357
163	58	0.38159913299078413
163	115	0.33306344800346155
194	180	0.6170331721745936
194	195	0.5081851518475836
194	85	0.4880900498589595
194	170	0.4621722068204733
194	66	0.447771961021227
194	182	0.4004292108573217
194	160	0.3977809614333154
194	190	0.34980364025241056
194	179	0.3496105451646271
194	92	0.34211859237695064
7	135	0.598303113225906
7	101	0.5183347195150944
7	0	0.508170316739777
7	30	0.4717275346710743
7	134	0.4642928269182141
7	100	0.46114140343963705
7	144	0.44491318731796425
7	172	0.4359827901458749
7	99	0.4294482766912136
7	40	0.3645818337071994
7	147	0.35773841918331906
7	34	0.3435570054033279
85	160	0.6006478105510547
85	66	0.4213727824468173
85	8	0.3860756297038359
85	190	0.370575459551395
165	171	0.615644089627119
165	62	0.5210937247092843
165	170	0.4210190670381866
165	34	0.34574242099056124
5	106	0.6661113213314731
5	0	0.3603342733675195
106	0	0.3838524264876347
106	101	0.3797435902230949
106	99	0.3376254113146126
120	59	0.3884217336900386
120	117	0.5740482480062262
120	115	0.41032337182851697
120	16	0.40533802284670317
120	46	0.38210310490631477
120	26	0.3636189855555833
120	42	0.3561677676891412
147	148	0.6568881425140345
147	77	0.531002287951504
147	43	0.5203794680837218
147	187	0.5003777965400247
147	135	0.4855339568030375
147	172	0.44214186418702556
147	45	0.3802740580407615
147	188	0.36150841642628634
148	77	0.42130698463066785
148	187	0.41385164532457375
148	45	0.39450986047310416
148	43	0.3838438998817586
148	135	0.34413015691059395
148	188	0.3416505414720124
8	160	0.47719046180949737
8	26	0.3480822929448846
8	100	0.32941330213034814
117	16	0.6255733680536619
117	18	0.5030267553699407
117	115	0.4979826872046759
117	26	0.4780781069586571
117	122	0.44938548993800337
117	46	0.4047361425131103
117	146	0.3834345458386806
117	42	0.33058064552528654
26	24	0.4983360506975977
26	16	0.5526509927233095
26	18	0.4915408067075368
26	122	0.4743124501280585
26	144	0.4717275346710743
26	115	0.4480277644458786
26	146	0.42949720988095735
26	40	0.3803852534564214
171	172	0.5177347747751603
171	189	0.4935403506758177
171	62	0.46039309466667133
171	170	0.43307875984439914
171	34	0.4123920244790956
171	22	0.3761006047811414
115	16	0.5101777248784951
115	161	0.43393955371800524
115	188	0.4288853637960103
115	18	0.4092083688912065
115	151	0.40902519173110136
115	58	0.3756712499090658
115	122	0.37322945735186247
115	46	0.3384225770437825
40	144	0.6489773975885182
40	39	0.4521822319428438
40	146	0.486595556573667
40	172	0.42115892332755367
40	0	0.3906696053298323
40	34	0.3646945487756108
40	122	0.347484541223811
40	42	0.34228634289578597
144	146	0.49982287083872734
144	39	0.41314697981803555
144	134	0.4089585736799643
144	0	0.38692624662598185
144	34	0.3631763350773359
144	122	0.3609606253903275
144	172	0.3529241303117706
144	100	0.33653516793855365
0	101	0.5333748103472539
0	100	0.4309721748328518
0	99	0.4261967511116633
0	30	0.401117502987603
0	134	0.36664369133639374
0	39	0.34971587344126154
43	77	0.62050140653482
43	45	0.5896960868805673
43	187	0.5838671043025258
43	189	0.44026542486003684
62	34	0.4614484141660354
62	45	0.45531896140960004
62	189	0.42205517296317824
62	22	0.3945267475792591
62	64	0.36996280003993776
62	66	0.3293152350208348
188	77	0.3847303161218354
195	170	0.6051225740247875
195	179	0.5661103156412803
195	180	0.5459476965976985
195	182	0.5389609452709783
195	66	0.4576384264148077
195	89	0.33613607268984536
22	34	0.5835968089390265
22	42	0.5705176799851838
22	146	0.35181181776715675
22	172	0.32789692672708853
180	189	0.6006542027347366
180	182	0.5621219659431542
180	64	0.5027204369375076
180	179	0.48794530049745044
180	191	0.4855339568030375
180	66	0.4455546006871168
180	187	0.4434040685726536
180	89	0.4096578457213376
180	190	0.3493032872166084
180	92	0.32758452162510454
92	55	0.4551604100447494
92	66	0.38119750139929276
92	54	0.37773925298203354
92	190	0.3438921097007098
16	18	0.6126420697170465
16	122	0.39710733096574624
16	161	0.38535208867083626
16	46	0.37626371730696767
16	24	0.3362691178617508
190	55	0.6108022322606373
190	191	0.5402014359206984
190	54	0.5179909110970091
190	58	0.4320870561626582
190	97	0.3941467232460668
189	45	0.5471188693704858
189	187	0.5355535687027219
189	157	0.4724114269540859
189	168	0.47037362148602113
189	179	0.453589194668811
189	182	0.4483793744033434
189	64	0.44007192449242544
189	159	0.4077753782718826
189	172	0.40077341347154244
189	89	0.35144374745552615
77	45	0.5132852477126243
77	187	0.48176484010543696
77	135	0.3971662907304536
18	161	0.4181682349430048
18	122	0.3519520064259369
18	146	0.3425335144170153
122	146	0.375035508668253
55	54	0.5864973442503201
55	58	0.3478186138029813
55	97	0.32903882585415195
46	151	0.45236518509483636
46	192	0.40825048775709555
46	178	0.3584096920248365
46	177	0.3466753686370159
66	170	0.46387697557588786
66	64	0.41268245903307454
66	89	0.3482931966141565
64	89	0.42645040805222706
64	191	0.35277529580866396
64	54	0.3496105451646271
170	160	0.47024122362874277
170	182	0.37599757433144826
160	158	0.44181195506569887
45	187	0.5997969658093447
45	157	0.47336636934363163
45	182	0.401117502987603
187	182	0.5124893455003786
187	157	0.37290234506076647
135	182	0.4041841106190114
135	101	0.36406147188904486
135	134	0.353204240926353
135	172	0.33463617087495745
99	101	0.562327137006272
99	100	0.41472143020137564
99	54	0.36070838383930487
99	30	0.3466929648387858
99	97	0.33746591998894243
168	179	0.5976735515751179
168	89	0.4848917193259803
168	159	0.36335862279153797
168	157	0.3465257910710384
179	89	0.5969788942207989
179	191	0.4975840150012022
179	159	0.38596500122297495
179	192	0.3625250805970547
179	178	0.33050047866104537
89	191	0.3849858813922133
89	159	0.3725493041293043
100	101	0.49607769767474785
100	30	0.42201407862445983
100	134	0.3357191109531846
191	159	0.37965800749286244
191	151	0.3454870613622947
191	54	0.33074096494245053
172	146	0.42103552175853326
172	42	0.4053213086894629
54	58	0.5491545459348257
54	159	0.4583101469687365
54	97	0.3271559638483766
34	42	0.48451683907552257
34	146	0.48188001717715934
34	24	0.3451788005581892
146	42	0.5276840400622828
146	24	0.3492330462768438
42	24	0.40307916327567994
30	134	0.5463687232995882
58	161	0.5350113294994965
58	159	0.3295024478811094
134	39	0.43034498432644974
71	177	0.5202044369770527
177	159	0.3856245362709784
151	59	0.329056660405806
178	72	0.3166865567933334
