13	111	0.8763234686187391
13	10	0.7814562103934444
13	102	0.7773346179910728
13	105	0.7229272725117092
13	1	0.7165071801822508
13	2	0.7024800402918856
13	114	0.6702517064842906
13	104	0.6650084026317986
13	8	0.6187764757284933
13	32	0.5986432830198853
13	12	0.5882134779397996
13	110	0.5689642723306407
13	3	0.567888014943591
13	31	0.5243133549997836
13	0	0.5028101041872444
13	143	0.4940696602699922
13	7	0.47463789691012337
111	102	0.8162911994221287
111	105	0.7548051707569815
111	10	0.7247315759132508
111	104	0.7075696843090574
111	2	0.6952154532731323
111	1	0.691940909695987
111	114	0.6633037707898459
111	110	0.6390876724867981
111	8	0.5992973421580746
111	12	0.5924677287749969
111	32	0.563577181631105
111	107	0.5221491953994025
111	3	0.5097485610960916
111	143	0.5035046584633083
111	31	0.48417240445611054
9	108	0.8741948321486462
9	109	0.7362039261077138
9	12	0.7652237916612884
9	3	0.7503563120394564
9	103	0.6808248708207073
9	11	0.6173674665906942
9	95	0.5766772450619566
9	113	0.5376825684812809
9	106	0.5266948026458181
9	112	0.47810896402150305
108	12	0.769377317564061
108	3	0.7357501717994174
108	109	0.6866080297882203
108	103	0.667882135836948
108	95	0.5384214883721304
108	11	0.525016339893063
108	113	0.5151095366198548
108	102	0.4853810906053715
108	106	0.48195679264215174
19	121	0.8733670609280217
19	120	0.687505549311452
19	17	0.6759777991399786
19	123	0.627383788417623
19	18	0.6249338573655431
19	23	0.6111218621881455
19	15	0.6092954167553066
19	20	0.6066731474617196
19	25	0.589865648095985
19	16	0.5898460859943047
19	128	0.5893437551161724
19	118	0.5890173219835583
19	132	0.5858606419893198
19	126	0.5853875700581436
19	117	0.575541479002779
19	115	0.5592285597731385
19	116	0.5571564151477109
19	129	0.5376754594685017
19	130	0.5344186432595338
19	125	0.5243786105158361
19	28	0.5238854163203959
19	27	0.5180128613183826
19	29	0.5161593295162207
19	75	0.5107618670884025
19	77	0.5042433082558327
19	127	0.4949006929758385
19	133	0.49458349627480674
19	21	0.47953481309335166
19	124	0.47774631900309833
19	43	0.47373872836374026
19	31	0.46785444468479165
121	120	0.746888194624984
121	17	0.6583467167124806
121	123	0.6456192103349034
121	18	0.6362930005826369
121	126	0.6074814124148666
121	132	0.6038724468353344
121	128	0.6028358263445561
121	118	0.5979563031832105
121	117	0.5918898302324098
121	15	0.590588959164458
121	115	0.5867793620818039
121	23	0.5848219890674413
121	20	0.5739074326251016
121	28	0.5725243010421436
121	125	0.5682537544798686
121	116	0.567888014943591
121	16	0.5642932574241329
121	25	0.5629354039156064
121	129	0.5579144846443106
121	27	0.5540108886334556
121	29	0.5481759932482773
121	130	0.545055613335217
121	77	0.5416162702604277
121	21	0.5265069028468669
121	136	0.5065143115348463
121	124	0.5012468533068867
121	133	0.49628876228899016
121	127	0.4820565896833709
121	75	0.47605440049805575
96	198	0.8655350988242999
96	97	0.6925034043268868
96	98	0.6882062652151661
96	197	0.6528444381330929
96	70	0.647522171050699
96	95	0.6287341457083867
96	112	0.6055470657278682
96	199	0.6008139823705148
96	81	0.5072350971278561
96	177	0.49367649380577006
96	176	0.4783634897543348
96	166	0.4728540993486503
96	38	0.4709030011664076
198	199	0.7036633539927428
198	98	0.6420595722407603
198	97	0.6412359691477264
198	197	0.6289517860519824
198	112	0.549692109069754
198	95	0.5327663500220585
198	181	0.5230142161630231
198	81	0.5229851573099231
198	70	0.5142200414271428
198	166	0.4926926944024423
198	182	0.4780703925085398
70	112	0.8578906193251882
70	176	0.8514771169365462
70	199	0.7021151601128321
70	166	0.6897401849868624
70	98	0.6749228922725308
70	38	0.6712968233280201
70	113	0.6021733587246797
70	35	0.5813503499062503
70	156	0.5768707712648639
70	197	0.5708615797770832
70	79	0.513756477331018
70	95	0.5057035110676169
70	177	0.4805660119782825
70	109	0.4804583368515469
112	113	0.7055716669873787
112	176	0.7601329893836964
112	199	0.6744816230701765
112	197	0.664098261844458
112	109	0.63512508834868
112	95	0.6159544852320964
112	11	0.6149854187403627
112	38	0.5743565821252165
112	166	0.5637818612472397
112	106	0.5364586942085521
112	98	0.5352396945155212
112	156	0.534447218517222
112	79	0.4729006825670143
15	116	0.8531458478211145
15	14	0.7381443591299945
15	17	0.7258406411507538
15	18	0.7247790488868637
15	16	0.710107165763297
15	25	0.7022317591710502
15	75	0.7014858900440805
15	115	0.8200925371588307
15	120	0.6919982392877235
15	43	0.6581143563700529
15	118	0.6416185403176072
15	117	0.6389693439745422
15	23	0.636959072592636
15	129	0.6259870794148684
15	119	0.6114725989584043
15	77	0.6042154175189974
15	128	0.5911226884075379
15	152	0.5831482289511446
15	186	0.5781304423775622
15	126	0.5767172902776204
15	29	0.5757086429483373
15	149	0.5617867043668692
15	123	0.5471679137580826
15	125	0.5414749245881313
15	27	0.5411709277163956
15	132	0.4977344820547989
15	130	0.4843255050452057
15	127	0.47824780619863355
15	28	0.4740256395582799
15	131	0.4733120528442818
15	20	0.4683307871350995
15	124	0.4677060201712428
116	115	0.8368893433387956
116	43	0.6757061803509429
116	120	0.6824630739350466
116	14	0.6728649795796955
116	18	0.659958440152854
116	75	0.6488789859147233
116	118	0.6397143087117743
116	16	0.6268438003181865
116	152	0.6252689438786113
116	117	0.6200891999644056
116	186	0.6196828107115083
116	17	0.6180601076738574
116	25	0.6050782042784921
116	129	0.5982581690067316
116	23	0.5980462384101236
116	123	0.5829436111433685
116	77	0.577370969843567
116	149	0.576330070440628
116	128	0.5497270000400216
116	126	0.5472099488144674
116	119	0.5417505202885323
116	29	0.5321071598942837
116	127	0.4980578847840404
116	125	0.4840805298686432
116	27	0.48211799703064184
116	130	0.4796349128798087
176	166	0.7227076064450283
176	199	0.7162296949321774
176	98	0.5975321199891532
176	156	0.5732297034508381
176	38	0.5691738820468014
176	140	0.5450977868186553
176	35	0.5289095737424953
176	139	0.4976592522720666
176	197	0.4742891989662265
95	197	0.845797494493084
95	106	0.7507187675066395
95	109	0.7228270082982805
95	99	0.6610408206425973
95	79	0.6655825059309151
95	101	0.663958495268031
95	181	0.553872258887771
95	11	0.5526440469161211
95	38	0.5508703605853548
95	5	0.5222655633114228
95	3	0.5206710894503389
95	12	0.5045713604725579
197	79	0.7650994333518354
197	101	0.6898921895363362
197	181	0.7178039648755956
197	106	0.6853426748605782
197	38	0.6485140944788238
197	99	0.6281653979686659
197	109	0.6214721192949092
197	199	0.5062391859827224
197	135	0.48989335087661
39	143	0.8440235297412673
39	7	0.687035932940107
39	24	0.7138545530398385
39	138	0.6835567428193763
39	114	0.6655992155950942
39	32	0.6455958826990751
39	110	0.6316519597329816
39	26	0.6291512031396828
39	2	0.6068311104234941
39	36	0.5689304573858535
39	10	0.5572874208564284
39	150	0.5436200737989985
39	134	0.5384782941092437
39	136	0.4808582000033676
39	104	0.47514130879272487
143	110	0.719510826719532
143	138	0.7090197887732463
143	114	0.705707226687513
143	24	0.6783169470975059
143	2	0.6477892204059681
143	26	0.6256585727054241
143	32	0.6200214915140484
143	7	0.596727825461312
143	10	0.5781770440549684
143	104	0.5584583426524052
143	134	0.5433734598611911
143	150	0.5206419327784485
143	127	0.49823081079072723
143	136	0.4847846288539862
143	144	0.48225614624303914
143	36	0.47210063726494783
32	114	0.8385296658212148
32	24	0.7605885888506067
32	36	0.7566194059216395
32	2	0.71546422121292
32	110	0.6699762328639371
32	10	0.6479284873417676
32	7	0.6058699554852577
32	139	0.5813966902443232
32	37	0.5812841428804569
32	141	0.5578524957033663
32	1	0.5187660717299355
32	134	0.5071385381289338
32	102	0.49587411554388017
32	150	0.48690841629268766
32	105	0.47175085853498305
114	110	0.814211957205899
114	2	0.7813393851514348
114	134	0.6312430934331852
114	10	0.7618879813039355
114	36	0.7062339123994583
114	139	0.698323086077807
114	24	0.6716208177067955
114	7	0.6327325583970381
114	104	0.5763834954692704
114	102	0.5763100347847222
114	141	0.5561902547347911
114	1	0.4881662229510955
114	105	0.4745216808068874
114	150	0.47429694942702405
114	138	0.4686117796064633
115	120	0.7169837305185205
115	14	0.6934649835354081
115	117	0.6589864754519849
115	152	0.6589129233640488
115	118	0.654179345498308
115	16	0.652924761970656
115	18	0.6484967112565531
115	17	0.6375945222214733
115	25	0.6335294211875027
115	75	0.6219751562030128
115	186	0.6099049526406047
115	128	0.5956320578954623
115	129	0.585643866875491
115	23	0.5762232056032479
115	43	0.5710907350901151
115	119	0.569255001436927
115	126	0.5632700324136518
115	29	0.5416939973290441
115	125	0.5364943038568375
115	123	0.5318346972665107
115	77	0.5239289475962536
115	27	0.5112569095567573
115	149	0.5064920078983733
115	21	0.49755391799626614
115	124	0.4934268795879464
102	105	0.7704767890063848
102	1	0.75787779837503
102	104	0.6970605513741209
102	2	0.6618395658886624
102	10	0.634701299870491
102	3	0.6197259283660767
102	12	0.6030840376729316
102	8	0.5866416502186182
102	31	0.5322791847953106
102	0	0.5223819117770829
102	103	0.5153445897597259
102	110	0.49458349627480674
110	10	0.7399007361050617
110	2	0.7366981770180498
110	104	0.6512175993955702
110	24	0.6188258425384732
110	7	0.6082191183616277
110	134	0.5178665136232347
110	139	0.5137049516783474
110	36	0.5011045769561504
110	138	0.4940923367889961
79	181	0.8095424556593375
79	38	0.7709234123713795
79	142	0.682393616033266
79	101	0.5854993035745868
79	135	0.581892957171741
79	78	0.5799583858746112
79	99	0.5650833646999476
79	41	0.5448587672726429
79	36	0.5253422239078515
79	109	0.517646935233913
79	106	0.5141464798698058
79	166	0.5118475609490117
79	145	0.5011270434444903
79	30	0.4729472631419448
181	78	0.6051986277022556
181	142	0.6815752236214694
181	38	0.628915519504382
181	166	0.5812709005516029
181	135	0.5761497245960779
181	196	0.559235432368884
181	195	0.5235951378785938
181	145	0.5233991311782255
181	101	0.5188537720815372
181	99	0.5029371142693404
181	30	0.500175371240483
181	41	0.4986817355733515
181	141	0.48707624075536016
181	199	0.4675966378587129
3	12	0.7968051355252382
3	0	0.5307724772072774
3	103	0.7228843058619874
3	109	0.6371848455278233
3	11	0.6189183921334579
3	1	0.5668505344190211
3	113	0.5518308575520264
3	105	0.542661276516064
12	103	0.7238044768086531
12	113	0.6516493251827267
12	109	0.6381283416557395
12	11	0.6181404414401916
12	105	0.5325729590036599
12	0	0.47783120797167744
12	1	0.47600799684020556
28	132	0.7885174828580042
28	21	0.6760538195072604
28	131	0.6546538887158052
28	29	0.6520921248425194
28	18	0.6365964190150668
28	129	0.6045200925227493
28	128	0.5882069378522865
28	27	0.5873364205909742
28	118	0.583722083851885
28	125	0.5808734875124082
28	123	0.5437539106445918
28	23	0.5404775688707717
28	120	0.5370068709565379
28	133	0.5189268473660745
28	130	0.5139478258803217
28	25	0.5120467966700992
28	16	0.505368516075062
28	126	0.4971098480298044
28	117	0.495972143376097
28	17	0.4823482323946328
132	29	0.6628611167217355
132	21	0.6608493491046336
132	125	0.6544424090346214
132	128	0.6432570315372454
132	129	0.6413537173316566
132	131	0.6328344878486847
132	18	0.6268559415029726
132	118	0.6189677448916365
132	120	0.5830954314367094
132	27	0.5749325959473556
132	133	0.5746848458272587
132	123	0.5638841750960079
132	16	0.5421954673834374
132	130	0.5382794526188323
132	117	0.5223164681580268
132	126	0.5196571830589134
132	17	0.5178299219620819
132	23	0.504116521812114
132	25	0.47786207447516943
10	2	0.7622652965108815
10	104	0.6620755270074483
10	7	0.5723158771205524
10	36	0.5468315339453276
10	105	0.5344400748173367
10	1	0.5174199659076537
10	8	0.4989671817479405
10	0	0.4906909450406179
10	24	0.47961181403693487
10	139	0.4698361105451713
2	104	0.7572940915792388
2	24	0.6479516942873094
2	1	0.6281169628761258
2	7	0.5928115812253071
2	134	0.5770308819218142
2	31	0.5653895931651247
2	105	0.5429081611734621
2	138	0.4961229307434188
2	107	0.4926851218260441
2	36	0.48538873462023746
23	25	0.7773346179910728
23	123	0.7321565955059299
23	18	0.6906722197978352
23	129	0.6441413646872929
23	128	0.6259201793890928
23	126	0.6096285514664783
23	120	0.601924719318959
23	127	0.5979434540643582
23	29	0.5967020682104301
23	27	0.595173756216619
23	75	0.5880957445928631
23	17	0.580846983456942
23	118	0.578649505054712
23	16	0.5467333898941243
23	77	0.5463196177363123
23	20	0.5437327803493679
23	117	0.5372630059322221
23	26	0.5193797448500231
23	31	0.5187075987623312
23	133	0.5067150137602577
23	125	0.5050631657314336
23	186	0.48967291825974996
23	43	0.48625966578413626
23	14	0.47366116752791687
23	124	0.471906334089259
23	21	0.4689784882227985
25	128	0.718946055658159
25	27	0.6974407940410245
25	18	0.676097253256734
25	126	0.6622103030283724
25	17	0.6458582491394621
25	129	0.6007372941348086
25	29	0.5920457280265083
25	14	0.5912462835784451
25	120	0.589904770222362
25	16	0.5894546985693644
25	75	0.5879321847002535
25	123	0.5790816995236144
25	20	0.5519212638175564
25	118	0.5439581346236173
25	117	0.5384498918524279
25	124	0.5357247104721073
25	77	0.5330742282783999
25	125	0.5183200927810945
25	133	0.5005501897707514
25	43	0.5003103275163411
25	21	0.49065298298944493
25	31	0.48418771584949666
25	127	0.47643326447320694
25	119	0.47295502631409175
25	53	0.4695165548541846
25	152	0.4680653183409785
25	186	0.4679794132839611
1	105	0.7742289939671243
1	8	0.6719445554176908
1	104	0.5301472845661506
1	107	0.517427288635553
1	31	0.47024901232403293
105	8	0.746742246509836
105	6	0.4951951147227919
105	104	0.542047185446299
38	142	0.7209450138003112
38	199	0.5901459621416234
38	166	0.5888540332933926
38	41	0.5771242593283566
38	145	0.5325299756676054
38	36	0.5257330813853354
38	156	0.5153592780074097
38	139	0.5119065994973349
22	33	0.7683552073644024
22	34	0.7120105816667036
22	42	0.5913113225160407
22	69	0.5798455545453164
22	137	0.5104365801873141
22	26	0.4753967681713856
33	34	0.7382444743096179
33	42	0.6522932504822024
33	44	0.62344451258641
33	69	0.5681860418652476
33	136	0.49916993300104934
33	137	0.4977720941379947
33	150	0.48514408934079084
33	138	0.4722871251687039
175	183	0.7659274109915889
175	171	0.7520381190056821
175	165	0.6003472912976442
175	196	0.5657976554524193
175	169	0.6354650364330418
175	180	0.5848680460087855
175	174	0.5690251343830394
175	92	0.5562316924959368
175	166	0.5324798249704639
175	172	0.5234789924484211
175	62	0.4810196265323207
183	171	0.6514651737780915
183	174	0.5958900853865655
183	166	0.5498456149922084
183	196	0.5454982973239666
183	180	0.5356534067489696
183	60	0.5343972110145144
183	169	0.5337110163567971
183	81	0.5264201625092062
183	182	0.5135724401267755
183	194	0.5116556522747284
183	156	0.49860660017407626
183	187	0.4966203167513695
183	199	0.4936084252648567
183	191	0.48079669560618826
183	98	0.4789570706436916
183	195	0.4788491793924304
183	165	0.47840975852858203
183	185	0.4745991600475156
41	145	0.7630601524350372
41	93	0.4864352629959056
41	78	0.5537682664206446
41	142	0.540612053018411
41	34	0.5236967491679078
41	40	0.501576231342263
145	142	0.6997242265586627
145	150	0.5413901024883286
145	141	0.5399110168266608
145	34	0.5162473536092498
145	78	0.5129758349607956
145	137	0.4882500047630828
195	196	0.7621395822810539
195	156	0.5187733805096479
195	182	0.5139257498109817
195	93	0.4712764768941974
196	194	0.5511906886405956
196	172	0.5056365242627057
196	166	0.5038031915458298
24	138	0.6512521529837086
24	150	0.6021606108262316
24	36	0.5587404090070575
24	7	0.5578662715615271
24	37	0.557680271539775
24	141	0.5295359069330604
24	134	0.5093487666274291
24	26	0.5072648050273343
24	34	0.49180619671156356
104	31	0.6248241426438228
104	134	0.5626279293676636
104	8	0.5458283555335333
104	7	0.5427600416354336
104	26	0.49541397000911946
104	138	0.48165732648522247
36	139	0.723656850494481
36	37	0.6573483808842883
36	141	0.6529419723111953
36	7	0.6313453429263604
36	142	0.550765870675205
36	30	0.517947008607635
36	134	0.5108948968733116
126	128	0.7556944372046042
126	123	0.6750916454772916
126	120	0.5914673845863071
126	129	0.5881219097131529
126	16	0.5761296827048245
126	118	0.5685515985652276
126	117	0.5612937401515855
126	18	0.5565907039011635
126	17	0.5361523723761119
126	125	0.502623285207737
126	29	0.49571573619268006
126	130	0.48662608497002435
126	133	0.48572499780403205
126	77	0.4843331592961858
126	124	0.4819721468471489
126	127	0.47722907535132236
128	129	0.6655992155950942
128	123	0.6455142264853666
128	18	0.631663979897164
128	16	0.6283711928069995
128	17	0.6180106650930198
128	118	0.6176891691390023
128	125	0.6176582451794419
128	29	0.6166924580459535
128	120	0.6152465043207939
128	117	0.5977313992326176
128	27	0.5888213697853442
128	133	0.55009672640314
128	75	0.5421178001032911
128	124	0.541305269366567
128	14	0.5406757463939642
128	21	0.5399960308495211
128	130	0.5191898555949312
128	20	0.5004977264670746
128	77	0.5000103916774663
128	127	0.47290844617974404
128	53	0.4703969836160326
171	169	0.6435266131295475
171	158	0.3499791554535524
171	165	0.5247410289998008
171	172	0.5048247556241201
171	180	0.4997403468210907
171	167	0.493563042877493
171	166	0.4801736971432297
171	35	0.4686351913673258
140	172	0.7507449516071211
140	137	0.7430387540892103
140	166	0.7286343947379657
140	141	0.6845304565335314
140	37	0.6608549818487874
140	34	0.5881219097131529
140	35	0.5455123458028487
140	61	0.4944777347492612
140	69	0.49416036231247756
140	167	0.49318475179241483
140	139	0.4898325481334096
140	150	0.47932687365755255
172	167	0.6049640933854348
172	137	0.6896877555230452
172	166	0.6785975888649217
172	37	0.5938418426055827
172	69	0.570908766085398
172	61	0.5283619601792758
172	141	0.5275685823866221
172	35	0.517354057946544
172	34	0.49080482001761916
172	146	0.47358359934423416
106	5	0.5269332167515843
106	109	0.7005755755636163
106	101	0.5501804081097665
106	11	0.5380521317968263
106	99	0.5094672471841798
120	17	0.6986252450218482
120	117	0.6914141117616793
120	18	0.6871309578805148
120	16	0.6666283558960778
120	118	0.6575130384916062
120	129	0.6452574965751998
120	123	0.6339602457364293
120	29	0.5885992069229384
120	125	0.5791813905212735
120	27	0.5441763717757563
120	21	0.5378247326826531
120	77	0.5210354453734833
120	133	0.5054206364175855
120	75	0.5051897897619467
120	131	0.5046980689188227
120	14	0.48667950680392486
120	186	0.473793016576569
120	127	0.4688302637731662
8	107	0.5528871044877771
98	199	0.7467112785699224
98	177	0.5806680488681252
98	35	0.5556305742688122
98	166	0.5298236826519892
98	61	0.49260939195812553
199	166	0.7075197462615743
199	156	0.5711850672995048
199	182	0.5118623210393985
20	124	0.7452387916403713
20	43	0.5294927300578938
20	144	0.5217926977101989
20	53	0.5217635878074165
20	49	0.5199199182043236
20	77	0.5165920096326734
20	75	0.5106657748075416
20	17	0.5065960857360812
20	40	0.4783789129742079
20	123	0.47366116752791687
124	43	0.6097353604110769
124	144	0.5817143509567362
124	17	0.5535116777971887
124	118	0.5009997244125293
124	14	0.497614110808099
124	123	0.48976413935106694
124	119	0.4789416584935689
139	141	0.7441742578512898
139	142	0.6882799502143303
139	166	0.520634643420719
139	7	0.48164196621286004
139	134	0.47040477084617954
141	37	0.6725584025693971
141	137	0.6547967224076688
141	142	0.6299299483791705
141	150	0.6208886912306698
141	166	0.5900156012082922
141	134	0.5791215780011094
141	34	0.5718786190708949
137	34	0.6857931719242629
137	150	0.5626415982101142
137	69	0.5542811282853851
137	165	0.5431972496070887
137	166	0.5414183777462728
137	37	0.5404704899925366
34	69	0.7199927839556637
34	37	0.6918887843116431
34	42	0.602383654718807
34	150	0.5868777069220932
14	152	0.6912940449691524
14	48	0.5040120931280637
14	17	0.6553048308781724
14	75	0.6490989349738362
14	43	0.6302977518410794
14	119	0.6239943891479243
14	18	0.5905433729522506
14	186	0.5548212571529659
14	16	0.5375474841661803
14	149	0.5225563980112838
14	125	0.5191825511380689
14	118	0.5188976181622941
14	117	0.5125925677475668
14	29	0.4757527293436882
14	129	0.47329653318335857
75	186	0.7379895717013714
75	77	0.6896825121788838
75	18	0.5928440089855608
75	118	0.5690859902019905
75	129	0.5630242009018328
75	43	0.5228035119329403
75	17	0.5150507612246962
75	123	0.5066629851222461
75	16	0.49750877024259244
75	125	0.4868550100589087
75	29	0.48503703314045377
75	152	0.48023524943628093
75	31	0.4769587418651373
186	188	0.6253054848325612
186	77	0.6848757245948296
186	184	0.5714275665675247
186	118	0.5432888849129289
186	129	0.5126073125735929
186	187	0.49889958585495253
186	18	0.4961003145456855
186	152	0.4786796067692826
186	125	0.46854154037430773
109	11	0.6984665145923009
109	103	0.6390285120114347
109	113	0.580952992289141
109	101	0.5534769955962403
109	0	0.48731265963810483
138	150	0.7344448201522931
138	136	0.720575025001368
138	26	0.6518794064603276
138	127	0.6473479226956252
138	134	0.5746848458272587
138	7	0.5587816761728706
138	123	0.5325443037515011
138	149	0.518151863544118
138	42	0.4887905617564361
150	136	0.5893568084410788
150	134	0.5592766663291361
150	42	0.558774798504056
150	37	0.5077102788405138
150	144	0.4855721687141861
123	127	0.6978360354875119
123	18	0.6432101314925326
123	129	0.6394542986769911
123	118	0.6017907881986956
123	26	0.5806349066750711
123	130	0.5667826625247624
123	117	0.5582174520798365
123	31	0.5510166174514284
123	29	0.5369499386211711
123	16	0.5268104077162359
123	125	0.5256607171084334
123	136	0.525291540955777
123	133	0.5194381619970951
123	17	0.5165553520510741
123	27	0.5119803908829982
123	131	0.49655251057741023
123	77	0.4895892895078628
123	43	0.475110338574665
29	129	0.7294168254381103
29	18	0.6589355561178932
29	118	0.644398727765286
29	125	0.5986561153906373
29	133	0.5915323973740932
29	131	0.5760094168081807
29	17	0.5615060374993741
29	21	0.5614854958242567
29	27	0.5609511693700823
29	16	0.5453296916675922
29	117	0.5382510417978933
29	26	0.508600412424597
29	43	0.4733508507111062
29	127	0.4683542067942627
129	118	0.6767915544315006
129	133	0.6100305405093465
129	18	0.6734610476377003
129	131	0.6480735110163266
129	127	0.6161468345199868
129	125	0.5971076020918773
129	117	0.5825671853608331
129	17	0.5695523443886641
129	77	0.547749153692409
129	16	0.5450485841531206
129	21	0.5304922897971329
129	27	0.5192701996144122
129	43	0.5058002590213766
129	26	0.49393358703937973
129	130	0.4886231053188077
129	31	0.47260561087728514
166	35	0.631772147708338
166	156	0.6109902739880236
166	61	0.6167668153923855
166	167	0.5457721873684952
166	142	0.5355250407966062
166	165	0.4752187291875719
166	37	0.472590077851736
17	119	0.6532860375456043
17	18	0.662266447061726
17	16	0.6612715983464503
17	117	0.5972620109639878
17	125	0.5915388982298669
17	43	0.5638909954039196
17	118	0.5627372714937964
17	152	0.539762215777869
17	27	0.5056514107462673
17	149	0.5022121181767863
17	21	0.4934495751494165
17	48	0.4761703980451794
17	77	0.4713464847880411
18	118	0.697086255807608
18	27	0.67721405479861
18	16	0.6764228566364145
18	125	0.646359236473438
18	117	0.6309723270670858
18	21	0.6229062585154312
18	130	0.5356106208482457
18	133	0.5244946051144858
18	131	0.5219164012406202
18	77	0.5125409584756698
18	127	0.5108209944574862
18	43	0.49955275849219494
18	119	0.49157114161650045
18	149	0.48688552835254045
18	152	0.472085094698431
103	113	0.6303580205165599
103	11	0.5889585435942867
103	0	0.495142278165485
90	91	0.7227649247197012
90	88	0.6816823000668205
90	73	0.6346893566336859
90	87	0.6100430976109333
90	74	0.5892523732256583
90	55	0.3858288278519792
90	84	0.5981618472891833
90	81	0.5902046145231562
90	92	0.5839461906655766
90	76	0.5548558648615132
90	194	0.5532272270827002
90	94	0.5523244567972498
90	193	0.5422590064494758
90	82	0.5113972330349745
90	85	0.4964168800475296
90	60	0.49471945385944877
91	92	0.7139673292072541
91	82	0.6653039132770333
91	86	0.6633317712665644
91	84	0.6393951850771532
91	60	0.6264490460792687
91	94	0.6188998835890885
91	180	0.5720535613147764
91	88	0.5696942055458046
91	68	0.5585546725194385
91	65	0.5386699773401545
91	87	0.504265680077983
91	81	0.4829618676211951
91	76	0.47019448991873586
142	78	0.5983608931190834
142	156	0.49872681321612994
136	149	0.6442466672192203
136	26	0.5481270261537463
136	127	0.514190617711988
136	130	0.47395585960912096
136	42	0.4680653183409785
69	67	0.6404993585650376
69	37	0.6303037790505301
69	35	0.5724369064678054
69	42	0.5447040603673681
69	61	0.5336824096440629
69	68	0.5287222817786533
68	86	0.7175275400500312
68	65	0.6371967252858821
68	61	0.6087166341134472
68	92	0.6308880572744228
68	67	0.5271715479570831
68	84	0.48104268480313617
86	92	0.6545567350957838
86	84	0.5590773432194172
86	65	0.5287294862680489
86	82	0.5184370981617248
86	67	0.4789647766080278
35	61	0.714084969203806
35	67	0.5901720306359756
35	62	0.5861364163850816
61	63	0.6152029994255039
61	167	0.575360887902391
61	37	0.5312894415725734
61	92	0.5197447723659748
61	81	0.5169438260616672
61	65	0.5127989677990731
61	62	0.4734051646393987
92	65	0.6157123930603167
92	60	0.5851969144934247
92	62	0.5313899165126368
92	81	0.5267959581481076
92	84	0.5134251763328656
92	169	0.49647716327584845
16	117	0.7068999271940819
16	118	0.68031488750476
16	125	0.5200512489024026
16	21	0.5198469460827353
16	43	0.5038554224678502
16	133	0.4836516406652681
16	119	0.4757217823811598
16	152	0.46856495410993976
117	118	0.6604323194193832
117	125	0.5074281769245474
117	133	0.49701196707100026
117	21	0.4869007870535991
117	152	0.4728463352219303
113	11	0.6006542027347366
193	194	0.6990140997854611
193	87	0.6228328144907623
193	182	0.6035356098853852
193	184	0.5725041342180283
193	191	0.5703152924785128
193	180	0.5671083774456154
193	88	0.5423013623815474
193	74	0.5273809220882661
193	185	0.5076063592164577
193	187	0.5060309143380489
193	76	0.5005501897707514
193	73	0.4849070167780367
193	81	0.4748780244193235
194	180	0.5906670981880753
194	189	0.584762767458833
194	191	0.548336858671949
194	182	0.5094302240849056
127	26	0.6847801426692136
127	130	0.59844434197879
127	31	0.5161226495922894
127	131	0.5067819023002033
127	118	0.48687789889057104
127	149	0.4774993185448929
27	53	0.5723360504102853
27	125	0.6148610448574489
27	21	0.6064961720499984
27	130	0.5532758009760179
27	118	0.4977645718711282
27	77	0.47213949239715364
118	125	0.5903740197369457
118	21	0.582124400231248
118	133	0.5524147922107365
118	43	0.5222946522509763
118	131	0.5137343953622219
118	77	0.49048592783653383
118	130	0.47298607826835143
97	81	0.5977378263659442
97	190	0.4593206919095613
97	85	0.5514830202550093
97	87	0.5216980860834565
37	42	0.4997103358377684
152	46	0.5228907076407242
152	119	0.5271209997807047
152	149	0.5171416460979498
152	43	0.5139699012689153
101	99	0.6536813792493974
77	188	0.5840252659456808
77	76	0.5360597356375033
77	31	0.5128652980873007
77	184	0.4951347297868663
77	21	0.4834294459904597
77	53	0.48227149467518776
77	125	0.47834035437117794
77	187	0.47810896402150305
7	134	0.6123733909853339
7	30	0.5630446906682154
7	26	0.562327137006272
7	31	0.5310812673606993
62	67	0.6865657419124205
62	165	0.6341575756007533
62	60	0.5592010686214823
62	64	0.4882652368529964
62	174	0.48458570798114237
67	50	0.6208088001423651
67	64	0.5036688665441209
67	66	0.47918051363784253
67	93	0.47514130879272487
26	31	0.5483438519004966
26	149	0.5040046333723661
26	131	0.4909642168184212
26	130	0.47557476822544403
88	84	0.6245375489500543
88	73	0.600782030282749
88	94	0.5830030239332809
88	74	0.5454982973239666
88	82	0.5356605374650516
88	76	0.5345472222979113
88	87	0.48544988406771106
88	85	0.4705371425490627
21	125	0.6780307045746176
21	122	0.3629592896380059
21	53	0.5054801980075886
21	130	0.5029819361722762
21	131	0.5015238400129809
125	130	0.5877358493527245
125	53	0.5655800566982628
125	131	0.4916545564650878
125	133	0.47850228810844453
43	149	0.6068311104234941
43	31	0.5121279509873251
43	148	0.49695925669992735
43	119	0.48193376077964695
82	168	0.4244438725104056
82	84	0.5205544554762063
82	94	0.5158291420493557
82	47	0.5146097913764818
82	87	0.47258231122884886
50	66	0.6625190031968174
50	89	0.5637886827089105
50	173	0.525827143570625
50	94	0.5061276192286533
50	174	0.5055397547806337
66	173	0.5319064086378904
66	89	0.49886202995799117
87	191	0.6575016848102196
87	85	0.5597712580014517
87	179	0.49129049819480036
87	89	0.4742891989662265
87	74	0.4694307994630181
191	179	0.518919540178885
191	185	0.48831093133778863
73	184	0.6561029039932089
73	58	0.5783301372941371
73	76	0.6146682048793809
73	74	0.5238636496561883
73	84	0.5200512489024026
73	185	0.5131673919139302
73	81	0.476301841901513
184	185	0.5469717136672165
184	187	0.5391737671836256
184	182	0.5270415593951336
184	58	0.5083705652504966
184	188	0.5067893339835756
184	76	0.4888210045126841
184	161	0.47073176834971137
131	130	0.5425342707386199
131	133	0.4743434506478709
119	48	0.48238659847844556
119	149	0.480012099874386
42	40	0.5295718855665951
84	94	0.6458757348143196
84	76	0.601337722721338
84	60	0.5345686497322998
84	80	0.5236894917127517
94	76	0.5418211670983789
94	60	0.5365940007087052
94	80	0.48591599241396594
149	44	0.5764435927375452
149	130	0.4697503881720008
169	165	0.47920362488666224
180	189	0.6409061135317995
180	60	0.5390744588572229
180	174	0.5165700153109498
180	179	0.5039524129770311
180	182	0.4688692727678924
189	146	0.558045329743951
189	159	0.40566389473977815
89	179	0.6390225955480187
89	47	0.5333748103472539
179	173	0.5865432638255885
179	192	0.4371806964466883
179	178	0.42909751504383054
182	187	0.6380097680803736
182	80	0.6367212987685026
187	76	0.5480780553014449
187	188	0.5085855857613725
187	80	0.4989070968095125
45	164	0.6370363230036847
45	78	0.5336108875187277
164	44	0.5540732619974648
80	76	0.6302736422434824
80	60	0.6216194027014592
80	52	0.43697036555369995
80	81	0.49171521614283825
165	174	0.5392234157251159
165	156	0.5193870472589022
165	173	0.49303338310376743
60	174	0.63385855872911
60	76	0.5257982027293218
60	74	0.5215088243281584
60	81	0.5046757101845202
174	173	0.611247152886809
174	170	0.5393439751508642
174	156	0.5007300360438025
134	30	0.6109338687068406
134	31	0.542922266034878
134	135	0.49019729310259624
76	81	0.5554439021092102
76	74	0.5253784237343454
188	147	0.5094376288556508
31	30	0.5328379622081918
31	135	0.5261598757406761
63	81	0.5442397171600659
63	167	0.4998528773227058
173	170	0.5391666742288947
173	156	0.5053387313664693
30	100	0.4839426979729107
30	135	0.515851159317521
78	135	0.6055977282935696
130	53	0.5641023867976638
81	74	0.5301472845661506
81	85	0.5123713590793804
81	185	0.5121427053354372
81	93	0.4775687950550276
154	155	0.588161155085401
154	153	0.4898325481334096
154	157	0.5122017197053588
154	51	0.4778157742774518
155	51	0.5673050776360937
155	157	0.5419200597714364
144	40	0.5753207489258552
177	71	0.3782792316345373
58	161	0.5515595609241244
58	56	0.5071162534748042
53	49	0.5641637446471571
53	51	0.5119582542606188
4	107	0.5696604321581993
51	49	0.48492231393338225
85	160	0.5399818626107737
85	54	0.38118040749967347
161	56	0.5039598732590891
83	190	0.5505219937389859
147	148	0.5458915388560768
157	59	0.32640566389489184
72	178	0.5342257283152302
56	162	0.40929994510491546
56	57	0.39830273027580526
56	163	0.2984525726609595
59	151	0.3751901809313191
