9	108	0.940481255812637
9	109	0.8764394463812308
9	11	0.8636668845420625
9	3	0.8256457675119735
9	103	0.7867331543754649
9	12	0.7834338749852192
9	5	0.7569398693158724
9	112	0.7552608912707374
9	106	0.7505223115530221
9	0	0.6808356002245143
9	13	0.6505086556557909
9	105	0.6095028655379607
9	111	0.5615950434278958
9	36	0.5553678344339943
9	113	0.5547658808253583
9	102	0.5452664531665734
9	32	0.5396842589070382
9	1	0.5359599585556726
9	6	0.5224109958548776
9	70	0.4827471491969407
9	39	0.46468495194055565
9	141	0.4571323153245158
9	156	0.4410309624798686
9	52	0.43683281566419996
9	114	0.4312082815826662
9	197	0.4158137996672496
9	139	0.41366930882681263
108	12	0.8244003582255589
108	11	0.8554691668223631
108	109	0.8207137201369871
108	103	0.7716526184582204
108	3	0.7597231554264752
108	106	0.7407593671099398
108	5	0.7349096718864131
108	112	0.7295150801161581
108	0	0.6736249495835046
108	13	0.6472084752731871
108	105	0.6377191349119431
108	111	0.6103820235341939
108	36	0.5769575033747805
108	113	0.5748522561037278
108	6	0.5557688138379304
108	32	0.5531300680092588
108	102	0.5519977512946308
108	1	0.5196425837789409
108	70	0.4943341778274365
108	141	0.4861374880335718
108	139	0.4665959071123228
108	114	0.4452018798780373
108	39	0.43343616654244416
108	156	0.4178133629637831
108	79	0.41683061073279004
108	10	0.39715786810762704
95	197	0.9078223459254406
95	96	0.7380168927751021
95	97	0.6185172197840204
95	198	0.6155633554599791
95	81	0.5591941956414002
95	71	0.5379171230148567
95	98	0.5265213585042698
95	99	0.5179177387653906
95	70	0.5080812997604078
95	112	0.47084073879189786
95	61	0.46361009532278563
95	83	0.4609917940979892
95	52	0.45916287251332605
95	106	0.4520788068039302
95	176	0.43656574873482445
95	101	0.43335494971353045
95	5	0.4302716491987994
95	177	0.423951838825587
95	190	0.40948307279413354
95	109	0.3990849004072427
95	38	0.39823541973634674
197	96	0.6721858198972813
197	198	0.6096662512692147
197	70	0.5556374869770524
197	97	0.5531578292801349
197	71	0.5353039080843267
197	52	0.533417739652059
197	98	0.5316051696181688
197	81	0.5252553365650643
197	142	0.522738107971797
197	38	0.5218581905486459
197	176	0.5148817549828405
197	99	0.5124377288218008
197	112	0.5109392346984011
197	106	0.4978698767923905
197	36	0.4778929397986894
197	61	0.47559798275342446
197	199	0.47500193354149883
197	5	0.46493581635519954
197	109	0.46244740119165456
197	177	0.461889056855202
197	101	0.4470921272057263
11	112	0.8962057873306564
11	109	0.8273569903733742
11	3	0.7784403110165099
11	103	0.77286346846821
11	113	0.7270166700878553
11	5	0.7147068099037522
11	12	0.7031783629532495
11	106	0.691194830555699
11	0	0.6652481724984656
11	36	0.5852100652309328
11	70	0.5779373381019691
11	13	0.5602380064386321
11	32	0.5557964580643863
11	141	0.5097041503535785
11	102	0.49647716327584845
11	111	0.47884147232089147
11	79	0.4750329078794927
11	139	0.4389423579218774
11	39	0.43333870550299125
11	114	0.421948324075257
11	1	0.4205582223833971
11	156	0.41375219316815903
11	110	0.403665266839349
112	113	0.7867331543754649
112	103	0.7883282881925061
112	109	0.7739885406174654
112	3	0.7609340074403863
112	70	0.695809155142647
112	106	0.6905833041383079
112	5	0.6654878052288093
112	0	0.6383772476630551
112	36	0.6215641765733046
112	12	0.5933301947059398
112	32	0.5483298653667081
112	176	0.5312822642191484
112	13	0.517053732900598
112	102	0.5017259005829914
112	141	0.4943719585796206
112	139	0.4918744250912557
112	111	0.46797160329472476
112	131	0.4583496436540763
112	114	0.4496408300685784
112	39	0.44395021094422693
112	156	0.4419487611625256
112	101	0.4249356556502404
112	110	0.4176730295585618
112	79	0.4113125336982138
38	142	0.8937379808828897
38	36	0.8426953105941292
38	52	0.691805368692439
38	39	0.6434094233485227
38	139	0.7710045352808395
38	24	0.6096788172572332
38	114	0.5953480856121628
38	156	0.592941280731937
38	176	0.5765904709210045
38	199	0.5382439389015021
38	70	0.5350470166886796
38	32	0.5321860100954652
38	35	0.48098888113601596
38	41	0.4499439510487674
38	62	0.4024508280507655
142	139	0.7102013451399434
142	36	0.6945276393209734
142	52	0.6776631485983038
142	39	0.6116353594064008
142	156	0.5966634300286401
142	114	0.594514672766724
142	24	0.5251539541540978
142	199	0.517053732900598
142	41	0.48246332509396167
142	176	0.4617159744003036
142	143	0.4215208113137365
142	32	0.4178133629637831
70	176	0.8931933404003516
70	71	0.7640192676285121
70	177	0.7433073703475553
70	36	0.6399269353524418
70	139	0.633834629189304
70	98	0.6233161192212658
70	199	0.5614718009897098
70	113	0.5599085738542703
70	156	0.5106288128404899
70	5	0.4912601522526143
70	96	0.48211799703064184
70	109	0.4766419506863873
70	106	0.4299374950826985
70	52	0.4258202334102374
70	24	0.4018891943629722
176	177	0.7888576575171622
176	139	0.7143593057591308
176	71	0.7536713146352757
176	199	0.6542422664025147
176	98	0.619467166324484
176	36	0.6189924194379448
176	156	0.5678609141998986
176	52	0.45446244113865
176	96	0.42866500280069664
176	62	0.4195122882103172
176	24	0.41019861894151904
176	89	0.4078337369528422
123	126	0.8864062118789988
123	136	0.7836269150338386
123	138	0.7334021560444483
123	23	0.789762431440011
123	129	0.7860845008565741
123	132	0.7834338749852192
123	25	0.7376888801675093
123	133	0.7260629483163012
123	28	0.725958908528386
123	128	0.7036431591089676
123	124	0.6669393794704351
123	116	0.6373689477532251
123	29	0.6095594279981806
123	148	0.6032812505859528
123	20	0.591811864723681
123	135	0.5758690750723627
123	131	0.5733304059472958
123	149	0.5666672626464553
123	125	0.5639182758663889
123	121	0.5450485841531206
123	117	0.5377678706716776
123	7	0.5212539678289436
123	104	0.5207585521791946
123	21	0.5156456383149821
123	186	0.5133883556582477
123	75	0.5076880115931782
123	115	0.504876914418489
123	77	0.4898477492659832
123	118	0.4800967501266356
123	119	0.4736456544789927
123	43	0.4445281200304504
123	120	0.4443596014039558
123	15	0.4428656354977103
123	19	0.44053142110180027
123	78	0.422991653128027
126	132	0.7930507159361432
126	23	0.7819618205114095
126	128	0.7653895139460661
126	133	0.7567946376530709
126	129	0.7475286297285474
126	25	0.6994944805296375
126	124	0.6959741902687475
126	28	0.6934234527261547
126	136	0.6456192103349034
126	29	0.6192575936464582
126	138	0.5776575550636978
126	20	0.5757621252496802
126	116	0.5755347914442301
126	148	0.5640205666397979
126	125	0.5593110258488085
126	131	0.5452032084585199
126	121	0.5095783051648932
126	117	0.5045489979017935
126	21	0.492048759062071
126	135	0.4901896959992174
126	118	0.48774717892729974
126	115	0.48637419016060424
126	7	0.4848764215772167
126	104	0.4615585961977991
126	120	0.4430746176372519
126	77	0.4395960623398817
126	149	0.4301005118131883
126	75	0.4232215277533938
126	43	0.4193969201136986
126	186	0.4142990577738586
126	119	0.4120932043142932
32	114	0.8829506853302401
32	141	0.8364693888577557
32	79	0.7787159822335012
32	36	0.7646014289348992
32	13	0.7339331474347403
32	0	0.7311668469834212
32	111	0.711798509150102
32	102	0.7023787216997806
32	110	0.6912313862663757
32	103	0.6594388263411259
32	1	0.6487863433274391
32	134	0.6450298186138734
32	3	0.6306411815240942
32	39	0.6256524871538455
32	10	0.6203476381835319
32	30	0.6187271040307483
32	2	0.6067173819215875
32	139	0.6043360391786213
32	106	0.6037644282758194
32	12	0.5879452712612955
32	7	0.5724369064678054
32	101	0.5292408102747022
32	127	0.5173174397604098
32	144	0.5119508752353826
32	34	0.5110870078155033
32	104	0.49406210128093775
32	5	0.4932528579612818
32	100	0.47780805731972065
32	140	0.46687748357589326
32	113	0.4660950931408827
32	109	0.45843652998950846
32	35	0.43956379156037556
32	31	0.435715478424076
32	40	0.433533617444071
32	167	0.415102240348909
32	156	0.398445750929249
32	22	0.39806712462428223
114	101	0.6113911993243949
114	141	0.8028572569570245
114	79	0.7519990168791411
114	36	0.7387309346113564
114	110	0.6682973778490211
114	139	0.667787956457785
114	0	0.6553504745315248
114	111	0.64023979077893
114	134	0.6347789235190283
114	39	0.6174912227906727
114	102	0.6011333976686021
114	30	0.5831284304604948
114	13	0.5705311700227923
114	144	0.5654100028571739
114	127	0.5483718240477508
114	103	0.5305928832357748
114	106	0.5262683405471624
114	1	0.5251032573578165
114	2	0.5170244260769938
114	3	0.5053089454537429
114	10	0.5007674985773907
114	100	0.4905238980830383
114	140	0.4804429535079969
114	99	0.47487027947392546
114	34	0.47145537415066197
114	104	0.46964127415663076
114	156	0.4632174715035637
114	40	0.45512076769254456
114	12	0.4441268334970657
114	167	0.4435647328890637
114	52	0.4248291239063404
114	7	0.4180527092346543
114	35	0.40681615174643193
36	139	0.8825975498099431
36	141	0.6052239764734414
36	39	0.6045645095251504
36	79	0.6030649486382634
36	156	0.5982774312759079
36	0	0.5753341288926149
36	106	0.5681115491013145
36	52	0.5644159281243359
36	12	0.5410789938256511
36	5	0.5290968142019545
36	109	0.5116704162935144
36	24	0.5108505563299024
36	111	0.5079254939261766
36	103	0.5040120931280637
36	3	0.500610143330444
36	35	0.49863665523296463
36	101	0.4931998870191357
36	113	0.4819184058346432
36	13	0.4785870975557662
36	102	0.43613666200905365
36	99	0.41395108760345384
139	156	0.6192945834740026
139	141	0.5456106765717962
139	35	0.5278066924825647
139	199	0.49694419592029376
139	79	0.48732791001690384
139	52	0.47658785200991743
139	24	0.4504382943541889
139	0	0.4430344325028744
139	140	0.43941855900976245
139	39	0.43513198601875885
139	62	0.4268185004117316
139	71	0.4153091414058399
139	177	0.41470486994131334
139	106	0.40974938144559075
139	12	0.4000428977610251
96	198	0.8805475635698624
96	97	0.832307586743129
96	98	0.8272307564397037
96	71	0.6776090676679155
96	81	0.6707360917903462
96	83	0.6448546037535573
96	177	0.6291149516454507
96	190	0.6211897032722622
96	61	0.6060344891784151
96	37	0.5879976144278304
96	55	0.5797194226155507
96	87	0.5660627474186011
96	88	0.5387338593619586
96	199	0.5184078486361687
96	93	0.45298535142324
96	90	0.4274807103595483
96	92	0.4175326762233429
198	97	0.8033897456264965
198	98	0.7545641181650926
198	81	0.718839753201021
198	190	0.6639249443844939
198	55	0.6318742836099038
198	37	0.629634294897285
198	61	0.6020522412919876
198	199	0.5712457014680417
198	88	0.544830641502726
198	83	0.5394219724115523
198	71	0.5311171640418395
198	177	0.525834378590732
198	87	0.5100297660456002
198	185	0.4912146311031368
198	193	0.470303531139973
198	93	0.4693138460199857
198	183	0.4657349484824132
198	166	0.46440264028344064
198	90	0.4520310680239397
198	92	0.4444879994012213
198	63	0.4425359889487918
198	187	0.4307604427364807
198	158	0.42120005371946295
109	3	0.757750082968241
109	106	0.7528797011353876
109	103	0.7383900383476268
109	5	0.7258784913819063
109	12	0.6467200680637718
109	0	0.6364774548703638
109	113	0.5890173219835583
109	13	0.5140140500038303
109	156	0.4867100319319768
109	111	0.4647555150998872
109	102	0.4504781487237079
109	52	0.4394024206413348
109	39	0.4335092556691524
109	105	0.42752157249823897
109	1	0.4181599835552277
71	177	0.8727488606000399
71	98	0.7502470501941583
71	199	0.593213549579157
71	97	0.5537405321780412
71	83	0.4985915721950519
71	87	0.4079337726537704
71	178	0.40211556076480715
177	98	0.7705580495869435
177	199	0.6602292926628707
177	97	0.538378880857682
177	178	0.5014939004588649
177	83	0.44119204660713013
177	89	0.433533617444071
177	72	0.43342804517634814
177	87	0.42709652088418315
177	122	0.4256401075705335
177	60	0.40905849912184233
3	103	0.8705629445817508
3	13	0.7638527069116797
3	106	0.7607529270441292
3	0	0.7577798884240594
3	12	0.727520725821299
3	5	0.6847376542491898
3	1	0.6809214249362536
3	102	0.6757061803509429
3	111	0.6591674730618692
3	113	0.6395015841139324
3	7	0.5726587288326591
3	110	0.5644431848953584
3	141	0.5439229281887165
3	10	0.5341828507686319
3	79	0.49417547827380776
3	104	0.48735078502771173
3	105	0.46401823104710876
3	131	0.4617553144100244
3	39	0.46018818021099694
3	78	0.4483234457324637
3	2	0.4465078573173637
3	135	0.4434362037159612
3	101	0.4096245579579142
3	134	0.40894191848604045
103	106	0.7852041470719804
103	0	0.7592915439711859
103	13	0.7867331543754649
103	102	0.7547277117861046
103	111	0.7209450138003112
103	12	0.7069199383279536
103	113	0.6921493391075317
103	5	0.6685297316353589
103	1	0.6517241147569591
103	110	0.6190972726287638
103	7	0.610789693694806
103	10	0.5956578661786233
103	141	0.5780372277067143
103	104	0.5246540659019475
103	2	0.4984036971697059
103	105	0.49616816111923023
103	79	0.489688122519508
103	39	0.4762941104991344
103	131	0.4701088046017359
103	135	0.4697737678796994
103	101	0.4439341526374433
103	78	0.4280199499015776
103	134	0.40697469460749164
146	150	0.8699076815344667
146	42	0.7246745992612458
146	144	0.7047169559502691
146	49	0.678770193077777
146	140	0.6645787045422239
146	137	0.6357689918342537
146	165	0.6119607250317158
146	172	0.5988934588241173
146	127	0.594934769365238
146	171	0.593777103574727
146	153	0.587415019362412
146	145	0.5671490793459172
146	130	0.5532480449262405
146	180	0.5479801023237204
146	40	0.5410294856040109
146	167	0.5277706205258752
146	30	0.509059889362522
146	164	0.5012917770512827
146	154	0.5006176371877726
146	175	0.494968646546299
146	67	0.48999214516984635
146	189	0.4891405815739112
146	86	0.4735913564932415
146	168	0.4616845010846917
146	53	0.4554061523530544
146	33	0.45535859473944573
146	155	0.4547797689921271
146	31	0.44701211276563124
146	143	0.4465558938743854
146	47	0.431012887104751
146	134	0.4285670482045571
146	128	0.4163926003202073
146	121	0.4001436888036464
146	157	0.3976883626482059
150	42	0.6698935547785948
150	171	0.6490005501209838
150	144	0.6464174546839987
150	140	0.6068311104234941
150	180	0.5964830819330067
150	49	0.5669251846158938
150	172	0.5479731051073028
150	165	0.5381658019947326
150	127	0.5351754747598806
150	145	0.5335465110793592
150	167	0.5277561912101277
150	153	0.514734760492167
150	157	0.5093043314394659
150	67	0.5045713604725579
150	137	0.5045489979017935
150	30	0.49312420789975014
150	175	0.4823559057594473
150	40	0.4807274975036808
150	130	0.4688692727678924
150	189	0.4616766325741497
150	154	0.4548590829209973
150	168	0.4384739875618703
150	53	0.4182754967039977
150	155	0.4142493551609699
150	134	0.40872537617518134
150	169	0.4074668556178992
88	90	0.8652840326086637
88	87	0.8329210928356701
88	193	0.7035169153277947
88	97	0.6848226264342564
88	190	0.6305508292227647
88	81	0.6175963915299902
88	76	0.5791946813456531
88	83	0.5649267877706184
88	73	0.5569357112526361
88	80	0.551413429769607
88	191	0.5401376964051978
88	194	0.5302263637784658
88	66	0.4949912963911315
88	82	0.46571928651737354
88	54	0.4656018124798411
88	187	0.4650847317890124
88	55	0.4648025539268085
88	184	0.4641045422202035
88	93	0.4581205376822062
88	98	0.45586574194467255
88	60	0.436063778515321
88	185	0.42201407862445983
88	94	0.4166405544996027
88	92	0.41191885159834524
88	85	0.41160327953061787
90	87	0.7248075293681238
90	193	0.6643217918536263
90	97	0.6115915443774562
90	81	0.6112095688933823
90	73	0.5994126814000016
90	194	0.592123660312108
90	76	0.5682605253180979
90	190	0.5513647118631643
90	80	0.5210427305561715
90	93	0.5120910637947168
90	184	0.4878995845960703
90	187	0.4828775208787601
90	83	0.4674012766791594
90	185	0.4641829992761034
90	191	0.45250833926993317
90	94	0.4421177285497335
90	75	0.41001562026953087
90	183	0.40306241259688247
15	115	0.8622371392046546
15	116	0.7517121061855867
15	16	0.7447314950515266
15	118	0.6945638717544796
15	152	0.6903583066179574
15	117	0.6489368777642136
15	29	0.6323606298433679
15	18	0.6266069863650024
15	43	0.6210545776703823
15	14	0.61813426237805
15	17	0.6143881450844921
15	133	0.6067868856247379
15	149	0.5924093172813988
15	21	0.5813635903877147
15	28	0.5444226800801333
15	120	0.5349470877474064
15	23	0.5280158722864731
15	132	0.5148082615212026
15	77	0.50437752903549
15	48	0.485755560059282
15	186	0.4787721053556637
15	25	0.4775765142986226
15	136	0.4775456368818663
15	20	0.4678856885888146
15	26	0.46438695353398945
15	19	0.442342969596539
15	129	0.4408698499328657
15	148	0.43895043118250454
15	119	0.43173727186155525
15	75	0.4231476454209596
15	46	0.4175079059191495
15	76	0.4156566384647182
115	117	0.7251206512035814
115	116	0.7480752119771085
115	16	0.7217508373609578
115	152	0.7009114881451521
115	118	0.6856342329116417
115	133	0.6606972368698439
115	17	0.6558636359024563
115	29	0.6453975491468649
115	120	0.640328296230105
115	23	0.6026893905812022
115	21	0.5998865923866471
115	14	0.5888083038435861
115	18	0.5792411968061488
115	149	0.5771309285657596
115	132	0.572174644695694
115	28	0.5498177075864458
115	43	0.5459827926952665
115	25	0.5312391984970533
115	136	0.5305856984857308
115	77	0.5161446577738324
115	186	0.5021597715274484
115	119	0.49313177614758485
115	20	0.49152563880571915
115	19	0.4907364970432332
115	129	0.49041757669953046
115	48	0.48962730369364416
115	148	0.4736146274994178
115	125	0.47345947496806107
115	75	0.44492120780483724
115	76	0.4408537371152863
115	46	0.4235826492398753
115	135	0.42217022788442965
115	121	0.40558034767040313
13	111	0.8619803707791953
13	1	0.820550438652127
13	102	0.827041248837174
13	12	0.7902510873584745
13	10	0.7773741900040386
13	0	0.70809859326698
13	110	0.6940148318464953
13	7	0.6820889243489634
13	106	0.6503182580891221
13	2	0.6411064112578256
13	141	0.6178499429387239
13	105	0.6103820235341939
13	79	0.5888017707573058
13	113	0.5626005907598958
13	104	0.551253342526573
13	5	0.5313396809111264
13	134	0.5024962214802406
13	135	0.4995602629251208
13	39	0.4468200489231016
13	78	0.4304020188318531
13	8	0.41124606575125777
13	6	0.40950804219578246
13	30	0.40672435257075495
111	102	0.831630366815777
111	12	0.8095769169706817
111	1	0.7895742194833861
111	110	0.7387309346113564
111	10	0.730164673762534
111	106	0.6932157295551022
111	105	0.6855017337782517
111	0	0.6818803145335472
111	2	0.6412948470152566
111	7	0.6187641332622886
111	141	0.6126920408433397
111	104	0.6116040633399816
111	8	0.5757955491861968
111	134	0.5610813689110151
111	79	0.5482529339473388
111	5	0.5378460546753292
111	6	0.5205325844428944
111	113	0.5039897136353848
111	135	0.48480757803612573
111	39	0.47321893047153996
111	78	0.44172342252183533
111	100	0.42643404511168004
111	101	0.4205499910409639
111	107	0.414572377971898
29	133	0.8509262060564111
29	26	0.7005144671630322
29	23	0.8181842821347185
29	129	0.7265071076864567
29	25	0.706469414032734
29	28	0.7003157938977362
29	132	0.6460214224210564
29	131	0.6025238056082889
29	116	0.601222799553423
29	21	0.5849733048568826
29	16	0.5734378028538522
29	117	0.5724637984915562
29	7	0.5288735600569859
29	135	0.5235007711987271
29	136	0.5214432986836837
29	118	0.5207731282379873
29	128	0.48270113055267716
29	104	0.4817034055266993
29	78	0.4666037299584161
29	186	0.4653668151766753
29	77	0.4647084736495061
29	148	0.4622115257543966
29	20	0.4407892830036392
29	75	0.43021460683928014
29	149	0.4299374950826985
29	120	0.4184569900338913
29	125	0.41830849797618935
29	43	0.3982017628582115
133	23	0.818712509353181
133	129	0.7965859698265251
133	132	0.7938656480362157
133	28	0.7674524962890185
133	25	0.741970881329271
133	116	0.6885166986907564
133	148	0.6272261014079771
133	118	0.6188381834772658
133	131	0.6099551914651243
133	128	0.6092010942712074
133	136	0.6033448519220607
133	117	0.5965474988837266
133	21	0.5900612310349792
133	16	0.5833989498746078
133	135	0.56980226745687
133	7	0.5483997949679009
133	186	0.5219891577701066
133	77	0.5116999434245759
133	125	0.5097633640732628
133	104	0.5058597899002288
133	26	0.49571573619268006
133	120	0.49282141678421415
133	124	0.4914801333109628
133	75	0.4899085508177763
133	20	0.48761761072793264
133	149	0.4846698729305167
133	188	0.4730171290476621
133	78	0.46543732125893755
133	43	0.4635472877391001
133	138	0.45360507966155317
133	121	0.41669013789893666
133	19	0.40392472121312256
133	147	0.3984541633055656
193	194	0.8409180224504615
193	191	0.7037289795141496
193	183	0.7018615539526313
193	187	0.6899603097662086
193	87	0.6771978130349209
193	190	0.6524138817943897
193	185	0.6329843442647329
193	196	0.631170904106411
193	184	0.6090815943756663
193	173	0.5352682346432504
193	159	0.46363364696560055
193	97	0.4421177285497335
193	148	0.4403944023903484
193	76	0.43852245072055596
193	189	0.4336391778124913
193	83	0.4312327030492735
193	81	0.427374460624089
193	147	0.42546813779688875
193	182	0.4254353781648303
193	73	0.4243536850861247
193	188	0.42356623754605804
193	80	0.4169132325127817
193	158	0.40609823021797703
193	63	0.40559705762648807
193	170	0.3994547571840998
194	196	0.6811627066935821
194	185	0.641359603947995
194	187	0.6235545372873991
194	183	0.6200891999644056
194	184	0.6107646156441198
194	148	0.5778107864047781
194	190	0.5668573211852663
194	147	0.5641023867976638
194	189	0.5199199182043236
194	188	0.5096449318046606
194	191	0.5027129641783179
194	87	0.48963490630745415
194	157	0.46309179345817847
194	173	0.44057977574765905
194	63	0.42847724764013617
194	180	0.4152098342590889
28	132	0.8366794890768107
28	21	0.6985586890178093
28	131	0.6924721766873098
28	129	0.7310458212678639
28	25	0.6901384126009462
28	23	0.6609169371209841
28	116	0.6313874392799356
28	148	0.610068210894875
28	136	0.6092199601472105
28	128	0.5917988693955314
28	125	0.5878209365053852
28	75	0.5793209288199886
28	186	0.5759693226334467
28	118	0.559283538386807
28	138	0.5534561853542465
28	117	0.5463055868855021
28	43	0.5229996868884509
28	135	0.5221419217592462
28	77	0.4968914808339982
28	16	0.49677850758608755
28	149	0.49633398279025587
28	104	0.4909945743877379
28	124	0.4891481889516147
28	188	0.473397405727167
28	27	0.4713775975010808
28	20	0.45385126019018696
28	184	0.4395718593616436
28	76	0.4379407245457329
28	121	0.43656574873482445
28	26	0.4146551875129095
28	185	0.40659081183344725
28	7	0.40651568753255757
132	128	0.8084020980034398
132	125	0.7611444170870846
132	25	0.7813393851514348
132	129	0.7340023411369531
132	124	0.715552069869178
132	23	0.7079439944573741
132	116	0.6992952502751913
132	21	0.6870306530875642
132	148	0.6634101627206883
132	20	0.6572631885188455
132	121	0.6449480601166403
132	136	0.6382053982514906
132	138	0.6335892814422289
132	131	0.6042916028422579
132	118	0.6039169186201484
132	149	0.5980976232073131
132	77	0.5879190978314476
132	135	0.5799583858746112
132	27	0.5681454106028195
132	117	0.5567011271526654
132	75	0.5411992124651851
132	119	0.5405625094410529
132	186	0.5201241997781916
132	43	0.5101407380005801
132	188	0.48890471595396645
132	104	0.47968880759475985
132	7	0.4622744322686099
132	19	0.4461314819147512
132	120	0.44219817818405455
132	147	0.4391603110797194
132	16	0.43242858048979177
132	17	0.4282322939858881
132	184	0.42674489324731585
132	2	0.41804445688083236
132	78	0.3971241769473047
141	110	0.7077244473513249
141	79	0.7005602994266704
141	134	0.6974767426296415
141	102	0.6548309955362512
141	30	0.6484561477741652
141	0	0.6363465593249443
141	10	0.6055153991315545
141	2	0.5971848120605706
141	127	0.5859131809114223
141	1	0.5785630271324073
141	167	0.5699170616499859
141	7	0.5674949336590608
141	140	0.5514343077211132
141	144	0.5359884678213773
141	39	0.5350541538973911
141	104	0.49652990717257656
141	35	0.4917682894462001
141	100	0.48831093133778863
141	12	0.4738085268331428
141	34	0.47232597149491057
141	106	0.47153314346694497
141	101	0.447803940459267
141	143	0.41714453684509806
141	31	0.3977809614333154
2	10	0.8339593728373399
2	7	0.8243042252380148
2	134	0.7368353294407468
2	110	0.7705174224272988
2	104	0.7429536423264952
2	1	0.7210554502921045
2	30	0.7115073145928983
2	102	0.7027483969040074
2	135	0.6396375027963874
2	31	0.6215396296440422
2	78	0.5707537111964415
2	0	0.5203721759936836
2	100	0.5068264912705468
2	124	0.48634365196061496
2	79	0.48579376120822265
2	127	0.46328815721818406
2	129	0.4621722068204733
2	128	0.44370930640350675
2	77	0.44025736316098757
2	23	0.4265731212090661
2	34	0.40869205788780316
2	25	0.4057140197279544
2	125	0.40275247633339833
10	110	0.8199942785182761
10	7	0.765265231744924
10	102	0.7571490423135322
10	1	0.7390759910387389
10	104	0.6555444066691364
10	0	0.6129230935853931
10	79	0.5958062399410929
10	135	0.5873036678327048
10	134	0.5612115406949434
10	12	0.528333126224339
10	113	0.5056886256378886
10	30	0.5007600062207481
10	78	0.4932528579612818
10	8	0.48089663784875236
10	31	0.4488586189777705
10	106	0.4464438045708277
10	100	0.44431947328519156
10	105	0.4362500249601567
87	191	0.7418899642652594
87	83	0.7370363766735496
87	97	0.6926282889369638
87	54	0.5015088703860725
87	190	0.6877111552591577
87	60	0.5474270859677273
87	81	0.5459055787513458
87	89	0.5215233847472116
87	76	0.5170464063083431
87	98	0.5127842269035202
87	93	0.5091932315880573
87	55	0.49893713987829863
87	187	0.49871930046300417
87	82	0.49549696763559975
87	92	0.4729239731849157
87	178	0.462918955734243
87	80	0.46222725281911925
87	61	0.4607633924658468
87	94	0.4598649462383373
87	66	0.45672879596040705
87	192	0.4475800603372309
87	91	0.4421820888263388
87	183	0.4161693885861809
87	159	0.40395819446506154
87	184	0.40340574752316494
87	185	0.40077341347154244
97	81	0.7212954032812053
97	98	0.6960102819052227
97	83	0.646068032517809
97	190	0.6415008600882688
97	61	0.5947150670419283
97	55	0.583788006856476
97	93	0.5395992044910604
97	37	0.5200147706189785
97	76	0.5034076093137865
97	92	0.4836669621388705
97	80	0.46364149736761734
97	191	0.43306251084790387
97	54	0.4222195329733833
97	178	0.40949971913006533
97	187	0.4004040208613122
102	110	0.7796196454007878
102	1	0.8174225286870628
102	0	0.7335407619273868
102	7	0.7258406411507538
102	104	0.6654042279893274
102	12	0.6585166570236668
102	134	0.6404108859799545
102	106	0.6153086476711309
102	105	0.6149543281376385
102	135	0.6006094558363794
102	100	0.5695118063957822
102	78	0.5442749063589819
102	79	0.5145215647171147
102	30	0.49790748213551994
102	39	0.47713639975531175
102	5	0.4721705751821094
102	113	0.4546687173716484
102	101	0.41337086842261994
5	106	0.8302063309193327
5	12	0.6874000675850709
5	0	0.669259137298203
5	113	0.5340827924708937
5	101	0.4471401324356904
5	156	0.4247635600609674
5	52	0.4147462700763793
5	1	0.4042175754861437
106	12	0.7271674979569598
106	0	0.7269365142324979
106	113	0.6007309029493801
106	1	0.5464879640301347
106	101	0.5074356020533226
106	79	0.4884479987268181
106	110	0.48662608497002435
106	39	0.4448249572521684
106	105	0.42363188265290674
106	7	0.4177060509764731
106	156	0.3988158320569444
98	199	0.7622233981554813
98	61	0.6600600299579569
98	37	0.6384068704419882
98	81	0.616649077844514
98	83	0.5148082615212026
98	55	0.4491460418594092
98	60	0.42573836221138717
98	166	0.42379597595328816
98	92	0.4224742361340755
98	190	0.4197017920933673
98	24	0.4020065756683699
98	93	0.3980334623857352
37	61	0.82631305858419
37	63	0.7005042814307026
37	166	0.6831729738805135
37	92	0.6576322341184764
37	68	0.607058492901109
37	81	0.6054457258699742
37	199	0.5920197481370336
37	24	0.5809927405208273
37	93	0.5616498098478309
37	183	0.5204086356849453
37	35	0.4866871381973609
37	187	0.4521424544820881
37	175	0.41356154893103325
37	55	0.41088872561318585
37	76	0.39953039369541954
61	81	0.7140751674106859
61	93	0.7125574246887849
61	92	0.6699596985761928
61	63	0.6424297109601801
61	166	0.6173860319691747
61	199	0.5304204281921232
61	183	0.5135577151085553
61	68	0.5045564521672699
61	60	0.48552631419816245
61	24	0.4820949698304859
61	187	0.4800044039536051
61	85	0.4485870787282945
61	66	0.4321602503859264
61	195	0.4314687446470763
61	83	0.41238372511668847
61	190	0.40813381467390536
61	76	0.405363093574449
61	55	0.3991269361305299
23	25	0.8261226401623752
23	129	0.7595032017741847
23	136	0.6483170450184876
23	7	0.6271775719795497
23	116	0.6126545629578554
23	135	0.5984635975641689
23	131	0.5857818243715812
23	128	0.5846772141298697
23	20	0.5620809234252253
23	117	0.5554231573013909
23	104	0.5502431621389217
23	78	0.526239418272993
23	21	0.5250887718743088
23	124	0.5244656082897858
23	148	0.5204961312027431
23	138	0.5121722131249083
23	125	0.5063432996672629
23	149	0.4944097374640767
23	77	0.49205633790496617
23	16	0.47712095279078703
23	26	0.47674241007962037
23	118	0.474777334391828
23	120	0.46219579839890224
23	186	0.44856311531682747
23	17	0.4258038597282183
23	75	0.4158634243621524
23	19	0.4098159476989627
23	119	0.40360667137907363
23	43	0.39778937910289847
25	128	0.6939163336109221
25	129	0.6903740084550103
25	27	0.6379801199578169
25	136	0.6357928231397536
25	125	0.6336730730562977
25	20	0.6308278554506435
25	149	0.6126420697170465
25	138	0.6030649486382634
25	116	0.5916234023561634
25	21	0.583801190533806
25	135	0.5721342863396628
25	124	0.5613622312407219
25	121	0.5564802609805326
25	119	0.5149038015456443
25	148	0.5007300360438025
25	77	0.4999278882831146
25	104	0.490675760443672
25	7	0.49031124071529525
25	117	0.480312183151916
25	118	0.47023343486020097
25	186	0.4452900730401447
25	75	0.440765111539771
25	131	0.42897512586882725
25	43	0.42774219785827367
25	19	0.418555972312736
25	17	0.4130723391812811
25	78	0.41166972396179874
25	120	0.40684953122798884
25	16	0.4048866455048546
12	105	0.6882010014575757
12	6	0.6771599130198348
12	1	0.6733189457023696
12	0	0.6488616168947674
12	113	0.5616018894995204
12	110	0.47915740172454546
12	8	0.4594469265516523
12	79	0.45810473502595883
12	39	0.40733341159734376
12	7	0.3977051993936124
7	135	0.7443482271745488
7	104	0.7851274441380265
7	110	0.7731451934491078
7	78	0.734675030997603
7	1	0.7043392258675009
7	134	0.6457882996638622
7	30	0.6269105730672484
7	129	0.6079229010389631
7	31	0.5817871232253766
7	0	0.515763086156255
7	124	0.5058597899002288
7	79	0.4871067504303499
7	131	0.486984704597306
7	77	0.47341292347816855
7	100	0.46118864304889395
7	138	0.42441107805768336
7	113	0.4165248502605992
7	128	0.41436532408064997
7	148	0.4132713685444387
7	20	0.4098159476989627
7	39	0.3974610403739277
51	155	0.8238549755237552
51	154	0.7503519423526185
51	153	0.7305938960959438
51	53	0.7218945289624176
51	47	0.6681977577157828
51	14	0.6329363953711701
51	164	0.6110529392475376
51	44	0.5811649508364017
51	46	0.5770775725110958
51	49	0.5733773945186138
51	179	0.5717843978495694
51	48	0.5384072861731798
51	40	0.51792505633965
51	152	0.508711602784116
51	156	0.49962029568929056
51	130	0.49906480954239196
51	125	0.4876328551605757
51	45	0.47780805731972065
51	17	0.4692358679092316
51	89	0.46399469010697536
51	20	0.4561271241343291
51	27	0.43000270513968525
51	165	0.4255991651742899
155	154	0.8081594204828048
155	53	0.7404658967331402
155	153	0.7407142362109728
155	130	0.6375351711149538
155	49	0.6342173562264513
155	14	0.6133349815905355
155	164	0.592954248990899
155	47	0.5892523732256583
155	48	0.5774176329509787
155	44	0.5734579375800534
155	179	0.5655052389319254
155	125	0.5475601336089427
155	40	0.5168119153542897
155	17	0.5127473733418226
155	46	0.5122386012307055
155	119	0.504489361070047
155	157	0.5009323114382096
155	20	0.4887905617564361
155	27	0.4866031887841719
155	152	0.48053524913463075
155	165	0.460062054631226
155	144	0.45633300620563005
155	137	0.44786789589844345
155	149	0.4247061880409298
155	124	0.4207639834408808
155	121	0.4098825095876917
30	134	0.8219827249528102
30	31	0.7335130456305227
30	127	0.6817946989156768
30	167	0.6155819875685586
30	34	0.580250316599484
30	140	0.5602380064386321
30	144	0.5530398353947964
30	110	0.5489379959985035
30	143	0.5317844947677977
30	1	0.5268104077162359
30	79	0.5194600671756128
30	78	0.5142126856118279
30	104	0.5025485444680258
30	137	0.5005202111902353
30	100	0.49915491626357344
30	22	0.4985164278042528
30	128	0.4799890118903984
30	135	0.47341292347816855
30	131	0.4432674814967788
30	42	0.43705935753474573
30	124	0.43084188377214894
30	138	0.42368111356318067
30	35	0.4154911788002626
30	0	0.4025094887312771
30	129	0.40206526136674986
30	39	0.3981260309622793
134	100	0.600232153893481
134	110	0.6671003539720468
134	127	0.6505144240031563
134	104	0.6458640777730374
134	1	0.6166242874764573
134	31	0.5904521892206809
134	34	0.5732095608732422
134	167	0.566755511612692
134	135	0.5567770317282342
134	78	0.553019010641081
134	144	0.5245091030705858
134	22	0.512776856342359
134	140	0.5114710765453961
134	79	0.5015911996177895
134	0	0.4764796438280213
134	131	0.476000262639521
134	129	0.45829434778773653
134	128	0.4555329599499625
134	143	0.4542243695205312
134	138	0.447188135089916
134	39	0.4433237257272897
134	137	0.4426566052261034
134	77	0.4154580835670357
1	110	0.6602969789736607
1	105	0.6304845600048654
1	0	0.6287885650325258
1	135	0.5888540332933926
1	78	0.579699504507418
1	104	0.5625254032438591
1	6	0.48483817590723743
1	79	0.48125017929095076
1	31	0.47702826481285787
1	8	0.448507198181943
1	39	0.441876336965695
1	100	0.43999935131513906
1	131	0.40922501972514763
110	104	0.7869997431786115
110	0	0.6832796142458804
110	79	0.6732260059934428
110	135	0.6513557975467974
110	100	0.5873233197185025
110	78	0.5695726123461581
110	113	0.5065886520943638
110	101	0.48117333576661775
110	129	0.43013311179430985
110	39	0.4292525187160349
110	31	0.40651568753255757
148	188	0.8192064671091648
148	116	0.7447314950515266
148	186	0.712695230527329
148	147	0.6744870737788136
148	184	0.6896720252735846
148	77	0.6646401169185084
148	75	0.6567403077968005
148	129	0.6044693256310703
148	135	0.5880172418457611
148	185	0.5754210911711345
148	76	0.5569357112526361
148	187	0.5435425766714317
148	118	0.5408384901925908
148	136	0.5229270359563001
148	138	0.5186783604586221
148	43	0.5027876883891506
148	128	0.5011195546900992
148	21	0.49545169732447214
148	124	0.48587779720359875
148	104	0.4568949737688017
148	131	0.45642009545431117
148	117	0.44933760548606017
148	73	0.43522926015761043
148	121	0.4285588848667201
148	125	0.4191166840482927
148	149	0.41423278707427064
148	16	0.4099740250572745
188	184	0.6988401895017884
188	186	0.653578281001902
188	147	0.6453333637699734
188	77	0.6165375115575515
188	116	0.6150911124882306
188	76	0.5939971849107306
188	75	0.5905433729522506
188	187	0.5591048399054634
188	185	0.5228979734558102
188	73	0.4957609908011538
188	135	0.48899602725787106
188	129	0.483230183996985
188	189	0.4586734481832059
188	21	0.4549463199094017
188	182	0.43399637074451186
188	118	0.42243315949042837
188	43	0.42165237367251096
188	138	0.416268599995855
14	152	0.816791089979436
14	46	0.7272146172734305
14	154	0.7156984340160283
14	17	0.7074048619325364
14	48	0.5993742377511886
14	47	0.5976542676395863
14	53	0.5780572035492064
14	153	0.574631264377739
14	164	0.563584005400251
14	20	0.5504662372407378
14	18	0.5146833052694018
14	119	0.49705714446999905
14	43	0.4950441434130827
14	49	0.49012131871722237
14	77	0.4777771887513528
14	149	0.46690876400832465
14	21	0.4500635755403598
14	45	0.44710812923523224
14	117	0.44542635457005847
14	44	0.4350265942375223
14	120	0.413694174849304
152	46	0.7214872410987616
152	17	0.6443870326089675
152	154	0.5683553089733765
152	117	0.5650561368528844
152	48	0.5468455532974708
152	18	0.5284772838113181
152	16	0.5134472678302381
152	43	0.5119287377063491
152	164	0.4933663548057512
152	149	0.49296525745352854
152	21	0.47790837201795017
152	120	0.4622508428709956
152	47	0.4607791462625926
152	119	0.4387082025361713
152	20	0.4298722805397577
152	153	0.4293096189594742
152	118	0.42901592401079314
152	116	0.4222934859229272
152	122	0.40164600535474787
47	153	0.8114637153345854
47	45	0.5944176812724417
47	154	0.6615584887035725
47	179	0.6289276086577057
47	82	0.6228940186070846
47	46	0.6186345189230947
47	89	0.5936476024472386
47	86	0.5719795536385471
47	168	0.5634475154035836
47	49	0.5633041677957806
47	164	0.5071608221049896
47	165	0.4990272618896939
47	53	0.4689004786468189
47	156	0.4681434061714742
47	171	0.458183745411367
47	94	0.44916998957171383
47	192	0.447707998708447
47	40	0.43917645370235675
47	159	0.4143404747304102
47	84	0.41092197188495405
153	154	0.7888954248973453
153	49	0.6318562612215812
153	164	0.6316098867666438
153	53	0.6151221946784525
153	179	0.6056040607691351
153	46	0.571070519082597
153	168	0.549685130645542
153	40	0.5463196177363123
153	165	0.5456106765717962
153	130	0.5224400787171902
153	45	0.49515737469847176
153	44	0.4942586107200848
153	86	0.4885545900344737
153	171	0.4794192978307249
153	144	0.4666897764471224
153	157	0.4421338190457356
153	82	0.4359584922578774
153	189	0.4286486777344317
153	48	0.4179454232534041
153	156	0.41472971022838967
153	137	0.4102485219388319
153	42	0.40896690117475804
153	17	0.3999756983561608
4	107	0.810573870679804
4	8	0.7400002802180042
4	6	0.4368732736350557
107	8	0.7944934216718652
107	105	0.5245815882885082
107	6	0.42663038197521763
128	124	0.7176973013903907
128	125	0.6764499783250563
128	129	0.6597551881233757
128	138	0.6452808416831678
128	121	0.618165156924859
128	20	0.6080426688555127
128	27	0.5577078306335832
128	116	0.5450907580963138
128	130	0.5252625775953441
128	77	0.5177713713629128
128	149	0.5122828565674195
128	136	0.5034449374131371
128	21	0.49774200462121004
128	135	0.49104769726479247
128	119	0.48168804614214594
128	144	0.47051378437541863
128	127	0.46964906849076116
128	131	0.44931366229182107
128	104	0.43659003072720753
128	118	0.42480453798653894
128	75	0.4210602033194538
128	53	0.420533528148396
128	157	0.40102519739281484
154	53	0.7381807684122991
154	49	0.6713407698138347
154	46	0.6559149187354077
154	17	0.643544188995172
154	48	0.6419184882218598
154	164	0.6338406116880131
154	20	0.5983801517006176
154	119	0.5939130466593183
154	130	0.558960468583279
154	179	0.541093138343032
154	157	0.540619130366231
154	125	0.5345329369598468
154	121	0.5061722479633128
154	149	0.5001303804144583
154	124	0.4971625479218132
154	165	0.49352522216804406
154	44	0.48158052216415775
154	171	0.4283139521989863
154	18	0.42430448839657864
154	137	0.41780510860935827
154	27	0.4169462792959205
154	40	0.4130640454345962
154	77	0.39822700561733443
78	135	0.8022165753674935
78	77	0.6858090622290947
78	31	0.6446384120410945
78	104	0.5777908020175146
78	43	0.5486934155408713
78	20	0.4836593014391213
78	129	0.4823328854429293
78	100	0.48109648484691786
78	164	0.46726058835587597
78	124	0.4598886016389182
78	149	0.4585628944712904
78	79	0.40791710071700915
78	0	0.40194788666701187
78	26	0.4005551517588786
135	77	0.7387354773438604
135	104	0.7315110530142692
135	129	0.6243911383235329
135	116	0.5737263343975553
135	186	0.5664703527111762
135	20	0.5609648758920183
135	124	0.5540594017874685
135	75	0.5520325152592485
135	149	0.5441411772143632
135	43	0.5235661033452519
135	125	0.48276248815264083
135	138	0.47901871629146897
135	100	0.47028795470169005
135	136	0.46968024509516065
135	21	0.46803408116184286
135	31	0.4500556010766903
135	117	0.4429620947744949
135	161	0.4376497238276783
135	147	0.43522926015761043
135	131	0.4307441536873298
135	121	0.4169214943119024
135	0	0.4078254002024124
135	184	0.4026938293490824
183	187	0.8008937954316494
183	166	0.785969852475765
183	196	0.7514945599829514
183	175	0.6941703024961033
183	63	0.6128606572305979
183	185	0.569207683139438
183	92	0.5599840844660532
183	180	0.5479241224451745
183	170	0.530276682110997
183	191	0.523762062843663
183	195	0.5083928116922585
183	147	0.49955275849219494
183	169	0.4980503653631556
183	81	0.4968462935554855
183	173	0.49030364472917926
183	182	0.48860026756021435
183	60	0.4850905630582406
183	93	0.4506455174699752
183	91	0.44963285180146584
183	76	0.4360151863411581
183	80	0.42316406420340963
183	158	0.4221948807411518
183	184	0.41490357492955915
183	172	0.4063403761199825
187	185	0.6550365777558134
187	76	0.6287341457083867
187	166	0.611941959565079
187	184	0.5969338392041003
187	63	0.5914413773177042
187	196	0.5831812248961944
187	147	0.5394148821339493
187	191	0.5226000127324163
187	175	0.4983510837713767
187	81	0.4942888384594849
187	92	0.49112358075419943
187	173	0.4869007870535991
187	182	0.48459335971097917
187	73	0.473343091284656
187	60	0.46692440378639744
187	170	0.4611728968029459
187	158	0.43735054418893654
187	80	0.4273989808418145
187	190	0.422753511284618
187	91	0.42201407862445983
187	74	0.4188775960458274
187	186	0.4175574459069995
187	169	0.3981260309622793
129	138	0.6587827618757067
129	131	0.6503817330261376
129	104	0.6313032428517935
129	136	0.6013760249159328
129	116	0.59489600482433
129	21	0.5431549520237025
129	186	0.5379952893579344
129	124	0.532794995812234
129	125	0.5161813365618365
129	75	0.5037061814880148
129	26	0.5030416945013108
129	117	0.47888771364296334
129	77	0.47759967158702393
129	149	0.4711986833799987
129	118	0.4700542729674904
129	20	0.4475320787233763
129	147	0.4031796616767162
8	105	0.6365845239636354
8	6	0.4998078671467899
127	143	0.7943458627047155
127	137	0.7433118452558248
127	140	0.6753582403901172
127	22	0.6321865631172847
127	144	0.6315497760750995
127	34	0.5994062743172232
127	167	0.5789886389657304
127	31	0.5763768176101192
127	164	0.46352373369419375
127	42	0.4608579108908572
127	33	0.45323170614500624
127	130	0.44711613014266705
127	165	0.4465638997169709
127	44	0.44476078450806183
127	138	0.4419889943380673
127	40	0.41381020812638253
127	35	0.4091584147541175
127	171	0.4001940806954447
143	137	0.6280443011099502
143	140	0.5582862875647095
143	34	0.49977035660462116
143	167	0.49452306291057113
143	22	0.4900605338465599
143	31	0.49004533688415014
143	39	0.48732791001690384
143	26	0.47770773015861256
143	165	0.4678856885888146
143	164	0.4529297133601072
143	44	0.44366914941006813
143	144	0.4365738428029585
143	156	0.42778304881516427
143	131	0.4229341759619586
143	33	0.4223181356569897
143	62	0.40136920411617255
143	24	0.3988578785150748
75	186	0.7888198841778917
75	73	0.6184060688496531
75	59	0.40770034078654693
75	116	0.665047444282033
75	77	0.6354650364330418
75	76	0.5750463917507435
75	185	0.5703895092736346
75	184	0.5495525260090284
75	21	0.5189926086380584
75	149	0.46181825464722015
75	181	0.4615428567792625
75	104	0.43219277932431993
75	43	0.4192897804638351
75	161	0.41910844060169183
75	136	0.41318015165274674
75	125	0.3995724116292381
75	20	0.3994295438050504
75	138	0.3978062142411569
186	116	0.7085520236728086
186	184	0.6603082589826873
186	77	0.6313633846763765
186	76	0.5722284515267042
186	73	0.5281673073327331
186	185	0.5232902146255959
186	21	0.5136607838836903
186	149	0.4956780219624901
186	118	0.4709574768960682
186	43	0.4692514641168687
186	136	0.46007782134426845
186	138	0.44995192651729105
186	104	0.4262785832566653
186	147	0.40881699584796616
186	117	0.4045270741993542
104	138	0.5243641098223043
104	100	0.5153886535944177
104	131	0.4924200346455342
104	0	0.4838661143204482
104	124	0.45435928473909154
104	77	0.44569885571393564
104	39	0.4066075053759308
104	79	0.40548008224121196
104	113	0.3988410601330592
113	0	0.5735518904756506
113	79	0.47369219274401775
166	175	0.7080686762130295
166	199	0.6350296200684626
166	196	0.632426638455285
166	63	0.6161096113592368
166	195	0.5697549927950226
166	170	0.5412911294413814
166	92	0.5213049465698311
166	167	0.5060755489456301
166	169	0.49974784937945466
166	172	0.4985239425805023
166	68	0.49421326686990014
166	62	0.47585329883738203
166	174	0.4566575671400719
166	180	0.431794222345293
166	35	0.4312082815826662
166	140	0.4251322987171624
166	81	0.4173923029619946
166	158	0.39879901300415055
136	19	0.6498967851780403
136	149	0.6416714865684325
136	117	0.6191651070512912
136	121	0.615134627019215
136	120	0.6065151365767341
136	138	0.6039867952569958
136	116	0.5601968370522336
136	119	0.553567165325834
136	118	0.4878995845960703
136	16	0.48636655572200127
136	20	0.48331449325997916
136	17	0.4683542067942627
136	125	0.4539306584897828
136	43	0.4484352995635166
136	21	0.4362581217839913
136	18	0.43009236164263737
136	124	0.4265813015278934
136	131	0.41807746588212846
136	77	0.4060063668497214
79	0	0.6039486818787736
79	39	0.48662608497002435
79	144	0.48425661344999105
79	101	0.4669556824662355
79	31	0.45098812606455846
79	100	0.41245841691402874
83	190	0.7763830424157556
83	55	0.6345161456253713
83	191	0.5662258227726944
83	54	0.41961940359521044
83	81	0.4065657710106616
190	55	0.7400093280758004
190	185	0.5681521826722683
190	191	0.5554508168915183
190	81	0.46854934502598894
190	63	0.4398622529644752
190	93	0.4248291239063404
190	158	0.41144545646937086
6	105	0.7711667060610581
105	0	0.4265076761460564
20	124	0.769377317564061
20	121	0.7258264461807495
20	53	0.7079439944573741
20	119	0.6453041855860346
20	125	0.6442583659931164
20	17	0.6309723270670858
20	149	0.6276626471280287
20	19	0.6239027859242798
20	77	0.5684771515107843
20	21	0.5300250530955787
20	116	0.5134840854801693
20	43	0.5038703449117381
20	27	0.5010072143677657
20	48	0.4912222181477297
20	117	0.48060446386972355
20	120	0.47901871629146897
20	164	0.4639005197927781
20	49	0.4215208113137365
20	130	0.41500291258603766
20	118	0.41201018297422104
124	125	0.7103103631955947
124	121	0.686602744057794
124	53	0.5825870034787017
124	149	0.5403642976368408
124	77	0.5369712888201478
124	119	0.5321501702392886
124	157	0.5287438950182874
124	138	0.5202554922318898
124	116	0.5133294386468868
124	21	0.4960023032430625
124	43	0.4687912529495375
124	130	0.4626281947110034
124	27	0.45345416059439064
40	144	0.7676579257761829
40	130	0.6827407823160558
40	53	0.6125608561891032
40	42	0.6105953067503511
40	69	0.5313612109122322
40	41	0.5288159341983677
40	49	0.5254291002963878
40	27	0.5188903106717573
40	44	0.48777766244013154
40	140	0.48167268646165246
40	164	0.4745681692337124
40	34	0.4635080306336551
40	137	0.4268266786365022
144	130	0.7575285720041157
144	140	0.6893992641792787
144	42	0.6423709787805987
144	137	0.5980012726790155
144	49	0.5628875847701769
144	145	0.5308083902830357
144	34	0.5302191751403185
144	53	0.5300322437918968
144	167	0.4717275346710743
144	44	0.46896288689291515
144	41	0.4576463320493348
144	165	0.4548273582152161
144	164	0.4441027506355245
144	27	0.44057977574765905
144	31	0.43438588020475194
144	22	0.4172436507354899
199	24	0.5425766087542842
199	62	0.5031163856491448
199	35	0.48840992686941653
199	81	0.4209532453857381
125	27	0.6769161842632925
125	21	0.6498679025310966
125	149	0.6265644690422315
125	121	0.6012291848264859
125	53	0.5863136282431627
125	119	0.5689913229012664
125	130	0.5560659248568449
125	138	0.542724770101404
125	77	0.4943341778274365
125	116	0.4943039518809585
125	48	0.48809766750281053
125	157	0.48393503994119963
125	118	0.476270915850108
125	17	0.4567683649971051
125	43	0.4556993668704144
125	117	0.45324759762136463
0	101	0.5972427122754945
0	100	0.5395779391658689
0	39	0.4618969234038585
0	156	0.45456558534994396
0	99	0.42045944170491784
130	27	0.6752929681509167
130	53	0.6719719790220331
130	49	0.6017525159459939
130	145	0.5711244268966478
130	41	0.5595240119777568
130	42	0.525081529018461
130	137	0.5171416460979498
130	164	0.49916993300104934
130	44	0.489680520426855
130	157	0.4893003208764243
130	165	0.4766574067880616
130	119	0.4436289906349481
130	121	0.44208554670406
130	140	0.4230737574609469
130	34	0.40379081738920003
130	174	0.40169632497123
116	118	0.7005348377714768
116	77	0.668817227024772
116	149	0.6124983754422391
116	21	0.579971658686069
116	43	0.5649267877706184
116	117	0.560628977569665
116	16	0.5322146806071546
116	76	0.5069008001949007
116	121	0.5016884860883972
116	184	0.48428723267816537
116	138	0.48015061381409935
116	131	0.45070130001344416
116	120	0.4110466356699091
116	119	0.41077235505607423
116	17	0.40718326628178525
116	147	0.4041088107116372
196	169	0.5894938497741458
196	175	0.6332479763834812
196	63	0.586005112174119
196	185	0.5735921513838348
196	180	0.5490288162368351
196	195	0.5458494173308319
196	147	0.51231973393655
196	170	0.49018209882135777
196	191	0.47590744648830896
196	173	0.4658680634045843
196	145	0.4247061880409298
196	93	0.4162272631128942
196	92	0.40918339212926813
16	118	0.6998773102211963
16	117	0.6939059638645698
16	18	0.6209255596911389
16	120	0.616834966624932
16	17	0.5579489202550667
16	21	0.5071311099862318
16	43	0.4990873372345781
16	48	0.42253995515435205
16	76	0.4111131167366861
16	149	0.4085837659306285
137	164	0.6724378983982716
137	22	0.644977261274942
137	140	0.6716866834553292
137	44	0.6558123470149292
137	165	0.620679718064782
137	33	0.6168907198457885
137	49	0.6033066920413129
137	34	0.5609031941213458
137	31	0.5383859823012556
137	42	0.5326231027572471
137	167	0.47259784440121505
137	145	0.4571164945789486
137	149	0.44561871688942295
137	171	0.4381265936425471
137	53	0.4373667185374872
137	17	0.4131718587968598
137	48	0.41071416475789924
17	18	0.743065626495739
17	120	0.733078505046617
17	48	0.7321658743044512
17	119	0.7118330414312097
17	117	0.6406526707791618
17	149	0.6008012017657692
17	19	0.5748991223596248
17	46	0.5625595805410859
17	121	0.5337682261180782
17	43	0.5299171835038862
17	53	0.5234063916737187
17	164	0.5189706888966141
17	49	0.48304620540212906
17	118	0.46087366294538523
17	77	0.4473321275967778
17	21	0.4312082815826662
17	44	0.42945643239796527
18	48	0.6145873146264216
18	120	0.5872119498757781
18	149	0.5865760612136898
18	117	0.5482739161638382
18	118	0.5082593228632195
18	119	0.5074430271067426
18	43	0.4940998954792761
18	44	0.49312420789975014
18	164	0.4653589808029436
18	46	0.423910824714303
191	89	0.6302615869888039
191	192	0.5679557614163726
191	179	0.5673254222383064
191	173	0.5557964580643863
191	159	0.5425554400910128
191	178	0.5228180453107345
191	91	0.49623600163365006
191	94	0.4901669042421976
191	195	0.4876862083332152
191	60	0.4815267547376645
191	82	0.4727065683857692
191	50	0.418143480572649
191	122	0.4128152011771661
191	54	0.40233349677438224
84	86	0.7405652568018043
84	189	0.573806829426501
84	82	0.5604369527895169
84	91	0.5103700262252673
84	64	0.49027326003984784
84	67	0.461243752622177
84	159	0.4489704055839705
84	65	0.44154633162318985
84	74	0.43185116938641027
84	94	0.431834899154536
84	180	0.4221455744032374
84	45	0.4123754256858308
84	69	0.41032337182851697
84	182	0.39833638393701576
86	189	0.5986176173565281
86	45	0.5837814149023628
86	82	0.5425554400910128
86	182	0.5274314510782331
86	69	0.4977720941379947
86	67	0.4714864827571999
86	168	0.4529615069710697
86	159	0.42908935625559574
86	91	0.42549270678919326
86	42	0.41166972396179874
86	94	0.4106393437436586
86	180	0.39763785080501535
53	49	0.6683029115981866
53	27	0.6042154175189974
53	164	0.5835374584930674
53	119	0.5580659869604135
53	121	0.5460459608422183
53	44	0.5304060549562607
53	48	0.5171855986051889
53	149	0.4943266214528766
53	157	0.43489686491094726
53	42	0.4307604427364807
53	77	0.4212411823789963
55	81	0.47562119661896757
77	43	0.6776469250887754
77	21	0.5659268174382368
77	147	0.5496293004899689
77	184	0.5403996970016756
77	149	0.5389254682599981
77	121	0.5291976146532166
77	76	0.5267959581481076
77	117	0.4674716119644276
77	119	0.4535256518157601
77	118	0.4245176559576004
77	161	0.41370246338631145
77	73	0.41210980776126666
77	182	0.4035731867723144
165	171	0.7363916509831062
165	145	0.7234662670327416
165	49	0.6936673802501611
165	174	0.6395074944533747
165	62	0.6229001385993792
165	179	0.6192329322342922
165	140	0.6123046364829327
165	67	0.5943271402715224
165	45	0.5608483606524153
165	164	0.5357461000993701
165	33	0.48591599241396594
165	180	0.47797009794490786
165	42	0.4579229836671956
165	156	0.45383537966536863
165	44	0.44094235409561666
165	168	0.39822700561733443
171	67	0.7326248352804792
171	179	0.6119544699527272
171	174	0.5597025885438902
171	145	0.5596407794594196
171	49	0.524487356022373
171	173	0.5187295266939085
171	62	0.5154841158875032
171	180	0.5145362699169787
171	140	0.5069751015861858
171	170	0.47049042554234466
171	169	0.4513465276742417
171	168	0.4291219909884236
171	167	0.42792192899676135
171	45	0.42150436477097486
171	42	0.4112626831480468
171	50	0.40659081183344725
89	179	0.735915249874537
89	82	0.6786245632152821
89	192	0.6675108343288634
89	178	0.5412274959893864
89	122	0.4873355350948257
89	94	0.6729470592026925
89	50	0.6385431108685039
89	60	0.5363661001825775
89	156	0.504727879511362
89	91	0.504452085605596
89	45	0.5038404997232091
89	64	0.4820028543691123
89	159	0.4705059981709966
89	173	0.4189682914380806
179	192	0.635774949774265
179	94	0.5978663528973829
179	82	0.5814364075320999
179	180	0.5578111662844903
179	173	0.53717052417331
179	50	0.5313396809111264
179	168	0.5299890984706116
179	45	0.5063358634649817
179	145	0.5000478902203628
179	159	0.4921700115980836
179	174	0.47810896402150305
179	156	0.47002311042236494
179	91	0.4289343259766851
179	49	0.42145502347895114
179	67	0.41492841027112887
179	122	0.41443986842451347
179	46	0.41192715479273956
179	157	0.39974886861655357
44	164	0.7354978002729647
44	49	0.6262424311382547
44	33	0.5917533833244306
44	22	0.5670201804924023
44	34	0.5016510697167138
44	31	0.49886202995799117
44	48	0.4801736971432297
44	149	0.45309661696427606
44	27	0.4164421961132125
44	39	0.41132084188403717
44	42	0.4050872820376198
164	49	0.6236767579913202
164	31	0.5763834954692704
164	149	0.5597231901883316
164	46	0.5046086299193816
164	48	0.49451550840381003
164	33	0.47614719986123677
164	45	0.4688224617547506
164	42	0.42267959332021776
164	119	0.41773081631577613
164	22	0.4160205528912328
164	156	0.39728420042476853
31	22	0.4784714460957311
31	34	0.47731401865692435
31	140	0.4383528185090227
31	49	0.4048281191698926
138	149	0.5573563600873574
138	34	0.5120467966700992
138	131	0.47084852184523873
138	27	0.4599516795160065
138	121	0.44614750110583257
138	22	0.40062231405219106
120	117	0.719361279075194
120	19	0.6956750099763155
120	119	0.6152402895651689
120	121	0.5366011213392802
120	118	0.5009697638410903
120	48	0.44805973471781013
120	149	0.44057977574765905
120	43	0.421866124645959
67	62	0.6386615482805585
67	174	0.574631264377739
67	42	0.5663209295972691
67	145	0.47901871629146897
67	64	0.47221719715811783
67	50	0.4666741322880539
67	45	0.44995990191404367
67	33	0.4495530651844053
67	140	0.4366143120835224
67	49	0.43164777128934634
67	168	0.42009716060804586
67	68	0.4035480726077723
67	65	0.4005719427357701
67	167	0.39849622418155123
48	119	0.584920677895557
48	149	0.5498804975231628
48	46	0.5490777140726386
48	49	0.4594784823125748
48	117	0.4458430875966634
48	27	0.44454416778278477
172	175	0.7312785221945555
172	68	0.6497407965846537
172	69	0.5753943349325912
172	65	0.5433593648023529
172	180	0.5286790532424269
172	170	0.5151315761442236
172	167	0.4986441688103595
172	42	0.48929271498724897
172	168	0.4809120124693525
172	169	0.4500715499322495
172	140	0.43842552185313743
172	189	0.4094414557614399
172	158	0.4050538453240889
175	180	0.6906356099959828
175	170	0.6204214529452159
175	68	0.6046723637374404
175	174	0.601746136968513
175	195	0.5748120820251075
175	92	0.5413264786802999
175	169	0.5398330776278197
175	69	0.5361666230359713
175	145	0.5211301468267905
175	65	0.5068339225019606
175	91	0.49741094086285775
175	167	0.472279355683296
175	63	0.4627617999781784
175	182	0.4462436102487797
175	42	0.4321277203228962
175	41	0.4256073537929449
175	181	0.415582185019382
175	140	0.41358641762784104
175	168	0.40825882103846706
119	121	0.730005902105913
119	149	0.69581431360295
119	19	0.612998007108848
119	117	0.5517543498106965
119	27	0.5325156472785011
119	43	0.43846591012083086
119	49	0.4310373136256339
119	21	0.4301412616143157
121	19	0.6621541515586952
121	149	0.6588676542771208
121	157	0.5332674750638154
121	27	0.518736835852775
121	117	0.4865802919298285
121	43	0.4829235293037086
121	118	0.45603208516720756
121	21	0.4554695584617885
46	45	0.47627864747343135
46	82	0.41266586503235547
46	49	0.4067410439409976
46	122	0.39895878317212585
117	118	0.6394188314242584
117	19	0.5608140872355167
117	21	0.5506752987865665
117	149	0.5436975616587407
117	43	0.5296078622948527
42	49	0.6144815155600117
42	140	0.6070079720487921
42	33	0.5508216007760031
42	167	0.5194308601192079
42	41	0.511877080827583
42	145	0.4784945777159478
42	69	0.47153314346694497
42	34	0.46328030354096544
42	65	0.4613854466127824
42	27	0.417994941308985
42	68	0.4137439050426405
42	35	0.40974938144559075
42	22	0.4057892026345807
42	180	0.4032885239711181
42	62	0.40271058596772047
42	168	0.39830273027580526
145	174	0.7017905123222293
145	41	0.6284196023448875
145	195	0.6431573631725672
145	180	0.5758289711982334
145	140	0.5492523185171259
145	62	0.5459055787513458
145	49	0.5204888403270207
145	167	0.5032881467680475
145	169	0.48486112353174954
145	173	0.43663859280375034
50	94	0.7222439186289471
50	173	0.6528157474896104
50	64	0.49522530539669896
50	82	0.5146171431062749
50	45	0.4800736645808282
50	174	0.47530388312342364
50	60	0.453160190936184
50	192	0.43539946545179187
50	195	0.4150111902775103
50	66	0.4097160966822959
50	156	0.4087170467054683
94	82	0.7158349838589104
94	60	0.5395495843279956
94	173	0.5063358634649817
94	45	0.4834064567779343
94	157	0.45360507966155317
94	192	0.45204698123834297
94	159	0.44559467384923457
94	91	0.42591846964550695
81	80	0.6804169369268707
81	93	0.6906199189972585
81	92	0.5992396632046031
81	76	0.5466212068655485
81	181	0.5283547518047994
81	66	0.49855400093624086
81	63	0.45661799304319556
81	69	0.42317227349041825
81	60	0.42217022788442965
81	73	0.4140505200034072
81	68	0.4096828108279989
82	159	0.6330023238479013
82	91	0.5335822765312286
82	192	0.5329525258331633
82	45	0.5081925692884034
82	60	0.5049588707897333
82	168	0.4967257809746244
82	182	0.4567921055516021
82	189	0.4561271241343291
82	64	0.43953151964604426
82	80	0.42813429489810706
82	180	0.4125745931323739
93	85	0.48234055895579336
93	92	0.647284014671735
93	195	0.5733975313231318
93	63	0.5633929107905625
93	66	0.5137932790997299
93	41	0.5050408180568722
93	69	0.4624788463060147
93	68	0.4450174480803161
93	91	0.4153174165546429
93	181	0.40830048642467154
22	33	0.707509757804062
22	34	0.6952051196199807
22	26	0.6345758807609755
22	39	0.47449068705163777
22	140	0.4432433757580321
22	131	0.4064238614772304
33	34	0.5685245279864105
33	49	0.540328896359099
33	140	0.49717760436012015
33	62	0.4476760158337889
33	35	0.4345724626088749
33	24	0.4190177581287689
68	92	0.7063491774165157
68	91	0.6696950595726368
68	69	0.6608324504254804
68	65	0.5314329726252077
68	24	0.5237402923025462
68	63	0.49151805474297783
68	66	0.4615507265248535
68	168	0.4522856449230497
68	60	0.41059777412371873
68	62	0.40947474952392043
68	170	0.40438488358847136
92	66	0.6174045966599475
92	63	0.5931228083678579
92	91	0.579832278808703
92	60	0.5688019430498281
92	69	0.4924200346455342
92	65	0.44856311531682747
92	24	0.44516178922134125
92	76	0.4388454732663585
92	195	0.40977434430206
174	195	0.663438156139909
174	173	0.6095531435868363
174	170	0.5723360504102853
174	62	0.5709357279969042
174	41	0.5378176251988583
174	180	0.4987343258943197
174	140	0.4492498106181728
118	21	0.5347686059782215
118	149	0.5219964330053223
118	43	0.49401674577808136
26	39	0.6160165414167234
26	131	0.4855950949702778
26	34	0.4536924419696099
63	185	0.5541702748663655
63	65	0.46433204761623054
63	147	0.4401203034170314
63	158	0.43650908827910373
63	167	0.43279436177192443
63	76	0.42963584022253287
63	91	0.4198335993060009
63	169	0.41398423283449887
184	76	0.6145001875898087
184	73	0.5949153874407084
184	185	0.5547728031351301
184	147	0.5346614940062978
184	21	0.48499114746054467
184	43	0.4681980633028568
184	182	0.44658791681571275
184	189	0.39783988371401846
21	43	0.5439510934898389
21	149	0.5321788422768128
21	27	0.49400918626618756
21	76	0.46725277164392603
21	122	0.41925681206772036
21	131	0.4181352289778492
149	27	0.6006286335392711
149	43	0.5613690799267291
149	19	0.4896577137021842
34	140	0.5868252584951708
34	39	0.5795268518828185
34	35	0.4822868428112547
34	24	0.4401364291574543
34	167	0.4259921402324676
34	27	0.39826066169128604
49	140	0.4833221572939436
49	27	0.40478631261400755
52	156	0.6811198229674494
52	39	0.5601831133084003
52	122	0.4695477364367459
52	24	0.4185394759566844
52	99	0.4160867048414118
52	101	0.40533802284670317
52	45	0.402157475075842
180	189	0.5885796000475182
180	91	0.6001937692294584
180	168	0.558836694756353
180	159	0.5446899942644003
180	169	0.5298164897452269
180	157	0.5229706274274424
180	173	0.47584556316419185
180	182	0.4668227400078119
180	170	0.4105478883267256
140	35	0.6771057639080347
140	167	0.6292176571043544
140	62	0.5771442668096255
60	91	0.6815645143711967
60	66	0.6073425812695061
60	80	0.5606152635129066
60	62	0.4604797744783974
60	76	0.4189600467478306
60	64	0.41689670870787277
60	178	0.40006809642899954
91	168	0.584031855052086
91	69	0.5105400964189168
91	159	0.5018755397895598
91	66	0.4464678248869898
91	80	0.4237139327795284
91	76	0.41166972396179874
156	45	0.5628397618562463
156	122	0.484302541847408
156	192	0.402157475075842
80	182	0.5875852786899322
80	76	0.5194162561358635
80	66	0.4414577732701859
43	76	0.4116115853238335
35	24	0.6685407928474209
35	62	0.6335294211875027
35	167	0.4573063244319504
147	185	0.5728132827288742
147	182	0.49619831320702973
147	189	0.4808351364089204
147	169	0.4458110380674683
147	76	0.4374556723964147
24	62	0.5544681488484321
24	39	0.507962593568584
192	178	0.4630446593891412
192	122	0.45531103452707394
192	159	0.41993244309564043
195	41	0.5693766597435861
195	173	0.5143156601419957
195	170	0.4868092303897292
195	62	0.41343719619105224
69	181	0.5358031357440167
69	76	0.4198500739626444
69	41	0.4089502461170581
69	66	0.407800389543132
185	158	0.5198542436363256
185	74	0.4929728272687611
185	73	0.5253856634714278
185	76	0.48699996136665735
185	181	0.40974938144559075
173	170	0.576697268016198
173	157	0.4410309624798686
173	159	0.4344183319971538
99	101	0.6472607731338184
101	100	0.48615276129192636
101	39	0.41800319407677894
157	189	0.640469869592095
189	182	0.6069511302246677
189	159	0.5291328160775607
62	41	0.4898325481334096
62	167	0.43070342983658255
65	169	0.6337448826078775
65	167	0.5502571066347131
65	74	0.4488985443787027
65	170	0.4178381256132025
169	170	0.5733438316382593
169	167	0.5579489202550667
159	168	0.5080145299020266
159	54	0.42276993673511143
159	182	0.4186302024971055
76	73	0.6059142581180638
76	182	0.480827448396238
170	66	0.41117128408302334
73	182	0.4324041900077016
73	181	0.4109302832821306
73	161	0.4095663017470808
182	181	0.4947119012954653
182	45	0.4255827877278755
58	161	0.5970046382540337
161	56	0.5906736092734074
161	162	0.530801207820383
161	163	0.4866031887841719
45	122	0.4072249755219683
56	162	0.5556927858774883
56	163	0.508229655361655
56	57	0.43468601624797704
57	74	0.582679478869276
57	162	0.5378673759799396
162	163	0.4345481278883838
178	72	0.5337038647931185
178	122	0.4256073537929449
178	64	0.425378046125818
85	160	0.5399039318274693
85	54	0.40016888505202464
160	158	0.4429460189404254
59	151	0.5221710158641222
54	64	0.41245841691402874
