19	121	0.9220589883121226
19	124	0.8430717220194517
19	120	0.8140433591382961
19	20	0.7730647317064894
121	124	0.8445404675354211
121	120	0.8318153090712204
121	20	0.69970381054698
3	103	0.9113610939113888
3	11	0.8417360933695984
3	0	0.7918975659180228
3	106	0.8177540779702877
3	112	0.8173561537547558
3	102	0.8130288844743
3	9	0.8098868177812774
3	109	0.7999595724480056
3	176	0.7534465972209964
3	1	0.7526370224372045
3	12	0.7485284575647251
3	13	0.7111269131082943
3	70	0.6920920325224832
103	102	0.8174225286870628
103	112	0.8366494898236789
103	9	0.8031059113300993
103	11	0.7951195018055747
103	106	0.7862372812721045
103	109	0.7699886993454392
103	12	0.7647675319869364
103	108	0.7357731045399948
103	176	0.7313994594457126
103	113	0.7186222116116628
103	0	0.7034815591102044
103	13	0.7022368278410203
103	1	0.6934494100219237
12	113	0.894619929629304
12	112	0.8662856945497874
12	13	0.8348100172267903
12	111	0.8259638138789109
12	110	0.8128932467573772
12	139	0.7347624667853192
12	11	0.7343066124628173
12	70	0.7327359983367242
12	10	0.7156398958986468
12	102	0.7142613536093758
12	176	0.711413488015108
12	108	0.7101468233353729
113	111	0.8669082177839798
113	110	0.8321538907542433
113	13	0.8134352686363738
113	112	0.776779963492105
113	139	0.7258832223517224
113	102	0.7134669092857744
11	112	0.8812867118259701
11	109	0.8496241627309987
11	176	0.8462806645159647
11	9	0.804944325918415
11	106	0.7911131763283454
11	70	0.784166622980935
11	0	0.7324533822975688
112	176	0.839181571755034
112	9	0.8101962671488045
112	70	0.807429738649739
112	109	0.7929022406198983
112	139	0.7325321695337231
112	106	0.7278218422762113
112	13	0.7239853477423283
112	110	0.7120796005167745
112	102	0.7063541880895184
112	108	0.6905937658878133
88	90	0.8794194261361932
88	85	0.5680641397672821
88	193	0.7926050073122877
88	194	0.7481148438216676
88	87	0.7150979415254655
88	73	0.7019883792863035
90	194	0.8342636307616296
90	193	0.7562215258862931
90	81	0.7292904537576338
90	73	0.7286531578678492
90	94	0.7086117730758245
90	65	0.6955304916709772
83	190	0.8775706633506364
83	87	0.7875320403119855
83	193	0.7580139641450114
83	55	0.6830609701289638
83	191	0.7013029935476447
190	193	0.7368216169267163
190	93	0.7007028517350512
190	198	0.6897978490440697
190	185	0.6886323890110894
15	115	0.8759516561258408
15	116	0.7874560696900423
15	152	0.8073601159641531
15	14	0.8034960894676273
15	16	0.7785584926184229
15	17	0.755252299521236
15	43	0.7370044006073128
15	117	0.7059280281284365
15	148	0.692399302103047
115	14	0.8122137337816235
115	16	0.7871519478181839
115	116	0.7796588616641306
115	17	0.7716930705602312
115	117	0.7661753101588356
115	152	0.7599302604683603
115	120	0.6835301043999877
70	176	0.869273771584146
70	139	0.8516694929460191
70	156	0.7466139296807396
70	13	0.7554756006650991
70	36	0.7535027930856717
70	9	0.7449674506460925
70	109	0.7052300284622548
70	0	0.7037996397253734
70	114	0.6947087662597712
176	109	0.8168576495685587
176	139	0.7868474426808585
176	106	0.7498883835436847
176	156	0.7284889433937313
176	9	0.7246081139749264
176	0	0.7169885898269817
106	109	0.869273771584146
106	5	0.7206182916423347
106	101	0.7088954440003287
106	0	0.7310178857221351
106	9	0.7306684845857221
109	9	0.8265032882853188
109	0	0.6976359013315826
44	149	0.8678246137319774
44	33	0.807499338852785
44	136	0.7698258022213971
44	42	0.722917724850492
44	45	0.7047874213593445
149	45	0.7535805845712794
149	154	0.7388354004793529
149	136	0.7104490641787835
149	152	0.6911060376730572
149	46	0.6884377988294238
111	8	0.8191077726275042
111	13	0.8089903153408743
111	110	0.7926793509867394
111	6	0.7261102281428387
20	124	0.866410415065304
124	120	0.7492355301274835
124	23	0.6877427771563318
95	197	0.8629537391945635
95	198	0.7489678336809558
193	194	0.8625190735146387
193	87	0.7449986006664624
193	191	0.7423212722586983
193	180	0.7070499831151043
193	185	0.68618494195133
194	185	0.7500109046902946
194	180	0.7456164785744198
194	81	0.7332033812211604
153	154	0.8624678525099383
153	47	0.8113612323976959
153	155	0.7455987158019854
153	46	0.7369404385762011
153	49	0.6845889081179365
153	152	0.6839081993280057
154	46	0.8251038820315167
154	155	0.7865425539436056
154	49	0.7138741689467959
154	48	0.6975742996769143
154	152	0.8120435102415321
154	17	0.7583073468833961
154	47	0.7536583549557745
154	14	0.7049232796696989
154	51	0.6968239865064392
154	43	0.6964585559773067
24	34	0.856378305518429
34	33	0.7886309280723086
34	138	0.7791485730680021
34	42	0.7509020066796965
34	136	0.6890212719902938
14	152	0.8558709097599363
14	17	0.8124518145774522
14	46	0.7765418848268419
14	116	0.719385404174949
14	16	0.7038299184107567
14	43	0.7030924108470566
152	46	0.8470452001260822
152	151	0.7581628198373467
152	17	0.7896495221013664
152	43	0.7346290023562643
152	155	0.7326804216954214
28	131	0.8554691668223631
28	132	0.7625584061962827
28	29	0.6956440465070922
131	132	0.7263701444814016
45	164	0.8537705478843456
45	49	0.6960824546283848
139	36	0.8138070911576101
139	13	0.8219502878466562
139	114	0.7919721337560294
139	110	0.7627257570123043
139	156	0.7171440509091107
13	110	0.8474684337051146
13	114	0.8298953153678232
13	36	0.8090248660126117
13	108	0.7022216216175449
13	102	0.6977642049888935
13	8	0.6954633747491425
110	10	0.7327776744043384
110	104	0.7150490745377577
110	114	0.7483437233362296
110	36	0.7114529970343693
110	102	0.6862061073794004
110	8	0.6839294895285684
46	17	0.7611107623037573
46	155	0.6901331754750886
46	151	0.6886534198490897
87	191	0.8442821950369102
87	89	0.8131983076037377
191	97	0.5971269056214288
191	89	0.7407819300522375
191	179	0.7102261249624575
50	173	0.8417360933695984
50	66	0.7560330864359215
50	170	0.6808892428607005
182	183	0.8388855491473644
182	80	0.7272664406067328
183	81	0.7583370932021042
183	166	0.7310085733289706
183	80	0.7011301731486645
183	198	0.6968034084796066
16	117	0.8344155694676939
16	116	0.7029204449839842
16	118	0.6901436496545177
16	17	0.6882431094897099
117	120	0.7660513890607366
117	118	0.7038400107376089
117	17	0.6891053026756272
6	108	0.8322768577775314
6	105	0.7655965241530651
6	8	0.7679862850992178
108	9	0.7960371382618491
76	187	0.8302995349373973
76	77	0.8289904462391453
76	188	0.8011804669984608
76	73	0.7274406946130333
76	75	0.721726882710075
76	184	0.6943774959904778
187	188	0.779109277256297
187	186	0.708626708838962
187	77	0.7043442648945578
187	75	0.6939629939077206
114	2	0.7150637353678869
114	36	0.7549557251810632
23	25	0.8290529908365456
23	22	0.764227325410443
25	29	0.7135699964824697
77	75	0.7261385927432503
77	188	0.7643105040148808
52	156	0.825327195523961
43	148	0.8238549755237552
43	17	0.7302066883608657
43	116	0.7112307002953628
148	116	0.7546631465650555
148	135	0.7042787520059088
96	198	0.8220475831694545
96	81	0.7653895139460661
96	78	0.6657105963034665
198	195	0.7377435731396085
8	107	0.725717597538362
102	1	0.7578650294474332
38	142	0.8167578020290838
38	145	0.6973894328251744
38	199	0.6821477429525001
38	41	0.6962319105271866
38	36	0.6940096483763897
142	36	0.7093428789379194
142	39	0.6942480135424854
65	92	0.8164246233210094
65	91	0.7615101482926131
92	60	0.5764302383278979
92	81	0.6936154940946029
56	163	0.8157566318133642
56	57	0.7325414373303545
56	58	0.5880434106591703
56	162	0.7759855045351498
163	162	0.7875700166496489
163	101	0.5814959782680051
33	42	0.8151200177437997
33	136	0.8022522173647351
42	146	0.7120253725787085
42	136	0.7506271045774963
42	138	0.6998415964490418
51	155	0.8146833020577338
51	178	0.5348828398091495
51	47	0.7203922817510088
51	53	0.7003259849107726
155	157	0.7231515630812518
155	47	0.6859838124307656
89	179	0.7562215258862931
89	192	0.6366856222463236
17	18	0.699484266237308
137	165	0.8095769169706817
137	140	0.7187575873613533
137	62	0.6908970309279981
165	172	0.7331710106636954
73	184	0.8076732410342211
73	94	0.7699886993454392
73	84	0.7470561669927964
73	75	0.7092335586900425
184	147	0.6656437714372284
184	180	0.6873367646259896
184	185	0.6867982677460295
184	75	0.6863912553168324
40	144	0.8072904707907046
40	41	0.6416361897473375
166	172	0.8048386810204544
166	167	0.7792271463231238
172	171	0.7401133591923498
172	140	0.7369175917948847
172	175	0.722932046238785
172	167	0.7583498406576864
172	35	0.6933559553330021
26	29	0.8046624927848165
29	133	0.7452210063444719
126	128	0.8045919777830602
128	129	0.7576265695345212
128	130	0.668579504760304
91	180	0.8033542862861853
91	82	0.7797372758477081
91	94	0.6998313918714136
180	82	0.701978234897573
180	94	0.6945535199901207
136	150	0.6692260104355866
136	138	0.7560459385635852
80	81	0.8012878741372781
80	63	0.6882799502143303
81	185	0.7306218688232472
81	74	0.6960309041185802
84	86	0.7926050073122877
84	94	0.7509761420653345
84	82	0.7494766860939438
86	82	0.7503213527085759
86	189	0.6841423274720997
0	101	0.6971993340296555
41	145	0.7886309280723086
116	186	0.6988401895017884
116	119	0.6248119505956513
167	169	0.6521840793853965
138	123	0.7687236197482993
138	127	0.7062689970212128
123	22	0.7304633242722458
123	127	0.6970194205535375
140	141	0.7676168524923973
140	35	0.6994331904886811
98	199	0.7665054880243773
151	59	0.6695461253439765
129	125	0.6761189683696268
179	168	0.6261208518287628
35	62	0.7503126122200604
35	61	0.7198000843125791
35	37	0.6541335791525399
35	68	0.6887795805473875
62	67	0.6965357897301822
185	74	0.7422808632375368
58	161	0.7493276313202604
30	134	0.7416155845666066
30	2	0.7018260348824905
134	7	0.730164673762534
134	2	0.6904158768408094
55	158	0.7404839646082158
171	174	0.6372383020546636
171	175	0.7104936349202401
195	93	0.7203489857975838
195	196	0.6792875559791371
195	181	0.6186283459715868
99	101	0.7355437011953883
101	100	0.6526665259493327
7	135	0.7162735234590114
7	104	0.6983282094907033
130	143	0.7290890923875016
130	27	0.6580860111626602
143	39	0.7241375829371973
143	127	0.6926074777182629
75	186	0.7277183651285374
107	4	0.7022520334238067
32	37	0.7248454994899902
32	31	0.6364715058680055
157	53	0.706143678870781
67	68	0.7217412557080725
67	69	0.6592466355099125
21	125	0.7199638860838595
21	122	0.6694247317077064
118	18	0.6860367514199684
85	160	0.6920764019393982
189	159	0.6457300001519406
170	174	0.6808141411247024
97	177	0.6634941374070092
177	71	0.5939065739479461
79	181	0.661996887879341
159	54	0.5973584940329523
54	64	0.5686057360290984
72	178	0.5385066951425659
