19	121	0.9154204563159324
19	20	0.8761609289142934
19	124	0.7524201720942487
19	136	0.7421281582035885
19	123	0.72958056651217
19	120	0.7065645724422898
19	23	0.615140843074884
19	119	0.5940618978010191
19	17	0.5921366479497184
19	51	0.5248642079752358
19	155	0.49639427260241875
19	157	0.4720462369980881
19	53	0.47038919631262355
19	16	0.4001604863697816
19	48	0.39552261490103974
19	18	0.39549730774492775
19	149	0.39357220846812196
19	117	0.3827263489194423
121	123	0.7367484732795564
121	120	0.7187382513042216
121	20	0.8509813815839842
121	124	0.7396064391231862
121	136	0.7201372358673455
121	119	0.6006733788250471
121	17	0.5851245799345814
121	23	0.5760495082116559
121	51	0.5318346972665107
121	155	0.48693893250609316
121	157	0.4507889511847944
121	53	0.4320301233864443
20	23	0.6214475677884015
20	124	0.7476212673838574
20	123	0.6878323583602883
20	120	0.6429403625589262
20	136	0.6394365653908106
20	17	0.5896830415562111
20	119	0.5520881336110466
20	51	0.5153445897597259
20	155	0.45497011030007406
20	157	0.4381265936425471
20	53	0.42738263409986144
20	25	0.40276923200728443
9	108	0.8686860751626329
9	3	0.8233402767366265
9	11	0.8154888242037076
9	12	0.6945276393209734
9	103	0.78508908363672
9	112	0.671126486107711
9	113	0.6281048533423844
9	70	0.5986112007486355
9	111	0.5781370999909882
9	106	0.5724234599940998
9	105	0.5606564047605715
9	109	0.5416727999561781
9	102	0.5163940361963729
9	13	0.5155648816813836
9	7	0.49702702650339575
9	176	0.4919350674688468
9	0	0.4881205199881856
9	144	0.44520989779520254
9	5	0.391271076249741
108	103	0.798623384303373
108	3	0.779109277256297
108	11	0.7475815690931787
108	12	0.6548024347827875
108	111	0.6418596903822659
108	113	0.64164207273959
108	112	0.5974613902502626
108	102	0.5548697074072835
108	105	0.5514760615518497
108	13	0.5393581571594119
108	70	0.5090969313211143
108	0	0.505405745267456
108	7	0.5012917770512827
108	109	0.4819491154286508
108	106	0.47518776191256207
108	176	0.4698127325947874
108	144	0.4038410333510826
108	10	0.38528396626947237
195	196	0.8523273288414265
195	185	0.8333187771890914
195	181	0.7795019599167922
195	198	0.7668352612051261
195	194	0.713766267594779
195	190	0.6947967104267887
195	96	0.6907088260599064
195	98	0.660804284471232
195	193	0.6594105683877143
195	81	0.6389634267549583
195	197	0.5944629461223452
195	187	0.5813900704269502
195	78	0.5771175900139737
195	95	0.573001380339488
195	191	0.5673254222383064
195	93	0.5659540058962473
195	183	0.5624638792638696
195	80	0.5572805265107017
195	182	0.5556651370418237
195	147	0.5444226800801333
195	174	0.5402014359206984
195	184	0.5390177045115341
195	160	0.5152858337411789
195	97	0.4979150029794652
195	199	0.49141945514303836
195	166	0.48905689550742065
195	135	0.48453214379586573
195	61	0.4830308719267266
195	75	0.47971960294977073
195	74	0.478294081612863
195	175	0.4581679439134605
195	83	0.43757695931706064
195	186	0.4298641284064899
195	85	0.41787114151340415
195	158	0.3978483009148004
195	43	0.3978062142411569
195	50	0.39332710123359926
195	76	0.3909661468111283
196	187	0.6749555596949813
196	198	0.7361718641909356
196	185	0.7194722401649202
196	181	0.7062339123994583
196	98	0.6431163169222568
196	147	0.6226920160880617
196	182	0.6192945834740026
196	175	0.6191897718232239
196	174	0.6187147603425878
196	183	0.604297951120483
196	166	0.5811517057364534
196	193	0.5747451190691832
196	190	0.5704974443515414
196	96	0.5665246791562747
196	194	0.5642319127280565
196	197	0.530255117568736
196	78	0.5257403173945645
196	80	0.524204582120073
196	61	0.5063879152995328
196	81	0.506313554406311
196	199	0.5023317538407056
196	93	0.500295333574787
196	191	0.4970194968246222
196	184	0.49635659203092286
196	186	0.4929349774462674
196	180	0.48779290375048256
196	97	0.4865115973559701
196	160	0.48055063070428783
196	135	0.47865648046216497
196	95	0.47045149268852665
196	76	0.42670399793495223
196	189	0.4230573371500941
196	170	0.42099438443808296
196	75	0.4075335711039347
196	43	0.4072166338098059
196	158	0.39500791804931795
196	92	0.3944085322401933
196	167	0.3885321148281241
34	42	0.8353547640934578
34	22	0.783047340926663
34	137	0.6719171299705725
34	33	0.7189557178506066
34	24	0.7037441221601574
34	31	0.665899875451097
34	138	0.6102941752978814
34	146	0.5794338635310189
34	67	0.5298740308651808
34	150	0.5087931315971465
34	41	0.5009248207324929
34	165	0.5005576842283129
34	30	0.49549696763559975
34	134	0.48579376120822265
34	142	0.4486988994535693
34	140	0.4330950085594129
34	38	0.40844213601242924
34	164	0.40710818536964644
34	39	0.4043932482833048
34	62	0.39527795390518133
34	149	0.3898812582814002
42	22	0.6506874395284863
42	33	0.6394424765618006
42	146	0.6249887054711682
42	31	0.6110028076525649
42	137	0.596927402465761
42	67	0.5800181111013757
42	30	0.5716565020621819
42	165	0.555907022678768
42	62	0.5477141541906593
42	24	0.523762062843663
42	134	0.49619831320702973
42	150	0.49451550840381003
42	41	0.48986295010070996
42	140	0.4286813275870447
42	138	0.42848541167763743
42	64	0.41600401421563504
42	142	0.3874447998987222
42	38	0.3867816881451403
185	194	0.7425008025929497
185	190	0.696381306085713
185	80	0.5816878860043929
185	181	0.7271769223684942
185	96	0.6959380951154622
185	81	0.6849978227652279
185	198	0.6600938878624323
185	184	0.657864854520491
185	193	0.655156455951063
185	74	0.6452691692798226
185	78	0.6109526711564653
185	93	0.5770975816089448
185	98	0.574778601509367
185	75	0.5659336146681423
185	85	0.5433241258149765
185	95	0.5228689097395572
185	191	0.5164087027888837
185	160	0.5107544758274997
185	197	0.5105031280347581
185	187	0.5040717684665674
185	73	0.49678603965981366
185	97	0.4915559743111316
185	135	0.49129808449399315
185	83	0.4831918586415548
185	147	0.4704670660498549
185	183	0.46045613540052605
185	76	0.4542323062867015
185	182	0.44937750937532583
185	186	0.439297514332779
185	50	0.42378777194881245
185	61	0.4211342442609078
185	87	0.4210602033194538
185	43	0.415954396537616
185	199	0.4131635658724451
185	90	0.3979493020998727
185	174	0.3937496649912141
185	88	0.39271831740411495
13	111	0.831321719305027
13	10	0.6613391193729441
13	102	0.68599969489018
13	7	0.6687287881989276
13	113	0.6590147613612184
13	12	0.6515860317987533
13	103	0.5556236614837538
13	0	0.5470558067805602
13	176	0.5272798529158305
13	11	0.4981180374546235
13	1	0.4899085508177763
13	110	0.4839120654013475
13	3	0.47952711259279507
13	107	0.47596159053165815
13	105	0.465233620906999
13	8	0.4449372485644747
13	2	0.4278075585505059
13	70	0.397713617665876
111	102	0.7335546191609552
111	113	0.7024597788508465
111	7	0.6832956077870963
111	12	0.6541736249670465
111	10	0.6296584367154391
111	103	0.627886829707235
111	110	0.6031094886446952
111	176	0.5858672096239241
111	0	0.5856832867659542
111	3	0.5666333172740247
111	105	0.5223528264838233
111	11	0.5215743438219252
111	2	0.4642300700136716
111	107	0.4499439510487674
111	1	0.4491380591452246
111	141	0.4464277906692566
111	70	0.41153683072349345
111	104	0.4020401107576238
111	66	0.3963236974241526
111	8	0.39445919755574427
111	144	0.38296530905713794
95	197	0.8286147428660215
95	112	0.6896877555230452
95	96	0.7060032700034354
95	181	0.6948329166929925
95	198	0.6927167237522667
95	98	0.6662225656512885
95	109	0.6562167948427412
95	190	0.6462078339014017
95	106	0.6224225502286218
95	81	0.6015738755567425
95	83	0.5811781956284502
95	97	0.5642250962661094
95	199	0.5590567198977935
95	50	0.4949912963911315
95	99	0.48355970559910605
95	5	0.4616923695225787
95	191	0.45495425011178325
95	78	0.44952912780033116
95	70	0.44873883202253245
95	114	0.41960292506579594
95	75	0.4049953284682438
95	93	0.3934707915688175
95	194	0.3846025113596604
197	198	0.7797764737692348
197	181	0.7065645724422898
197	98	0.6898450222188172
197	96	0.6636564410766664
197	199	0.6360489331248247
197	112	0.6272321672441076
197	190	0.6048245907629313
197	109	0.5567149286760975
197	81	0.522745375382512
197	97	0.4879681574443671
197	114	0.4854422406465058
197	106	0.46437911004999166
197	166	0.46284823924455576
197	83	0.4592496767688895
197	191	0.442342969596539
197	78	0.4165083199819136
197	147	0.3827092783779408
3	103	0.737707112234159
3	11	0.7127985488193355
3	12	0.6424825634701581
3	105	0.5924287884713696
3	113	0.5546758838090482
3	112	0.5543919620440819
3	70	0.50520468527697
3	102	0.5028624050862783
3	106	0.48888188645376834
3	0	0.4763095732302422
3	109	0.45672879596040705
3	7	0.45198332665434954
3	176	0.42732541830235743
3	144	0.39325102209941676
17	119	0.8171236705350714
17	18	0.619793677122489
17	120	0.6483054511679767
17	124	0.644661789091001
17	157	0.6400981466944937
17	48	0.632228585068075
17	155	0.6128544131741824
17	51	0.5617935482854085
17	154	0.5554646462256865
17	23	0.5430350938989206
17	149	0.5372132096671732
17	115	0.5272076515133658
17	117	0.4652492919147429
17	16	0.4516490645696117
17	53	0.44132089344312037
17	46	0.41002393910733337
17	136	0.3856585874944018
17	25	0.38543723576616706
17	123	0.38180416591356314
119	120	0.7080088344786979
119	149	0.6806048536447762
119	48	0.6323966356792335
119	157	0.6320064269139584
119	154	0.6239760698749268
119	124	0.6185295683602392
119	155	0.6153894225943329
119	18	0.5524634289827344
119	51	0.5220037081645852
119	115	0.5040120931280637
119	136	0.4925412286974761
119	23	0.4845627523466815
119	46	0.4603379302150613
119	164	0.442970132584716
119	123	0.42450126012320055
119	117	0.4214467996876601
119	152	0.4148539023916493
119	53	0.4138433580221203
119	44	0.39673665168412
11	112	0.6941029398306845
11	103	0.7115122521311801
11	70	0.6065973082178698
11	113	0.5885599924796734
11	12	0.5745776780016608
11	7	0.5197009790780516
11	109	0.501883020961439
11	176	0.4965977153668174
11	0	0.49331339170192645
11	102	0.47191410709669607
11	106	0.469625685268737
11	144	0.4276032915348063
11	155	0.39173677480456665
11	105	0.38391211089586447
38	142	0.8114978652272012
38	41	0.7930136059370605
38	79	0.6925346293715423
38	139	0.6851092701083296
38	145	0.6844560508758354
38	36	0.6610971194241748
38	199	0.6148361664097699
38	31	0.587892923170542
38	39	0.5510792886051594
38	114	0.5214869831300691
38	99	0.49140428485555876
38	134	0.4841188122440538
38	156	0.48224079751481264
38	30	0.48068905152595376
38	100	0.47145537415066197
38	33	0.4710197304748287
38	24	0.4567604513343509
38	52	0.43549671164707027
38	22	0.427962772263975
38	101	0.4244766658495943
38	98	0.39939592502635357
38	70	0.39773045400951923
38	146	0.39365671523356105
38	40	0.38248733756070796
142	31	0.6333677606113414
142	156	0.6259627531987092
142	41	0.7042233086525572
142	145	0.6897401849868624
142	39	0.6233956047920327
142	33	0.5974871112310435
142	79	0.5770442224750805
142	139	0.5598948436527404
142	143	0.5170390796403237
142	52	0.5076880115931782
142	165	0.4972001884561558
142	22	0.4869770761011817
142	164	0.4866031887841719
142	44	0.48486112353174954
142	24	0.4787875207534752
142	134	0.4546211194917828
142	130	0.4502310226952807
142	149	0.44946529161970883
142	146	0.43886969538697596
142	199	0.4324204503994076
142	36	0.41865494464897046
142	67	0.40062231405219106
142	127	0.39809237059971575
166	175	0.8007144390596735
166	183	0.7113591557701331
166	167	0.6652202993279107
166	170	0.6373333207413484
166	198	0.6339722074728988
166	61	0.6213432102679599
166	174	0.5852232156606069
166	98	0.5328093182494625
166	179	0.49141187003657283
166	181	0.47040477084617954
166	172	0.46744035256824873
166	187	0.46544515490347643
166	35	0.4649123009866125
166	69	0.45010344678199554
166	177	0.42521422148694654
166	199	0.405605412502869
166	96	0.39600333673208293
166	114	0.39466183483409173
166	147	0.3886000361404701
175	167	0.6859308661780067
175	170	0.6656437714372284
175	183	0.6749936683438746
175	174	0.6738543010408015
175	169	0.5828709870446435
175	172	0.580939742262775
175	180	0.5529565322339443
175	69	0.55256763797015
175	187	0.5224182666844078
175	61	0.5169364983329803
175	35	0.46046401516571656
175	92	0.4465959223722861
175	158	0.4327537264406002
175	198	0.428754785661481
175	179	0.42758694828653854
175	140	0.40696635085755545
175	160	0.3916605833116075
175	68	0.38764025637891564
103	12	0.6227777242671638
103	102	0.6188443538321078
103	113	0.5995664283441319
103	112	0.539620469127778
103	0	0.5260658590583202
103	7	0.5033254808805917
103	105	0.4991398992262674
103	70	0.47898018831524797
103	176	0.4720540086849033
103	106	0.44617953863036736
103	144	0.3988578785150748
103	1	0.3947546974262658
98	198	0.7975341758989583
98	199	0.7876079870059783
98	181	0.7249166816003316
98	96	0.7093080989234022
98	78	0.6043804717555169
98	81	0.5878732913669792
98	190	0.5683282294680492
98	61	0.5633929107905625
98	97	0.5445352469050098
98	112	0.5394432427854051
98	147	0.49369161932681516
98	93	0.4912298051177847
98	114	0.4911463443476533
98	135	0.46672106388914697
98	182	0.4645987000636106
98	80	0.4522697360252365
98	187	0.44305854379715165
98	193	0.43849014223144483
98	70	0.43573978266703245
98	43	0.43180235784765963
98	191	0.4267776082407036
98	183	0.42615583242325983
98	186	0.404401612910486
98	174	0.39915215675920107
98	184	0.39883265084143227
98	50	0.39882424148272705
98	71	0.39159285303057123
98	109	0.3820091612642221
198	96	0.7921956955799734
198	97	0.6134223089194881
198	177	0.5893437551161724
198	181	0.726025119511488
198	190	0.685491131885441
198	199	0.658250387400233
198	191	0.6165870996313606
198	193	0.5757086429483373
198	187	0.5707941642231394
198	183	0.5707537111964415
198	78	0.546501990894926
198	182	0.5463967819350869
198	112	0.5435778037873978
198	147	0.5375617048673377
198	81	0.5260152293641488
198	43	0.49270026690422175
198	61	0.49152563880571915
198	194	0.48693893250609316
198	71	0.48093507384571854
198	80	0.477360347609717
198	75	0.46052705067479455
198	83	0.4565467551150626
198	174	0.45504147757546937
198	184	0.4442392116987145
198	179	0.442149909257174
198	135	0.43919259604141814
198	186	0.431598949212876
198	170	0.39999249861057906
198	70	0.38523287171245857
41	145	0.7380214460521578
41	31	0.6016376826052894
41	79	0.5451750977070327
41	33	0.5413901024883286
41	22	0.48143457357344666
41	36	0.47877981309147233
41	39	0.457725384414745
41	24	0.4557706743735244
41	139	0.44613949154602583
41	40	0.4275134002102504
41	156	0.4178959027142597
41	30	0.4077336914599308
41	130	0.4070581283714654
41	134	0.4057975559519138
41	99	0.4054132332006457
41	199	0.3945520777388121
41	67	0.39304811808111323
41	146	0.3913811685520852
41	114	0.38333218377538686
41	165	0.38235927469881414
96	78	0.6521495986805762
96	190	0.6888163695618204
96	81	0.6495038203410737
96	74	0.6150289423720754
96	181	0.6133225050334837
96	97	0.6015866375806397
96	75	0.5863661246870471
96	83	0.5830162259288247
96	80	0.5796264655169472
96	85	0.5655324464694603
96	61	0.5541910613799748
96	193	0.5376825684812809
96	191	0.5238201142752502
96	87	0.518627190507766
96	184	0.5077102788405138
96	194	0.5054355272666663
96	43	0.4915863086236397
96	73	0.48385845554755613
96	112	0.45945481560062285
96	93	0.4578755639719166
96	76	0.45059770106008246
96	177	0.43023905398550905
96	106	0.40825882103846706
96	199	0.40406697506290906
96	160	0.3989083320511515
96	135	0.39340317498165495
96	109	0.3893893113814798
96	183	0.3858458504429327
199	114	0.7131427197960805
199	181	0.6962267578800448
199	112	0.6124608833200472
199	145	0.5958513891027197
199	139	0.5727057712854536
199	79	0.5620261957615901
199	135	0.5243133549997836
199	147	0.5154327147039939
199	70	0.4954215156217205
199	182	0.46752631309479303
199	190	0.45894977034612505
199	78	0.4465558938743854
199	109	0.44537825756293653
199	99	0.43862744548225957
199	186	0.42549270678919326
199	81	0.4180279519661974
199	101	0.3994463527915587
199	156	0.3890583945185854
22	33	0.7294121458930294
22	24	0.7204932838113748
22	31	0.623627873368245
22	138	0.5971848120605706
22	137	0.5879714434600887
22	149	0.51231973393655
22	164	0.4941376878102496
22	44	0.4875794983454656
22	39	0.4853122911323811
22	67	0.4843331592961858
22	146	0.45184804537871054
22	165	0.4298722805397577
22	27	0.4297826032191754
22	150	0.3999084946506582
22	136	0.39215150089091977
22	127	0.3899999707655182
22	134	0.3827690241298525
81	93	0.7796196454007878
81	181	0.7367164675108963
81	50	0.6286313368470885
81	74	0.6570416097428091
81	85	0.6433742605322829
81	190	0.5968372800601692
81	194	0.5716834298001771
81	83	0.5425695526097629
81	61	0.5302191751403185
81	97	0.5269404401273726
81	78	0.5265141307136239
81	63	0.5068413536580467
81	92	0.49578361709583
81	55	0.4582390483734332
81	80	0.4364524243606847
81	135	0.4268512128919308
81	147	0.4219236649747642
81	87	0.41806921373530315
81	75	0.4169049706447715
81	160	0.40785874679612905
81	76	0.40262680017546226
81	109	0.3975789172749448
81	90	0.38789514723897184
81	184	0.3820262425137302
93	92	0.6848120059293882
93	63	0.6564900109317646
93	61	0.6199722432033479
93	181	0.6181898711872967
93	85	0.6107520761592623
93	50	0.603452956581115
93	74	0.5516013064656105
93	55	0.5498525916518441
93	65	0.49403186457779846
93	69	0.4849070167780367
93	194	0.45702156403083993
93	91	0.4568949737688017
93	97	0.4477879508834471
93	78	0.4369946369425051
93	90	0.42722732611432923
93	32	0.42637677262180596
93	190	0.4231065972490132
93	76	0.4226303115527697
93	167	0.4033052710033667
93	68	0.3824617261637364
181	190	0.6510735970447946
181	147	0.5836034030481894
181	194	0.5745307858812798
181	114	0.5315764731702316
181	50	0.5295071226544527
181	78	0.5203794680837218
181	112	0.5043327914831744
181	135	0.49516492285283914
181	97	0.4880062508687824
181	109	0.48657265949649575
181	61	0.485709716231051
181	193	0.44805174225725825
181	183	0.4354237779533796
181	182	0.4339476706474195
181	83	0.4186302024971055
181	191	0.4117610779088094
181	184	0.4020401107576238
181	106	0.401998191727535
181	80	0.39905967816800775
181	74	0.3977472900853117
181	187	0.3892111378620594
181	99	0.3816503947431382
155	157	0.7717739560363702
155	51	0.7424514423802526
155	154	0.6906042273483296
155	124	0.608464787181771
155	48	0.55009672640314
155	53	0.5094006042474801
155	149	0.49872681321612994
155	144	0.48068905152595376
155	152	0.4769819168442819
155	47	0.4768814871448075
155	153	0.4763946129852713
155	120	0.47362238435452625
155	46	0.4519992407319379
155	164	0.45167294463971636
155	18	0.4405394803869665
155	44	0.4305568094511887
155	23	0.39253223141855603
155	136	0.3836818819341846
157	53	0.5725243010421436
157	154	0.6735375434552511
157	51	0.6316759997576421
157	124	0.6226124165400265
157	149	0.5877227578674118
157	48	0.5746178682455841
157	144	0.5575975868810111
157	164	0.5254580566582142
157	44	0.5157263857879029
157	152	0.4887296726726662
157	120	0.4762554523825197
157	18	0.43775481800130994
157	46	0.4183744972074472
157	23	0.40913343676577735
157	156	0.3847473556423978
157	115	0.38405704538879837
157	16	0.3839206369780427
73	88	0.76117386166057
73	90	0.7330461216715203
73	184	0.6684080387796156
73	74	0.6211589961509131
73	85	0.6155695662393017
73	75	0.5938806823336151
73	76	0.5923768637600977
73	87	0.5916559004822929
73	84	0.5799119286097119
73	80	0.5662462040760045
73	78	0.5169291705285335
73	193	0.4671902353186465
73	77	0.4109635281877505
73	94	0.4076252977943037
73	82	0.3889989885512194
73	91	0.387453298731064
73	59	0.3836989375675731
73	58	0.3825983134887462
88	87	0.7088556443633529
88	90	0.7280239974039366
88	85	0.6426058622253963
88	74	0.579812364626449
88	184	0.5243713602070889
88	75	0.49207149536700434
88	84	0.48996174826618594
88	193	0.4816266056445685
88	80	0.47159535363964866
88	94	0.45124300438003623
88	82	0.44675601848692126
88	83	0.4412242600217412
88	104	0.397915636109878
31	33	0.7602764995537229
31	164	0.6153335028700969
31	67	0.6120357800081941
31	165	0.5895003747056922
31	134	0.5805288387252715
31	24	0.5754210911711345
31	146	0.5612937401515855
31	149	0.5287943232442956
31	137	0.5238056018734567
31	44	0.5183420327683724
31	30	0.5027204369375076
31	39	0.47900330532243934
31	138	0.46824490942121605
31	79	0.4608027764132881
31	145	0.4595179253825944
31	171	0.4219318847442921
31	139	0.3998832921524278
31	156	0.39752840020966196
31	36	0.3954804359738838
31	152	0.3882094309395116
33	164	0.7317945103576653
33	67	0.7109983717312925
33	149	0.6602518559582251
33	44	0.6333917138156737
33	165	0.5894546985693644
33	24	0.5586853818150743
33	46	0.5545443263598548
33	154	0.5341399704734118
33	137	0.527799478243534
33	152	0.49580624271745155
33	138	0.4832455136206137
33	49	0.48159588362021366
33	171	0.4707862553663671
33	156	0.4614720257999938
33	146	0.45395447657414145
33	39	0.4075669272157045
33	48	0.3940622550810079
33	145	0.38714729928363606
70	176	0.7543357913887233
70	112	0.7250210540302006
70	139	0.5433452694371643
70	12	0.5144995063498528
70	113	0.5086745412162046
70	109	0.4584523265636313
70	110	0.4578755639719166
70	32	0.4555646589612438
70	36	0.45429579782032764
70	7	0.4536209643660776
70	79	0.4510677834428546
70	106	0.44115177823995894
70	144	0.42285205982097973
70	135	0.4186714390716052
70	141	0.4116863343858038
70	71	0.3987149137158369
70	177	0.3951176283517711
70	114	0.38323834361079323
70	101	0.38322128091257424
176	110	0.6473885866995844
176	102	0.5884227201167539
176	112	0.5824945130019082
176	32	0.5647088739125092
176	7	0.5594347042077776
176	141	0.5548281788482889
176	139	0.5475321258795177
176	113	0.5373768119022461
176	0	0.47641780409900214
176	144	0.4661342299969829
176	36	0.4528740717688442
176	12	0.4487627907038086
176	101	0.43923295064839135
176	135	0.42383699493260824
176	2	0.40928329549752535
176	79	0.3859309594567226
176	114	0.38280316312210705
124	120	0.591304818968386
124	51	0.5788091224247164
124	123	0.5705918713823097
124	23	0.5528385004973019
124	53	0.49998789165171925
124	16	0.48104268480313617
124	136	0.4769973664619162
124	117	0.4421820888263388
124	115	0.4153753406716111
124	48	0.41248331294759344
124	25	0.39477158066754586
74	85	0.7499190186543866
74	90	0.6555387040164443
74	87	0.5404917263976843
74	83	0.5268826509895765
74	194	0.5258199084744303
74	80	0.5011869507775741
74	75	0.5011345321238256
74	78	0.48747277378843296
74	190	0.4681199805899476
74	184	0.4664394348606535
74	160	0.46240023133882885
74	92	0.4540735572646462
74	76	0.43654146610639194
74	55	0.4166322903586877
74	50	0.4119769725225519
74	193	0.39638270071402837
74	116	0.3958937175130069
85	90	0.7118922316214368
85	83	0.5496432584891735
85	87	0.5392305080679514
85	160	0.5219309531541229
85	92	0.5099187771096214
85	55	0.49969532989619286
85	194	0.4911008164899514
85	104	0.48444796416337493
85	78	0.477954666905689
85	75	0.4710197304748287
85	76	0.4632096171714404
85	63	0.45913919710351186
85	50	0.4516570246648844
85	80	0.44635572457344874
85	61	0.4211260177667804
85	116	0.4205582223833971
85	184	0.42001480531103286
85	107	0.41812697731404347
85	28	0.4121762188121411
85	65	0.4077086785568748
85	4	0.400588733443624
85	190	0.39402001850189494
28	132	0.7445889410836859
28	131	0.5963735554792423
28	27	0.5442608309092392
28	29	0.5304994755383177
28	133	0.5237983455585336
28	21	0.512629429245764
28	128	0.5082148211585253
28	125	0.49650730309433694
28	25	0.4960324619133028
28	129	0.4884708409486702
28	53	0.47783120797167744
28	126	0.4473401265006721
28	116	0.44621958392792976
28	26	0.4351644118605505
28	115	0.42072283469170746
28	15	0.402785987411226
28	23	0.39949677813963946
28	123	0.3937412153459308
132	131	0.5131894913505386
132	133	0.47534258651453215
132	128	0.4319894550093556
132	25	0.42776670864210264
132	27	0.3956660107742728
132	21	0.38732580933139654
132	29	0.38725780892708256
132	125	0.3869602576227608
44	149	0.7425322094395962
44	164	0.6491047216420011
44	154	0.5958255900429531
44	46	0.535696189899572
44	18	0.5255159657302431
44	48	0.513020044947588
44	152	0.5102886741904387
44	49	0.4862367589038595
44	136	0.4627932334569724
44	24	0.4304834907352329
44	39	0.4295053651673973
44	156	0.4219154451358736
44	138	0.4127820172848442
44	27	0.38513067551248265
149	164	0.697225028788347
149	136	0.6509814109349935
149	154	0.64250017961528
149	18	0.5964315428391035
149	138	0.5878405701555454
149	48	0.5820119968077075
149	152	0.5412911294413814
149	46	0.5294207625026223
149	137	0.48987815063758683
149	120	0.46662719805867575
149	24	0.4586971364172818
149	53	0.44750008954920567
149	156	0.4445281200304504
149	27	0.4214632472009234
149	127	0.42116714954452106
149	39	0.4138433580221203
149	115	0.4021742403282991
149	118	0.3915335855534356
194	193	0.7118626377903817
194	160	0.5670541039363559
194	190	0.5869629251123931
194	184	0.559647647442963
194	191	0.47108197936213997
194	135	0.46089729048270295
194	147	0.4518400870093122
194	50	0.44226253276901584
194	78	0.42671217713703247
194	80	0.40918339212926813
194	159	0.40826715425179627
194	97	0.39423118475281804
194	75	0.3894741456742585
194	83	0.38248733756070796
51	47	0.5557273451936275
51	154	0.5172222236108919
51	53	0.48156516041218805
51	123	0.46358654302483476
51	48	0.45801781524059704
51	23	0.4261312803731823
51	120	0.41436532408064997
51	136	0.41055620279690436
51	18	0.40869205788780316
136	123	0.7320173809161453
136	138	0.5860510721493447
136	120	0.5795932628966954
136	23	0.5049439703084765
136	53	0.5007300360438025
136	27	0.4753348459834839
136	18	0.44333979486629504
136	137	0.40769200294823255
182	187	0.7392710487090395
182	135	0.5896178103188031
182	183	0.5621972033691582
182	180	0.5549458359172801
182	147	0.5493430938807776
182	174	0.5315979956205953
182	193	0.5302407408260651
182	189	0.5102147098694703
182	184	0.5083038218537879
182	78	0.47572951923221113
182	80	0.47057607137303137
182	60	0.4516490645696117
182	186	0.44382976669291224
182	191	0.4255500319986503
182	179	0.41628513426725194
182	43	0.41146207058537954
182	76	0.402836252003314
187	180	0.6629059635546573
187	174	0.6494344375591973
187	183	0.6421653567250534
187	76	0.622379667048462
187	193	0.5860445066694595
187	184	0.5557619025892645
187	80	0.5377394378313911
187	147	0.530671910454164
187	186	0.5101185449681167
187	191	0.4927229839618436
187	179	0.48829570014035273
187	78	0.4867787091244958
187	60	0.4862062153572483
187	77	0.48443265781167394
187	188	0.4609760442214646
187	135	0.456404261695847
187	189	0.4437574924436979
187	75	0.43913609661407055
187	91	0.4269656977755485
187	43	0.4228849071108008
187	168	0.42253995515435205
187	170	0.4183579978137891
187	84	0.4137439050426405
187	167	0.3972589351657287
187	159	0.39022040241471223
187	160	0.38721530653467773
145	114	0.5918443516981836
145	165	0.5107618670884025
145	79	0.4989146076891276
145	139	0.4780703925085398
145	156	0.47226381649231725
145	173	0.4092000433720297
123	23	0.6106956446863752
123	120	0.5388687010654835
123	126	0.4971098480298044
123	53	0.44944135186836454
123	115	0.4451136780774793
123	25	0.44492120780483724
123	128	0.43293250874329553
123	27	0.4195946856973709
123	16	0.4067410439409976
123	125	0.3992278150210903
123	117	0.3948391109666061
123	133	0.3898982180012412
102	0	0.6108273084732823
102	7	0.6749446708481442
102	110	0.6012164142035799
102	10	0.5724369064678054
102	2	0.5642796258078978
102	12	0.5296150574118684
102	105	0.5198615411140428
102	1	0.5188318480173862
102	141	0.48703047401375993
102	113	0.4839809870196476
102	104	0.45209471915510413
102	144	0.3964669854483038
102	135	0.39076281282253145
102	112	0.383408956205858
90	87	0.6096599681602884
90	76	0.586208620580577
90	91	0.578602941636194
90	84	0.5781837011295359
90	92	0.5175371204603781
90	80	0.4879833950372023
90	75	0.48315353143422984
90	55	0.44637173976182
90	65	0.4411437243533438
90	82	0.41977593582903794
90	78	0.41880338450797056
90	184	0.4117112495089424
90	63	0.405154152213931
90	104	0.3959611768294801
90	77	0.3891771967460605
164	154	0.692961111631331
164	152	0.6582730550604805
164	67	0.5958320399231855
164	46	0.5926104862031557
164	156	0.4909642168184212
164	144	0.4866718753362078
164	165	0.4776537026793284
164	48	0.460834282264602
164	171	0.4520231113088377
164	137	0.42130698463066785
164	49	0.4184569900338913
164	151	0.39602020022566664
164	24	0.39268448597975714
164	146	0.388693421049572
184	193	0.729660067724457
184	78	0.6142885309399135
184	135	0.6074687929348749
184	75	0.5864317383162494
184	80	0.5319064086378904
184	186	0.5233700884362239
184	87	0.5059937167612372
184	76	0.49916993300104934
184	190	0.4921397002541791
184	191	0.46392406335434694
184	84	0.46387697557588786
184	189	0.45900502412850597
184	147	0.45118725603663395
184	159	0.4371726076809394
184	97	0.43650099364561173
184	161	0.4158965061163261
184	77	0.4078337369528422
184	180	0.4037573387294512
184	59	0.3930227523867166
184	43	0.38370746528610516
193	191	0.6788187245051434
193	190	0.5778107864047781
193	87	0.5365370329130683
193	180	0.5258922560123969
193	80	0.5101037492357655
193	135	0.4972378271190569
193	160	0.49320745452052694
193	78	0.48313053422094937
193	159	0.47513356634857074
193	186	0.4735448124971041
193	75	0.46378279215541385
193	97	0.42554184289209923
193	147	0.41548290509508295
193	189	0.4091084581642699
193	83	0.3990260475762708
23	25	0.7277277735112242
23	16	0.550981797457773
23	27	0.53717052417331
23	120	0.5332531623951668
23	53	0.4994176658787272
23	115	0.4907668635547577
23	29	0.49059223983324707
23	18	0.48550338593825454
23	26	0.47223273722972403
23	128	0.44592320641847827
23	117	0.44553857092232
23	15	0.437560788647451
23	21	0.42280278680279676
23	126	0.4154167129786428
23	48	0.3892790169235847
25	29	0.590106857092407
25	27	0.5664160213419634
25	128	0.5415950703614941
25	26	0.5165186925758588
25	21	0.4575909910881307
25	16	0.4257465496449993
25	126	0.4238780121734292
25	115	0.40110911190645715
25	53	0.3943240847188229
25	18	0.3826922075751151
152	154	0.7274171522549784
152	151	0.5762232056032479
152	46	0.6520403919790811
152	171	0.5169145146923617
152	67	0.5091043394865447
152	153	0.48088126293240535
152	47	0.42897512586882725
152	49	0.41372732858585387
152	48	0.40681615174643193
152	156	0.39326792903911334
152	173	0.38405704538879837
152	144	0.38374157550579646
154	46	0.6769486900118024
154	153	0.5737397510054687
154	48	0.6201015095994243
154	47	0.5347043408569422
154	171	0.4811272261022117
154	67	0.4785408389640927
154	49	0.45748029852970296
154	151	0.4241322802574494
154	18	0.40984090891874037
154	144	0.40640716494861895
154	173	0.4000428977610251
154	120	0.39769678105438877
112	109	0.6789535029146238
112	106	0.6165994958854628
112	12	0.4749554698275454
112	114	0.4712064630613484
112	135	0.4683464003143313
112	101	0.4636807482857627
112	99	0.4141250878194897
112	7	0.40910013182751187
112	113	0.40568895753889356
112	78	0.399841286644965
112	5	0.3954888718927688
112	79	0.39465339238041164
112	147	0.3847388359148954
112	190	0.3829567756487377
126	128	0.7249973359468542
126	133	0.5584032902506032
126	129	0.5536087777472762
126	125	0.43133038259678935
126	29	0.40008489520494867
126	115	0.39702309704426686
128	129	0.631772147708338
128	133	0.6002001668654539
128	29	0.5165040282555685
128	125	0.4946061575535195
128	115	0.428305786692429
128	21	0.40129370014035026
128	26	0.3922615035184451
140	172	0.7223969596442227
140	150	0.7163319527053233
140	165	0.6316579698530359
140	137	0.621177420652616
140	35	0.6035864670111577
140	146	0.5484207723527212
140	62	0.5394928709804594
140	169	0.5057332810237658
140	127	0.45702156403083993
140	134	0.44927375553367793
140	69	0.3898727783222943
140	24	0.3833577751741854
172	169	0.6638074952406359
172	150	0.5896112867719615
172	35	0.5747652087642268
172	69	0.5642523616523721
172	167	0.5483788168928297
172	62	0.5394503327570367
172	68	0.5297589437472685
172	146	0.5236967491679078
172	165	0.438272030287267
172	32	0.3987485542360031
35	69	0.722205647319971
35	68	0.6506470752801139
35	63	0.5678947899371413
35	62	0.566280171376102
35	61	0.5557135216976313
35	32	0.5332531623951668
35	30	0.45565182528536924
35	167	0.4446885847121985
35	92	0.44231883929541266
35	150	0.4288772031875637
35	64	0.40867539833559635
35	134	0.40164600535474787
69	68	0.7171246221753832
69	63	0.6390403447114211
69	61	0.6053000154232013
69	92	0.5783101709201596
69	62	0.5639932907924305
69	167	0.530959204384696
69	32	0.5160566209584171
69	65	0.47874898170540797
69	169	0.43023905398550905
69	64	0.4116448078129384
69	30	0.40232511546308786
36	139	0.7211850463986942
36	100	0.4902884525334863
36	32	0.6146184277919429
36	79	0.5834912927249635
36	30	0.5430280427317625
36	134	0.5337539241357855
36	99	0.45338266353754486
36	114	0.452222007604974
36	101	0.43739906638569565
36	141	0.4183662475451321
36	110	0.40276085420408403
36	146	0.3974441997456324
139	79	0.6208456745548232
139	114	0.5778840565639533
139	32	0.5259139587900427
139	134	0.5211228625551294
139	100	0.48221777386733483
139	30	0.46784663352606126
139	101	0.4617159744003036
139	99	0.44533015798518233
139	110	0.4259675839977583
139	135	0.39297201920345337
24	39	0.7098889685645068
24	138	0.61963968931608
24	127	0.5811252146128562
24	137	0.5576527112164061
24	134	0.5009772540965234
24	27	0.4805583213782431
24	150	0.4464838380736269
24	146	0.4282649581104529
24	141	0.4270147585362294
24	40	0.41659923310641145
24	30	0.4104481093597524
24	67	0.39278597706412954
120	48	0.5049812209473136
120	117	0.49195022731747945
120	115	0.42400925566024006
120	18	0.407375114722545
120	53	0.3897370899845861
68	63	0.5903935631463069
68	65	0.5881284508008764
68	86	0.5858606419893198
68	62	0.5486934155408713
68	92	0.5373483622442525
68	91	0.5003403144992604
68	32	0.4981180374546235
68	61	0.4704125580030638
68	64	0.4666741322880539
68	40	0.43425606175811915
68	167	0.3987569641983731
150	146	0.6310445464692229
150	137	0.6129730371588691
150	134	0.4685805629013387
150	138	0.4553031075723634
150	127	0.42645040805222706
150	165	0.4262785832566653
114	79	0.6225083053790854
114	32	0.5752136981068625
114	99	0.4615349869610265
114	101	0.41704541303145337
114	30	0.38914325457331644
65	92	0.7119711361454099
65	91	0.6702902580609763
65	63	0.6500469446855696
65	76	0.5722755284628626
65	84	0.5544265935617023
65	61	0.48425661344999105
65	167	0.4458831479006615
65	55	0.4393701430535285
65	60	0.4229177532893906
65	77	0.4054633703876296
65	160	0.40024447016731685
65	64	0.39124566874316524
92	63	0.6587601210681975
92	61	0.6398383528225425
92	91	0.6553390640668586
92	76	0.6306351585691093
92	84	0.4922382077583017
92	174	0.4569107985638531
92	55	0.45312840452637354
92	60	0.45080488682754966
92	167	0.4304997842742328
92	183	0.4240010534639511
92	80	0.4234677615441082
92	78	0.4128152011771661
92	77	0.39117791247642697
92	160	0.3843724256273037
183	174	0.6930598615590452
183	170	0.6150289423720754
183	179	0.5413688952411853
183	160	0.5228761757825975
183	167	0.5137711982653965
183	180	0.4973958890660032
183	60	0.49232912657303823
183	61	0.48789196501894133
183	76	0.47692784086127143
183	80	0.429676609998931
183	191	0.40845879937673724
183	177	0.3886849318423311
67	171	0.6840146386826154
67	72	0.33392556588473304
67	165	0.6682697079937214
67	62	0.6406585663829456
67	64	0.6325166353991861
67	173	0.5096005147238883
67	46	0.5095783051648932
67	47	0.50087987492224
67	49	0.4342154897935806
67	146	0.4265076761460564
67	54	0.4248127333627693
67	30	0.40616503478569027
67	137	0.4039414579743045
67	86	0.39428185846050606
39	143	0.6095971328573586
39	127	0.5453788728770307
39	141	0.5388616048220142
39	130	0.4846698729305167
39	138	0.47181305227785186
39	134	0.45086065931426383
39	52	0.4446805621558972
39	40	0.4402815480451786
39	27	0.43448323219853435
39	144	0.42553365371585167
39	156	0.4101154418205806
39	26	0.3981176159721425
76	84	0.7089451871988377
76	77	0.7054310319928265
76	91	0.6641150307153262
76	75	0.6338226639643694
76	78	0.6287039100892027
76	63	0.6153086476711309
76	80	0.5677389456174191
76	60	0.5123639842856903
76	61	0.4956629357469632
76	43	0.4618969234038585
76	167	0.4609445435971739
76	55	0.4575988971568018
76	87	0.4403218547657522
76	186	0.40699972544981505
76	174	0.4066909690156156
76	97	0.4053798070541937
76	147	0.4047946740605724
76	135	0.3978735521152922
76	116	0.38732580933139654
84	91	0.691628049178442
84	94	0.5167679396640641
84	77	0.6843922632472317
84	82	0.5911031708424079
84	75	0.48829570014035273
84	45	0.45849971454792265
84	14	0.4582627485568519
84	80	0.4501433162290533
84	78	0.4419568079398878
84	63	0.4046692452547984
84	87	0.39172830934841196
87	89	0.42689210192132276
87	83	0.5619098831352871
87	191	0.5611156273347713
87	91	0.5331959086676469
87	82	0.5304060549562607
87	75	0.5300897666183012
87	80	0.5250380702860775
87	97	0.4950969867725359
87	190	0.4603773337575815
87	78	0.44962487346260704
87	50	0.41219282089057224
62	165	0.7079838974214208
62	64	0.6531771127295952
62	30	0.5175297988691969
62	171	0.4983661165454889
62	169	0.4796811085713501
62	86	0.4447768281222395
62	146	0.43343616654244416
62	63	0.4115866677390651
62	32	0.4072583416912215
62	134	0.401117502987603
62	60	0.4005803381233273
165	171	0.6766939909725987
165	146	0.5890891537745343
165	137	0.573021530075651
165	173	0.5130274130141228
165	64	0.4752961422244442
165	134	0.4431228374482879
165	156	0.3925829853299802
165	30	0.3884641892933091
77	75	0.5248497174718632
77	78	0.4689472852703713
77	91	0.468494710928375
77	43	0.45882346265485324
77	45	0.4445521915519442
77	63	0.43806194776980345
77	14	0.4320219898515803
77	186	0.40750855330642183
77	147	0.40434305909955054
77	94	0.39721682506241146
113	12	0.6867137291546903
113	7	0.5569495075512318
113	10	0.475775938792638
113	0	0.4502230497391223
113	107	0.44872285920996935
113	110	0.40815048307363083
113	105	0.40423430751390727
30	134	0.7012979117708936
30	32	0.6184863470068374
30	146	0.5433946018750381
30	63	0.49560258789378614
30	86	0.46300537899757443
30	100	0.446379747248776
30	64	0.41609497352554725
30	2	0.3992530332335998
30	1	0.3881414853544689
30	79	0.38245318890080476
30	55	0.38172728296978997
134	146	0.6403695929561085
134	2	0.531167416192537
134	137	0.5072870851607971
134	32	0.5022943697613221
134	141	0.48428723267816537
134	100	0.4374475860356939
134	110	0.4176812850164845
134	138	0.40253462801104994
134	63	0.3896946839082259
134	127	0.3827519542416949
190	83	0.6756300941916787
190	191	0.6543051782509598
190	97	0.5680573666974759
190	75	0.5674813745151623
190	78	0.5036837927472191
190	147	0.4882652368529964
190	50	0.4291383079347193
190	186	0.4290567204024913
190	135	0.4013608150548818
190	106	0.40072304942026515
190	55	0.3964164154096364
190	59	0.38640744851240005
12	105	0.6058509674922246
12	6	0.5670948095299629
12	1	0.5330098003194911
12	7	0.5313540343214636
12	10	0.5101037492357655
12	8	0.5085485177836936
12	107	0.47859480706276986
12	106	0.4269084570443495
174	170	0.6315557874859375
174	180	0.5262611100927737
174	179	0.5189341544774264
174	160	0.4879148235272741
174	80	0.4634059536437544
174	61	0.44386188672818994
174	168	0.4366304993010185
174	60	0.434848211758446
174	167	0.38898201482342826
79	99	0.51719292375787
79	101	0.46629075917809887
79	100	0.42109311109739733
79	110	0.4195617275322362
79	156	0.41576417249612896
91	82	0.6083640140754873
91	60	0.5198615411140428
91	63	0.5854795875113151
91	86	0.477993243950572
91	55	0.46617336502882256
91	180	0.4329406344025453
91	189	0.4186466973340698
91	80	0.4106559711136867
91	14	0.40908347894961733
91	78	0.3977388720808973
167	63	0.6365428888983372
167	169	0.613072909611872
167	61	0.5288879657597577
167	170	0.46262033492310733
167	180	0.4148290651953524
167	147	0.4045939806616727
167	32	0.3918891416730018
171	173	0.5355107763852156
171	180	0.4670495114949789
171	64	0.4524447180707077
171	169	0.4484352995635166
171	46	0.38797160293158145
171	151	0.3866881401735982
7	10	0.630605042654688
7	110	0.5784166502421526
7	2	0.5490497729124225
7	0	0.5088746512848017
7	141	0.4843867369769933
7	135	0.47244249946465633
7	104	0.46514742515164115
7	1	0.45273892750280903
7	105	0.4467079926560325
7	144	0.4296195318215057
7	107	0.41187733460031334
7	8	0.39837844950542994
109	106	0.6482300838110043
109	101	0.48008135983665085
109	99	0.4620856987692076
109	5	0.458318046450624
109	105	0.38365629799330514
109	135	0.38241050160663076
191	179	0.5862020569475691
191	192	0.2978421302248103
191	83	0.6142200348557072
191	97	0.5487283613589022
191	177	0.47019448991873586
191	75	0.45057379188553304
191	186	0.41315527287950343
191	159	0.39288745858152696
46	48	0.5248497174718632
46	47	0.4529535586763352
46	151	0.451688864326926
46	49	0.44046694426425026
83	97	0.5651105913161585
83	50	0.5503616805700356
83	75	0.41165311326427106
135	147	0.6743344261418772
135	78	0.6345758807609755
135	189	0.6050021331113719
135	186	0.48377420415421407
135	97	0.44063618627011764
135	100	0.4355615367975723
135	144	0.42700658191735436
135	2	0.41001562026953087
135	75	0.40559705762648807
135	43	0.39533701514463343
135	188	0.3876997362170584
135	101	0.386858221474096
147	186	0.5393581571594119
147	188	0.48754138410467157
147	189	0.5941848311115411
147	78	0.5702005754779738
147	43	0.4436530861138174
147	97	0.4019646552901354
147	63	0.38828586467819415
147	75	0.3866371106527739
137	146	0.6219261020098731
137	138	0.5913698509839015
137	127	0.46336668998793024
110	141	0.6691542264397236
110	2	0.5289095737424953
110	0	0.49028085632390994
110	144	0.4806659830522256
110	10	0.43665477959717813
110	104	0.3958852847979783
110	101	0.3952948288785562
141	144	0.6079607254440419
141	2	0.5761029591054403
141	0	0.44403852653414333
170	179	0.5686192696255301
170	169	0.4744596921198661
170	160	0.45331910569956646
170	177	0.4374556723964147
170	168	0.4356992752424414
170	180	0.40576414227582075
169	64	0.48250935750976554
169	180	0.38693474947387857
180	158	0.4627617999781784
180	168	0.5670812413065354
180	179	0.5421389830075002
180	189	0.48898841839181106
180	159	0.4571876856558556
180	60	0.45170478372650835
10	107	0.606761612624321
10	8	0.5977506804020942
10	2	0.5461021050942031
10	105	0.4517207028384587
10	1	0.44472869642343554
10	160	0.43553722789550914
10	104	0.4281751290752241
10	4	0.4070581283714654
10	0	0.4037991868851624
63	55	0.5859722813117685
63	61	0.6160972030274049
63	32	0.5079254939261766
63	14	0.42593484137518856
63	60	0.40465252026339993
63	116	0.40175502812485053
63	1	0.39582625392332316
63	64	0.38686672484836443
129	133	0.655658444022483
129	127	0.5429504748387771
129	26	0.5238056018734567
129	29	0.5226436247184679
129	125	0.5052866052289988
129	131	0.4508447246772624
129	130	0.44657991118763535
129	27	0.42303270616280747
129	21	0.3999000938851041
129	143	0.39257452651077623
129	116	0.38983037753494787
133	29	0.5593934808554172
133	125	0.5179982279132685
133	26	0.4665802612011292
133	21	0.431135013391807
133	27	0.42066522353437275
133	115	0.41703715226576776
133	131	0.3997992794579149
64	54	0.4787721053556637
78	75	0.6495153830866185
78	43	0.6320244436086432
78	80	0.5769441608200345
78	186	0.46542165375109523
78	97	0.4580573253197942
78	55	0.40810047705810204
78	61	0.401998191727535
75	59	0.48224079751481264
75	43	0.5377038950609331
75	186	0.4960023032430625
75	80	0.47731401865692435
75	97	0.4693606293734011
75	55	0.4041841106190114
106	5	0.5686260363083152
106	105	0.41910844060169183
106	99	0.4149532449944129
106	101	0.41080560515262055
27	130	0.642394472557942
27	26	0.6252567629513293
27	53	0.5615745047516535
27	21	0.5116630343218924
27	125	0.497599063054407
27	18	0.49558750018274056
27	138	0.48512879648815654
27	29	0.48512114995055305
27	127	0.42139745548425994
27	16	0.3979324692388433
27	118	0.3956660107742728
130	143	0.6057243632322122
130	127	0.515197690630189
130	138	0.47405665095797717
130	125	0.4614877665261016
130	26	0.44865896509279585
130	156	0.40790042850821495
130	118	0.40646560161122747
130	53	0.38587989483666685
146	178	0.32056796812257426
146	40	0.45372420791983803
146	86	0.40205687789778716
146	138	0.3821970406515849
61	97	0.38301650813495175
61	160	0.38280316312210705
71	177	0.6354650364330418
71	97	0.4350995590481859
177	97	0.5064994425191767
177	179	0.490683352779399
168	179	0.6350534889574173
168	153	0.4238205875494948
179	89	0.4144564330791194
179	173	0.4038242949674962
16	118	0.6333198505614835
16	15	0.6200584245410514
16	117	0.5902632606739769
16	53	0.5565976059306306
16	115	0.5326804053259038
16	18	0.49288955519642813
16	21	0.4286731652288608
16	148	0.40389124687951233
16	26	0.40389124687951233
16	29	0.39921940881601364
118	15	0.5065886520943638
118	18	0.5050780638049147
118	53	0.48178787685164637
118	115	0.4538036177508719
118	117	0.4461875478328248
118	116	0.4227863619078397
118	21	0.4219236649747642
118	26	0.4145392522328582
48	18	0.4814883472137603
43	80	0.4177225612716414
43	186	0.4131884444401051
50	97	0.519905324387
50	89	0.42532890166050596
50	99	0.40949139599618206
15	116	0.6274444235714727
15	115	0.6125983409632038
15	148	0.47787750728442785
15	117	0.4851899661180796
15	18	0.41600401421563504
15	53	0.3941636160801105
116	115	0.6008906595489307
116	104	0.4037489688955434
116	148	0.38898201482342826
1	105	0.6268741527093512
1	6	0.609798178859631
1	4	0.5234281727041769
1	2	0.4542561161525958
1	104	0.39219381092130484
1	8	0.3836221851560188
105	6	0.6035673961645311
105	107	0.5284700766556253
105	8	0.4969667869774765
105	2	0.4269411664525472
105	115	0.4209532453857381
105	160	0.4097327392003219
105	104	0.40351458610912994
105	4	0.3922361192923493
156	52	0.6191281076025968
156	173	0.5441622941810161
156	143	0.5056216374780549
156	127	0.3861607209792004
156	122	0.384236055987644
26	29	0.6216684874058489
26	21	0.5269404401273726
26	18	0.3926760279575993
26	127	0.38229096849875494
29	21	0.5218945728007446
29	125	0.4274807103595483
29	115	0.3968124829788893
18	53	0.469391816811842
18	115	0.455810287125394
138	127	0.49240488404613736
8	107	0.6192329322342922
8	4	0.530959204384696
8	160	0.5039374921873366
107	4	0.5424707585467561
107	160	0.4907213133404019
107	104	0.47886459331407727
52	143	0.4658993814988636
32	37	0.40502040752704677
86	189	0.6142823044056573
86	14	0.46919687610943317
86	82	0.4340531843189497
189	159	0.5886514885388823
189	82	0.5031985372315887
189	186	0.4630210913724545
97	186	0.40714989766681114
97	80	0.3938595043243709
97	55	0.38492625477445325
115	117	0.5576113684259404
115	53	0.4416670791504945
115	125	0.3936736157883094
115	21	0.3876827423069993
115	148	0.3862713298125995
0	2	0.4203441849810585
0	144	0.41229242761264173
6	4	0.5435214394827488
6	160	0.4482675135510952
143	127	0.594378879831421
82	54	0.4881129025674242
82	159	0.4891481889516147
82	14	0.43774673425873006
144	40	0.5569977921759288
144	122	0.4012433611263932
144	2	0.43196505313979966
47	153	0.604342386919777
47	49	0.5484697168996385
47	14	0.4029116443356081
131	125	0.4251486838284152
127	125	0.3874957919048877
117	53	0.3868752281568397
45	94	0.588827902640822
45	49	0.5112347507257254
45	14	0.4472761332657715
159	54	0.4130308697626921
80	160	0.3831188992309023
2	104	0.5294423535693801
53	21	0.45661799304319556
53	125	0.43819931483276775
99	101	0.5716632341121339
99	100	0.4319406506377901
101	100	0.4285017395427498
160	4	0.46618119181627327
49	14	0.44961689505200275
186	188	0.40772535389356745
21	125	0.49747867024266673
58	161	0.5058523488038579
58	56	0.46394760626057957
161	59	0.43828818849818035
161	56	0.45164110440243527
161	163	0.4316152235193351
161	162	0.401578908760054
56	162	0.4576463320493348
56	163	0.4543196059556849
162	57	0.40025286817734496
162	163	0.4438377968086538
163	57	0.3952442031579961
89	66	0.4031294136916139
