28	132	0.9139338645238704
28	131	0.8790790451756338
28	26	0.7449451986423863
28	125	0.7351808998381542
28	128	0.7620557408509733
28	25	0.7536929127988367
28	133	0.7288079119606771
28	29	0.7178088124154798
28	123	0.6919044226843423
28	126	0.6890055141739719
28	129	0.6881009762971677
28	23	0.6679541409335649
28	124	0.6486010004445997
132	128	0.7805200736120926
132	131	0.8554423472776616
132	133	0.7282776874173428
132	25	0.7244180816730177
132	125	0.7133981673241978
132	126	0.7019072162004536
132	29	0.6788456838470586
132	129	0.6659054411875933
132	26	0.6595970364462312
132	123	0.6539218474904785
132	124	0.6398383528225425
132	23	0.6235728723365773
193	194	0.9072579608129772
193	185	0.8109508014447115
193	191	0.7838583634993375
193	183	0.7597104705155552
193	55	0.6466618889860516
193	196	0.7922701689754608
193	90	0.7742289939671243
193	182	0.7716526184582204
193	74	0.7371414176625962
193	88	0.7198771774874334
193	81	0.7153031065661916
193	83	0.6986815521988556
193	190	0.684349732340296
193	87	0.6387799554399095
193	73	0.636953129723384
194	90	0.8404781826572507
194	182	0.8168576495685587
194	196	0.8025727380953344
194	191	0.7628512031301224
194	74	0.7386536978893218
194	185	0.737337703121795
194	88	0.7156740443556893
194	73	0.6881483598967943
194	183	0.6854434197702794
194	180	0.6686403304457496
194	80	0.6292176571043544
9	112	0.8891600162469427
9	109	0.8220475831694545
9	11	0.782698942313703
9	108	0.8376666524210881
9	3	0.752472231059728
9	176	0.7002444488127954
9	12	0.6813877695866241
9	103	0.6690050966920968
9	5	0.6565241508389059
9	197	0.6546710312277073
112	108	0.8478343667772621
112	3	0.818712509353181
112	176	0.73348070686728
112	12	0.784051070988576
112	11	0.776224101315983
112	103	0.7494591541804825
112	109	0.7318270220678027
112	5	0.6313693984411726
131	133	0.7946777385386965
131	128	0.7569868400285088
131	29	0.7540210045173913
131	129	0.7318966788022438
131	25	0.7191295898041278
131	125	0.7026927166840502
131	26	0.685050896927763
131	23	0.6845463987477611
131	123	0.6679762938322926
131	126	0.6609000411219168
131	124	0.6383357725954744
131	115	0.6327145685702746
96	198	0.8609747348302905
96	81	0.8407422196423973
96	98	0.7978251415834422
96	95	0.7293325831813725
96	97	0.7489634431762312
96	199	0.6934130693038498
96	93	0.6866186010313216
96	190	0.6850190533028139
96	83	0.6553789993845888
96	196	0.6520116488756605
96	87	0.6338525764579159
198	199	0.7897248009380322
198	97	0.771207233126757
198	181	0.6917688685516997
198	81	0.7527973866519589
198	98	0.7336977748649051
198	196	0.6939733620710784
198	190	0.6895933642619964
198	95	0.6880272568094475
198	197	0.6515860317987533
198	87	0.6347490697856142
23	25	0.8609229814181076
23	29	0.8060330061770533
23	128	0.7364557262039542
23	123	0.703036783828279
23	26	0.6695792264933343
23	129	0.650612474426373
23	126	0.6427702088079132
23	133	0.6250008931011846
25	128	0.8352036097632558
25	29	0.8162244547908584
25	26	0.7280662929278569
25	20	0.7224208659123469
25	133	0.708532104947091
25	125	0.7077943180829039
25	124	0.7027180269420584
25	123	0.702049239637062
25	126	0.6868035507911397
25	129	0.6718019229684637
25	21	0.6346356083157655
19	121	0.8516145517734506
19	20	0.8086098888201517
19	124	0.6955046789065626
121	119	0.6526320830162348
121	20	0.7803246031367226
121	124	0.7593042479723386
121	128	0.6315197178819452
121	115	0.6234873029047038
13	111	0.8493179239875814
13	10	0.7973157078407649
13	2	0.7599978532091365
13	110	0.7489107519895372
13	1	0.7272758621401797
13	102	0.7029811482051115
13	113	0.6733900028898863
13	104	0.6593031711699864
111	113	0.7772950398254896
111	102	0.7574731669880754
111	110	0.772742635837965
111	10	0.7701514961572267
111	1	0.6791151766213586
111	105	0.67397438572037
111	104	0.6734610476377003
111	2	0.6497754654469008
108	12	0.7795019599167922
108	3	0.7501115085719532
108	103	0.7179638969502736
108	109	0.6948070554336574
108	105	0.6257802677459725
115	116	0.8473274753610509
115	15	0.7676579257761829
115	152	0.7178475902292981
115	117	0.593057983989773
115	118	0.6871995723870725
115	14	0.6870200931648315
115	186	0.660533796602165
115	124	0.6348326554638145
115	129	0.6301651340100151
115	133	0.6287946112439126
116	186	0.762642094367171
116	118	0.6926074777182629
116	15	0.7476565502687677
116	152	0.6462660716813771
116	128	0.6420243053118528
116	124	0.6331101870072033
81	93	0.827199184900554
81	196	0.7810275833073346
81	183	0.7301086457077354
81	83	0.7245368647691238
81	97	0.7204451914037109
81	74	0.7066046314982569
81	98	0.7000966180603639
81	190	0.6959690340335969
81	61	0.6715219991756177
81	88	0.6624516696155188
81	185	0.657160935504481
81	199	0.6542537055939702
81	182	0.6369293574893033
81	87	0.6357094082674117
90	88	0.8048739016553974
90	73	0.7082481404089213
90	196	0.7184287231571506
90	74	0.711250465768678
90	185	0.6673000977561072
90	191	0.6593370889879273
90	182	0.6486183796086968
90	84	0.6329483830498079
95	197	0.8366194855503551
95	99	0.5466843122339105
95	5	0.6770949332056759
197	5	0.7525503018820494
197	176	0.683050301428996
128	126	0.8027861614970809
128	124	0.754947124214137
128	29	0.7715312246887882
128	133	0.756576649979326
128	125	0.7307756749901779
128	129	0.6856077367183959
128	123	0.6583467167124806
128	20	0.6432277195749447
128	15	0.6399092202068328
31	44	0.8291467688511647
31	22	0.7431954760186198
31	33	0.7258642980603595
31	39	0.7074648062470185
31	24	0.6902379042583523
31	149	0.6430224830432164
44	22	0.7844744959422172
44	33	0.781417274731799
44	149	0.7133981673241978
44	49	0.6111343926363823
44	72	0.3941636160801105
44	39	0.6399033150071461
123	129	0.8277037031443036
123	136	0.8114978652272012
123	26	0.7609213777689899
123	127	0.738671872980892
123	138	0.7200794625916781
123	143	0.7175178368262004
123	29	0.6629059635546573
123	39	0.653400666037667
123	124	0.6459165320872174
123	125	0.6362989518569433
123	20	0.6328224972867058
129	26	0.7270920927956676
129	143	0.7086117730758245
129	29	0.6996170297470943
129	133	0.6930858440600669
129	152	0.6669393794704351
129	125	0.6629956429514083
129	39	0.6618283263721084
129	130	0.6592975179394299
129	127	0.6460563804453029
129	124	0.6301108706612742
129	14	0.6296524013749066
93	61	0.685050896927763
93	196	0.6962009935680956
93	92	0.672952530588428
93	97	0.6654543763351927
93	87	0.6636340580773648
93	83	0.6599415061718693
93	88	0.6285829486023357
22	34	0.8250400307788135
22	24	0.764268917891203
22	33	0.7699886993454392
22	32	0.7096160303175394
22	137	0.6878218204823879
22	39	0.6874739078390887
22	42	0.6755974814311188
22	134	0.6542365466945257
22	138	0.6329184132841476
22	41	0.6274141069456315
34	32	0.7635609806446986
34	42	0.7618040631770231
34	24	0.7380897371433773
34	30	0.7005602994266704
34	137	0.6767536159107801
34	41	0.6488905648856873
34	33	0.6378318509711048
34	62	0.626928782218779
175	180	0.8249442143816952
175	172	0.7797372758477081
175	174	0.739850951894293
175	170	0.6986713151740362
175	183	0.695545978467881
175	164	0.6811466258439665
175	182	0.6656103550004893
175	169	0.6605394335159668
175	167	0.625792435574813
180	189	0.6412771844478787
180	182	0.706779836624
180	172	0.7031227492308875
180	84	0.67592349006748
180	91	0.6742089938811362
180	164	0.6471329231622377
180	174	0.6380216267997691
114	134	0.8246564804925747
114	140	0.813062780121674
114	32	0.8125877392169107
114	141	0.7505921777642198
114	138	0.7198193592711492
114	137	0.7056720865399505
114	2	0.7040014493280491
114	150	0.6482938570168075
114	24	0.6433683997989678
134	2	0.78508908363672
134	140	0.8064529727187404
134	138	0.7535892267670776
134	32	0.7338177907373433
134	150	0.7327313673232237
134	104	0.6521725861169516
134	137	0.6518391508967089
134	30	0.6450473363708769
134	24	0.6384542629548524
109	176	0.6986252450218482
109	11	0.6951999526856435
1	102	0.8191735743382527
1	105	0.665922137952336
1	113	0.6498910087988139
1	12	0.6403046964387311
1	2	0.6395665936901911
102	105	0.7050138231505639
102	0	0.4912753253727894
102	113	0.7295431473524691
102	12	0.6676438760413335
102	110	0.649908337711252
102	2	0.6348923504239401
3	12	0.806976789080175
3	103	0.780246372225917
3	176	0.6674276616087754
3	11	0.6436906281513067
182	80	0.7559859569797109
182	187	0.6939526254565537
182	196	0.7831246961834394
182	183	0.741611084469986
182	185	0.7114875637371425
182	191	0.6990140997854611
182	73	0.6846845371777555
182	88	0.6606127066189634
182	74	0.6420889592726091
29	133	0.760200532822553
29	26	0.7134521800214328
29	125	0.6732260059934428
29	20	0.6353756002805595
29	124	0.6324686391541392
29	15	0.6262545873943467
140	138	0.7572002447004728
140	150	0.7331293864929996
140	32	0.7181092239968448
140	2	0.6729415877433177
32	36	0.7347256546921539
32	30	0.7214776518371737
32	24	0.7350200302852653
32	42	0.6995353348410978
32	137	0.6739525547907466
32	141	0.6734719764948418
32	138	0.6582843884429694
32	39	0.6429168968478488
32	37	0.6335473800603477
136	127	0.7343711169629896
136	138	0.6955253292617198
136	143	0.6672612662017421
136	26	0.6448662868536782
136	39	0.6447903413160224
136	149	0.635059455990185
185	74	0.7090943744811447
185	196	0.7065245088573769
185	183	0.694092575264626
185	191	0.6863013374279077
185	190	0.6508488597544074
185	73	0.6454325555114548
185	83	0.6319703914749435
87	191	0.8103336554203705
87	89	0.6344564029087045
87	83	0.7166336771538376
87	196	0.6943567818194281
87	88	0.6834075442170596
87	190	0.6680981136159205
87	97	0.6436320581438825
191	83	0.7322586473446644
191	192	0.5341757042436374
191	196	0.7331108850983464
191	190	0.7189653797651911
191	183	0.6283832956477772
191	88	0.6256098861606036
191	74	0.6232182731413715
20	124	0.8021809276512728
20	17	0.6872998330771016
12	113	0.7771762684066036
12	6	0.6838549687302096
12	103	0.7371505499785662
12	105	0.6703618442488081
88	91	0.7134865473240944
88	75	0.628873205072744
88	85	0.5797592567534081
88	80	0.7089302649798247
88	73	0.7040972690822946
88	196	0.6807658538766429
88	94	0.6505605680803999
126	133	0.6492725023416959
196	74	0.710275679327954
196	183	0.6802826558899093
196	190	0.6724762445023287
196	181	0.6546481743955366
196	83	0.6278262500908145
196	199	0.6241470230846424
124	125	0.7117096960531688
124	119	0.6354113767874195
83	190	0.8009654977711894
14	17	0.7998155004820107
14	152	0.7981520343113795
14	15	0.6721309995901679
14	149	0.6386556271284751
14	18	0.6342890829686728
17	18	0.6596591744299635
17	48	0.6482822625649777
17	152	0.7323421198507493
17	149	0.6649303084262262
152	149	0.7297769454481621
152	46	0.5672440396744155
152	120	0.5459196183400399
152	151	0.5204669672444735
152	15	0.6435910546524072
70	139	0.7979341580003974
70	176	0.78508908363672
70	71	0.6330322883023979
139	177	0.6376063915346202
139	35	0.6332899043148866
98	78	0.747921037399412
98	97	0.7186560606570687
98	199	0.7094124286058404
10	110	0.7955237115835917
10	8	0.7761843506161167
10	104	0.7581458117560155
10	2	0.7080537167327707
10	107	0.6340080908623207
110	104	0.7933103211710262
110	2	0.702170929578596
110	113	0.642693912393378
133	125	0.640481665407919
104	2	0.735254412637416
104	107	0.7094372644251847
104	8	0.6454033837292441
199	181	0.6380690586509631
170	174	0.7871899840051358
170	165	0.6433742605322829
170	169	0.6290122242155941
174	183	0.7231372512162624
174	169	0.7132802920112074
174	160	0.5761831262085759
174	164	0.65354390952824
174	165	0.6467142504946132
174	171	0.6245192500217102
2	7	0.5990922331676501
2	138	0.6393833614500095
2	150	0.6375411065661688
176	11	0.6898450222188172
176	103	0.6472317195190014
33	41	0.6608211842671319
33	67	0.6514766854906474
33	137	0.6274929262163783
33	24	0.6261634080510429
147	148	0.7809885806698397
148	156	0.6426469544163117
38	142	0.7796196454007878
38	79	0.6649303084262262
38	36	0.6508546236745103
38	41	0.6334875144960583
142	52	0.6068816484502164
142	36	0.6479168834178931
113	105	0.6604886986108778
8	107	0.752862373727354
8	4	0.6643106181740321
97	61	0.6251471208962459
15	16	0.6633149712034122
15	118	0.6817090646166409
15	186	0.6267527317285021
50	173	0.7669999961393867
50	66	0.5692414823081452
50	45	0.6491972981161737
173	164	0.6668449861521598
173	171	0.6444571990251758
69	86	0.7666292003738561
69	76	0.6941651211842251
69	91	0.6840359230592138
69	68	0.6617833653303721
69	84	0.6479807012776221
86	76	0.7615143492835624
86	84	0.711798509150102
86	77	0.6327685360017156
86	40	0.6306231124312413
24	39	0.7554412580602284
24	36	0.7274030260181146
24	30	0.6495731923083412
24	137	0.6424590742202878
42	41	0.6732588106729968
42	30	0.6479865024501391
76	77	0.7307616956763247
76	84	0.7227744767988938
76	187	0.6443753371511969
76	94	0.6426058622253963
76	80	0.6383416978320656
26	27	0.6322345879002854
26	143	0.7226980524326229
26	127	0.6604266810906314
26	125	0.631375412130031
26	39	0.6271472386136943
26	18	0.6250008931011846
183	74	0.7425501547433057
183	60	0.7061887985026055
183	169	0.6544538429876277
183	61	0.646487306602157
137	165	0.7584050729297681
137	146	0.7490512407757792
137	141	0.7463704175080208
137	171	0.6710165535055116
137	167	0.6669615865525566
137	62	0.6516378179696152
165	167	0.7259021455441715
165	164	0.7074048619325364
165	62	0.7007741069164664
165	171	0.6899865066009953
165	67	0.665348500560049
165	166	0.6302615869888039
144	150	0.7572002447004728
144	130	0.7408135153635856
144	157	0.6918314380572633
144	149	0.6795621307248843
144	138	0.6268013037740473
150	138	0.7160153407836127
138	127	0.7448205567849793
138	130	0.6634493529875987
80	91	0.6826339947309992
80	73	0.6763360549037638
80	187	0.6571552540720965
80	94	0.6570075106191935
39	143	0.7545813429648579
39	149	0.6379504699437087
39	36	0.6275232378967124
143	127	0.7279487916748538
107	4	0.6805941179579784
5	106	0.43059753961601394
141	166	0.6889214614844167
141	36	0.7219998632554552
146	153	0.6665061045091517
146	171	0.6888846826054401
146	167	0.6446384120410945
36	37	0.7468307085004509
37	68	0.6705435070041523
37	62	0.6468073225717657
37	41	0.6253846474935882
37	166	0.624744888883913
74	60	0.6707250893808502
125	21	0.6447786562570209
125	122	0.5050110201040369
45	164	0.7323142981271118
77	43	0.6578761986478954
77	188	0.646102986928633
77	40	0.6478762673159967
67	171	0.7304539956693252
67	62	0.7289953929066249
67	65	0.6604999735555169
171	178	0.4045019831594744
171	153	0.6361263341524866
149	154	0.6531828462887388
53	157	0.729472974654471
53	40	0.6894464868280872
53	51	0.6357809076385185
157	155	0.6520921248425194
62	35	0.7132262523366742
62	68	0.6721967830743646
62	61	0.6576322341184764
62	166	0.6547738721590974
167	63	0.6978309052030356
167	166	0.6495096017513966
84	82	0.713825127078896
84	91	0.711793575686162
91	92	0.7206759717675455
91	94	0.6812806128435024
91	82	0.6653429274092404
92	61	0.6842433846971485
92	60	0.6751569503389909
82	94	0.6964482569242547
169	65	0.680465266918406
169	158	0.6544881430507621
169	64	0.6587488002169868
35	166	0.6301952776554101
47	51	0.7107807318802685
47	168	0.5284628694237566
47	153	0.6288369325946238
51	155	0.7061135959299569
73	184	0.6339662266425808
73	162	0.6307796885226
73	75	0.6280261339569871
155	153	0.6879061153878117
61	63	0.7047018544106444
61	166	0.6791097885589988
61	65	0.6323906348963333
89	179	0.6938955938303883
89	54	0.5585821925716781
181	79	0.6838389981311149
7	135	0.6865921723791875
135	100	0.5093117374927261
65	64	0.6590882960017105
65	68	0.6349759106346231
145	195	0.6671558479816274
145	66	0.5220691811800439
52	156	0.646562967284066
189	159	0.6075381962801719
162	56	0.5780572035492064
162	57	0.5271065567594104
56	161	0.538172905732198
56	163	0.5254652955584836
99	101	0.44692408861890726
161	58	0.40056354728095356
59	151	0.53120330829807
