28	132	0.9659600116806053
28	131	0.9372945894087326
28	126	0.9162749311924123
28	129	0.9025860597801842
28	128	0.8958904311024294
28	29	0.894619929629304
28	133	0.8910089466171681
28	123	0.8851136488088568
28	23	0.8766942399227522
28	25	0.8662607374783334
28	26	0.8638953784333137
28	143	0.8581807714512955
28	125	0.8208442488751666
28	104	0.7471224456277235
28	124	0.7403845780495107
28	24	0.7354840286795258
28	116	0.7330368686681938
28	21	0.7279534925462007
28	127	0.7251870324700955
28	7	0.7127985488193355
28	138	0.6946363260525542
28	39	0.6567061849221625
28	22	0.6548938226108766
132	131	0.9406887952653943
132	126	0.921653500311451
132	133	0.9046773091308881
132	128	0.9069922749550148
132	129	0.8902853322582187
132	123	0.882862494952932
132	29	0.8805250979929072
132	23	0.864755377328027
132	25	0.8594143578479141
132	143	0.8410351258062942
132	26	0.8388559195583365
132	125	0.7905887999743422
132	124	0.725210736798969
132	24	0.7200313105677549
132	104	0.7152542689264092
132	127	0.6943360664977046
132	138	0.688968743402463
132	21	0.681468117979878
132	116	0.6692812203953042
132	7	0.6620979926523398
132	39	0.6602349335984383
126	128	0.947228957977253
126	123	0.9212459891962973
126	129	0.9079629306652655
126	23	0.8911942906895646
126	25	0.8851786037077755
126	131	0.8841351759157174
126	133	0.8734856241319859
126	29	0.8624166138316015
126	26	0.8390632223188289
126	143	0.8359882349771459
126	125	0.8072904707907046
126	124	0.7672880391461957
126	24	0.7434505344189176
126	127	0.7154886258872741
126	138	0.7139035907068093
126	21	0.7070549838829598
126	104	0.7001679921258271
126	22	0.6733954683121227
126	116	0.6657607079471218
126	39	0.6631077154446846
126	7	0.6550422869892335
128	123	0.9292681468215015
128	129	0.9131064660249258
128	25	0.9004324087282269
128	125	0.8480310738231956
128	124	0.8025727380953344
128	133	0.8874304096401384
128	29	0.8749472316658176
128	23	0.8727011903945877
128	131	0.8716242013155459
128	143	0.8606898704014198
128	26	0.8442534738546132
128	24	0.7704767890063848
128	138	0.7579075902814687
128	127	0.7386128000062753
128	22	0.7327221050926237
128	21	0.7173722550471598
128	104	0.6826019527689074
128	39	0.676401157964566
19	121	0.9466192897516729
19	119	0.7904387647961494
19	17	0.6879535231184746
121	119	0.8006067562798326
121	17	0.6767969739267401
131	129	0.8852002476757794
131	133	0.8829727231930595
131	29	0.8645534791871904
131	123	0.85653819306341
131	23	0.8556567751997242
131	25	0.8398310750317506
131	26	0.8390336225444242
131	143	0.833135337603563
131	125	0.7667528558315212
131	124	0.7051697052847038
131	104	0.6993872162056869
131	24	0.6913932333232224
131	127	0.6831463092353194
131	116	0.6817679402040752
131	21	0.6808195060092298
131	7	0.6660556880551035
131	138	0.6570245605170607
131	134	0.653085365596533
9	108	0.9321965719477152
9	3	0.7866569321944166
9	109	0.747510981162935
9	12	0.730342031172645
9	6	0.7033148328912685
9	112	0.6843231481584819
9	105	0.6808087761671248
108	6	0.7085570031778233
108	3	0.7508365773840842
108	12	0.7493364013508453
108	105	0.7036431591089676
108	112	0.6869091964546921
108	109	0.6643441383220793
123	138	0.7929393682795961
123	129	0.9041676543523045
123	23	0.9000152958708258
123	25	0.8821325433383543
123	143	0.8805924828562081
123	26	0.8705871544899972
123	29	0.8502072130317232
123	133	0.8343548091971549
123	24	0.8248803104304767
123	125	0.8230824183164953
123	22	0.785395799036761
123	127	0.7599556096724658
123	124	0.7498314812332663
123	21	0.743114886351396
123	104	0.6966953550177851
123	39	0.6966850625627264
123	116	0.6737669443620842
123	27	0.661299733409842
123	134	0.6555729188111079
129	26	0.9035085808427195
129	143	0.8897656967131179
129	104	0.7560802080538699
129	29	0.9031774326090539
129	133	0.883192887890346
129	23	0.8795779635467377
129	25	0.8793287456533845
129	125	0.8430427965737725
129	127	0.7950091399902816
129	24	0.7911131763283454
129	124	0.768150313528196
129	21	0.7555528563496275
129	116	0.7375977036935355
129	22	0.7287000609076411
129	138	0.7278030307139265
129	7	0.7162686539017362
129	39	0.7058427347381415
129	134	0.6841582856228384
129	135	0.6687895919248119
23	25	0.9130565813869157
23	26	0.8749941169291262
23	29	0.8641488441560801
23	133	0.8369193024541499
23	143	0.8293966155787413
23	24	0.7969146398186783
23	125	0.7932732523570101
23	21	0.7759855045351498
23	22	0.7709639769532516
23	127	0.717192617867023
23	124	0.7153568199008613
23	138	0.7020745950902583
23	116	0.6928207380485181
23	104	0.6856289338183228
23	39	0.6789427223254172
23	7	0.6689222235492452
23	27	0.6577684173845361
25	27	0.7158447353248182
25	20	0.6903949432260241
25	29	0.8876002628320296
25	133	0.8756721119840807
25	26	0.8472710585712042
25	125	0.8199942785182761
25	143	0.8154218176804671
25	21	0.7798940308605187
25	22	0.7759457167981365
25	24	0.7750688231466556
25	124	0.7740286316882281
25	138	0.7079888849741197
25	116	0.6956801703032212
25	127	0.6945328155986047
25	39	0.6743834977409393
29	133	0.9069567955169382
29	116	0.7380077860193649
29	26	0.8758818251685337
29	143	0.832307586743129
29	125	0.8183495017711292
29	124	0.7784797110175421
29	24	0.7403258344078102
29	21	0.7328887837129588
29	22	0.7233470963411139
29	127	0.7227840286019303
29	104	0.7018209604447095
29	138	0.6911791627396318
29	39	0.6878060131219154
29	7	0.6841370079429492
29	102	0.6614628800896518
133	26	0.8289904462391453
133	143	0.8043802965686855
133	125	0.795817238334427
133	124	0.7576649070986198
133	21	0.7125771146042273
133	116	0.6959019964452068
133	127	0.6881957376275342
133	104	0.6679486025239151
133	24	0.6652816178555968
26	143	0.8793740938689953
26	24	0.8166579055468639
26	127	0.8107110142065744
26	125	0.80974913985025
26	22	0.7685599438298344
26	21	0.7582223399987279
26	116	0.7368856034724406
26	39	0.7179978121947111
26	138	0.711280111869991
26	104	0.7099236908746827
26	124	0.690457740601808
26	7	0.6834448492213777
26	135	0.6755485573326034
26	134	0.6713242904348178
26	118	0.662272061056077
143	24	0.8650828665646364
143	127	0.8561114608895887
143	39	0.8078470028162288
143	125	0.7981883267475829
143	22	0.7636443628358767
143	138	0.761846025437114
143	104	0.7431775690669177
143	134	0.7255708309943606
143	21	0.7118971636808313
143	135	0.70039731400888
143	7	0.6997497449661875
143	116	0.6913566932770504
143	2	0.6822065527296439
143	124	0.6767807152209473
143	114	0.6711979264755442
143	102	0.6642491576288178
3	103	0.8840259751553465
3	12	0.8004990217606297
3	5	0.6187764757284933
3	102	0.8092320526759558
3	1	0.7971699462965391
3	112	0.7898000559986279
3	0	0.7788340350767731
3	114	0.7633524137208783
3	11	0.7425366958654622
3	13	0.7373650818972113
3	32	0.7269978116689935
3	109	0.7213433731151238
3	110	0.6960257486728917
3	36	0.67397438572037
3	2	0.65235069808628
103	102	0.8821990783813353
103	112	0.8547434265326568
103	0	0.8254546874362759
103	114	0.8241118165725855
103	11	0.8230501621283868
103	13	0.8047329850939143
103	12	0.7785191048846316
103	1	0.7680683119122106
103	110	0.7638110508256928
103	2	0.7392755834586805
103	109	0.7236282700078037
103	113	0.7222343512163082
103	36	0.7131869454289425
103	32	0.7067297868604963
103	104	0.6932676711494857
103	141	0.6824310179733016
103	7	0.675271208386873
103	134	0.6628723288758909
102	13	0.8518616397151058
102	114	0.8440235297412673
102	110	0.8276407114014835
102	1	0.8174557080157586
102	104	0.7523073454145903
102	0	0.7982246133906088
102	2	0.7767006285903469
102	11	0.7568629912759698
102	112	0.7509587001480432
102	111	0.7386809601239238
102	7	0.7293700269152265
102	12	0.7209882324417874
102	32	0.6954685380201776
102	134	0.6930442711940492
102	141	0.678057717377002
102	113	0.6777496628422881
102	135	0.6606127066189634
102	10	0.660533796602165
102	109	0.6525057691821232
6	105	0.8679480004026008
105	4	0.6654710911156905
24	22	0.8350523291356802
24	127	0.7893104729669008
24	39	0.7829699614369604
24	138	0.765265231744924
24	134	0.7203153072857129
24	2	0.7203008725980488
24	125	0.7051345120494846
24	104	0.6848013851335938
24	135	0.6612490889561407
24	114	0.6611196368526622
127	125	0.7485372515360375
127	138	0.7328795260966499
127	22	0.7020289539928068
127	135	0.6981796014630572
127	21	0.6799870767977297
127	104	0.6686735043213363
127	39	0.6679873698377387
112	11	0.8385890294646956
112	113	0.7910383364995404
112	12	0.7778485744896865
112	0	0.7579246128087831
112	70	0.7304819806603995
112	114	0.7236854284993707
112	109	0.7066496925230329
112	36	0.6740398714470587
112	13	0.6728759244867901
112	110	0.6563989580300029
13	111	0.8272623227558956
13	114	0.8274200760157597
13	110	0.8064529727187404
13	1	0.7981520343113795
13	12	0.7515424341771615
13	10	0.7453277022159507
13	7	0.7299405026288548
13	104	0.7239472779201496
13	2	0.7226550559588759
13	113	0.7181237532581048
13	0	0.7123653891849115
32	114	0.8509262060564111
32	36	0.7817285896860793
32	37	0.615134627019215
32	141	0.7538915395380571
32	1	0.7006570374497556
32	2	0.6946052759360077
32	110	0.6665616777662402
114	141	0.7558230858103074
114	110	0.8260273601363143
114	2	0.7995270798647651
114	1	0.7833566166081782
114	36	0.7530875486417207
114	111	0.734255921050609
114	134	0.7282917754578386
114	11	0.7149317652513143
114	0	0.712370314505348
114	104	0.7091788857714024
114	10	0.7054008886934754
114	7	0.6830983082833824
114	113	0.6637683382485621
114	39	0.6625526659728672
114	12	0.6531197730185471
7	104	0.8500963162455751
7	135	0.8169574481832885
7	2	0.7432581419658032
7	134	0.7402896788538235
7	110	0.7354932098093441
7	11	0.7163368213557828
7	0	0.6817411796680881
7	10	0.6532975017428778
104	100	0.5540940517364976
104	110	0.7519599094593848
104	2	0.7387945267589676
104	134	0.7346888382712479
104	135	0.7056620458601176
104	11	0.6780901303222068
104	125	0.6692260104355866
104	124	0.6593766563839012
104	0	0.6582560544272044
125	21	0.8129271644570548
125	124	0.7672469090839741
125	138	0.6922691337720316
125	22	0.6909910982613086
125	116	0.6832476251963455
11	0	0.8312290249304503
11	70	0.7311063398770159
11	109	0.7456963979395396
11	142	0.6888426452572933
11	36	0.6883010004631859
11	135	0.675439815812681
11	110	0.67302912225679
11	2	0.6677713343474323
22	33	0.6246290333065484
22	136	0.5807873448290576
22	138	0.7357180631278638
22	27	0.7139084940884353
22	21	0.652672266175927
61	81	0.8320000668134153
81	96	0.7228126823541472
81	93	0.6584770102892995
81	98	0.6674942011172014
0	110	0.7151028278398638
0	2	0.6832156335239299
0	12	0.6770407752937088
0	109	0.6717799750916387
10	110	0.8301752525944839
10	2	0.7068448907405022
10	1	0.6719555250805581
10	111	0.6644502678290809
110	2	0.8029283295888314
110	1	0.7483789197627719
110	111	0.6719171299705725
110	134	0.6715659214723109
110	113	0.664176510858648
110	12	0.6554303394092494
111	8	0.6092451135758447
111	1	0.763268942359885
111	113	0.668817227024772
111	12	0.6614572553838642
137	150	0.8180850854452024
137	165	0.742024814032384
137	146	0.5707806801887674
137	171	0.6707305906224965
150	172	0.7382353742733351
150	166	0.6901069887614888
150	171	0.7027787643049713
150	140	0.6734883692285419
1	12	0.7105877099905579
1	2	0.6786191684916505
1	113	0.6556812479045997
135	134	0.6985689291899007
135	142	0.6928415374490939
135	2	0.6728321430909081
21	122	0.5396984335720532
21	124	0.6879745913367062
21	116	0.6587318183808425
39	36	0.7029305628987014
39	134	0.6581597048219141
39	2	0.6550537052316885
2	134	0.7612621765564319
2	30	0.688737531615328
2	141	0.6701801011010279
119	17	0.6983487024267339
119	120	0.6573994882401235
12	113	0.7800506881019958
96	198	0.7985146980598077
96	98	0.7849739659876644
96	95	0.7376615300500249
96	38	0.7122225243648858
96	197	0.7231038544496723
198	190	0.563140300425715
198	98	0.7323374830665973
198	197	0.6937918776571594
198	199	0.6785328429553759
116	188	0.7876839097772507
116	15	0.7770574415910063
116	186	0.7393299952247887
116	118	0.6819552128761502
116	43	0.7415930834160288
116	148	0.722917724850492
116	75	0.6565469092828097
188	148	0.7296273343196225
188	186	0.7040720558429036
188	43	0.6769378550556877
188	15	0.6530624258170699
98	199	0.6967725392884623
98	80	0.6916697789207634
98	97	0.5514760615518497
98	74	0.541870615310454
79	181	0.7845898487209275
79	36	0.747480093633459
44	149	0.7825827003127326
149	164	0.6660278686376422
149	18	0.6509237848635738
149	45	0.6590600149388444
36	142	0.6715494511640954
36	70	0.6676327908602203
36	141	0.6662837373923343
34	42	0.7779275525210765
34	33	0.6858090622290947
42	49	0.6893625314008718
42	62	0.6578138022529478
42	67	0.6432746178096067
15	43	0.7448606259093206
15	18	0.7049786145274003
15	14	0.6941858460001374
51	53	0.7767402991223566
51	155	0.6766343571572324
51	47	0.6023008208213327
53	157	0.6589468720474201
139	166	0.7763433163944823
139	176	0.7274312778753158
139	141	0.698973187154604
139	70	0.6940718452692172
166	167	0.6684246353676228
166	172	0.6812645368131416
166	175	0.6698384268232659
70	176	0.7715312246887882
70	142	0.7500240289042769
70	38	0.6527813162450264
176	199	0.6851092701083296
165	171	0.7706392851249643
165	174	0.587631108852637
58	161	0.7670823257101175
161	56	0.6868510949316337
161	46	0.5054429725783126
56	163	0.766134009455205
56	57	0.7218370597896052
134	141	0.7018209604447095
140	141	0.7611402104633027
45	164	0.7571063665497108
76	77	0.7565852016853785
76	84	0.6253785585150823
76	187	0.49901975213429944
77	75	0.7331802597334537
142	38	0.7218131113623263
109	106	0.6721858198972813
43	148	0.6704884661730872
186	75	0.6932884457708254
95	197	0.7383491054139208
95	99	0.4971625479218132
95	38	0.6603533760395475
197	38	0.6848226264342564
172	175	0.698563809139622
172	158	0.515072802565518
75	73	0.682292078468625
75	184	0.664327378582081
173	174	0.7307383954577921
173	195	0.7125180414905239
173	179	0.6987276152701991
57	162	0.6721913015226696
38	78	0.6538817786211941
27	130	0.6215887222819982
27	40	0.6597213033965742
195	50	0.6587657813819385
152	154	0.7118379743333069
152	17	0.7046061964975227
152	14	0.6775820244541311
152	115	0.6135532717919912
152	120	0.6853532808235626
154	46	0.6816715937360202
154	155	0.6425177950813123
154	17	0.6543737990308042
18	156	0.5842294924558803
17	120	0.7040468408282561
17	48	0.5072053880228422
179	180	0.6133536958521972
179	168	0.4524367650969543
175	170	0.656956356892788
175	145	0.6226614024022873
199	182	0.6845198280269406
199	147	0.5078290260368744
20	40	0.6597890701676085
35	37	0.6900755623196263
37	63	0.632342625900809
49	33	0.674999112142606
30	31	0.610200035527705
88	90	0.6850296681353174
90	92	0.613060426626664
90	194	0.5757821798425276
118	16	0.6471038612729285
46	151	0.3781335484475283
155	89	0.5796264655169472
155	153	0.5638637137107662
162	160	0.5084447174174102
106	101	0.5820186093895771
157	189	0.6391409104497378
50	94	0.5826398484063178
93	196	0.6550137400741728
93	41	0.6346057454859568
62	68	0.6376419976577845
170	169	0.5904912698088557
196	183	0.5915714013550907
193	194	0.65354390952824
193	185	0.6063444309912335
16	117	0.6387089147745048
189	159	0.6137714682607119
189	54	0.34879395150053777
68	69	0.6357153669650139
68	65	0.4692982509833297
69	92	0.6037707829226037
69	91	0.6004687982310419
8	107	0.6333677606113414
84	86	0.6159420730777492
84	82	0.5559761155758286
52	156	0.6246412299255947
83	190	0.608181312811786
190	191	0.5480640629391627
183	60	0.5229270359563001
183	66	0.485816681006834
169	64	0.4920790739861463
71	177	0.5902567447426849
177	97	0.5708818029424404
177	178	0.4760157309672595
89	87	0.5348542831842799
146	144	0.48506762211002546
191	192	0.462392369442215
85	160	0.5333247226854329
178	72	0.41443158599423346
178	59	0.19710621332448916
65	55	0.39600333673208293
