102	114	0.8603005486449904
102	1	0.7746692452600998
102	2	0.7661753101588356
102	110	0.7587786666341257
102	104	0.7492135969998279
102	113	0.7224734536233587
102	134	0.717338276947631
102	141	0.692248302657356
102	13	0.6878903115063764
102	32	0.6641094411659454
102	10	0.654848131090638
102	135	0.6008587120683468
102	0	0.5857883929296458
102	7	0.5658996277492642
102	6	0.5615881972793766
102	108	0.5586647453498771
102	12	0.5581761470998847
102	36	0.5558655632530344
102	144	0.5396700839360262
102	37	0.5291112151807865
102	112	0.5238563939494129
102	111	0.5184370981617248
102	140	0.49459105010909865
102	137	0.4854957430365257
102	103	0.48504468049412586
102	166	0.46483391168721966
102	24	0.45413706033407303
114	2	0.8185805822252497
114	110	0.8150864570726468
114	141	0.8035315260236168
114	13	0.7900632615498875
114	1	0.7831246961834394
114	32	0.7683961672446238
114	113	0.7296834466807812
114	144	0.6580576640898476
114	0	0.6307375384726329
114	111	0.6167915987287679
114	104	0.8067324992013722
114	134	0.7956338279075366
114	10	0.7494328543393018
114	135	0.6745143262190854
114	36	0.6675496425654793
114	7	0.6458699063313232
114	140	0.6447377561771723
114	12	0.6389101683758539
114	37	0.6320844943233591
114	6	0.592941280731937
114	112	0.5913373359375402
114	108	0.5775309419364809
114	137	0.571575711459195
114	24	0.5589192134080541
114	166	0.5462073623448545
114	139	0.4564359289237042
114	146	0.4563567586860752
114	31	0.44119204660713013
114	103	0.43523736587724265
9	108	0.8425503172068368
9	3	0.7077793469489151
9	109	0.6487631796750926
9	112	0.7740687165531439
9	11	0.6215519032612453
9	103	0.6189183921334579
9	6	0.6085781334749426
9	12	0.5825671853608331
9	113	0.47874898170540797
9	0	0.43553722789550914
9	176	0.43286750093648496
108	112	0.78455140382778
108	103	0.6714725809506469
108	6	0.6580973494694653
108	12	0.652390906949764
108	3	0.6442583659931164
108	113	0.6267162994977096
108	11	0.5658520428315699
108	1	0.5448868918166206
108	109	0.5383362705904663
108	0	0.4929501175991633
108	13	0.4923063978764113
2	134	0.8328598341411332
2	10	0.7744292011797764
2	141	0.7858551500161038
2	104	0.7693365085701238
2	110	0.7452032199882226
2	32	0.7337624044863995
2	1	0.7114381816791706
2	135	0.6928363377070281
2	13	0.6904211100638483
2	7	0.6719226152074206
2	137	0.6268620119812053
2	36	0.6221161598175204
2	140	0.6175778339452478
2	37	0.6162522851968566
2	144	0.5886188131059351
2	166	0.5740683617181018
2	113	0.5559692066318278
2	0	0.5402864123008025
2	24	0.521363203432354
2	172	0.5076137825366169
2	146	0.49645455762636914
2	31	0.49047073921644796
2	12	0.48638182452494383
2	139	0.46183398897988337
2	6	0.45241290574390836
2	34	0.4515535378180252
2	111	0.4499997778212159
134	135	0.7313948088633911
134	141	0.7804809917203339
134	104	0.7378620413624304
134	110	0.6946259763012789
134	10	0.670378362366543
134	137	0.663236562067674
134	32	0.6543737990308042
134	7	0.6445741189373662
134	1	0.6349997822520109
134	140	0.6055787304066786
134	13	0.6003472912976442
134	36	0.5729543615943693
134	144	0.556210973961086
134	24	0.5471048559982926
134	166	0.5441270988535674
134	0	0.5428799505317043
134	37	0.5420048129773524
134	34	0.524806244136453
134	113	0.5168192443708538
134	31	0.5160199357336667
134	146	0.5134251763328656
134	172	0.4716186812442786
134	139	0.47084852184523873
134	181	0.45907605948871566
134	12	0.4584286315938199
104	110	0.8197320190266408
104	10	0.7182254405593076
104	141	0.6585676260258929
104	13	0.6517528766036079
104	1	0.6433566781060993
104	113	0.6291572447893073
104	32	0.6083388177333038
104	135	0.6073930696154187
104	144	0.5536919942970915
104	140	0.5533104943106427
104	7	0.5446266930084972
104	111	0.5430209914880246
104	37	0.5173979972692836
104	0	0.5059862770200068
104	36	0.5050631657314336
104	12	0.49744104355814184
104	6	0.4654138198877928
104	137	0.45921811259969747
104	24	0.44631568535153826
110	10	0.737529303682169
110	141	0.6962319105271866
110	13	0.6543223344562042
110	32	0.6419184882218598
110	1	0.6207657765224178
110	135	0.6155944085919656
110	37	0.5915193954318165
110	113	0.5715016436699376
110	144	0.5664839347840875
110	7	0.5496432584891735
110	140	0.5225491286251884
110	36	0.5187222174592123
110	0	0.5134030841549424
110	111	0.5039524129770311
110	137	0.5003253211578332
110	12	0.4568554105158749
110	24	0.44609143268638124
110	166	0.44522593341535427
110	8	0.44464847121719997
96	198	0.8110877005490894
96	98	0.784051070988576
96	81	0.7776114929128977
96	95	0.6620193576891488
96	182	0.6355365730801104
96	90	0.6251714879300031
96	190	0.6144690671576866
96	193	0.6049260508978771
96	87	0.5973520623662363
96	74	0.5967407036256615
96	197	0.5587197743865214
96	85	0.549754911435278
96	97	0.5466983348058455
96	185	0.5463126023492334
96	75	0.5301544739666025
96	70	0.5254363395009564
96	88	0.5090080274525163
96	199	0.505867230921317
96	93	0.4988019366258515
96	196	0.4861756706225771
96	191	0.446379747248776
96	55	0.4403218547657522
198	182	0.76493353344588
198	199	0.7490819637215231
198	190	0.7071499850367747
198	197	0.6771923989670369
198	97	0.612879388940639
198	75	0.5607181114423649
198	98	0.7539864862492853
198	185	0.6783061492286341
198	95	0.6658497804869628
198	196	0.6500931374008528
198	81	0.6358523961005533
198	193	0.6080426688555127
198	195	0.5909600208799975
198	183	0.5748120820251075
198	74	0.5383433724928315
198	70	0.5287510992791299
198	191	0.5215889028741281
198	93	0.5066629851222461
198	90	0.4912525655807162
198	85	0.472403658642951
198	83	0.44072482434612276
198	184	0.43685709065880396
141	137	0.7045105129685317
141	140	0.6988248405083121
141	24	0.641359603947995
141	32	0.7508976451851824
141	37	0.7496694677746186
141	36	0.716536375974721
141	10	0.6890737933399605
141	166	0.6488442471985932
141	135	0.6469468945717922
141	13	0.6444922781638311
141	1	0.6381935442227932
141	144	0.6345161456253713
141	7	0.5709155066787232
141	34	0.5216689722316473
141	146	0.5175590847792194
141	172	0.5042209357568216
141	0	0.5038404997232091
141	113	0.5001903675824249
141	139	0.4940998954792761
141	35	0.47918051363784253
141	181	0.46786225577043267
141	40	0.46290324146794815
141	12	0.4482675135510952
141	31	0.4421338190457356
141	111	0.43249361868152525
182	183	0.7930507159361432
182	185	0.7579416343039856
182	80	0.583788006856476
182	81	0.7104738264055083
182	98	0.6847323428693722
182	193	0.662081143530228
182	199	0.6381816898914854
182	196	0.6292841018705809
182	93	0.583055830068204
182	74	0.5723898424628323
182	184	0.551816947744418
182	190	0.5272437531662916
182	195	0.5191606373123993
182	85	0.5163060302793818
182	73	0.5157997846317864
182	75	0.5124008574984147
182	90	0.5098891771922651
182	61	0.4846163144555326
182	78	0.48346775986286245
182	97	0.47569857138633437
182	55	0.45758308494710453
182	197	0.4466119332709184
182	160	0.4319406506377901
183	57	0.27795086647055584
183	185	0.6906199189972585
183	81	0.6105514027378957
183	93	0.6078787690787696
183	196	0.607071122347495
183	61	0.580084465151579
183	80	0.5293559851872354
183	98	0.5237185210772921
183	199	0.5160712945182467
183	175	0.5152344182510376
183	169	0.5138227191533243
183	193	0.4902884525334863
183	195	0.4840116169228276
183	85	0.4630368034563308
183	74	0.4586497592972112
183	184	0.45693453521414473
183	66	0.44565077327637515
183	180	0.4420694553543992
183	160	0.43882125050794646
183	63	0.4363552781594353
13	12	0.6959174677345473
13	10	0.7601203231597065
13	1	0.7385128045101722
13	32	0.6651645474240305
13	6	0.6479226854174227
13	113	0.6261269315174854
13	111	0.5914803877591459
13	7	0.5790218766112892
13	140	0.565858840907759
13	36	0.562580085996564
13	37	0.5396771714597817
13	144	0.5372630059322221
13	135	0.5322361826898487
13	0	0.5297661372637752
13	112	0.5131305580074692
13	24	0.4521265429941881
13	4	0.45069333129414774
13	137	0.43664668623580377
112	12	0.6906303797353189
112	11	0.6487052652843435
112	3	0.6698439399511561
112	6	0.6301289591280569
112	103	0.5859788476381466
112	113	0.5711311650270543
112	1	0.5165333565931765
112	109	0.5051004103507895
112	0	0.5035419816766019
98	70	0.5755749156408401
98	81	0.7330044810199108
98	199	0.6626816818221463
98	193	0.6077337376216883
98	185	0.5970368165665718
98	90	0.575099935019227
98	74	0.5705109348509335
98	97	0.5593591259478713
98	93	0.5534978051471662
98	85	0.5504453272877876
98	95	0.549685130645542
98	75	0.5217417545829164
98	190	0.520612774892118
98	61	0.5080664625417828
98	196	0.4969216041895114
98	197	0.47513356634857074
98	87	0.47481606279656474
98	80	0.467330935476178
98	55	0.4604876540258863
98	73	0.44045082434482624
98	88	0.4329568855099695
1	113	0.7007842850868344
1	32	0.6782575551931058
1	10	0.6619069967396132
1	6	0.6217973115271879
1	36	0.6044947096906761
1	12	0.6000210040280233
1	0	0.5809331171341285
1	7	0.5423225393139833
1	135	0.5065960857360812
1	111	0.5025933898133814
1	144	0.4970194968246222
1	37	0.4896501113117246
1	140	0.48143457357344666
1	166	0.47891083330753625
1	139	0.464967169159568
84	86	0.7805200736120926
84	76	0.6478298444026114
84	69	0.5823491403436117
84	68	0.5701060859531522
84	65	0.5374479306964529
84	64	0.5205252939466599
84	91	0.4996353031305308
84	189	0.4991624246697902
84	92	0.47783120797167744
84	94	0.46190478987984473
84	77	0.4576384264148077
86	76	0.6736140248477768
86	69	0.6557610520725854
86	189	0.5306216214735178
86	68	0.6006861625013085
86	77	0.4751567934603082
86	91	0.4492338469825885
86	92	0.4458350753215291
86	65	0.4454664334455484
32	37	0.7790306672613712
32	36	0.7376387364359912
32	166	0.6526550452713549
32	10	0.6286615770286837
32	35	0.6043042993219834
32	144	0.6001937692294584
32	24	0.5990024732503488
32	0	0.5663345150554866
32	172	0.5612800410110572
32	140	0.5575493490531019
32	7	0.5284989048213401
32	113	0.520634643420719
32	6	0.5181152866642141
32	12	0.5179909110970091
32	137	0.5080442061484685
32	135	0.4871906459062511
32	30	0.4810273126965375
32	40	0.45913919710351186
32	181	0.4573300502342134
32	69	0.44881869178471195
37	35	0.6710715234952432
37	36	0.6678211986805324
37	166	0.6232671986206887
37	24	0.623046995542189
37	10	0.5793209288199886
37	140	0.5656888659227962
37	144	0.5332102225574625
37	137	0.5331458076491641
37	172	0.5118401807904933
37	40	0.4620856987692076
37	62	0.44859506638879065
37	65	0.43849821945997836
37	30	0.4350428091336881
81	90	0.7444730659533761
81	193	0.6848916526248191
81	74	0.6758420126918839
81	93	0.6549223773798909
81	87	0.6338824870555114
81	61	0.5888540332933926
81	55	0.5361381214106281
81	185	0.6490063380662792
81	85	0.639613867637082
81	88	0.5906410530775648
81	80	0.582078119162644
81	91	0.5580108995128008
81	92	0.5257692606706298
81	94	0.5256028202089879
81	75	0.5240812855091761
81	66	0.5198396484532726
81	97	0.5057183961962435
81	190	0.494968646546299
81	196	0.46727622156062965
81	64	0.454446571716619
81	73	0.45160926301470444
19	121	0.7745492511088317
19	20	0.4752187291875719
121	20	0.5059565173022036
10	8	0.55249121973497
10	135	0.5936087461118205
10	7	0.5797858113057521
10	140	0.5637477527851351
10	36	0.5568529270067493
10	4	0.5492174014637112
10	111	0.5467964842233678
10	144	0.5419200597714364
10	113	0.5209188721259249
10	12	0.5068785083085512
10	137	0.4899161506766621
10	6	0.4715175901903771
10	0	0.44003160677026054
95	197	0.7688871950404754
95	199	0.5740951789229343
95	190	0.5488611379794617
95	70	0.536430205114462
95	176	0.48179555561906784
95	196	0.43363105820664716
95	75	0.4320138562464388
197	99	0.4281832957008448
197	199	0.6645731211536635
197	190	0.5194308601192079
197	176	0.5045564521672699
197	196	0.46186545677321567
185	193	0.6385549559711415
185	196	0.6029758573434668
185	190	0.5987138572563999
185	93	0.5842558388761778
185	74	0.5711513789564742
185	199	0.5601419402318082
185	85	0.5507937363395198
185	195	0.5390035151602852
185	184	0.5338754812519845
185	90	0.5320354698828067
185	191	0.5115079954681102
185	80	0.4970872612389979
185	75	0.4863283824150482
185	73	0.4845397960448042
185	97	0.47276092498206435
185	55	0.4658758930375833
185	88	0.44533817475998494
185	160	0.4320870561626582
199	78	0.5499223540284546
199	196	0.5648450793049594
199	195	0.5644499988958073
199	190	0.5515734764116333
199	176	0.5124819719158825
199	142	0.5086745412162046
199	75	0.48396567162331827
199	38	0.4784714460957311
199	184	0.4406523029231109
90	194	0.5135356270140592
90	85	0.6600882450645927
90	193	0.6504105822680298
90	88	0.6406290876086127
90	74	0.5965539401561168
90	93	0.5735854414249085
90	87	0.5650221003131747
90	66	0.5394007013492659
90	91	0.49953774940141066
90	94	0.4973582582636871
90	92	0.4926624036491417
90	55	0.47871814913848143
90	190	0.46531980784055244
36	0	0.5605535464517474
36	24	0.543986298392717
36	166	0.530441987474133
36	140	0.5233555666092093
36	35	0.5153372455223397
36	144	0.49030364472917926
36	7	0.49025047074075057
36	40	0.47590744648830896
36	135	0.4744596921198661
36	137	0.46819025536056535
36	113	0.46674452870404987
36	12	0.4620542391154623
36	139	0.4612673699213899
36	181	0.44865097800563086
44	149	0.736006922129713
44	39	0.6101874822561736
44	52	0.5279437485546046
44	46	0.47751475828545725
44	156	0.46589155208472344
44	33	0.6998875135133865
44	143	0.5820252218944741
44	136	0.5677524989133153
44	127	0.5319924522141157
44	116	0.5292984001694446
44	147	0.5264924468850203
44	45	0.5250742860865512
44	142	0.5013516711735412
44	31	0.4854957430365257
44	154	0.477916088016954
44	17	0.4658758930375833
149	33	0.7014604932760247
149	45	0.6274383603984766
149	147	0.5866219743251164
149	154	0.506439963444036
149	100	0.3120003919464102
149	136	0.6927635337524508
149	127	0.5974871112310435
149	39	0.5936476024472386
149	146	0.5846772141298697
149	135	0.5646066996753122
149	148	0.5642591778066353
149	31	0.5508146347819919
149	171	0.549692109069754
149	142	0.5036837927472191
149	130	0.4976366818770435
149	143	0.4945381716999412
149	137	0.47692784086127143
149	116	0.4728773912882545
149	164	0.4633509840161677
149	167	0.4544545064636941
149	46	0.44990407262960225
149	49	0.44920990099135344
149	67	0.4478758900061184
149	173	0.4472441349308804
149	34	0.4471001282562518
149	188	0.44111150809630245
149	7	0.44045082434482624
149	27	0.4346941266933945
135	7	0.7223204479801573
135	31	0.6096913829388068
135	137	0.6151967841345726
135	146	0.5781770440549684
135	144	0.5293127968811112
135	140	0.5083112380883376
135	34	0.4835980131734301
135	136	0.4628325236689307
135	0	0.46206996908770054
135	147	0.4587129282111476
135	127	0.45320786839027644
135	24	0.45082082218295316
135	139	0.4347833369391101
113	111	0.5932977957808012
113	12	0.5842492523865488
113	6	0.5479101267086837
113	0	0.4874499023451192
113	103	0.47432795053500887
113	3	0.4734206822434761
7	31	0.518290838403328
7	0	0.4990272618896939
7	137	0.4838661143204482
7	146	0.47239589025842005
7	12	0.4593759218488322
7	144	0.4557152134877272
7	34	0.4515933418894328
7	140	0.4389423579218774
7	24	0.43475089783697124
88	193	0.7195590536664136
88	85	0.6097416426006744
88	87	0.5881284508008764
88	94	0.5514691027719385
88	74	0.5266948026458181
88	194	0.4978999612166807
88	73	0.4826167561149355
88	91	0.47493998133438703
88	92	0.4478119351397753
193	85	0.6814145542094389
193	73	0.5898069597139523
193	87	0.5712861207835449
193	74	0.5686869329904563
193	190	0.5667487236923208
193	184	0.5207585521791946
193	194	0.4703424709536938
193	55	0.4642614490486551
193	75	0.4611099089144753
193	191	0.44698810703858166
195	196	0.718825254806088
195	93	0.5826068209038358
195	190	0.5159392215756279
196	93	0.6793467940783228
196	190	0.5423578326701024
196	97	0.46275394142664744
45	67	0.7130149249636996
45	164	0.6462311299166428
45	49	0.5658520428315699
45	171	0.5911356997330552
45	148	0.5632290674170045
45	39	0.48529700154437716
45	145	0.4802660238093149
45	33	0.4426083606370232
67	171	0.6695957760706752
67	145	0.5690792287521547
67	164	0.5538583942237713
67	49	0.5248642079752358
67	41	0.5134693586470522
67	173	0.4873050343372284
67	170	0.4504382943541889
166	172	0.7101121232062252
166	35	0.6636676321306888
166	165	0.6449947810659138
166	139	0.5309448425857218
166	175	0.6403695929561085
166	137	0.5694780226186786
166	62	0.5402722503359204
166	24	0.5279581739102545
166	140	0.5198396484532726
166	169	0.5007375287005943
166	167	0.48293886485288545
166	30	0.4595968060852471
166	146	0.43579649009618815
166	42	0.43196505313979966
172	175	0.7045356953283048
172	165	0.5996176674941607
172	35	0.5743364783433232
172	169	0.5715959101490184
172	146	0.5399889467684008
172	167	0.5283547518047994
172	68	0.5197082781490414
172	137	0.49110840465256606
172	30	0.4838814316438837
172	42	0.4681590228602805
172	69	0.4500237025042244
172	62	0.44573090924367026
3	103	0.6038660934162885
3	11	0.5452313179839482
3	12	0.5149111502485567
3	6	0.5047129743655503
3	109	0.48194143814114915
3	0	0.43526168261278925
190	83	0.5866744418354559
190	191	0.5679151144560964
190	97	0.5033628131140621
190	75	0.46069249678743157
190	85	0.44837138480815386
92	94	0.7060484074797119
92	69	0.6731111687433124
92	61	0.6267223717264533
92	82	0.4906605755486945
92	91	0.6208948361648474
92	65	0.5912723000764312
92	68	0.5834385272291143
92	66	0.5759760051883507
92	64	0.515880514615044
92	76	0.5086078256430979
92	85	0.4836669621388705
92	175	0.4784714460957311
92	180	0.4782863692282604
92	87	0.4730248915589
92	93	0.46440264028344064
92	80	0.46062159522977325
94	91	0.6312611390561543
94	50	0.4670182363205609
94	69	0.5827917501333408
94	76	0.5298236826519892
94	93	0.49303338310376743
94	180	0.48573263847918424
94	80	0.48418771584949666
94	61	0.4765646657578364
94	82	0.4498960967304642
94	66	0.44922586505722395
94	64	0.4332006183455016
94	87	0.43291625721372395
175	169	0.6691707930857865
175	180	0.6043487345842089
175	165	0.637505492723648
175	65	0.5077177011055575
175	167	0.506967671786055
175	69	0.5043700729648014
175	61	0.502473796215767
175	68	0.43475089783697124
137	146	0.6688559130597153
137	34	0.6175963915299902
137	140	0.6299842322448832
137	24	0.5524356370022014
137	144	0.5128505585523946
137	31	0.48060446386972355
137	62	0.479226735470992
137	127	0.4609996689273444
137	35	0.442149909257174
137	167	0.43989451324479145
137	136	0.4378437344984774
35	62	0.7040770986328002
35	42	0.6105890349783424
35	30	0.6009162161512588
35	40	0.5328666049459403
35	68	0.5725982401370519
35	24	0.5434439305600773
35	41	0.5007225433119745
35	38	0.499882882606802
35	61	0.43548050465362775
62	42	0.5587060175885253
62	34	0.5386273858843105
62	41	0.5358601664992927
62	30	0.49693666541821024
62	40	0.4929728272687611
62	38	0.48455510032021243
62	145	0.47786207447516943
62	49	0.4638141877938349
6	12	0.7034613539938183
6	111	0.5154400579573101
6	103	0.4945986038686698
6	144	0.4645594917504417
6	11	0.46214861458783274
6	4	0.4355777423793528
12	111	0.5274819763372567
12	103	0.5007749908589955
12	11	0.4647241544244547
12	0	0.46098391919602905
12	144	0.438732428270714
33	136	0.7032845107169926
33	127	0.618949238180067
33	72	0.2146682341405436
33	34	0.5989832370235669
33	26	0.5910771463454385
33	39	0.584400722176322
33	143	0.552519009258901
33	22	0.5078438680797344
33	31	0.4768583092918054
33	27	0.4687834505653494
33	123	0.4473641227829665
33	142	0.4417636656538849
33	138	0.4409665208711358
136	127	0.5556167486218764
136	39	0.5239942393785426
136	34	0.5103478402124918
136	143	0.48466222194229214
136	31	0.4456347452257534
136	146	0.43696227494935036
136	138	0.4328024886271556
140	24	0.5777375069310271
140	144	0.5592972822715444
140	146	0.5067893339835756
140	34	0.4895892895078628
140	111	0.4458430875966634
22	23	0.6906513003445149
22	123	0.6652147244712922
22	26	0.6473479226956252
22	27	0.5810656050817182
22	21	0.3601254170988475
22	25	0.46630641049069377
23	25	0.6579102292390148
23	26	0.4776459841730579
23	29	0.47547416428302264
23	123	0.4550731944882995
39	143	0.685263120870211
39	142	0.5348614224550525
39	27	0.5360668619988999
39	130	0.4870838682855649
39	52	0.4770668860933821
39	26	0.4530012473646533
143	131	0.6435910546524072
143	115	0.4681746392566455
143	123	0.5398047338058655
143	127	0.4727298645104014
143	26	0.46544515490347643
143	46	0.4615113770704557
85	160	0.4614877665261016
85	74	0.5613964739018336
85	87	0.4962962992262291
85	73	0.47232597149491057
85	66	0.46900969000456677
85	194	0.4635708411289105
85	61	0.4596125813557564
85	93	0.4377790688044049
70	176	0.6796374709000936
70	97	0.47365341104019376
176	106	0.39760417490381644
176	139	0.4726988028640592
93	66	0.5617251056396626
93	80	0.5583826443317838
93	91	0.5056588538751389
93	97	0.5051897897619467
93	74	0.47934227842483595
93	61	0.47763826559305267
74	87	0.516151993682891
74	55	0.4748315536435869
74	75	0.47306370301352674
74	80	0.44024123954993527
76	77	0.6586016020042403
76	69	0.6381164856600366
76	61	0.4708640877320427
76	68	0.46599332877797345
76	91	0.46221938932310463
69	68	0.6098358662515471
69	61	0.533088544763106
69	65	0.4695555316493754
69	91	0.4650141961794466
69	169	0.4342722900506289
103	11	0.46871322581583813
103	109	0.46435557916091663
103	0	0.4432674814967788
171	170	0.5150287192027191
171	173	0.5060978652329744
171	164	0.5952318722414323
171	146	0.558231219791651
171	145	0.47769229410464537
171	174	0.47365341104019376
171	49	0.44153023074426573
169	65	0.6647684955997978
169	61	0.49405454221719075
169	180	0.4843790832450294
169	165	0.480312183151916
146	153	0.3850455047963031
146	144	0.5006850785273016
146	34	0.4971926604990012
146	49	0.48572499780403205
146	31	0.4790341269652157
146	150	0.4718674679516404
123	128	0.6101874822561736
123	131	0.5344186432595338
123	126	0.4954366066226275
123	27	0.4659855002393178
123	26	0.4659228693035576
123	127	0.4506694247052848
65	61	0.6636788228876298
65	66	0.6009034380036653
65	63	0.5125851952211812
65	68	0.6210238621560297
65	64	0.5292984001694446
65	91	0.5138963139929371
65	60	0.44370930640350675
61	68	0.663852241633042
61	91	0.5601213526556517
61	66	0.5450134370932616
61	63	0.4952705891649182
61	64	0.46002263657922693
61	60	0.4592891303496238
61	80	0.4578913708265214
68	30	0.5012768027700698
68	91	0.4985013980269789
68	42	0.49152563880571915
68	63	0.4792652516348615
68	60	0.46222725281911925
68	64	0.4500874985006863
68	66	0.4450896215418421
144	40	0.4879148235272741
144	150	0.45274687774145
25	29	0.4396928678690144
26	127	0.6268013037740473
26	24	0.5101629303537597
26	27	0.48268579041221393
26	34	0.4752109874791877
164	165	0.6141639857200829
164	60	0.5514203891635265
164	148	0.5435003016047438
164	170	0.48845561287515193
164	49	0.45074114253246556
164	167	0.446379747248776
164	174	0.4432755166005601
164	145	0.4366143120835224
165	60	0.5758022337425626
165	167	0.5640614781032788
165	174	0.5123344843552137
165	180	0.45277867797612265
165	170	0.45007952425235853
131	28	0.5558171904276069
131	129	0.5108948968733116
131	132	0.4474361077652055
131	115	0.44287367416239853
24	34	0.6071721468783668
24	40	0.44817961303113296
87	89	0.48203356070700937
87	191	0.5237910891675931
87	91	0.49512718133349787
87	83	0.44137725821261253
41	145	0.6314114926685032
41	38	0.6245924416209736
41	42	0.4654843220323251
41	30	0.4452980901719533
145	38	0.5337539241357855
145	181	0.49655251057741023
145	142	0.47747615838110735
145	139	0.4518241700547605
145	167	0.44993597550847303
145	170	0.44189243172951154
91	64	0.5329024066511006
91	180	0.5994575288287964
91	80	0.5188464641359879
91	66	0.5141759054005183
127	34	0.46688530379353554
127	138	0.4507172372365469
38	181	0.5353110425433952
38	142	0.5261309489004793
38	139	0.46868201291418105
38	79	0.4416026824599845
34	138	0.46263605442617645
34	40	0.4939940670183308
34	31	0.47042034508668473
111	4	0.47129203471720105
97	177	0.41610324214087163
97	54	0.3298233239339099
42	30	0.5066629851222461
42	40	0.4573221417057942
128	126	0.598514942411609
128	133	0.3859905318578842
128	129	0.48309220405071224
4	8	0.6069890254641198
4	105	0.3465785851658714
8	107	0.5723091525366988
180	194	0.46371999738396097
66	194	0.45377979555826553
73	184	0.5715487787952042
83	191	0.5492453352598644
147	148	0.5701938267264551
147	116	0.5489659420679243
147	142	0.48006596925111955
147	187	0.4528502242926006
147	188	0.4432996214844911
80	60	0.47816296104155925
150	157	0.581158328324915
150	40	0.49677097543752574
150	168	0.30685520206080646
150	53	0.5258922560123969
150	20	0.497599063054407
150	49	0.45323170614500624
157	53	0.5514830202550093
157	20	0.45632508856762516
27	130	0.5389751355400058
60	63	0.5045042707293012
60	174	0.47788522357843344
15	115	0.5747919939465964
15	14	0.4785485489138516
15	16	0.2555204111399673
15	116	0.448139655384033
115	14	0.46571928651737354
115	116	0.46400253715984074
115	152	0.45366067486640316
115	119	0.44364505435879265
184	161	0.35226737317714935
148	142	0.5279725989612679
148	167	0.5025186460686077
49	47	0.5382226297535558
49	155	0.4912753253727894
49	51	0.4528661226820939
49	40	0.45175254019944294
49	154	0.4318755742072503
167	181	0.43917645370235675
75	186	0.40491172720431845
28	29	0.49053908566014714
28	122	0.1948657109137326
56	161	0.5522202075069532
161	162	0.390864484585392
161	58	0.3269505655322998
161	163	0.30906379336584355
53	20	0.5050855127287863
51	155	0.5512463812906757
51	47	0.4473321275967778
155	48	0.36807966623209815
155	178	0.2606726871085872
155	154	0.4550176891331242
116	187	0.5022046403093483
116	188	0.47424269465754826
55	158	0.3893468917574187
181	79	0.5303988682239735
181	101	0.3695915961737868
181	142	0.5254146216590285
181	139	0.4579150805655954
142	139	0.4670182363205609
52	156	0.45514455332038184
187	188	0.5178006472688481
187	152	0.44387794631813315
188	43	0.5031761331564207
170	174	0.47884147232089147
170	173	0.44601132886991723
129	118	0.327245257824305
129	132	0.4446324253197656
154	17	0.4846163144555326
20	124	0.4576621431013107
14	152	0.5041314389923608
14	151	0.22541146946451662
17	119	0.44458428591518173
17	125	0.42437828249147586
89	179	0.4397170676552514
89	192	0.2864090341529582
89	50	0.4317860867726689
119	120	0.4769587418651373
120	117	0.3479153025465835
177	71	0.3000276599229362
106	5	0.23960970146152072
54	159	0.39007627908894243
59	151	0.3621862882434328
118	18	0.2937541233193409
