9	108	0.9507182938800095
9	3	0.8990803149284727
9	11	0.7902886347130584
9	197	0.7674935948013599
9	109	0.7508060386686788
9	106	0.6331521271528211
9	112	0.8658858621477641
9	6	0.808575271016267
9	12	0.7681913048888893
9	103	0.7531351592033363
9	105	0.7141682731420169
9	5	0.6938955938303883
9	1	0.6281169628761258
9	13	0.6124233884422594
9	111	0.6013249547089172
9	95	0.5730551114297847
9	113	0.5435214394827488
9	70	0.5389609452709783
9	0	0.5323723466013605
9	102	0.5246903018569068
9	176	0.5004977264670746
9	8	0.483230183996985
9	101	0.43233914562848635
9	142	0.4177803451322399
9	38	0.39166904929832413
9	155	0.39160131954779115
9	114	0.38349425269246024
9	51	0.375035508668253
9	156	0.36007319738953397
9	15	0.33849341273858724
108	112	0.8705629445817508
108	5	0.6980924584293465
108	3	0.8838510530238965
108	6	0.8116344093836949
108	103	0.7965494218360177
108	12	0.7889331863190957
108	11	0.7716526184582204
108	105	0.7362268254537245
108	197	0.7077543936460627
108	109	0.7000711239316986
108	1	0.6777388495878258
108	111	0.6745415768212026
108	13	0.6595292392703573
108	106	0.6192514284079527
108	102	0.6146744266711164
108	113	0.5952512428660739
108	0	0.570821131368301
108	70	0.5272076515133658
108	95	0.5206710894503389
108	8	0.5050855127287863
108	176	0.492919836994844
108	101	0.43249361868152525
108	142	0.4128981561133514
108	155	0.39947156576775156
108	156	0.3976462696129347
108	114	0.36230791702828435
108	7	0.35885409742517116
108	15	0.35013709812838534
108	51	0.3495315431570424
108	144	0.3425423410946956
108	38	0.3381303392648517
108	173	0.33003719897796624
23	25	0.921200584900885
23	21	0.7530529178238651
23	27	0.7360573303675839
23	22	0.6713847115794117
23	26	0.6151470590540787
23	16	0.5603134764587742
23	53	0.45921022137620904
23	17	0.4570848522199804
23	18	0.4504143808707602
23	20	0.4248127333627693
23	29	0.4202371487330933
23	33	0.3970483679230781
23	40	0.3813684260587885
23	136	0.37687303661328847
23	150	0.37167915792494377
23	28	0.35897606262004145
23	144	0.3486358398752458
23	124	0.34420949615226687
23	14	0.3436981126190303
23	15	0.3369075477966232
23	51	0.33626024860112275
25	21	0.784166622980935
25	27	0.7755873492083547
25	22	0.6383416978320656
25	26	0.6195719195650458
25	16	0.514742110935595
25	53	0.4472281353340927
25	17	0.4341911457692187
25	20	0.42512410605704715
25	18	0.4165579099917382
25	29	0.4139345145763062
25	28	0.3970736381998708
25	40	0.3830335739713095
25	33	0.3738317897282666
25	132	0.3635322042770063
25	150	0.35620269297240253
25	124	0.33901570747354476
25	110	0.32881587415608543
19	121	0.9006214599147065
19	150	0.569950820415115
19	117	0.524907677660034
19	17	0.522738107971797
19	119	0.47094969486886884
19	136	0.4385628347380681
19	120	0.4372373158265986
19	124	0.42959506869448155
19	15	0.4256728602328352
19	18	0.4237221374097956
19	133	0.4185642203871934
19	152	0.3968377588735885
19	115	0.3916267187015891
19	116	0.38873586609585276
19	118	0.3886000361404701
19	14	0.3755510016298377
19	29	0.3714464338329891
19	48	0.35711912550168723
19	44	0.34697447087460714
121	150	0.5088079540372982
121	119	0.47682740445621835
121	117	0.47064613863985877
121	17	0.46498284512442195
121	124	0.4457870001704346
121	152	0.43629860484346333
121	15	0.42120005371946295
121	120	0.4057390813069376
121	116	0.4007902009504018
121	115	0.4006894720405674
121	133	0.400152087620322
121	136	0.3964332723564987
121	14	0.3817529112047355
121	118	0.36660041192284354
121	29	0.36310688482369774
121	154	0.3439185615743107
121	48	0.3359231725089569
121	18	0.3323786895969406
121	46	0.3290655775936055
3	6	0.8273569903733742
3	112	0.8275146653387324
3	12	0.8112586995582519
3	103	0.7891973494902516
3	11	0.7410435380587246
3	105	0.7321658743044512
3	1	0.7215399770909334
3	197	0.7043744975662596
3	5	0.6857243063807787
3	111	0.6731603886833416
3	13	0.6623899377609905
3	109	0.6587035138290381
3	106	0.6250922906145134
3	102	0.6060661243296853
3	113	0.5935698870084486
3	0	0.5690251343830394
3	95	0.5407960391914423
3	8	0.5350184670900824
3	70	0.5181226021918083
3	176	0.47547416428302264
3	101	0.43300563714358714
3	142	0.3658730806404542
3	155	0.3619516836120727
3	114	0.34853920633411795
3	38	0.3475636716533282
3	156	0.341058611876397
3	15	0.33035794801585344
24	39	0.8863633474750071
24	34	0.8572556563505884
24	141	0.8073949301175962
24	35	0.7944196539106646
24	40	0.7851657986162295
24	32	0.7705580495869435
24	36	0.7667116436658965
24	140	0.7460424673484796
24	68	0.7215591517399705
24	114	0.7185496664747782
24	67	0.7132753796639182
24	145	0.7045558399387504
24	38	0.6893048013004051
24	65	0.6714615983116967
24	41	0.6707415928844
24	166	0.66551008967484
24	42	0.6580293151515728
24	62	0.6503528819078823
24	69	0.5855255905815524
24	146	0.5841636210176818
24	174	0.5658112527588127
24	22	0.5647020628351695
24	167	0.5636795300922006
24	47	0.5525537444365002
24	137	0.5425554400910128
24	37	0.536529911594737
24	170	0.5122754808668867
24	2	0.5086597160611607
24	139	0.48491466539279854
24	172	0.4829925369420713
24	33	0.48061215402625707
24	138	0.4546211194917828
24	66	0.45338266353754486
24	171	0.4522617814684019
24	134	0.440668419292033
24	197	0.43654146610639194
24	142	0.40685787592862754
24	70	0.39969005291190096
24	26	0.3816247641604024
24	144	0.3571714723357931
24	51	0.34741419890904285
24	63	0.33220077289082817
24	30	0.3296450688627528
39	36	0.7926421820959102
39	34	0.7678631976242928
39	32	0.756058790108254
39	35	0.748119247030531
39	141	0.740804491323175
39	38	0.7133146764800996
39	40	0.6915132685743374
39	140	0.671928100370556
39	114	0.6620979926523398
39	67	0.6602462152461153
39	65	0.6591109195099857
39	62	0.651821897387678
39	166	0.6437726134950557
39	68	0.6305387809577899
39	41	0.6295256416664904
39	145	0.6243667322857339
39	37	0.6142636243439031
39	42	0.5819590933817406
39	167	0.5537890662963021
39	69	0.5277345466653636
39	22	0.4948553872323367
39	66	0.4870914957414652
39	174	0.4732499724376913
39	139	0.4638534307036913
39	137	0.45857868872787133
39	2	0.4510757487854727
39	146	0.4505578520767327
39	170	0.4370917161337429
39	63	0.4337690819284951
39	47	0.4329568855099695
39	142	0.4241158778821392
39	197	0.4195946856973709
39	134	0.4098159476989627
39	33	0.40950804219578246
39	70	0.40904184556271295
39	138	0.40171309763772756
39	171	0.38773372324655125
39	172	0.3806674693498792
39	30	0.3773362443259041
39	26	0.3692893663723565
39	31	0.3334990205650906
39	51	0.33024213077115305
34	40	0.8725580798967696
34	22	0.7725411235868245
34	42	0.7332449956271428
34	35	0.7400862240544648
34	62	0.7312319956200245
34	33	0.7149317652513143
34	67	0.7121338199602923
34	41	0.7101468233353729
34	32	0.6901384126009462
34	140	0.682596612186712
34	68	0.6460272489466332
34	141	0.6320904989773247
34	65	0.6293867711444602
34	69	0.6190109245458439
34	145	0.6170703270028697
34	36	0.6063570777664858
34	114	0.5841306824124385
34	146	0.5798521922981561
34	138	0.5778174477132392
34	137	0.576483654118973
34	26	0.5481829882407363
34	47	0.5413194089855953
34	38	0.5379597603488105
34	166	0.5275541488065123
34	167	0.5264201625092062
34	37	0.52331926071165
34	174	0.5215088243281584
34	49	0.5086819536806102
34	2	0.458183745411367
34	51	0.4571323153245158
34	27	0.42290954184892376
34	144	0.4123920244790956
34	172	0.4079254367193943
34	171	0.40109232954222135
34	170	0.3963236974241526
34	127	0.39500791804931795
34	134	0.39063570970979195
34	66	0.3799147361836334
34	53	0.3737973792220158
34	30	0.3684599922499288
34	197	0.34392737874421664
34	63	0.3293865572597614
40	47	0.5844994848874192
40	42	0.7309107767596796
40	41	0.7141731727438017
40	22	0.7068198713412595
40	67	0.6936258719015643
40	68	0.6699266280067386
40	33	0.6546996005845506
40	69	0.6541736249670465
40	32	0.653933295065108
40	35	0.6494228727107606
40	36	0.5880368685712285
40	145	0.5873364205909742
40	62	0.5816349524049771
40	65	0.5677253920137302
40	51	0.5527898927448589
40	140	0.5517682609999328
40	146	0.5516847892591481
40	141	0.5470137616038909
40	26	0.5389183726283615
40	49	0.5341185292950821
40	138	0.5290320060255395
40	38	0.5263912466278452
40	144	0.5112495233552707
40	114	0.5070716821323589
40	27	0.5046980689188227
40	137	0.48669476951651497
40	174	0.4829925369420713
40	53	0.47504839460708526
40	166	0.4543434134420609
40	66	0.44476078450806183
40	37	0.4154746313211514
40	197	0.4148621813197002
40	155	0.3893384076344075
40	127	0.38797160293158145
40	167	0.3801200770071851
40	172	0.3735134532878036
40	170	0.3661502119890627
40	20	0.3547786824225571
40	2	0.3526264434527408
40	94	0.34279828843832955
40	21	0.3422598574220415
40	171	0.3323786895969406
114	141	0.8721517855366894
114	2	0.5948572375160189
114	140	0.8277666740351763
114	145	0.7630601524350372
114	134	0.7467732112124092
114	38	0.7451320639589704
114	36	0.7428326526901731
114	166	0.740380059709292
114	142	0.7349832484781083
114	139	0.7009572703347157
114	137	0.6978257748469571
114	32	0.6721309995901679
114	146	0.6440770011177833
114	70	0.626613059963791
114	197	0.6050148124063287
114	35	0.5990409436298938
114	41	0.5759158594229563
114	170	0.5252336130178161
114	95	0.516445367944727
114	171	0.5160786311845738
114	138	0.5115079954681102
114	174	0.5113676935159313
114	68	0.4909869851071959
114	176	0.48622912312858885
114	167	0.4728618634019447
114	67	0.469337238026051
114	13	0.4593206919095613
114	65	0.45798620587427086
114	144	0.4548114954294372
114	165	0.4487947346086893
114	47	0.4457789873952102
114	62	0.4436932438199383
114	172	0.44150607889269955
114	11	0.42482092866937016
114	195	0.4064238614772304
114	42	0.392760605189879
114	22	0.3907119733651755
114	6	0.38019707015841436
114	33	0.35358928963738023
114	1	0.3474229919122383
114	113	0.336073980351099
114	155	0.3351333680846479
114	37	0.3288069553255502
141	140	0.8576528144631446
141	166	0.8393884921733146
141	139	0.7692956932965338
141	145	0.8197976161547494
141	36	0.7692548717426577
141	38	0.7680273016556558
141	142	0.7039913615468273
141	32	0.6938904087053603
141	170	0.6860155766958863
141	35	0.6739470968744241
141	134	0.6532573757417529
141	137	0.6484561477741652
141	146	0.6416185403176072
141	171	0.6299239164585726
141	174	0.6133162666401742
141	167	0.6018609468173197
141	68	0.5843480416498377
141	41	0.5764102061360789
141	65	0.5684906880314426
141	172	0.5637750397086521
141	165	0.5442678686724145
141	197	0.5209917326831044
141	67	0.5206856673308635
141	62	0.5064176575482418
141	70	0.47016333264708726
141	2	0.46323317994951496
141	47	0.4276686617324715
141	175	0.42736628707845364
141	95	0.4260821743897923
141	37	0.4181187255812326
141	42	0.41526776463081355
141	176	0.4136775975695538
141	195	0.410065532273057
141	138	0.3842616265724805
141	22	0.3798377237192153
141	66	0.3479504602549787
112	103	0.8360484496427887
112	12	0.8109850345482248
112	11	0.7895365592547644
112	6	0.7352314417455278
112	105	0.6998875135133865
112	113	0.6815966412461311
112	5	0.671999400783648
112	111	0.6717744879381266
112	109	0.6704389231140909
112	1	0.6495616310647886
112	102	0.6422241153170465
112	197	0.6326066152673383
112	13	0.6261877242174511
112	106	0.6222080969600475
112	0	0.5617251056396626
112	70	0.5598467855258106
112	176	0.5006700920881911
112	8	0.4863283824150482
112	95	0.43919259604141814
112	156	0.42847724764013617
112	101	0.3879291282059016
112	142	0.35203961632071434
112	15	0.346772144726904
112	7	0.3325210059323318
32	36	0.8689067486292169
32	68	0.7442010289363535
32	35	0.7587701814066574
32	38	0.7476300885007703
32	166	0.7195879865033428
32	65	0.7145747019864999
32	41	0.7049031557754863
32	67	0.6972712748396015
32	62	0.6845251423166135
32	37	0.6771653275276918
32	145	0.6642938570979227
32	42	0.6226736481053462
32	167	0.6001169916073276
32	197	0.5708952846678506
32	140	0.5610334038884115
32	66	0.5521020374313764
32	95	0.512577822619214
32	63	0.500280339333174
32	69	0.4745836647876913
32	195	0.4609524188621504
32	146	0.44940145084817784
32	30	0.44746809922980174
32	170	0.4213152096002623
32	31	0.41702889143118105
32	139	0.4141499425230426
32	174	0.4111629746671061
32	172	0.40800879300260934
32	47	0.407241658742476
32	72	0.37828780065035134
32	2	0.37755920296024964
32	142	0.36556123029878335
32	134	0.3569795229772892
32	137	0.34922426588338623
32	70	0.3382100469476239
36	38	0.8520809556043095
36	166	0.7356263058412711
36	35	0.7002801231039197
36	145	0.6727664621592874
36	41	0.6388569038714796
36	68	0.6383239218953529
36	140	0.5945534645211732
36	65	0.5862283110178848
36	67	0.5778174477132392
36	139	0.5660015827357531
36	197	0.5635225887090078
36	37	0.5632222396483726
36	95	0.5453015864334471
36	66	0.5312894415725734
36	62	0.5215015440047296
36	42	0.5039822536541021
36	142	0.49282141678421415
36	167	0.47636369046912624
36	70	0.4696100960880028
36	170	0.4547718372024381
36	195	0.44498536913046943
36	2	0.4374071531708911
36	174	0.42482092866937016
36	134	0.4118690309955005
36	146	0.3917621707750809
36	30	0.389864298297066
36	69	0.38979645571494553
36	47	0.37910156138445966
36	63	0.3756970157520333
36	137	0.37268708903762
36	172	0.3523374438181354
88	90	0.8670820413725774
88	87	0.7792271463231238
88	73	0.766299174302856
88	81	0.7482865201542316
88	85	0.6590260752029833
88	83	0.730752375793231
88	194	0.7214776518371737
88	76	0.7120993176608581
88	74	0.7042888316927189
88	193	0.6771761563234164
88	185	0.6726076894534783
88	191	0.6583637137647947
88	60	0.646359236473438
88	97	0.6428699618048227
88	96	0.6108523834605784
88	190	0.6066541886859074
88	75	0.5953674520859721
88	91	0.5869235952558578
88	184	0.579858829974018
88	187	0.576256602981869
88	147	0.57156897840865
88	64	0.5678270365389306
88	181	0.4883185468249446
88	80	0.47886459331407727
88	61	0.4591234131346195
88	55	0.45681584545543813
88	162	0.44801177888019544
88	182	0.4436932438199383
88	192	0.4416026824599845
88	92	0.43476711752907526
88	89	0.42067345390744726
88	119	0.42052529659826293
88	98	0.41689670870787277
88	79	0.41181920793024723
88	50	0.40029485721907404
88	180	0.39831955724045964
88	160	0.38085557389479396
88	135	0.3776706658649956
88	133	0.37611777561868154
88	159	0.36682544754412755
88	161	0.3424011069961863
88	82	0.3302510401430809
90	91	0.6601898040282488
90	194	0.7457940480322153
90	73	0.7133736132956354
90	74	0.7073998661135827
90	81	0.7070099744264279
90	76	0.6998415964490418
90	87	0.6876953433319335
90	83	0.6875160958888272
90	185	0.6228695378754782
90	97	0.6163205062153407
90	60	0.61060157844577
90	64	0.5982389060461142
90	75	0.5654508201641343
90	85	0.5517265265111476
90	190	0.5461933290412081
90	193	0.545687925924054
90	191	0.533532204364285
90	92	0.5259356608828716
90	147	0.5101481355271164
90	184	0.5013067510322393
90	61	0.494968646546299
90	187	0.48356736726216837
90	96	0.465343311836732
90	162	0.42109311109739733
90	55	0.4144564330791194
90	80	0.3927014018247925
90	180	0.38658607876430584
90	89	0.37058408625771394
90	50	0.365647863630206
90	77	0.3638966432330629
90	192	0.3513648611042551
90	133	0.3402011598245912
90	93	0.3377140092311899
90	181	0.33448519912027397
12	111	0.8661358872449582
12	13	0.8292717336531166
12	1	0.8043096907431415
12	6	0.8521631220116441
12	105	0.8345066718570142
12	113	0.8136719599691766
12	103	0.7583668363628968
12	102	0.7125525020345431
12	11	0.6910328984547044
12	8	0.6240249197454685
12	70	0.6214598436942331
12	5	0.5984122478000099
12	0	0.5961415437879988
12	197	0.5361666230359713
12	109	0.5155722235720589
12	106	0.5151683071710903
12	176	0.4937445562982613
12	10	0.4846086629481746
12	95	0.41173616401661817
12	156	0.4067493895242841
12	101	0.3829482421749786
12	142	0.3413590278965111
12	7	0.3292884882123194
111	105	0.8584966768911055
111	113	0.8383217362068952
111	102	0.8207463603570085
111	13	0.8212027612104966
111	1	0.7688054199701443
111	6	0.7277559970161082
111	103	0.7015823815160653
111	8	0.6633317712665644
111	10	0.6147988464437664
111	11	0.5874870585027184
111	0	0.5697077143621283
111	70	0.5491126387969855
111	5	0.4831765279808489
111	176	0.4571797758254923
111	107	0.44062006933305864
111	156	0.39974886861655357
111	106	0.39834479718475474
111	104	0.38916022579177795
111	109	0.3618821623208546
111	101	0.3585839880271698
111	197	0.3579215303013146
111	7	0.33639328124686807
105	6	0.8575470055099118
105	1	0.7335500001508651
105	113	0.7281179799302174
105	13	0.6927531320346078
105	102	0.6682198975942817
105	103	0.6536126497799356
105	8	0.6307616246712398
105	11	0.5804161199366916
105	197	0.5254363395009564
105	5	0.5124893455003786
105	70	0.5115818276483463
105	0	0.4793037659528294
105	109	0.46968024509516065
105	106	0.4516649846882529
105	10	0.4481076879770446
105	176	0.4247225803947658
105	107	0.4236236772578664
105	95	0.3925576086731256
140	137	0.8220475831694545
140	134	0.756640781466693
140	146	0.7223730516490547
140	145	0.7484580963148274
140	166	0.7082132517592782
140	35	0.68614260760945
140	171	0.6837538105351643
140	139	0.6681479386618168
140	142	0.6511830431070976
140	38	0.6386852321325771
140	165	0.6331641093687659
140	174	0.6221222894942234
140	138	0.6039423293805115
140	170	0.585315260048993
140	41	0.5569770992263718
140	167	0.5382226297535558
140	62	0.530276682110997
140	172	0.5179396912607727
140	22	0.5174199659076537
140	2	0.5150140241429856
140	65	0.5100297660456002
140	67	0.5080367871999311
140	33	0.49416036231247756
140	68	0.4740411454051353
140	70	0.46100754368409397
140	47	0.46059796007079423
140	144	0.4604876540258863
140	175	0.45631717085735934
140	42	0.42304091656136966
140	197	0.4154249872338157
140	37	0.37472610149549035
140	176	0.371670539346875
140	169	0.35231116779063193
140	155	0.34457086826038735
6	8	0.6648187200510285
6	1	0.7513465351521572
6	197	0.6879851250110004
6	13	0.667605076612268
6	103	0.6499660958725657
6	113	0.6137216030455708
6	11	0.6096411183738387
6	5	0.5641705618013892
6	95	0.5579489202550667
6	102	0.5463757380734434
6	109	0.5262828012276313
6	70	0.524291601792452
6	106	0.5082370723501337
6	0	0.4355615367975723
6	176	0.43534273381143584
6	38	0.41417479660898887
6	10	0.3889480665755503
6	142	0.362655359846544
6	101	0.35793896802004843
6	4	0.32902099106776594
95	197	0.8520809556043095
95	38	0.646359236473438
95	176	0.6040376087977232
95	142	0.5340613494602062
95	11	0.5054950876524466
95	70	0.4848917193259803
95	195	0.47900330532243934
95	101	0.47453717724330635
95	5	0.4728463352219303
95	166	0.46576627153717737
95	66	0.454589386129225
95	71	0.4443034215384383
95	106	0.4395395877310146
95	145	0.4387970271117584
95	139	0.43715642993727044
95	41	0.4309884599521713
95	1	0.4044768915106247
95	13	0.3855989971640201
95	198	0.369746998203124
95	109	0.3660116544294227
95	103	0.34226868597372456
95	51	0.34083767328693154
197	38	0.6647015203156812
197	11	0.6292901418477633
197	176	0.6106141216068387
197	109	0.5863398770807199
197	142	0.5538167983887801
197	70	0.545933657622158
197	106	0.5451750977070327
197	166	0.5279293228943206
197	145	0.5192555922935156
197	5	0.5174126431039755
197	41	0.5088968823430888
197	103	0.4962435390945531
197	139	0.4837512249451366
197	1	0.48199517759962646
197	101	0.45035858022952735
197	13	0.4372454040265302
197	195	0.4228356357593729
197	71	0.4134703584300067
197	51	0.39724209132513505
197	155	0.39270985964766825
197	47	0.3683735653423201
197	66	0.35932446704850635
197	35	0.3484074213820257
197	113	0.34167703944763833
197	8	0.33930774734645786
197	65	0.3323520035986519
38	142	0.7115369387686707
38	139	0.6994638367952645
38	145	0.6851198824686758
38	41	0.6818428599992771
38	166	0.6630572865010422
38	35	0.6380512722742085
38	70	0.6155074550052183
38	176	0.5327735115840667
38	68	0.5167752691351528
38	65	0.5145656794087505
38	66	0.5111017834658773
38	174	0.5076805890266662
38	137	0.5059937167612372
38	67	0.5016959691374846
38	62	0.4960173827277749
38	134	0.4676669567038297
38	170	0.46253387245670496
38	71	0.44569885571393564
38	2	0.4402493013909535
38	195	0.4050705638162966
38	47	0.3961466679123063
38	37	0.3766327805866854
38	146	0.37370274502413425
38	171	0.35588832960328776
38	42	0.34539899445094724
38	11	0.33930774734645786
87	191	0.8417360933695984
87	83	0.7951562773791394
87	89	0.7145991702620229
87	190	0.7202335024733316
87	192	0.653274573048751
87	96	0.6528559138660459
87	97	0.6429403625589262
87	60	0.626521947989719
87	73	0.615314861585577
87	74	0.6122983856143371
87	81	0.5965603813516565
87	193	0.5936994065887844
87	194	0.5931811437337746
87	187	0.5529495898048213
87	76	0.5320928225022973
87	91	0.5254363395009564
87	185	0.5216689722316473
87	98	0.5156896835267671
87	147	0.5053312850011745
87	85	0.5047055216798008
87	50	0.5032433433526802
87	184	0.5015013854600058
87	55	0.4929046962448966
87	198	0.47017891142940654
87	181	0.4644261698612487
87	179	0.4623766454308703
87	64	0.45846022474206427
87	82	0.44137725821261253
87	164	0.4393782125568473
87	159	0.43715642993727044
87	135	0.43425606175811915
87	52	0.4249274613185344
87	182	0.42099438443808296
87	180	0.41938043785098056
87	79	0.41807746588212846
87	119	0.4066075053759308
87	75	0.4019646552901354
87	80	0.3729626095564473
87	162	0.3418801725448603
87	99	0.34001545129400773
191	193	0.7465563903031016
191	192	0.6620474432779674
191	190	0.7789913530768601
191	83	0.7118872994918201
191	96	0.6777875069244257
191	194	0.661676563774853
191	187	0.6474234386268468
191	198	0.6375767176841594
191	185	0.6223857934458329
191	147	0.6026448151158202
191	73	0.5991435177892959
191	182	0.5958578386755108
191	179	0.5920652121361157
191	89	0.5661578800940684
191	181	0.559187322584451
191	164	0.5590910917161718
191	184	0.5565147765061004
191	97	0.5536642566757642
191	159	0.5502849947055375
191	135	0.5450977868186553
191	74	0.5343329101562126
191	180	0.5330169592868605
191	199	0.5249366559287792
191	60	0.5240377638123234
191	81	0.5178591954425957
191	98	0.4964620929176817
191	76	0.45048611938217686
191	52	0.43346865130280543
191	119	0.416309935158127
191	177	0.40876702250239455
191	79	0.3997572705913869
191	85	0.3936989661214361
191	75	0.378304938487486
191	80	0.3778078359539094
191	55	0.37417583818061334
191	82	0.36751759555129465
191	125	0.3638098821528412
191	104	0.36169095801525464
191	152	0.35799127967823324
191	118	0.3518731522477244
191	64	0.3375722496928553
191	100	0.3368986828337144
191	15	0.33448519912027397
191	110	0.3335256836504177
191	91	0.333427916395926
166	145	0.8251357997562521
166	167	0.7497701894145066
166	170	0.6873578667726868
166	195	0.6524253687670399
166	65	0.6751787162748588
166	172	0.6627770160893198
166	35	0.6528616516201439
166	37	0.6208088001423651
166	68	0.6156627187536933
166	146	0.6097542067500406
166	139	0.6063634010390865
166	134	0.5719526394471781
166	62	0.5715487787952042
166	142	0.5614923431261896
166	171	0.5586028318038347
166	41	0.5468946186150688
166	165	0.5365655174222258
166	183	0.5098743767807958
166	175	0.49363867869640693
166	174	0.49235943045748776
166	67	0.4767192282478414
166	196	0.45881556780832894
166	137	0.45262761660337403
166	66	0.4495770019228206
166	42	0.42303270616280747
166	63	0.3960876515286375
166	169	0.3773105155138979
113	13	0.7407638798321118
113	102	0.7253860954106216
113	103	0.6781063358057933
113	1	0.6621541515586952
113	70	0.6085529475556337
113	11	0.5768974594535545
113	0	0.523870905286944
113	10	0.4759693251004876
113	176	0.4698127325947874
113	8	0.4597308866399385
113	5	0.44177976240893757
113	156	0.4344102191547823
113	106	0.41114635563028046
113	104	0.40077341347154244
113	2	0.3513035016037785
113	139	0.3413413582955984
113	142	0.34095256605397334
113	109	0.3405371363794909
113	134	0.336047368454408
113	7	0.33148886972968394
103	102	0.7496388064674233
103	1	0.6835833794179402
103	11	0.6744979749755039
103	13	0.6471503593931185
103	5	0.6296041159144896
103	0	0.6255185857529719
103	106	0.6165003172918859
103	109	0.5873495211556646
103	70	0.48270113055267716
103	8	0.4564121786112127
103	176	0.4415865825763747
103	156	0.40078180724461265
103	10	0.37051507081697826
103	7	0.3641221924886516
103	101	0.3638879674091618
103	52	0.3620733361837707
103	15	0.34124417117836936
103	110	0.331889361769417
74	76	0.8318153090712204
74	81	0.76493353344588
74	185	0.7384082290163954
74	73	0.6844879407610287
74	60	0.6450706923255903
74	194	0.630574924841082
74	97	0.6212204084861758
74	83	0.6161592416286593
74	187	0.6141266161871479
74	92	0.6136467960413744
74	61	0.6105325855836977
74	64	0.6037390089213349
74	147	0.5657704599164236
74	96	0.5417646502629074
74	85	0.5330169592868605
74	193	0.5215889028741281
74	75	0.512732631388024
74	190	0.5056811828101124
74	162	0.49944768855875726
74	91	0.4837818637423527
74	184	0.4788800069404799
74	182	0.46366504813689435
74	181	0.45535859473944573
74	55	0.4291790990750664
74	80	0.4283956034173137
74	93	0.4016627788297332
74	77	0.39493195816207394
74	133	0.3898558182057163
74	79	0.36725808770188156
74	161	0.3640180981373111
74	98	0.35940284424710284
74	50	0.3504353799717031
74	135	0.34546944846678784
74	119	0.3421892268330711
74	198	0.34154454413793417
74	63	0.3368809527287016
74	183	0.3298589721265862
76	81	0.7921584500315308
76	60	0.7379895717013714
76	73	0.7205413692894861
76	185	0.6927427300285275
76	92	0.6809965062201683
76	61	0.6787432286114162
76	187	0.66752192276655
76	64	0.6451757792068737
76	75	0.6327265618640009
76	91	0.6149481097876556
76	97	0.6143507920751514
76	80	0.6054520601863533
76	77	0.5969982023609923
76	194	0.5733035536416757
76	147	0.5625664157698169
76	96	0.5483508450523507
76	83	0.5261020208427126
76	184	0.5122976077417793
76	182	0.5028399908661005
76	85	0.499882882606802
76	193	0.47750703845203807
76	181	0.46055856668764245
76	55	0.4286568403025535
76	93	0.4007146551762512
76	84	0.39972366228901385
76	190	0.37747345481820943
76	183	0.3721358508581514
76	133	0.36209071411591115
76	180	0.35393048266918203
76	82	0.3527402733308534
76	162	0.3518205800207787
76	98	0.3486007012631953
76	79	0.336473094390708
76	119	0.3318448685585357
13	1	0.7907387402896338
13	102	0.7473609257383371
13	0	0.6665227772641515
13	70	0.6412654090254
13	11	0.6146744266711164
13	10	0.6048245907629313
13	8	0.5379242294283177
13	176	0.5377252209525535
13	5	0.480627534117566
13	101	0.46690094400975163
13	142	0.44279328431153814
13	156	0.4397090011307776
13	7	0.40280274254521603
13	2	0.3963911294881636
13	106	0.394619621899329
13	109	0.36701582877701383
13	134	0.36440840504641775
13	139	0.3565257046537012
13	104	0.3522148176045279
13	144	0.3384225770437825
145	41	0.7380259992620057
145	174	0.6674498426292553
145	146	0.6870306530875642
145	170	0.6558465402793564
145	65	0.6505951729864385
145	195	0.6368877531648904
145	68	0.6283893469540892
145	172	0.6269955432477474
145	171	0.6217543738911261
145	142	0.6159358668858967
145	35	0.6156006189889756
145	137	0.593057983989773
145	139	0.5856175854093941
145	62	0.5715555120766546
145	175	0.5516639195969513
145	167	0.5503895640370035
145	67	0.5473290331516435
145	134	0.5436059841015043
145	165	0.526203263717993
145	196	0.4654138198877928
145	37	0.452969455193799
145	42	0.44556261546238435
145	47	0.4063821196467804
145	66	0.3864755015512576
145	138	0.3703597711164837
145	168	0.36594236956333925
145	22	0.34921548542860187
145	155	0.34476473316290035
137	138	0.7537490604062889
137	134	0.7422718827218153
137	146	0.7010742430224842
137	142	0.6538359811360335
137	165	0.6313032428517935
137	33	0.6274989887046121
137	171	0.6209870010208172
137	144	0.5986047840639213
137	174	0.5737062089083691
137	22	0.5585890723925897
137	139	0.5574804313384919
137	35	0.5073910501503565
137	2	0.504459540848921
137	155	0.49126773884997227
137	70	0.4597545457389829
137	41	0.45671296783968707
137	157	0.45157742047656363
137	170	0.44534619146338417
137	47	0.44504150654324287
137	173	0.437585044545728
137	143	0.4184899852314905
137	67	0.4124252212442005
137	153	0.40905849912184233
137	149	0.40845046772861404
137	62	0.402727342316438
137	176	0.4027189641758197
137	127	0.3995135860518282
137	136	0.39184681969872914
137	26	0.3895759381030898
137	175	0.38155641307064053
137	42	0.36200382193844066
137	168	0.36128237415231
137	44	0.3500844527817123
137	156	0.34975975761426853
137	71	0.3458040518513554
137	7	0.3319071586403137
137	11	0.3317202797135165
137	65	0.329983733392455
102	0	0.7162978701990245
102	10	0.6195842420250809
102	104	0.5570805570586899
102	1	0.7673702803375593
102	11	0.5454842485385443
102	5	0.5164307021096084
102	8	0.47534258651453215
102	156	0.4725434770133073
102	70	0.4678388222942418
102	110	0.45436722027943927
102	101	0.43798113405693995
102	7	0.4236154717933056
102	106	0.4230983874062034
102	176	0.41229242761264173
102	52	0.40222453446744333
102	15	0.40139437089598956
102	135	0.39358911035341193
102	100	0.3920922640609053
102	164	0.37658129055826195
102	107	0.369047526270275
102	149	0.3664792211243148
102	148	0.3576424928543088
102	46	0.34712399553517137
102	109	0.3441654194025838
102	154	0.34410370940450724
102	152	0.3403691589658664
102	177	0.33248542826791333
126	128	0.8181842821347185
126	129	0.7047723227993902
126	125	0.6357332426032601
126	117	0.5711109504049344
126	123	0.5559761155758286
126	133	0.5326517546520217
126	130	0.4642536043991664
126	118	0.43863552150647633
126	119	0.38537763348854887
126	152	0.3360296268918472
126	83	0.32977876237032544
126	124	0.329422216969745
128	129	0.7910757593741417
128	125	0.7697850622618423
128	123	0.7137221163642969
128	133	0.6099175128063679
128	117	0.6390521771089488
128	130	0.6310565819729299
128	124	0.5693563850906946
128	119	0.5678676895012453
128	118	0.531160237542647
128	17	0.46261247506248926
128	120	0.44873883202253245
128	150	0.42703928797386886
128	127	0.3965934000188925
128	136	0.39145737973767464
128	132	0.382734884092194
128	18	0.376383890561931
128	152	0.3489871720821704
128	156	0.34697447087460714
128	75	0.3345296043601706
128	149	0.3330812292598055
128	97	0.33275223767883355
128	143	0.33008175201508566
67	68	0.8099900177068188
67	72	0.3892705322720862
67	65	0.7349004735957327
67	69	0.7320313051269792
67	35	0.715410524782872
67	42	0.6945017568542795
67	62	0.6838975537908979
67	41	0.638371322880336
67	47	0.5832208174903032
67	174	0.5787027157713941
67	37	0.5636454158613864
67	66	0.5503965347119154
67	146	0.5377820866331233
67	172	0.5182688968239662
67	33	0.5118549410319803
67	171	0.4898477492659832
67	167	0.4812117584532345
67	51	0.46173957862411247
67	30	0.45664965246526545
67	170	0.4411437243533438
67	31	0.43594229331277773
67	22	0.41996538881195333
67	63	0.41500291258603766
67	49	0.4101154418205806
67	155	0.39969005291190096
67	86	0.39682933364222306
67	144	0.3572674357044429
67	134	0.34838106273846536
67	2	0.3400685135809971
67	138	0.339192709139933
67	94	0.33457400811460547
68	65	0.8058928366748497
68	69	0.7547664439023977
68	66	0.5997969658093447
68	35	0.7157033117386338
68	42	0.7003361756383317
68	172	0.6839135219873522
68	62	0.6561142944233288
68	37	0.6541907863362977
68	41	0.64023979077893
68	167	0.594139543120901
68	146	0.5773576368343432
68	174	0.5392092308099824
68	170	0.5247337824932508
68	63	0.4736301411361584
68	47	0.435196836573516
68	195	0.42157837202962384
68	171	0.3908390675387203
68	31	0.38194937483554264
68	86	0.3674570488365675
68	72	0.3570493262332877
68	30	0.3566566310642128
68	33	0.3370582430259306
68	93	0.3289050592353314
61	93	0.8091975355343408
61	81	0.8070465355148715
61	92	0.6945742232312438
61	97	0.6424473291426158
61	37	0.584427060592457
61	63	0.575360887902391
61	75	0.57256463261213
61	183	0.5616908814331765
61	64	0.5566459179855805
61	85	0.5439722166613701
61	185	0.5311099848581293
61	181	0.4563805105161528
61	91	0.4468200489231016
61	96	0.43848206493207526
61	31	0.43747993105408556
61	83	0.4321277203228962
61	55	0.4215208113137365
61	80	0.40353970108445847
61	73	0.3986896826215166
61	60	0.39472093014393755
61	50	0.3854031777156042
61	77	0.3714464338329891
61	79	0.36781163527570815
61	194	0.33792661981424293
93	37	0.6772736022861047
93	92	0.6450181397325485
93	63	0.6158675937295974
93	81	0.5653623791653611
93	31	0.52078770399315
93	65	0.5181957532983502
93	50	0.5176176529615959
93	62	0.49402430521528523
93	195	0.49123739201330086
93	97	0.4742891989662265
93	64	0.44586712399339956
93	91	0.4278647454863616
93	66	0.4237467508834181
93	183	0.4198006491627197
93	85	0.4064405577344096
93	75	0.3819066682862381
93	55	0.36149972327821156
93	167	0.3610649857606587
93	196	0.3564646008693116
81	97	0.7536324338386253
81	181	0.6783763301395296
81	75	0.6620642937387735
81	185	0.7355941844115971
81	96	0.6699431636237967
81	83	0.6516263104565583
81	85	0.6474060130016658
81	73	0.6443285523055469
81	194	0.6260539702279969
81	60	0.6247936619520561
81	92	0.6190541004581986
81	64	0.6104949492073325
81	80	0.6064266295475184
81	79	0.588893226964233
81	190	0.5597918573396794
81	147	0.5421601652226758
81	187	0.5299962895480544
81	182	0.5261743387041808
81	91	0.5159245452897956
81	193	0.4992675344860734
81	184	0.47561345873739147
81	55	0.46555481826992917
81	98	0.46206210413792265
81	198	0.44513773397065165
81	50	0.41310551348283214
81	119	0.38770823307326113
81	183	0.3871302968126159
81	133	0.375748545695534
81	160	0.37509566147470075
81	135	0.373246671218809
81	199	0.3558533953661248
81	99	0.35254763203854056
65	62	0.7607234376249065
65	37	0.7445443790349119
65	35	0.6710495363846438
65	167	0.6699376518252959
65	41	0.6415361673280393
65	172	0.6307977516903145
65	42	0.6056737129382478
65	66	0.596785774780167
65	63	0.5695523443886641
65	69	0.5676237301752023
65	146	0.5453718472198644
65	170	0.5411921413927926
65	174	0.540371377662841
65	171	0.5069082306730228
65	195	0.5049961206761598
65	31	0.41456409664013194
65	175	0.36225579191683094
65	183	0.3599861595265717
65	196	0.33340125135447096
1	0	0.6254942360837831
1	10	0.6164941179800796
1	11	0.5842163187839503
1	8	0.5701128357051788
1	5	0.5204961312027431
1	70	0.5014939004588649
1	101	0.4666350206127536
1	106	0.4635943938636103
1	176	0.4175574459069995
1	109	0.38346866443333477
1	156	0.3784848701187841
1	2	0.3568049973951695
1	15	0.3404575708398666
83	190	0.7988044123466949
83	97	0.6931897560572472
83	96	0.6185851331725019
83	185	0.5844731498576342
83	194	0.5828577816624552
83	73	0.5631061558142313
83	85	0.5505010856276485
83	75	0.5449290763339303
83	192	0.5445352469050098
83	89	0.5443241680199109
83	184	0.5182542687253306
83	193	0.4998303725722097
83	55	0.4997928631548909
83	181	0.45797830335172646
83	198	0.453938597923316
83	64	0.44464847121719997
83	91	0.43010866191363184
83	60	0.41420793442949144
83	147	0.4032382812534536
83	187	0.3959864729713771
83	50	0.39200763437727665
83	54	0.3792299963809337
83	98	0.37721617155337483
83	119	0.37526750922948854
83	79	0.373212243227925
83	133	0.35546905313351007
83	159	0.33151557291799905
190	97	0.6351847461716782
190	198	0.6154950318408322
190	192	0.6120983174008723
190	96	0.6036246066324887
190	185	0.5940295423169092
190	194	0.57878252260889
190	193	0.5538653265941669
190	89	0.5169951180411771
190	184	0.5150948432251768
190	181	0.5096597368946216
190	73	0.48888188645376834
190	85	0.4667758141017386
190	75	0.45195945499849616
190	147	0.42099438443808296
190	159	0.41846523893684784
190	98	0.3953538891841017
190	187	0.3935806594440282
190	119	0.3930396629161119
190	179	0.38447469185042504
190	79	0.3774220028255111
190	55	0.3725579161673799
190	182	0.37155849200237195
190	199	0.3602124449328599
190	152	0.3550671122321448
190	135	0.35264395642105534
22	26	0.7979704852095538
22	33	0.7899880896642308
22	27	0.6508834421495964
22	138	0.6267162994977096
22	21	0.5793807205558816
22	127	0.5179616430739611
22	42	0.5097337578170854
22	53	0.49732062558972556
22	144	0.4561112850289057
22	2	0.42041828014671984
22	41	0.4160288221258266
22	146	0.413022575673429
22	49	0.41093859461099946
22	51	0.40830048642467154
22	69	0.4062485343904018
22	35	0.3905763898258554
22	130	0.3771647079110664
22	20	0.3669725630140174
22	47	0.36385326348215963
22	62	0.3611954235066136
22	123	0.3482580484505328
22	174	0.34070509205755395
22	44	0.3394139274529312
22	16	0.33589655757208253
22	134	0.3357102379966112
26	27	0.6934805564009245
26	33	0.6648745179482406
26	21	0.6056103931680012
26	53	0.5974871112310435
26	127	0.5938288954144934
26	138	0.5197447723659748
26	130	0.49129049819480036
26	44	0.477360347609717
26	143	0.46539815194242823
26	20	0.4311187307994047
26	144	0.42479634254067944
26	28	0.41181920793024723
26	42	0.40752523190606577
26	49	0.40086574127470775
26	29	0.40008489520494867
26	18	0.3954635639359396
26	51	0.38255563174575785
26	2	0.3812060482513614
26	16	0.37497535270340104
26	123	0.36509330088063763
26	136	0.35799127967823324
35	62	0.7349372651361173
35	37	0.7011759277445744
35	41	0.6426410843296682
35	69	0.5949993707836796
35	42	0.5797990881200565
35	167	0.57574206996402
35	146	0.5447040603673681
35	174	0.5208605782144442
35	172	0.4872745323905542
35	47	0.47514130879272487
35	66	0.4662046717407812
35	33	0.46339024839975584
35	134	0.45980974776537303
35	31	0.455810287125394
35	170	0.4388051016480173
35	171	0.41725190977838844
35	63	0.41562354873222107
35	139	0.4038996155643186
35	138	0.38946566254232073
35	30	0.380949614348175
35	2	0.35992522929374204
35	142	0.3386881911166784
35	165	0.33381005668795377
84	86	0.7936436759335153
84	78	0.6816180577029699
84	77	0.6395370450166866
84	45	0.623114290298408
84	82	0.5235007711987271
84	189	0.5157704260027882
84	91	0.5104070014035019
84	69	0.5029744660429842
84	94	0.4691500835347065
84	64	0.44035409886439236
84	60	0.40617338505141937
84	31	0.357686096666909
86	69	0.6492667178519621
86	78	0.6484619427828311
86	45	0.6154826083705867
86	77	0.549000872928825
86	189	0.5095338840097288
86	94	0.49285170126925054
86	91	0.43853860454008187
86	82	0.41898478061132505
86	49	0.3686328269579116
86	31	0.34223337140439647
86	33	0.32955593251185666
129	125	0.7104985868730039
129	123	0.6623618748530669
129	130	0.6561541585746686
129	117	0.6246656222494786
129	118	0.6017588948467039
129	143	0.5561557211544309
129	133	0.5123713590793804
129	127	0.49141187003657283
129	156	0.4870914957414652
129	119	0.4752961422244442
129	136	0.470988604271863
129	149	0.4698361105451713
129	124	0.427962772263975
129	18	0.4161528523877459
129	120	0.3936736157883094
129	150	0.38148805780798367
129	17	0.380060189802886
129	131	0.37914437467320267
129	44	0.36876243626603594
129	152	0.367872163739261
129	52	0.3677511036952447
129	135	0.3449761886091732
147	182	0.7907762105510507
147	194	0.7631436875262166
147	187	0.7625165525371222
147	193	0.746427992977238
147	60	0.660037456531702
147	185	0.6539103996164121
147	73	0.5906150067363604
147	135	0.5742158411033441
147	180	0.5738336586395953
147	199	0.5631880996515425
147	80	0.5564664542324881
147	164	0.5406474389922838
147	189	0.5378531618533182
147	181	0.5157117051105805
147	159	0.5027279096215634
147	184	0.500250349949783
147	96	0.49732062558972556
147	97	0.45741703927253236
147	64	0.4194958078832447
147	198	0.4133459943784071
147	98	0.4023418780182351
147	91	0.3800516342278486
147	160	0.3770960860980262
147	92	0.37620362593129886
147	79	0.35116323998511006
147	75	0.3451435660078934
182	199	0.7904012411743512
182	187	0.779933204335335
182	164	0.6433273725541906
182	80	0.6412124158863362
182	193	0.7444641506235515
182	181	0.6617833653303721
182	185	0.6341396399344583
182	194	0.6216807578191201
182	135	0.6014015581767816
182	60	0.5917728778163467
182	180	0.5666672626464553
182	198	0.5537959994346074
182	96	0.5431126516833293
182	98	0.502473796215767
182	73	0.4898477492659832
182	183	0.48346775986286245
182	159	0.4802967969999807
182	196	0.4769896416899455
182	175	0.45322376029878814
182	79	0.4502310226952807
182	160	0.4464277906692566
182	189	0.4266876393213858
182	184	0.41049800007201104
182	179	0.38457694863747577
182	97	0.3787418656913208
182	165	0.3749065991622878
182	92	0.3587931102317123
182	52	0.3565955338156345
199	198	0.7184287231571506
199	98	0.6740180440485009
199	181	0.6546367455305452
199	96	0.6116291003462472
199	193	0.5850653901874013
199	135	0.5496990874172465
199	164	0.5376754594685017
199	187	0.5263334112120064
199	177	0.5115449125024399
199	80	0.5089042925450096
199	176	0.49298796667532435
199	79	0.4683776257953134
199	185	0.45460525295476545
199	194	0.42523879695941935
199	165	0.4144481507861424
199	179	0.4142162187130475
199	156	0.4031545379880305
199	160	0.39493195816207394
199	159	0.3916775152187237
199	183	0.39054249129292634
199	142	0.38715580042041037
199	52	0.3800687453128908
199	196	0.37180842890740934
199	180	0.3564209534419935
199	175	0.3547786824225571
199	100	0.3503125666409414
199	97	0.33746591998894243
199	71	0.329047743159321
11	70	0.6312310626381599
11	5	0.6039677389131736
11	109	0.5984250857019947
11	176	0.5443874989252208
11	106	0.5385421947136627
11	0	0.5312463763080615
11	156	0.47651056192469193
11	101	0.4442392116987145
11	142	0.444014441319699
11	8	0.4138682197236979
11	7	0.3887867979734335
11	144	0.38547980685257177
11	155	0.3848666249433476
11	134	0.3704287957624153
11	15	0.37014404273671503
11	52	0.3631850160753047
11	10	0.3420656139973959
11	2	0.3364110179187424
11	139	0.3308122118902845
33	138	0.6729798864125254
33	42	0.5817937384243226
33	49	0.5782635800199215
33	44	0.5596751186084099
33	69	0.5584308170663633
33	144	0.5551672478289481
33	53	0.5450485841531206
33	127	0.5262828012276313
33	146	0.510000170656325
33	134	0.4561112850289057
33	62	0.4434362037159612
33	130	0.4422464445496714
33	2	0.4377629016731162
33	47	0.4276032915348063
33	21	0.4251404913076188
33	27	0.4208133596544919
33	51	0.41960292506579594
33	136	0.41032337182851697
33	41	0.4017634140201334
33	123	0.39285363247215527
33	150	0.3926591117140081
33	149	0.38992365708506194
33	157	0.389092339332933
33	78	0.3849432912788627
33	143	0.38421900860357633
33	7	0.3829226413615582
33	30	0.38253855859135916
33	155	0.3750269151523522
33	45	0.35100542682334285
33	174	0.3351599983856667
21	27	0.7219759265814882
21	53	0.5630037104432642
21	16	0.5282754546582595
21	28	0.5119434961345921
21	29	0.4711442235577352
21	18	0.4695477364367459
21	130	0.46035369184974584
21	17	0.46017241552912885
21	132	0.44683605581693314
21	124	0.44495328903862924
21	127	0.4445602152497642
21	20	0.4383528185090227
21	125	0.43698654655027813
21	123	0.424738972470116
21	44	0.3978735521152922
21	150	0.3865180325636974
21	136	0.3858628727711645
21	14	0.3774305783194627
21	46	0.37118779675576435
21	51	0.3639747228066656
21	144	0.3599165247241191
21	48	0.35748550621737285
21	131	0.3548835738068463
21	52	0.3486182706917202
21	116	0.347044837618545
21	7	0.34474711029581245
21	119	0.34420949615226687
21	110	0.3426835597128827
21	188	0.3359675295450007
193	194	0.7840125415759935
193	187	0.7698665359089004
193	180	0.6625863260726202
193	160	0.5981297362086064
193	159	0.5642046464187438
193	185	0.6870253731624726
193	73	0.6720542387788899
193	184	0.6091507818971473
193	135	0.5589123372764935
193	96	0.5495315859031693
193	60	0.5368787663234709
193	181	0.5289599897022254
193	164	0.5252625775953441
193	80	0.497102319174388
193	198	0.4837971826962963
193	162	0.430850027489774
193	98	0.4228438478249005
193	192	0.40677442586679474
193	189	0.4008237751007291
193	79	0.39063570970979195
193	85	0.3842701499697515
193	97	0.37646113811001974
193	179	0.3613258471192793
193	75	0.34935596534531904
193	161	0.3491276775080323
194	185	0.7448250091751986
194	73	0.6896038533371703
194	187	0.6548195714592904
194	180	0.6441296628984962
194	184	0.607998547089731
194	97	0.547420082693534
194	181	0.5322791847953106
194	60	0.5281600969016955
194	96	0.5219527804547502
194	75	0.49259424508915867
194	64	0.4801736971432297
194	91	0.4792190320167151
194	160	0.4594469265516523
194	80	0.4473641227829665
194	92	0.4424636114954571
194	159	0.4338015551403853
194	198	0.4197924114539884
194	162	0.4187374139998075
194	85	0.4149780790993897
194	135	0.4086170877582691
194	189	0.3977557080227616
194	192	0.3760662623311078
194	55	0.3750784752808789
194	79	0.35627254055318336
194	196	0.3443329029797545
187	60	0.7283575115074779
187	185	0.6777172221994581
187	73	0.6749120025437482
187	180	0.6542365466945257
187	80	0.565253510857447
187	184	0.5413688952411853
187	96	0.5254291002963878
187	159	0.5249439003058233
187	164	0.5223310117162399
187	135	0.5114563084475717
187	181	0.4527230268095633
187	189	0.4322415706231165
187	91	0.40881699584796616
187	160	0.4068328416230091
187	98	0.40661585204535805
187	198	0.3898982180012412
187	97	0.38180416591356314
187	64	0.3796665660583422
187	82	0.37671859212931413
187	92	0.3651106348916977
187	162	0.35234620237053227
187	75	0.33315235191606124
27	53	0.6230653495723611
27	130	0.5309663851698015
27	28	0.4906377976474267
27	20	0.465288468158193
27	127	0.4563963447082149
27	16	0.43249361868152525
27	29	0.42116714954452106
27	132	0.4100988055776395
27	51	0.39423118475281804
27	18	0.35992522929374204
27	138	0.34523165055930255
27	123	0.3449233280293405
27	42	0.3388386818029913
27	49	0.3375545286736905
27	144	0.3295381045366058
136	150	0.7742289939671243
136	149	0.7609003270352671
136	119	0.6403636936504871
136	44	0.6788995970407571
136	123	0.621060720544347
136	18	0.6116291003462472
136	154	0.5852495155964536
136	17	0.5811185916395191
136	120	0.5676101739552886
136	118	0.5530467768258119
136	138	0.5383930836683632
136	125	0.5380521317968263
136	130	0.5366580836328025
136	135	0.5195841836244792
136	124	0.4828698525487333
136	7	0.46999973774453085
136	48	0.4665802612011292
136	127	0.4661655381683988
136	117	0.458318046450624
136	46	0.456507175958589
136	144	0.45593703579772066
136	152	0.41205169449948414
136	53	0.40085734817448826
136	143	0.3972336693044706
136	156	0.39216842510218736
136	155	0.3909322604623278
136	15	0.38992365708506194
136	14	0.3895420083508412
136	104	0.38690924073279026
136	52	0.36711100786604123
136	164	0.3582789536232311
136	16	0.35813076644642333
136	173	0.3327255591340716
150	119	0.57890221208072
150	17	0.5760027346381735
150	123	0.5741152910183065
150	149	0.5570529699938581
150	124	0.544303056339166
150	44	0.5316984246455849
150	18	0.5224909708014331
150	125	0.5118254202468081
150	120	0.5080590438193946
150	130	0.5055174215552404
150	144	0.4854957430365257
150	48	0.4500237025042244
150	138	0.42529613729008164
150	14	0.39897559967572843
150	53	0.3878441738114074
150	117	0.3828116977068191
150	118	0.37333273669839917
150	154	0.37262681016180077
150	127	0.3695915961737868
150	46	0.3638792915221198
150	42	0.3507248208538621
150	135	0.33982971624114755
139	176	0.7721780090248965
139	142	0.7500940147380811
139	70	0.661007037800721
139	165	0.5982003780505459
139	71	0.5842492523865488
139	134	0.5414113090465994
139	171	0.5349827783734123
139	170	0.4747463503441138
139	177	0.472496873532293
139	174	0.4658289141453224
139	146	0.3612562896182176
139	2	0.3588366728253805
139	175	0.346076952650745
139	41	0.3372000580552619
176	177	0.7426353803791227
176	71	0.7396653211623919
176	70	0.6907245133743687
176	142	0.6708900945303143
176	156	0.5534631221783629
176	173	0.49402430521528523
176	98	0.4709574768960682
176	198	0.46758882428833454
176	179	0.46658808419322695
176	165	0.44954508612811966
176	164	0.408792009481611
176	5	0.3941467232460668
176	101	0.3899490955737317
176	155	0.37900736643612276
176	0	0.37104983342416653
176	134	0.37003184819829743
176	153	0.3413413582955984
176	106	0.3381126257875914
125	130	0.6530222783190589
125	123	0.6411181907581747
125	119	0.6193562270781302
125	124	0.5884031070094624
125	117	0.5882461772232829
125	118	0.5774576268979676
125	17	0.5655732554678019
125	133	0.5350684280856879
125	18	0.5217708653970287
125	149	0.511382463426513
125	156	0.4767733181571735
125	127	0.4600699380240162
125	52	0.45596079911525794
125	143	0.4531204577438745
125	135	0.44615551059417075
125	44	0.4394750410654216
125	46	0.41572281462876404
125	29	0.4104314785762428
125	48	0.4098575493909267
125	96	0.40929994510491546
125	53	0.3867306629655222
125	14	0.3806674693498792
125	152	0.37464873665514575
125	100	0.37276458582805577
125	132	0.36643593568216587
125	198	0.36502396230504947
125	181	0.3601080107798015
125	120	0.3591067260112769
125	28	0.3487676009414363
125	154	0.34488808642722213
125	131	0.34477354450530934
125	16	0.34190666581155527
125	15	0.33989163087169333
125	185	0.33751022507897493
125	79	0.33466281116649954
125	97	0.3322808383349939
44	149	0.768150313528196
44	46	0.6103506508874879
44	154	0.6078283279537419
44	7	0.6004240357440572
44	18	0.5603409177960532
44	53	0.5472659912627423
44	124	0.504847109844548
44	49	0.5013217247129365
44	17	0.49816314881156826
44	135	0.48722877724108493
44	119	0.48227916878023175
44	43	0.4747540964663674
44	14	0.47327325314106433
44	118	0.4707551203679964
44	15	0.46629075917809887
44	52	0.4658289141453224
44	48	0.4571323153245158
44	45	0.4531522444417605
44	152	0.45232541590839404
44	144	0.4491380591452246
44	20	0.43102917152219605
44	143	0.4294808990979167
44	148	0.42667945990990097
44	29	0.42641768189202217
44	130	0.4190012695082231
44	155	0.41199357788521146
44	104	0.4115451370636792
44	156	0.4057474350310221
44	157	0.3970399443636975
44	138	0.39142350876253695
44	78	0.38975405195238355
44	51	0.3770875080802606
44	164	0.37661561750243233
44	117	0.36667831372475623
44	16	0.36185609079880005
44	116	0.3513911571090939
44	120	0.34574242099056124
44	173	0.3442623862492525
44	127	0.3347693669830944
44	189	0.33156897770115873
149	135	0.709491897026003
149	154	0.682292078468625
149	7	0.63404995136631
149	164	0.6193315705527372
149	156	0.5968823431457017
149	46	0.5954126378345392
149	52	0.5770242115297111
149	148	0.5568943205127549
149	118	0.5557688138379304
149	144	0.5316410384619175
149	157	0.5255159657302431
149	18	0.5223528264838233
149	152	0.5206054852307812
149	173	0.5134399040733977
149	124	0.5045191800876788
149	45	0.4953686947634754
149	119	0.4869007870535991
149	130	0.4867329249980458
149	143	0.48158052216415775
149	155	0.4663533626768832
149	53	0.46059008153931424
149	15	0.44750008954920567
149	104	0.4442632909234829
149	17	0.4344264447690384
149	14	0.42810979355265255
149	189	0.4245668417903129
149	153	0.40977434430206
149	138	0.4089752286014388
149	117	0.3842616265724805
149	43	0.3674743482157748
149	120	0.3653012923035347
149	48	0.3635061686629769
149	159	0.35933317587648683
149	179	0.35718892078193604
149	127	0.3556437690604123
149	123	0.3535542901578111
149	100	0.3529941638989572
149	116	0.3488203015081901
149	60	0.3447559217597343
149	0	0.32918149569408073
149	177	0.329047743159321
73	184	0.6937503831277229
73	162	0.5178152847670539
73	185	0.6919304851961758
73	75	0.6411594166305449
73	60	0.6401984824169683
73	97	0.5410294856040109
73	96	0.53864868195636
73	91	0.5237983455585336
73	180	0.5018530958233676
73	64	0.49964280673867867
73	85	0.4946665843423065
73	80	0.4890873278461969
73	161	0.47704371354615765
73	159	0.44927375553367793
73	160	0.4419729012812327
73	119	0.41093859461099946
73	58	0.409333243501934
73	181	0.3993707102373884
73	92	0.39778937910289847
73	133	0.38920265268213267
73	55	0.3753276498503291
73	135	0.3335790082203476
96	98	0.7613462597331513
96	198	0.7368033326316423
96	97	0.7271250847126439
96	181	0.6377191349119431
96	185	0.5975321199891532
96	79	0.5324081746318666
96	85	0.5322433498981602
96	80	0.512120573699926
96	75	0.4922306307055366
96	184	0.47715956964932976
96	135	0.47429694942702405
96	60	0.46502987126960876
96	192	0.45535859473944573
96	52	0.43842552185313743
96	89	0.41406709110951717
96	50	0.3861437032498196
96	159	0.3840826200997028
96	99	0.38064181628859506
96	100	0.3686155446337195
96	119	0.36473789787942024
96	55	0.3571627480192391
96	160	0.35040029167809605
96	177	0.34778345242533315
98	198	0.6020777420018139
98	97	0.5445493163790791
98	177	0.5430773992936786
98	79	0.5073019382063647
98	80	0.49707220300420046
98	181	0.48921665200188996
98	135	0.456285499293702
98	60	0.44091013073367347
98	52	0.4395718593616436
98	71	0.415590457899476
98	164	0.3973178864999965
98	89	0.36395737223234126
98	85	0.3611606414894664
98	185	0.3579999980694586
98	156	0.35600185900474646
98	50	0.332369794323308
62	41	0.7254950546829606
62	37	0.7135110932957522
62	167	0.608004850429074
62	42	0.5966505500199158
62	69	0.5558241010617045
62	63	0.545751123042027
62	31	0.5331171768166915
62	146	0.5131231909993627
62	174	0.4720540086849033
62	172	0.4421338190457356
62	171	0.42973368474293727
62	66	0.41146207058537954
62	170	0.3807444250181648
62	47	0.37621221060732113
62	49	0.37209277431124554
62	195	0.369652032753751
62	72	0.3389006435175782
62	51	0.3327433448897597
62	134	0.3312307115322348
134	142	0.6741271692718315
134	146	0.6316519597329816
134	165	0.6122296210075572
134	2	0.573041679119052
134	171	0.5714881757985756
134	138	0.5173760279489111
134	170	0.4913284289453372
134	175	0.4701321742034963
134	70	0.4487867487399875
134	167	0.4475400758379716
134	172	0.42815062877875365
134	31	0.42215379229968575
134	144	0.4164504618377632
134	156	0.4025094887312771
134	143	0.3982438337883434
134	30	0.3887698209449124
134	174	0.388710399266072
134	7	0.37017856196111815
134	169	0.3301084831314836
69	94	0.555091146355897
69	42	0.6996068188839881
69	49	0.548364831125978
69	37	0.5421884071044056
69	78	0.5033628131140621
69	77	0.48537344651629993
69	172	0.4535256518157601
69	146	0.44668397877514493
69	47	0.43211958763141955
69	41	0.43129782387102206
69	31	0.40853378114693706
69	30	0.40772535389356745
69	167	0.4008825272732764
69	66	0.39483066991251337
69	45	0.3789816755415337
69	174	0.34901351804494196
69	72	0.3367834328807055
69	186	0.33505347396879337
69	53	0.3299569998057426
165	171	0.7541417856651377
165	175	0.7277277735112242
165	169	0.6035928238065571
165	146	0.5902893236299266
165	170	0.5493710221536828
165	142	0.5397267819840864
165	172	0.5116113584053794
165	174	0.49313177614758485
165	183	0.4854193099376367
165	196	0.4775687950550276
165	164	0.4556597490634053
165	168	0.4184734877707671
165	167	0.40646560161122747
165	179	0.39120332157345866
165	71	0.37873330011288786
165	177	0.3535455401332362
171	146	0.7131034033562096
171	175	0.6858514331787467
171	172	0.6442583659931164
171	174	0.6255551079721412
171	170	0.6193130773569685
171	169	0.5743297769287383
171	167	0.5267526076168381
171	142	0.4468040417431797
171	155	0.41859721199454797
171	168	0.41348693913814577
171	196	0.4038075563135331
171	41	0.3892111378620594
171	47	0.35064588907357175
171	183	0.34638499608580525
138	127	0.727835950229142
138	144	0.6656103550004893
138	130	0.5713669511020721
138	123	0.5408455650916022
138	146	0.5247555217847494
138	143	0.485404022427351
138	53	0.4372454040265302
138	2	0.42724367551086534
138	142	0.4045605279718677
138	155	0.3866541207561302
138	42	0.38350278198133203
138	47	0.3614475630699159
138	174	0.35806974295192695
138	41	0.357869215647216
138	7	0.35627254055318336
138	51	0.3418801725448603
138	157	0.33392556588473304
138	49	0.33354345874421315
97	75	0.5906084949587629
97	185	0.5799849311896164
97	198	0.5618209231905964
97	181	0.547399072410905
97	85	0.5454982973239666
97	55	0.49782474790919895
97	64	0.4918516829691762
97	60	0.4798273773852116
97	89	0.4652806330553233
97	50	0.4536209643660776
97	91	0.4503824952208869
97	92	0.4445361439422866
97	184	0.4445200960472767
97	80	0.42554184289209923
97	79	0.4148704601790592
97	192	0.40328015035368414
97	54	0.36970383304728466
97	119	0.3463937962296674
109	106	0.526774283225012
109	5	0.5093857938761059
109	0	0.3839632664069163
109	70	0.3636623738283744
142	70	0.6305568532412976
142	170	0.49033402822671596
142	173	0.4898857507943303
142	174	0.47027237797038784
142	156	0.46165302660659896
142	71	0.4565625862717151
142	146	0.42272887258808167
142	175	0.4034476098688978
142	2	0.40262680017546226
142	195	0.38873586609585276
142	41	0.380658918394551
142	143	0.36711100786604123
142	144	0.3624034738466483
142	155	0.36043868795749207
142	177	0.3564471420850786
167	172	0.7156057440201136
167	37	0.7059179946743979
167	63	0.646987594908651
167	183	0.6104886762098664
167	146	0.5701870778979744
167	170	0.5165773468272699
167	42	0.5017483483787258
167	31	0.43246110014818834
167	195	0.43094774662748725
167	175	0.3965259807859896
167	196	0.3928113483404441
167	41	0.37620362593129886
167	169	0.3544202361478479
185	75	0.6404226833067926
185	181	0.6189862509159154
185	184	0.6046850510106564
185	198	0.5150507612246962
185	85	0.5014040745895046
185	60	0.4879376813664363
185	183	0.4686351913673258
185	64	0.45893398289904835
185	92	0.4547956323550726
185	80	0.45241290574390836
185	135	0.4233446524668828
185	162	0.4169545408194759
185	160	0.3921768871082653
185	119	0.38037670035329746
185	180	0.3629158758224664
185	159	0.36225579191683094
185	79	0.3528453377990413
185	55	0.3484425653829788
185	91	0.34136786260649343
37	63	0.7055666452657194
37	31	0.6273898522753993
37	172	0.49663538396693363
37	42	0.485946547245999
37	183	0.4839120654013475
37	66	0.47840975852858203
37	41	0.47267550585843915
37	92	0.47183637372105525
37	195	0.45523968933611836
37	146	0.37754205384979056
37	30	0.37675291493618795
177	71	0.7172557444984073
177	164	0.5577698340990407
177	198	0.5228907076407242
177	179	0.5212685335631132
177	156	0.5193505344559617
177	173	0.5076286289508457
177	52	0.3989419664001576
177	70	0.3909746182327281
177	135	0.38543723576616706
177	192	0.353142972138132
177	89	0.3442006809236967
71	70	0.4883794680446437
71	173	0.46375139535211063
71	156	0.4374071531708911
71	179	0.4046776076489776
71	155	0.39532014083832584
71	198	0.38376715748337964
71	164	0.3606300912462802
71	51	0.3427365127027263
41	174	0.608867683417698
41	47	0.5066704180107812
41	51	0.5054206364175855
41	42	0.5011195546900992
41	146	0.4956931078789038
41	66	0.48473872848711613
41	195	0.462187934612117
41	155	0.4137853449843819
41	144	0.3674483990516109
41	170	0.3657431529775442
41	172	0.3599426382450076
41	157	0.3550234150891198
41	168	0.33890949495111866
60	91	0.6374580033620313
60	64	0.6206059417676519
60	80	0.6156999749424179
60	82	0.5422590064494758
60	92	0.5413194089855953
60	164	0.5336394972848817
60	135	0.5168852021109134
60	180	0.5077102788405138
60	45	0.4630132352213898
60	159	0.4530091952273479
60	189	0.43392331964784087
60	77	0.4227863619078397
60	89	0.40425103927112654
60	50	0.4028530063274082
60	184	0.3959696089435564
60	79	0.3922953482239023
60	181	0.381411153150195
60	52	0.3627769410254569
60	78	0.35443772374981053
60	75	0.3477219176604641
198	181	0.6770732709209334
198	79	0.47721363015571366
198	135	0.4465719054880545
198	192	0.44363702253250265
198	179	0.4304264611393109
198	156	0.42965214834329557
198	184	0.4073667742334092
198	100	0.3864584886860247
198	99	0.38405704538879837
198	52	0.38344307558546487
198	164	0.37850200497313796
198	101	0.3762379642478261
198	89	0.36051699297280654
198	85	0.3590283296654097
198	159	0.34757246361771166
198	5	0.33815690903153245
198	15	0.33559488414025634
198	75	0.3306429942329718
42	49	0.5481899831565052
42	146	0.525870552549941
42	30	0.4863360172249622
42	172	0.4305893937233494
42	63	0.39624783124085905
42	51	0.38760626645063395
42	47	0.38724930858027035
42	20	0.38523287171245857
42	66	0.3729970449983786
42	2	0.3656738523943108
42	170	0.3629592896380059
42	31	0.3569533457283495
42	72	0.34907498981252366
42	174	0.34018347444084474
42	53	0.3371114254547807
146	172	0.7322122642210357
146	170	0.5553540029489952
146	175	0.5394290626126628
146	144	0.5135945270869336
146	174	0.5037360320898708
146	155	0.4980127671352183
146	168	0.4867939699056882
146	47	0.4483074654674193
146	195	0.39834479718475474
146	153	0.37578289770042334
146	196	0.37118779675576435
146	157	0.36651384833590955
146	169	0.3451435660078934
146	2	0.33456512748256245
172	175	0.6623450362160715
172	170	0.628667624836879
172	196	0.5553470870912738
172	183	0.4987042747319469
172	195	0.47824009337138873
172	174	0.47216280459593996
172	169	0.38896504083153616
172	168	0.3599861595265717
172	66	0.3319783437610572
17	119	0.7317945103576653
17	18	0.6505317285949693
17	120	0.590562910361854
17	48	0.5340470537380121
17	124	0.5658316481413961
17	117	0.5569081177333968
17	16	0.5399535252151996
17	14	0.5333604999683662
17	118	0.5097485610960916
17	46	0.5063284271873958
17	15	0.499507730320123
17	123	0.48004288281868107
17	115	0.4745991600475156
17	29	0.45104388698385195
17	154	0.43063826802704624
17	152	0.4151270707435888
17	116	0.398370036525805
17	75	0.3877167298635781
17	130	0.3816418512807704
17	133	0.3802826119246408
17	20	0.37516440367134163
17	53	0.364165562450464
17	49	0.357869215647216
119	124	0.660663426779919
119	118	0.5802038830436378
119	117	0.5662665846868761
119	120	0.5653963964727386
119	154	0.5278355486771444
119	18	0.526543041419539
119	152	0.5014939004588649
119	48	0.4892622906862471
119	123	0.4879833950372023
119	14	0.48780052429414034
119	46	0.4870838682855649
119	133	0.48436377555866267
119	15	0.47331981256456035
119	115	0.4629660967872625
119	29	0.4428415190764406
119	75	0.4233118207387257
119	130	0.3964922695654502
119	16	0.39607078910361365
119	192	0.37319502884700484
119	116	0.36985922013875927
119	184	0.35188191406974095
119	20	0.35169790286000474
119	89	0.34671935868390497
119	181	0.33367676438789895
119	135	0.3335967826026675
127	130	0.7025003005942962
127	143	0.588396569153157
127	123	0.6230286408258785
127	53	0.4948780404403998
127	144	0.4367923559259686
127	7	0.33115058338435344
175	196	0.726625133103042
175	169	0.5647020628351695
175	170	0.549671173566961
175	174	0.5387693466974565
175	183	0.5360668619988999
175	180	0.5266080860552692
175	195	0.4347590077182815
175	168	0.4205582223833971
175	179	0.3680277940450161
175	92	0.34856556167118347
175	189	0.33550614355508956
196	183	0.7011555930815242
196	195	0.6495905336104376
196	180	0.45524761686828136
196	169	0.43753653211235993
196	92	0.4155242729334458
196	170	0.3838012658705277
56	163	0.7264362718542053
56	57	0.6102439695651996
56	161	0.6244155431422492
56	58	0.5936152223599421
56	162	0.5532688620787463
56	99	0.4595258137791081
56	54	0.35941155251176027
163	161	0.6247692760274228
163	162	0.5603477779381713
163	57	0.5738671934240087
163	58	0.550075804250122
163	99	0.48823477237568347
163	101	0.3501107757315243
163	54	0.3326722004467698
79	181	0.7226789435792353
79	135	0.5466282188797812
79	100	0.4940696602699922
79	99	0.4790110108438643
79	52	0.46854154037430773
79	80	0.4667758141017386
79	164	0.39634055584105987
79	156	0.3955141792490641
79	85	0.39059333869513074
79	7	0.3780649851720254
79	31	0.36814018088795575
79	101	0.35333552098469617
181	135	0.593135772320756
181	100	0.5330455943931699
181	80	0.50606067104427
181	99	0.4763559596559557
181	85	0.4638534307036913
181	52	0.4408215106277179
181	75	0.4368085400333407
181	192	0.4024508280507655
181	184	0.3901780151858526
181	164	0.3881414853544689
181	101	0.3824190391960645
181	160	0.38031682680957213
181	156	0.36799321131422597
181	183	0.3567089977063864
181	131	0.337793742239866
181	7	0.3347072104636639
181	159	0.3325387944096408
0	101	0.5061127423814027
0	5	0.5884750183509609
0	10	0.4803737248035856
0	7	0.45330321551973396
0	156	0.4377224826063555
0	106	0.4297989088172954
0	15	0.4163926003202073
0	52	0.4132464920327455
0	70	0.3945267475792591
0	104	0.3874023047491798
0	46	0.3860671202149017
0	100	0.37565407235776604
0	99	0.36946207868666614
0	164	0.36395737223234126
0	135	0.35169790286000474
0	43	0.3463673956151871
0	8	0.34098791562576153
135	164	0.7162589145779095
135	7	0.6697998328599719
135	52	0.6558522388951381
135	100	0.5595652265668754
135	148	0.5570667636799524
135	156	0.5575286745455953
135	104	0.5080367871999311
135	189	0.49431906500361006
135	46	0.4680965543504527
135	118	0.454890806472378
135	159	0.45220609755596197
135	80	0.4373909795297568
135	154	0.43259116753072246
135	152	0.421537257579198
135	143	0.41059777412371873
135	45	0.4035648154517011
135	173	0.3884387161292453
135	110	0.372859297066115
135	192	0.36335862279153797
135	179	0.35574858668772424
135	184	0.35188191406974095
135	18	0.34761642252285646
164	173	0.6455958826990751
164	179	0.6350534889574173
164	52	0.5444860013324322
164	156	0.5357817479502418
164	7	0.5135798025224514
164	159	0.4854804570104319
164	180	0.4741496781005163
164	45	0.450167237035858
164	189	0.42973368474293727
164	154	0.41769779572544097
164	148	0.40602306989068987
164	192	0.3921768871082653
164	46	0.38708778948319306
164	157	0.37510425447491597
164	82	0.36985922013875927
164	89	0.36092583659097394
164	80	0.3562987323695382
164	100	0.3432306355552675
164	15	0.3389714533059345
164	152	0.3389449000853036
164	153	0.33318791182258406
164	104	0.3326544137442883
89	50	0.6188073305575097
89	179	0.5996817095191572
89	192	0.5917143922640925
89	82	0.42910567376204717
89	91	0.42173459113309586
89	52	0.3456279557632106
89	115	0.33527539016811714
89	159	0.3314087569781845
123	130	0.7110280393445632
123	18	0.5080293681760115
123	117	0.5023018467274265
123	120	0.4690954888679408
123	118	0.4677372696297516
123	124	0.4498243104087902
123	16	0.36292455871162527
123	143	0.3525739030656934
123	48	0.34086418790622225
123	53	0.3383163163098471
130	53	0.5695793681780713
130	143	0.5389325638151546
130	144	0.4774221154186274
130	118	0.4738240367957635
130	18	0.46269892952947067
130	124	0.44190852620884447
130	117	0.40812548037199736
130	132	0.40617338505141937
130	155	0.4048281191698926
130	133	0.40043760738817025
130	28	0.39515982162115904
130	156	0.37511284741066586
130	51	0.33875015996905283
130	29	0.33725323474657787
130	20	0.33219187643480946
63	31	0.5877489405302675
63	92	0.47491674804293743
63	30	0.40558034767040313
63	183	0.40110911190645715
63	77	0.39631526811547696
28	131	0.7032188038933778
28	132	0.6838283507010012
28	29	0.5554300723141464
28	53	0.4262704003560891
28	133	0.4071916082656945
28	116	0.4018221134003498
28	52	0.3939946757555854
28	110	0.3937919122195034
28	124	0.3675089462113374
28	16	0.36686006459981385
28	188	0.35386924982728957
28	104	0.3459801235832888
28	148	0.3426482565098724
28	20	0.33546177102938196
131	132	0.670598540454258
131	29	0.5094228192387152
131	133	0.5013741302307922
131	118	0.3968883088575073
131	110	0.39682933364222306
131	116	0.39345388782107343
131	100	0.39334400697643584
131	124	0.3584184074185261
131	156	0.3578866541148898
131	143	0.3426835597128827
131	104	0.3338011709498322
183	169	0.5530467768258119
183	92	0.4731102743355722
183	195	0.4580494234487321
183	170	0.35475245818085593
5	106	0.5986368667192777
5	101	0.4710041675199516
5	99	0.4048197579941052
5	156	0.3794440222376798
5	70	0.3758344237714323
5	15	0.3729109544670719
5	52	0.3601689317994718
5	7	0.35226737317714935
5	152	0.3485919164570609
5	8	0.34320416950083205
92	91	0.6503528819078823
92	64	0.6046089227682984
92	80	0.4765260205310535
92	50	0.4060397726603879
92	77	0.39938752016383444
92	31	0.3823848884465483
92	75	0.3684167795921525
92	180	0.3359231725089569
184	75	0.5616840363611916
184	161	0.4604797744783974
184	159	0.45943903743018943
184	180	0.42870581424170956
184	160	0.4115866677390651
184	85	0.4035648154517011
184	58	0.37857910860728133
184	54	0.3698419559279096
184	55	0.35718892078193604
184	80	0.3543327944194067
184	91	0.33581670954320203
184	192	0.3346006496541832
70	2	0.5379739721818256
70	156	0.4482675135510952
70	144	0.3961550985570833
70	173	0.35326550668499357
70	106	0.35113693917667516
70	7	0.3490486451370989
70	153	0.32899423844808573
170	169	0.6665394493523985
170	174	0.6276020393639676
170	195	0.411470377540844
170	66	0.39318339168121313
170	168	0.3787589966535378
170	47	0.3320139349035896
46	154	0.6850190533028139
46	14	0.6111155968491613
46	152	0.618615999839444
46	52	0.5507031684412788
46	43	0.5218800201277498
46	148	0.4917910340291261
46	7	0.4864047271723773
46	15	0.4841188122440538
46	156	0.4728463352219303
46	118	0.4699140322867895
46	115	0.4695087592755361
46	117	0.45096422744992143
46	124	0.44702811622597516
46	48	0.44553857092232
46	155	0.4420694553543992
46	116	0.423689318471558
46	45	0.4211424706857463
46	18	0.41967707627000495
46	16	0.41866319189481593
46	100	0.4147462700763793
46	54	0.40525444935070665
46	159	0.4041255444977717
46	101	0.3966860944789542
46	29	0.39326792903911334
46	51	0.37679581699003284
46	189	0.37377157066702976
46	99	0.37295400053542044
46	161	0.37196353505377
46	53	0.3551282856258055
46	153	0.3526351999677765
46	122	0.35185562841870893
46	192	0.3487676009414363
46	133	0.3487061141591777
46	50	0.34846013701609496
46	49	0.3371025618660326
46	82	0.3325565826503371
46	104	0.33158677882337084
46	179	0.33014412379642777
154	152	0.6524827991337645
154	153	0.5810324859813979
154	14	0.5297661372637752
154	155	0.5183859106959172
154	124	0.4434522708601287
154	156	0.44119204660713013
154	118	0.4351644118605505
154	115	0.4260412508189529
154	45	0.42450126012320055
154	52	0.4176812850164845
154	7	0.41683061073279004
154	173	0.4152760401232843
154	117	0.41285667950147126
154	15	0.4087087171676669
154	148	0.39677878084983614
154	48	0.3966860944789542
154	43	0.3915420525347982
154	51	0.39073739339182656
154	157	0.3865690676087085
154	53	0.36948798333270727
154	179	0.34897838997198494
154	144	0.33574572946544246
154	49	0.3341476707675934
154	18	0.32870884431891767
132	133	0.5200074747346557
132	29	0.4939109058149482
132	124	0.4093582165841301
132	116	0.36230791702828435
132	20	0.36045608951109037
132	110	0.33371231030612236
20	124	0.6829916183686208
20	49	0.6642547453222674
20	53	0.5654168059339952
20	29	0.42935855929384636
20	14	0.4240010534639511
20	43	0.42265495274893145
20	188	0.4139925189707449
20	51	0.40307916327567994
20	133	0.3823080454404935
20	116	0.3586798401735566
20	77	0.353633037594616
20	15	0.3422245426109867
20	186	0.33687208758660003
124	133	0.5493361116207693
124	53	0.5315979956205953
124	29	0.48372824506907625
124	49	0.48117333576661775
124	116	0.47736806884384375
124	14	0.47588424079393166
124	18	0.433135629115429
124	117	0.4237549552355632
124	118	0.41866319189481593
124	15	0.3964669854483038
124	120	0.3901780151858526
124	48	0.3846621554173931
124	144	0.38323834361079323
124	188	0.36432168123498515
124	152	0.36162142163127725
124	115	0.34546064192776244
124	43	0.33989163087169333
124	75	0.3375279466963073
78	77	0.6093394280147832
78	45	0.5803630681032164
78	31	0.391067799498155
78	189	0.37553382227190185
78	94	0.37434782379617215
78	49	0.3696261317452875
78	43	0.3693239108766166
78	30	0.36583843465787685
78	82	0.3653619495999713
117	118	0.6757333504908606
117	120	0.5509609045406648
117	133	0.539762215777869
117	15	0.5362022483485037
117	18	0.5116039758294298
117	152	0.5097855679730736
117	16	0.469103288325577
117	115	0.4611965160629395
117	116	0.4448329785240617
117	14	0.43324123432693756
117	48	0.37802213101862914
117	156	0.3728334674988612
117	29	0.36670427984953935
117	155	0.3591241467333433
117	54	0.33815690903153245
118	18	0.6461728876203658
118	15	0.5744637905948103
118	152	0.5381800093932031
118	16	0.5287799155606494
118	133	0.4926018185609489
118	120	0.4766960457529796
118	116	0.4553665211888536
118	115	0.4456748148165924
118	29	0.4335579785852988
118	156	0.4237795678748014
118	14	0.4189435571600786
118	48	0.4058059092014521
118	143	0.39789038591406606
118	43	0.3921599630297386
118	52	0.352696493843772
7	52	0.6047040813451025
7	156	0.5345400796670595
7	104	0.5026905454499495
7	100	0.4685805629013387
7	148	0.45819954661967643
7	144	0.39682933364222306
7	143	0.3862032641526185
7	43	0.37826209340842054
7	173	0.37542215015548275
7	10	0.3689784199162718
7	110	0.36351484726408284
7	101	0.34654338934659346
7	18	0.34349526611777864
7	15	0.3410409381753787
7	2	0.3359231725089569
174	47	0.47479282597438
174	168	0.43526168261278925
174	173	0.4283792737332651
174	157	0.3978062142411569
174	169	0.3602646586239869
174	153	0.35147004179706
174	66	0.3471855593843713
174	155	0.3413590278965111
144	157	0.6200214915140484
144	155	0.5612046902404321
144	53	0.508630064846151
144	51	0.46953214579187275
144	153	0.45512076769254456
144	47	0.44154633162318985
144	156	0.379332733858286
144	143	0.35479616494023625
144	49	0.3543153053300539
144	14	0.344482738132299
144	2	0.33275223767883355
144	148	0.3316134800639927
58	161	0.6655212314529502
58	54	0.43529410393900736
58	99	0.418572468392604
58	162	0.4074334962437405
58	57	0.40587273275704255
58	133	0.34477354450530934
161	162	0.5582174520798365
161	99	0.4703268952479772
161	57	0.4537003835652602
161	54	0.43093146080632916
161	159	0.38428719656777616
161	152	0.36985058806526033
161	133	0.3633499430548873
161	160	0.3523549608612085
8	107	0.6114162467438862
8	10	0.6097604887098094
8	4	0.5567425308009497
49	53	0.5815886314643715
49	51	0.5248859431598843
49	47	0.44407866713225896
49	94	0.3818212502946809
49	14	0.3661155741208843
49	77	0.36404412257782914
49	43	0.34802956152061504
49	186	0.3462881904798811
180	159	0.5203211292384436
180	91	0.5116704162935144
180	189	0.5031462600040175
180	179	0.49596460322237024
180	82	0.427423500430753
180	80	0.4210437490147874
75	186	0.43742332652904914
75	85	0.4897717406247164
75	55	0.459912256386777
75	64	0.4577570033347154
75	80	0.4197100305628471
75	77	0.3895759381030898
75	91	0.373212243227925
75	133	0.3517417175187483
75	116	0.3341654375555388
192	179	0.5146171431062749
192	152	0.37542215015548275
192	159	0.3599861595265717
192	52	0.3467545496232836
192	50	0.338041769482967
91	64	0.6501393253116551
91	82	0.5741286986970061
91	94	0.504765141059366
91	77	0.4665333217155318
91	50	0.45573105981618073
91	80	0.4345724626088749
91	55	0.4085837659306285
91	189	0.37082560807204634
91	45	0.34937352423082024
52	156	0.659986661964433
52	122	0.4174913920382881
52	148	0.5139257498109817
52	100	0.4593285821183396
52	189	0.41481250672104253
52	152	0.41144545646937086
52	104	0.4087420349103395
52	159	0.36986785214840556
52	45	0.3676646246026817
52	43	0.362742204805773
52	173	0.35925479417165096
52	99	0.35789537325511295
52	179	0.3378734704006933
52	101	0.3332856966780049
52	18	0.33131973720470814
156	173	0.5055695313607413
156	155	0.47980428408215725
156	15	0.4461715293564388
156	100	0.42989673651903454
156	148	0.42828945546947433
156	152	0.426646741565969
156	143	0.4206899144458584
156	101	0.41360299641620674
156	179	0.4102984224794895
156	10	0.39842051339807594
156	14	0.3831018347019687
156	104	0.3761091902322021
156	43	0.37349624340523907
156	122	0.3731605993142483
156	153	0.3519958121442835
156	157	0.33691641269979866
85	160	0.47429694942702405
85	55	0.40703309895541634
85	162	0.34318652516176157
85	64	0.33240537506304324
85	99	0.3303846736597601
152	15	0.5956836732319809
152	115	0.5189926086380584
152	116	0.5003777965400247
152	14	0.4871982723218411
152	148	0.4712842558423599
152	43	0.4492657739668932
152	133	0.4057557886873167
152	155	0.3697383652996313
152	120	0.3508475937187365
152	99	0.3473702329766402
152	48	0.34734385268409895
152	122	0.34002429515886584
152	45	0.33512449119864285
195	66	0.4216688177193509
51	155	0.6505317285949693
51	53	0.6021542367618621
51	47	0.5654780301634822
51	157	0.48061215402625707
51	153	0.45058973140705366
51	14	0.40413391128940185
51	50	0.39815969025277453
51	173	0.3803253803681538
51	94	0.37105845661238107
155	153	0.5903479607809055
155	157	0.543676429525219
155	47	0.4962133888020974
155	14	0.4698516954793066
155	173	0.4692514641168687
155	179	0.4537480316258436
155	168	0.43364729734791624
155	53	0.41210980776126666
155	15	0.39443386519773066
18	16	0.5941718920700497
18	120	0.48248634163501375
18	15	0.440757054243093
18	48	0.43541567385675684
18	29	0.4242060875026829
18	116	0.4014614793456111
18	53	0.39819334847114507
18	14	0.3831530275042387
18	115	0.34778345242533315
18	133	0.3303935820900018
64	55	0.5131968576781949
64	77	0.42276993673511143
64	80	0.4004795890337132
64	50	0.39021192510125696
64	82	0.3901271483280979
173	179	0.5660083791193687
173	157	0.5248786981743899
173	153	0.4994852152219154
173	50	0.3931749375797682
80	160	0.36960886408718363
80	159	0.3674397492030872
80	189	0.3454518353278906
80	82	0.3338011709498322
77	94	0.4555646589612438
77	186	0.3583748298253506
77	82	0.35813948383874467
77	45	0.3515752136179521
179	168	0.5007075576232106
179	159	0.48015061381409935
179	15	0.41562354873222107
179	82	0.3867816881451403
179	153	0.3503476573934395
179	50	0.34728229653015874
106	101	0.44504150654324287
106	15	0.3373950287349954
45	189	0.6306411815240942
45	82	0.5242553449262093
45	148	0.4710197304748287
45	43	0.3973852554382674
45	157	0.39560696775052284
45	153	0.39072892011582455
45	31	0.3897031652557076
45	94	0.3623861004462842
189	148	0.510251692973465
189	159	0.49927504176788173
189	82	0.45763052070792176
189	54	0.3869602576227608
189	157	0.3795809774792536
4	107	0.6290786974143526
4	10	0.5557342568263955
107	10	0.5926169742928229
107	104	0.4491220935017346
107	110	0.4091500888261353
31	30	0.6182392960455283
53	157	0.4870228459634355
53	14	0.3713602278765077
53	29	0.36849456122978336
53	47	0.346076952650745
157	153	0.5822235612492954
157	47	0.41952052827014935
157	168	0.37667568716607774
157	148	0.37200661640892896
10	104	0.5296870043903046
10	110	0.5057630497754866
10	15	0.33855539082461117
10	100	0.3297163737124632
50	66	0.38201770192160284
50	82	0.37412423747568363
50	94	0.34398028048998064
30	2	0.4952102102092526
15	116	0.6115226846090751
15	14	0.6072983999420258
15	115	0.5801773478896559
15	43	0.5407323575241632
15	16	0.49881696040853213
15	120	0.4592496767688895
15	29	0.43767397739081104
15	133	0.376383890561931
15	159	0.3480119838897805
15	101	0.3462705886681948
116	188	0.4774221154186274
116	43	0.5320139613917513
116	115	0.531970942349906
116	14	0.46726840499477723
116	120	0.4444318275242852
116	16	0.44204531779639283
116	133	0.433866498183316
116	148	0.3995051821293081
116	110	0.39287054565973406
116	29	0.3858032934729619
116	186	0.3525563891093389
116	54	0.3456719820681475
14	43	0.4717042101470058
14	115	0.45524761686828136
14	16	0.4259266555452135
14	48	0.4063821196467804
14	29	0.3830677048596087
14	101	0.3464729947808178
14	148	0.336446490546469
57	162	0.5381231779642821
57	99	0.4434040685726536
133	29	0.5587610429358412
133	162	0.3674743482157748
133	115	0.3514963355840993
160	162	0.3799147361836334
2	104	0.3362691178617508
16	120	0.4399509660035763
16	29	0.4046692452547984
16	115	0.3891771967460605
120	115	0.49713243414693403
153	47	0.5497967762265463
153	168	0.4267939653185468
143	104	0.36666100265752183
82	159	0.46822148669105174
82	94	0.435148199080755
82	168	0.3965934000188925
159	54	0.4368085400333407
162	99	0.3371468792121603
100	101	0.4787643975460498
100	99	0.4384012880425495
100	148	0.3752159576110206
100	104	0.36020374243156744
29	48	0.3612388996147107
29	43	0.33154227557516797
104	110	0.5305928832357748
148	151	0.3921261140762526
148	43	0.5211301468267905
148	188	0.37776497208227505
148	59	0.3479504602549787
148	110	0.3375545286736905
99	101	0.5158731759042389
99	54	0.3696606662955835
55	158	0.47129203471720105
188	186	0.36804508502859884
72	178	0.44891451403726246
151	59	0.35494475632229233
