19	121	0.9220589883121226
19	124	0.8430717220194517
19	120	0.8140433591382961
19	20	0.7730647317064894
19	117	0.6420948364525562
19	115	0.6377132017310566
19	17	0.6288913402853543
19	23	0.5942495217061562
19	16	0.575909176175238
19	15	0.5628329297037677
19	14	0.5402864123008025
19	116	0.5084521322194031
19	186	0.4970044372425305
19	119	0.4685727585422086
19	152	0.42981521413509266
19	43	0.4264749519397012
19	106	0.41584688307233075
121	124	0.8445404675354211
121	120	0.8318153090712204
121	20	0.69970381054698
121	117	0.6542537055939702
121	115	0.5885861357495943
121	186	0.5761296827048245
121	23	0.5701398339436653
121	116	0.5577698340990407
121	16	0.5530328938870025
121	17	0.5526648841073707
121	119	0.5197082781490414
121	15	0.4883566231450854
121	75	0.4868092303897292
121	14	0.4661029206580403
121	161	0.4632253257629222
121	188	0.46087366294538523
121	118	0.45429579782032764
121	187	0.4410390173612452
3	103	0.9113610939113888
3	11	0.8417360933695984
3	0	0.7918975659180228
3	106	0.8177540779702877
3	112	0.8173561537547558
3	102	0.8130288844743
3	9	0.8098868177812774
3	109	0.7999595724480056
3	176	0.7534465972209964
3	1	0.7526370224372045
3	12	0.7485284575647251
3	13	0.7111269131082943
3	70	0.6920920325224832
3	113	0.6821210083178346
3	139	0.6462602482420965
3	110	0.643532471826827
3	108	0.6270744307737637
3	101	0.6136592646405405
3	5	0.5916883966857085
3	114	0.5691130352317684
3	111	0.5657976554524193
3	10	0.5520255626198469
3	156	0.5445422816803516
3	6	0.5301472845661506
3	2	0.525870552549941
3	100	0.5193870472589022
3	104	0.5057630497754866
3	36	0.47217834569489847
3	8	0.46459085854670035
3	144	0.4606137169160242
3	20	0.44386188672818994
3	129	0.43694609352853375
3	30	0.43503470172087544
3	197	0.43410187892071944
3	115	0.4313629401990906
3	15	0.42924436125826726
3	52	0.4257301747080607
103	102	0.8174225286870628
103	112	0.8366494898236789
103	9	0.8031059113300993
103	11	0.7951195018055747
103	106	0.7862372812721045
103	109	0.7699886993454392
103	12	0.7647675319869364
103	108	0.7357731045399948
103	176	0.7313994594457126
103	113	0.7186222116116628
103	0	0.7034815591102044
103	13	0.7022368278410203
103	1	0.6934494100219237
103	70	0.6573313437551291
103	139	0.63245063931
103	110	0.6241958558857165
103	111	0.6113097867499321
103	6	0.6073804479889149
103	114	0.5554577315970106
103	5	0.5526718296842434
103	101	0.5513368713709879
103	8	0.5011420207281047
103	10	0.4893991906623336
103	156	0.48118102045185024
103	100	0.47049042554234466
103	197	0.45377979555826553
103	2	0.4535971372012091
103	36	0.4457789873952102
103	104	0.43207079000657445
12	113	0.894619929629304
12	112	0.8662856945497874
12	13	0.8348100172267903
12	111	0.8259638138789109
12	110	0.8128932467573772
12	139	0.7347624667853192
12	11	0.7343066124628173
12	70	0.7327359983367242
12	10	0.7156398958986468
12	102	0.7142613536093758
12	176	0.711413488015108
12	108	0.7101468233353729
12	9	0.6817625882428302
12	8	0.6547224547233544
12	36	0.628867159849808
12	6	0.6277050680362359
12	109	0.6075634315605049
12	114	0.5971011674283405
12	106	0.5871464278158703
12	1	0.576390173251442
12	0	0.538322066556342
12	104	0.5112790677080683
12	156	0.48830331577625785
12	2	0.4731568430136882
12	129	0.4460593920173283
12	105	0.429285147846779
113	111	0.8669082177839798
113	110	0.8321538907542433
113	13	0.8134352686363738
113	112	0.776779963492105
113	139	0.7258832223517224
113	102	0.7134669092857744
113	108	0.6767265147665953
113	8	0.6730127109714188
113	10	0.6517758847312847
113	70	0.6371016787432324
113	11	0.6248424301447463
113	176	0.6204522058522384
113	36	0.6193500630613132
113	114	0.6135657426866119
113	9	0.5990088851723114
113	6	0.5828577816624552
113	104	0.5650357151598423
113	1	0.533689561436751
113	109	0.5218945728007446
113	106	0.5190656695132274
113	0	0.4611099089144753
113	105	0.447771961021227
113	2	0.4349049735228518
113	156	0.4158965061163261
11	112	0.8812867118259701
11	109	0.8496241627309987
11	176	0.8462806645159647
11	9	0.804944325918415
11	106	0.7911131763283454
11	70	0.784166622980935
11	0	0.7324533822975688
11	102	0.6326486000290036
11	139	0.6268134460243417
11	13	0.6244643491224866
11	1	0.6238050569191755
11	110	0.5987266879371026
11	156	0.5809728667513738
11	5	0.5510096536061838
11	108	0.5344972222783778
11	10	0.523870905286944
11	101	0.5214724219516732
11	114	0.5192190726639012
11	129	0.5154400579573101
11	2	0.5084743761729741
11	52	0.49893713987829863
11	36	0.4913056707186438
11	30	0.47792380394220635
11	43	0.46055856668764245
11	104	0.45846812284807764
11	115	0.4561983965324986
11	20	0.4533747190599222
11	15	0.4480677271067404
11	111	0.4462596274386324
11	100	0.4394024206413348
11	124	0.4339476706474195
11	144	0.42665492125664944
11	17	0.4161528523877459
112	176	0.839181571755034
112	9	0.8101962671488045
112	70	0.807429738649739
112	109	0.7929022406198983
112	139	0.7325321695337231
112	106	0.7278218422762113
112	13	0.7239853477423283
112	110	0.7120796005167745
112	102	0.7063541880895184
112	108	0.6905937658878133
112	0	0.6487458061468577
112	1	0.6260904522431521
112	111	0.616704851701334
112	156	0.6001873715166661
112	10	0.5929477648998656
112	114	0.5807674639008633
112	36	0.5514064702989371
112	52	0.5078958128554566
112	129	0.5043178783640442
112	2	0.500265344791505
112	6	0.4722948945807238
112	101	0.46521011384857863
112	104	0.46447322704988164
112	5	0.45443070200611324
112	20	0.43672761666887333
112	100	0.43197318716659183
112	30	0.4250012077967496
112	8	0.4158055286440177
88	90	0.8794194261361932
88	85	0.5680641397672821
88	193	0.7926050073122877
88	194	0.7481148438216676
88	87	0.7150979415254655
88	73	0.7019883792863035
88	94	0.6664616405693955
88	65	0.6649749354670161
88	83	0.6606859671377039
88	55	0.6529419723111953
88	91	0.6489368777642136
88	82	0.6452108027438868
88	92	0.6137278364652543
88	81	0.5959997098314526
88	184	0.5876507491967901
88	84	0.5782369549548025
88	89	0.5734042434373552
88	180	0.5716968932073608
88	74	0.5528385004973019
88	185	0.5521715519272616
88	190	0.5515108543001291
88	93	0.5336681058296782
88	191	0.5294567472328507
88	80	0.5076508980069587
88	4	0.49782474790919895
88	54	0.4812117584532345
88	66	0.47877981309147233
88	63	0.45864186285701136
88	97	0.4566575671400719
88	78	0.45219814242353523
88	107	0.44613949154602583
88	86	0.4316721813792883
88	76	0.4273989808418145
88	75	0.42272887258808167
88	158	0.4173757871508168
90	194	0.8342636307616296
90	193	0.7562215258862931
90	81	0.7292904537576338
90	73	0.7286531578678492
90	94	0.7086117730758245
90	65	0.6955304916709772
90	83	0.6664616405693955
90	91	0.66306849345312
90	185	0.6549851912891884
90	55	0.6358404821144368
90	87	0.6291753692820471
90	74	0.6253420230447031
90	82	0.6125920936922069
90	92	0.6085277604101378
90	84	0.607210026017415
90	180	0.5854270079564783
90	190	0.5792744198257103
90	78	0.5783501029752973
90	184	0.5782902038533643
90	80	0.5732767001044656
90	93	0.5270632258683934
90	75	0.5173174397604098
90	96	0.507027108077727
90	76	0.48815098892758757
90	63	0.4855110287657705
90	85	0.47184414738874025
90	86	0.46291109863746716
90	107	0.45672879596040705
90	89	0.4285670482045571
90	191	0.4172353916236703
83	190	0.8775706633506364
83	87	0.7875320403119855
83	193	0.7580139641450114
83	55	0.6830609701289638
83	191	0.7013029935476447
83	93	0.6796697551580484
83	89	0.6407705685023765
83	185	0.6345937998233867
83	194	0.62344451258641
83	74	0.6145437529821333
83	81	0.5855124472319834
83	97	0.5432536420962303
83	198	0.5054727530722618
83	195	0.5018979830799177
83	96	0.4987944246221016
83	192	0.4825170293199472
83	158	0.4821947495537027
83	180	0.46624380348878075
83	91	0.45758308494710453
83	184	0.45725096169500534
83	179	0.45573105981618073
83	95	0.44917797199906356
83	73	0.445073583494501
83	183	0.444391702615145
83	99	0.4433076563033285
83	82	0.43581269158335934
83	54	0.4163430020489818
190	193	0.7368216169267163
190	93	0.7007028517350512
190	198	0.6897978490440697
190	185	0.6886323890110894
190	87	0.6762492343827949
190	191	0.6631077154446846
190	55	0.6596704712763924
190	96	0.6499718712757696
190	194	0.6481315073299778
190	195	0.6344504282200698
190	74	0.5988549778439044
190	95	0.5976864071479625
190	81	0.5851969144934247
190	158	0.5479031287254107
190	97	0.5126957751807503
190	184	0.5075618177128931
190	89	0.4748315536435869
190	99	0.4734827497212315
190	180	0.47109754085089744
190	181	0.46652549821243555
190	183	0.46176318219399026
190	182	0.45493838963486344
190	75	0.45090846150103187
190	197	0.44851518655904604
190	73	0.43246922988699876
190	85	0.42235921715909697
15	115	0.8759516561258408
15	116	0.7874560696900423
15	152	0.8073601159641531
15	14	0.8034960894676273
15	16	0.7785584926184229
15	17	0.755252299521236
15	43	0.7370044006073128
15	117	0.7059280281284365
15	148	0.692399302103047
15	18	0.6766560432081482
15	151	0.6586016020042403
15	154	0.6510159829767637
15	46	0.6358404821144368
15	124	0.6141390730041307
15	155	0.5900416758565136
15	120	0.5876703888484557
15	51	0.5838473309800465
15	21	0.5826068209038358
15	20	0.5795999035747023
15	118	0.5715218448997188
15	129	0.561526578482447
15	125	0.5450134370932616
15	186	0.5359955949468003
15	53	0.5319637722425983
15	23	0.5260586264731528
15	153	0.5151756531493987
15	188	0.514131766650568
15	119	0.5091858243278112
15	52	0.5084743761729741
15	106	0.5059490771845341
15	29	0.5028175759696665
15	47	0.48901885340956713
15	150	0.48767096494129336
15	26	0.4872440292548312
15	109	0.4860000153438524
15	123	0.48419537143498725
15	157	0.4824249627115745
15	149	0.48115796617429213
15	122	0.47809353563760576
15	187	0.4675497553403869
15	48	0.4563805105161528
15	49	0.4559766409657839
15	59	0.452293599264027
15	156	0.4491460418594092
15	128	0.4464758315160558
15	69	0.4454183385807268
15	76	0.44422315852563193
15	135	0.44315498256453867
15	161	0.44030573229048847
15	133	0.43919259604141814
15	44	0.4360151863411581
15	25	0.43172099966248945
15	22	0.4274725377221894
15	33	0.4197924114539884
15	0	0.4160867048414118
115	14	0.8122137337816235
115	16	0.7871519478181839
115	116	0.7796588616641306
115	17	0.7716930705602312
115	117	0.7661753101588356
115	152	0.7599302604683603
115	120	0.6835301043999877
115	124	0.680024708236723
115	148	0.6664671988211681
115	43	0.6628779348414865
115	46	0.63435482289113
115	154	0.6327925195538551
115	151	0.5956449621907687
115	18	0.594514672766724
115	20	0.5918183622723953
115	186	0.5645181346695309
115	118	0.5516013064656105
115	51	0.5384072861731798
115	119	0.5330742282783999
115	129	0.5217126425537124
115	155	0.519525778614808
115	153	0.5154620872630596
115	106	0.5099039773018744
115	47	0.5060532319806518
115	109	0.5014489888754775
115	21	0.4963038360886575
115	53	0.49468924315515306
115	188	0.48846322694910277
115	23	0.4872364032851147
115	49	0.48683212055862424
115	125	0.4625102902569801
115	150	0.45981763347907206
115	52	0.44314694639231195
115	161	0.43920873809689814
115	59	0.43324123432693756
115	0	0.42882823806694587
115	187	0.42832211763559586
115	29	0.42813429489810706
115	48	0.4279464351668328
115	135	0.421677039638763
115	176	0.420023041152074
115	69	0.4193062642472033
70	176	0.869273771584146
70	139	0.8516694929460191
70	156	0.7466139296807396
70	13	0.7554756006650991
70	36	0.7535027930856717
70	9	0.7449674506460925
70	109	0.7052300284622548
70	0	0.7037996397253734
70	114	0.6947087662597712
70	110	0.6777604758036074
70	52	0.6461961854421486
70	38	0.6227471159187716
70	106	0.6107458063019546
70	142	0.6081876139283711
70	2	0.6006542027347366
70	10	0.5820715072735259
70	1	0.5711513789564742
70	108	0.5695591004514546
70	30	0.5531370084421476
70	102	0.552505114650474
70	98	0.5098077711937412
70	199	0.5001603745985058
70	39	0.4763404978086569
70	129	0.4751180812395404
70	111	0.4698205253181389
70	134	0.4585944826947387
70	40	0.4559291145474111
70	197	0.44475276259393814
70	144	0.43853052766573863
70	101	0.43517251814462105
70	43	0.4220798287339173
70	148	0.42203873543581016
176	109	0.8168576495685587
176	139	0.7868474426808585
176	106	0.7498883835436847
176	156	0.7284889433937313
176	9	0.7246081139749264
176	0	0.7169885898269817
176	13	0.6589638453824737
176	102	0.634886381269009
176	110	0.6328344878486847
176	114	0.6267891612193177
176	10	0.6057876691969832
176	2	0.5782968596192758
176	52	0.5768574267086387
176	36	0.5736257000238387
176	1	0.5680438203270126
176	197	0.5491824824925385
176	101	0.5328952464626941
176	199	0.5298956075275293
176	129	0.52916881604824
176	5	0.5158438203038485
176	108	0.5096745416827633
176	30	0.5086523033705229
176	40	0.4840575595538476
176	144	0.48111185562246467
176	142	0.47978119011427744
176	148	0.4734051646393987
176	104	0.4727842195649086
176	134	0.4712764768941974
176	135	0.4656644673421072
176	100	0.46244740119165456
176	43	0.4547718372024381
176	98	0.45353359492456724
176	7	0.43410187892071944
176	38	0.43211958763141955
176	111	0.42989673651903454
106	109	0.869273771584146
106	5	0.7206182916423347
106	101	0.7088954440003287
106	0	0.7310178857221351
106	9	0.7306684845857221
106	102	0.6460622065191958
106	197	0.6060977575637145
106	100	0.588233097740706
106	156	0.5823623575792439
106	1	0.540385537485292
106	99	0.5392446925241591
106	139	0.533424894269045
106	108	0.5032134729059171
106	129	0.4986667090929527
106	10	0.49339661779410326
106	52	0.48788434536746106
106	20	0.4854651706874925
106	110	0.4810811137755751
106	124	0.47859480706276986
106	104	0.4749090034653331
106	13	0.4745294290618645
106	40	0.46694004327236915
106	144	0.46497500717843954
106	95	0.4632174715035637
106	135	0.4531204577438745
106	30	0.43843359964834
106	2	0.4358045908750772
106	117	0.4295053651673973
106	148	0.42259745565256096
106	16	0.42128230930605765
106	43	0.41865494464897046
106	17	0.41774732619714217
109	9	0.8265032882853188
109	0	0.6976359013315826
109	156	0.6249887054711682
109	139	0.6084521916164383
109	102	0.5910706400289105
109	5	0.5869170400104503
109	101	0.5677863808064595
109	108	0.5447603217145147
109	52	0.5351540667998401
109	197	0.5247555217847494
109	1	0.5225927438021621
109	13	0.5128800373198344
109	110	0.5098965772848023
109	129	0.5098891771922651
109	40	0.4947421111030318
109	124	0.4771518464250269
109	144	0.4765723945821968
109	20	0.4694463920111139
109	100	0.4654999883733931
109	2	0.45846812284807764
109	10	0.45237313871624985
109	114	0.4504781487237079
109	17	0.44958498069214303
109	30	0.4449933889749946
109	36	0.4299211918675069
109	117	0.42082158878102566
109	43	0.419652359824275
44	149	0.8678246137319774
44	33	0.807499338852785
44	136	0.7698258022213971
44	42	0.722917724850492
44	45	0.7047874213593445
44	34	0.6719664944485845
44	138	0.6438897097812408
44	46	0.632306615966407
44	17	0.6317541214480874
44	154	0.6187456189901935
44	48	0.6149170168905422
44	123	0.6132351605635337
44	164	0.5896112867719615
44	18	0.5852692397402762
44	24	0.5808734875124082
44	143	0.5563283698494009
44	152	0.5537058626470227
44	150	0.5458634581458186
44	39	0.5404492528987188
44	27	0.5337825277950163
44	43	0.5318418687469177
44	127	0.5280879884022487
44	49	0.5153225568204814
44	52	0.505368516075062
44	134	0.5040493907786083
44	153	0.4986742223706187
44	146	0.4936084252648567
44	155	0.48752613788803467
44	22	0.4810503707455171
44	40	0.4688302637731662
44	7	0.46504554606819826
44	130	0.4524288120512362
44	157	0.44413486097497096
44	14	0.4378437344984774
44	116	0.4313873576635144
44	148	0.426548579833845
44	2	0.41786288764182306
44	145	0.4177060509764731
149	45	0.7535805845712794
149	154	0.7388354004793529
149	136	0.7104490641787835
149	152	0.6911060376730572
149	46	0.6884377988294238
149	17	0.6763631824634158
149	33	0.6338286466147562
149	164	0.6317601302774264
149	155	0.6213616279030959
149	52	0.6124296377799197
149	143	0.6122733813744694
149	153	0.6072920880171594
149	150	0.6034656733182182
149	43	0.5980269678434869
149	49	0.5944241479102045
149	48	0.5939259918514103
149	18	0.586208620580577
149	42	0.5769508321358975
149	138	0.5766839194570168
149	157	0.5606906870193047
149	123	0.5592079415246973
149	39	0.5288519509314135
149	14	0.523660461131996
149	21	0.5208605782144442
149	125	0.5158144634920009
149	127	0.5098077711937412
149	130	0.5086745412162046
149	27	0.5022644611457767
149	156	0.4995752715660385
149	53	0.49539887855962483
149	148	0.49117669476211456
149	122	0.49110840465256606
149	146	0.48111185562246467
149	134	0.47934227842483595
149	118	0.47627864747343135
149	151	0.473451716570073
149	142	0.4666584878369538
149	51	0.46147989619936786
149	26	0.4575909910881307
149	34	0.4571481357807986
149	116	0.4503824952208869
149	7	0.4463477168720347
149	129	0.4362095397813214
149	133	0.42660584206562563
149	145	0.42089564780305605
149	40	0.4186219549750436
111	8	0.8191077726275042
111	13	0.8089903153408743
111	110	0.7926793509867394
111	6	0.7261102281428387
111	108	0.6822172444681512
111	102	0.6704939705883478
111	105	0.6188320130460543
111	139	0.5910055726333353
111	114	0.5571288314638262
111	10	0.55187953946078
111	36	0.541093138343032
111	1	0.5319135793554731
111	107	0.5068785083085512
111	9	0.47512582383084245
111	104	0.45227769051011935
20	124	0.866410415065304
20	23	0.6288913402853543
20	120	0.6182331182056066
20	17	0.5780971531557344
20	14	0.559496534047588
20	25	0.5100889532015169
20	16	0.5095634984149731
20	117	0.5047576889002268
20	53	0.474591412454373
20	43	0.47174308398703213
20	129	0.45604792571747554
20	119	0.44386188672818994
20	116	0.4425038219034665
20	152	0.4387889525046375
20	29	0.4387566533675482
20	186	0.4324041900077016
20	128	0.43068713980515066
20	150	0.4240748707264777
20	188	0.4202371487330933
20	104	0.41963588184803896
124	120	0.7492355301274835
124	23	0.6877427771563318
124	117	0.6277414258477271
124	17	0.6074056909352746
124	16	0.603090400530993
124	116	0.5756150370662079
124	14	0.566429604645901
124	119	0.5552295057574838
124	186	0.5416021370710186
124	128	0.5188976181622941
124	188	0.5003927888312012
124	152	0.49545169732447214
124	25	0.4849299623997875
124	43	0.48481522761516255
124	53	0.471875241325887
124	129	0.466838381392363
124	148	0.46665066550189316
124	29	0.46029064356964755
124	135	0.45617463971668093
124	118	0.4531204577438745
124	126	0.43952345149015
124	18	0.4393297944732944
124	161	0.4276441484324986
124	187	0.42595121282594106
124	22	0.4227370855563656
124	151	0.4190012695082231
124	75	0.41535879126760183
95	197	0.8629537391945635
95	198	0.7489678336809558
95	96	0.6808409648168449
95	99	0.601873701931796
95	181	0.597975576285255
95	5	0.5681318662330699
95	195	0.5515734764116333
95	98	0.5167825985304882
95	93	0.49431906500361006
95	97	0.49248063405893405
95	101	0.4842719232123585
95	166	0.42425528920204375
95	199	0.4164173985264982
197	198	0.6457649807626309
197	199	0.5977699608800632
197	98	0.5630993266612033
197	181	0.5572874208564284
197	5	0.5484767086709869
197	9	0.5469226542527974
197	101	0.5448798607955585
197	108	0.5431620018123919
197	99	0.5376185846141831
197	195	0.5113012251796499
197	96	0.4482275598438163
197	139	0.4365252773340853
197	156	0.43286750093648496
197	166	0.4311105893979063
197	97	0.42714557494078603
197	0	0.41957820675308877
193	194	0.8625190735146387
193	87	0.7449986006664624
193	191	0.7423212722586983
193	180	0.7070499831151043
193	185	0.68618494195133
193	81	0.6645954542626379
193	55	0.6515112188284419
193	183	0.6411240803950697
193	184	0.6240493428518117
193	74	0.6101121561925928
193	196	0.6077148174856171
193	89	0.6030585854732123
193	182	0.5975128309824176
193	91	0.590198097899565
193	158	0.5837748228712839
193	73	0.574818777897322
193	80	0.5567839316831861
193	93	0.5558655632530344
193	82	0.5425342707386199
193	65	0.5419412491064071
193	92	0.5294855336453015
193	94	0.5254508176818699
193	198	0.5158658371177165
193	160	0.5060829877833714
193	195	0.4943870703575332
193	179	0.4940016266796039
193	97	0.48414943681002565
193	96	0.4797350001840924
193	169	0.4703658339628289
193	84	0.4534859351910105
193	63	0.4473321275967778
193	75	0.42632767919506104
193	159	0.42111779120336484
193	177	0.4185064824160555
193	147	0.41456409664013194
194	185	0.7500109046902946
194	180	0.7456164785744198
194	81	0.7332033812211604
194	184	0.6723557160185862
194	73	0.6503932729480558
194	80	0.6443811849177639
194	65	0.6393301513856675
194	74	0.6260965323125414
194	91	0.6234811902307611
194	182	0.6172251091746569
194	94	0.6114851208304816
194	92	0.6086914549380072
194	183	0.5948184674402874
194	87	0.5919158162743157
194	196	0.5874346673240117
194	55	0.5797127833231512
194	96	0.5657160651516085
194	82	0.549754911435278
194	93	0.5495385660151721
194	191	0.5452945599333333
194	84	0.5358031357440167
194	75	0.5266731245257462
194	78	0.5265069028468669
194	198	0.5056737399070617
194	147	0.486313112572438
194	158	0.48537344651629993
194	76	0.48301553815505965
194	63	0.454351349126632
194	187	0.4524606238023182
194	195	0.4387566533675482
194	189	0.424738972470116
194	161	0.41777209050192166
153	154	0.8624678525099383
153	47	0.8113612323976959
153	155	0.7455987158019854
153	46	0.7369404385762011
153	49	0.6845889081179365
153	152	0.6839081993280057
153	45	0.6457533208602491
153	51	0.6421653567250534
153	164	0.62752930000453
153	17	0.6210730060633723
153	43	0.6052113022412621
153	52	0.5922794916609888
153	14	0.5800181111013757
153	148	0.574249353949527
153	157	0.5537959994346074
153	48	0.5485675947191263
153	151	0.5132336881823625
153	156	0.5122164725421947
153	122	0.4988545185537693
153	146	0.4965901814223133
153	53	0.4803737248035856
153	168	0.46207783396479574
153	16	0.458318046450624
153	117	0.4564359289237042
153	21	0.4510757487854727
153	150	0.4460513816714098
153	18	0.44603536076519074
153	116	0.42622130148763754
153	118	0.42073929439913316
154	46	0.8251038820315167
154	155	0.7865425539436056
154	49	0.7138741689467959
154	48	0.6975742996769143
154	152	0.8120435102415321
154	17	0.7583073468833961
154	47	0.7536583549557745
154	14	0.7049232796696989
154	51	0.6968239865064392
154	43	0.6964585559773067
154	21	0.650992935249002
154	117	0.6450998855740756
154	45	0.6441062584163928
154	148	0.6413949220603614
154	151	0.6257194240330457
154	16	0.6242446838100368
154	125	0.6192760889038341
154	18	0.6183813652812327
154	118	0.6145250825586551
154	52	0.6071973999443971
154	116	0.6026320785777735
154	157	0.6005774914624226
154	122	0.5975256903970787
154	150	0.5861561093618342
154	53	0.5764102061360789
154	164	0.562231399123118
154	136	0.5458704784383479
154	33	0.5282177782173382
154	119	0.5267020285336083
154	146	0.5079848524494829
154	123	0.5003328178660551
154	129	0.4991999655764983
154	156	0.4819491154286508
154	42	0.4763868824667165
154	120	0.4521344987741088
154	138	0.4415382812192736
154	178	0.4203112519967025
154	133	0.41997362506808567
154	69	0.41764826277102524
154	27	0.4171197568219386
24	34	0.856378305518429
24	138	0.6590713275876628
24	39	0.6554189310382994
24	127	0.5913243293806143
24	33	0.590725695187019
24	22	0.5752203893603884
24	123	0.5501455420747386
24	143	0.5435778037873978
24	42	0.5279870237076437
24	41	0.5002728420998462
24	27	0.4963490556921806
24	136	0.4961832373127395
24	40	0.47363789784431415
24	37	0.47024122362874277
24	134	0.4503904667410642
24	145	0.43688945632851345
24	130	0.4268675687131396
34	33	0.7886309280723086
34	138	0.7791485730680021
34	42	0.7509020066796965
34	136	0.6890212719902938
34	123	0.6186530373193653
34	22	0.6042662089621099
34	40	0.5846048126926193
34	127	0.5732095608732422
34	146	0.5568529270067493
34	134	0.5503407671641269
34	41	0.5439299696288983
34	37	0.5218072522059207
34	39	0.5177933284060545
34	2	0.5128874068227106
34	30	0.49103251967255596
34	62	0.49009092687769334
34	150	0.47607760133293603
34	137	0.47424269465754826
34	145	0.4678778777224447
34	7	0.46785444468479165
34	27	0.45607960595112845
34	144	0.4422464445496714
34	38	0.4246406158408491
14	152	0.8558709097599363
14	17	0.8124518145774522
14	46	0.7765418848268419
14	116	0.719385404174949
14	16	0.7038299184107567
14	43	0.7030924108470566
14	117	0.6742635344270388
14	151	0.6685076083238503
14	148	0.6371789055352484
14	155	0.6020586165845925
14	18	0.5992460722844576
14	51	0.5924612389166432
14	120	0.5689101674955138
14	53	0.5576664915317853
14	49	0.5557895471230038
14	21	0.5512324585886385
14	119	0.5323938436485584
14	118	0.5244656082897858
14	47	0.5238418823078042
14	186	0.5232611673235533
14	48	0.520751264035938
14	129	0.5180787078891573
14	150	0.5075989358209354
14	125	0.5016660364906351
14	59	0.47962721333937575
14	157	0.47512582383084245
14	122	0.46651767463634164
14	133	0.4364767093211387
14	52	0.4345724626088749
14	188	0.4325180068431803
14	23	0.42969291741900684
14	45	0.4258529799376074
14	29	0.42511591332727366
14	128	0.4182919974781353
152	46	0.8470452001260822
152	151	0.7581628198373467
152	17	0.7896495221013664
152	43	0.7346290023562643
152	155	0.7326804216954214
152	148	0.6773060789943872
152	116	0.6769541073798403
152	51	0.6741162580735292
152	16	0.6454850599748507
152	21	0.6275838555512014
152	117	0.626953060022029
152	157	0.6261694872068414
152	18	0.6103506508874879
152	45	0.6059838689484807
152	49	0.6009928785869066
152	52	0.5989319370389087
152	53	0.58393960055863
152	122	0.5656140616965804
152	47	0.5651854581641251
152	125	0.5638773547111782
152	129	0.5617935482854085
152	133	0.5510862516829638
152	118	0.54045633200651
152	48	0.5347257632513326
152	150	0.5303341842027455
152	119	0.4981405934701729
152	156	0.48011983500745503
152	26	0.47813981990412857
152	120	0.4759151815725206
152	164	0.4758068836939505
152	29	0.47014775357178257
152	59	0.44945731177432624
152	136	0.44451207199276643
152	123	0.4443596014039558
152	69	0.43682472385794097
152	178	0.43220091138318845
152	128	0.43159081195428545
152	33	0.41410023249835154
28	131	0.8554691668223631
28	132	0.7625584061962827
28	29	0.6956440465070922
28	21	0.6500296211786508
28	26	0.6187394474134176
28	133	0.5817738925965652
28	27	0.50388526705487
28	122	0.49123739201330086
28	25	0.4788954202716341
28	16	0.47422719263318447
28	125	0.45157742047656363
28	53	0.4457629616304454
131	132	0.7263701444814016
131	29	0.5584170538121978
131	26	0.5241030453312375
131	21	0.5236096546892051
131	133	0.4958137844417557
131	122	0.45705320870393157
45	164	0.8537705478843456
45	49	0.6960824546283848
45	46	0.6727774097177309
45	52	0.6383890970015599
45	157	0.6043931660869782
45	155	0.5897613088867455
45	156	0.5430280427317625
45	173	0.540951679393297
45	33	0.5360953666804467
45	17	0.5270198922367153
45	43	0.5070568244154986
45	50	0.5030790410146165
45	148	0.49285170126925054
45	47	0.4916166417432165
45	51	0.47898018831524797
45	69	0.47678104499236457
45	151	0.4764796438280213
45	38	0.4703424709536938
45	42	0.4701711220748704
45	122	0.47008543434079086
45	39	0.4682995598991762
45	136	0.45838913852912844
45	142	0.4507491108207733
45	62	0.44321123377578636
45	48	0.4417636656538849
45	41	0.4373586313985817
45	146	0.42124940790300935
45	53	0.41713627690628863
164	52	0.6049640933854348
164	49	0.588305031086422
164	62	0.5775042830001964
164	155	0.5741756231476954
164	46	0.5577009409754027
164	156	0.5554508168915183
164	38	0.5524008952992543
164	137	0.5440426222540169
164	145	0.5177567329551879
164	41	0.4957609908011538
164	33	0.4869618188860385
164	146	0.48681686052031675
164	47	0.47978119011427744
164	157	0.4780086742522332
164	142	0.4756830970217302
164	50	0.47352929724395165
164	173	0.4697971469284167
164	174	0.4697036267797172
164	39	0.4330868842370916
164	171	0.4308174521982362
164	67	0.42517326097283886
139	36	0.8138070911576101
139	13	0.8219502878466562
139	114	0.7919721337560294
139	110	0.7627257570123043
139	156	0.7171440509091107
139	9	0.6527239248434983
139	142	0.6482532751199974
139	102	0.6255368472052466
139	108	0.6183319544779946
139	10	0.6122796325492594
139	38	0.6087669887859499
139	2	0.5965088496355118
139	0	0.5887887043539421
139	52	0.5517960824573241
139	1	0.52492216694652
139	199	0.5136902293826386
139	141	0.4996803236546783
139	30	0.49695925669992735
139	144	0.4597545457389829
139	98	0.45865765566497724
139	134	0.4514181905310939
139	40	0.4456267310933015
139	104	0.43907152158653817
139	6	0.4388858431130482
139	8	0.42033595183878975
13	110	0.8474684337051146
13	114	0.8298953153678232
13	36	0.8090248660126117
13	108	0.7022216216175449
13	102	0.6977642049888935
13	8	0.6954633747491425
13	6	0.6684965462243975
13	9	0.6574165226815512
13	10	0.6550879581639927
13	1	0.6549166665756937
13	2	0.6115352052560643
13	0	0.5918053670980599
13	156	0.5189560753564547
13	105	0.4847693290283733
13	104	0.48424130339106664
13	30	0.4780858213350125
13	142	0.46156646579809896
13	38	0.425378046125818
110	10	0.7327776744043384
110	104	0.7150490745377577
110	114	0.7483437233362296
110	36	0.7114529970343693
110	102	0.6862061073794004
110	8	0.6839294895285684
110	2	0.6526320830162348
110	108	0.5776042476604113
110	9	0.5585753126739068
110	1	0.5532896785402147
110	156	0.5382439389015021
110	6	0.5380876558362807
110	7	0.5322361826898487
110	0	0.5230360095049604
110	134	0.5103182578053352
110	30	0.49400918626618756
110	100	0.4750793671794412
110	142	0.44869091272475686
46	17	0.7611107623037573
46	155	0.6901331754750886
46	151	0.6886534198490897
46	43	0.6650976353484647
46	48	0.664165333318924
46	49	0.6558579374361713
46	47	0.6409885996395508
46	51	0.6188690344877845
46	148	0.5985277778552371
46	52	0.5957546362875848
46	16	0.5904652163910857
46	18	0.5882984920760489
46	117	0.5828511788559068
46	21	0.566653684728305
46	122	0.5539831651416947
46	116	0.5292768045304277
46	157	0.5193724423652893
46	33	0.5190656695132274
46	136	0.5037061814880148
46	118	0.4862520302316336
46	125	0.4730481786519908
46	53	0.4698828644688681
46	156	0.4571876856558556
46	150	0.45439102646780355
46	59	0.44087790623510176
46	120	0.4398622529644752
46	129	0.43540756968956074
46	133	0.4293422461292133
46	178	0.4261230962169885
46	123	0.42532890166050596
46	42	0.41916614327679125
46	119	0.41778859969358584
87	191	0.8442821950369102
87	89	0.8131983076037377
87	73	0.6173427116829444
87	82	0.6170950953599651
87	180	0.5921496352797144
87	94	0.5836429660868714
87	91	0.5815423067520495
87	184	0.5796463861653594
87	97	0.5760561898428072
87	179	0.5449361068186365
87	55	0.5286430273672174
87	192	0.5142494639319012
87	185	0.48775479991702275
87	178	0.4844709231347958
87	84	0.462313746477343
87	74	0.46055856668764245
87	81	0.4389181377147538
87	76	0.43164777128934634
87	93	0.4236975233104087
191	97	0.5971269056214288
191	89	0.7407819300522375
191	179	0.7102261249624575
191	180	0.5964122144108256
191	184	0.5341757042436374
191	192	0.5307724772072774
191	182	0.5194819716714091
191	82	0.5106657748075416
191	91	0.48390440707315874
191	185	0.46703387405383556
191	183	0.4544703757414858
191	55	0.4542243695205312
191	73	0.4507730152546918
191	177	0.44551452573948097
191	195	0.4405475396011244
191	159	0.4361447598218563
191	178	0.41591304658066564
50	173	0.8417360933695984
50	66	0.7560330864359215
50	170	0.6808892428607005
50	174	0.6120733033624502
50	157	0.5508216007760031
50	41	0.47902642166525294
50	89	0.45499390004132023
50	97	0.4479638204643379
50	155	0.4265813015278934
50	67	0.4244602693191946
50	156	0.42025361660945937
50	145	0.4143156247623972
173	66	0.6216930279272638
173	170	0.6072415898583101
173	157	0.59830953352134
173	174	0.596573263512183
173	52	0.42253995515435205
182	183	0.8388855491473644
182	80	0.7272664406067328
182	198	0.6791151766213586
182	196	0.67441075716665
182	81	0.6370244391578139
182	147	0.6284196023448875
182	180	0.6160475666421299
182	185	0.601120624742275
182	166	0.6000658003820681
182	167	0.561430714640628
182	60	0.548462725051594
182	169	0.5438877198388049
182	92	0.5393227015643631
182	195	0.5365156687288251
182	63	0.5276984709010596
182	96	0.5169584812917606
182	91	0.5064027865745029
182	65	0.5030491639542718
182	184	0.49703455610732056
182	74	0.4940696602699922
182	61	0.45793088669641585
182	187	0.4560083238000175
182	165	0.4556914434534374
182	158	0.4471961352818582
182	159	0.44506556436375755
182	93	0.44319516235728273
182	97	0.4428415190764406
182	189	0.4427128873411455
182	175	0.43599898838476353
182	172	0.4163016682633323
183	81	0.7583370932021042
183	166	0.7310085733289706
183	80	0.7011301731486645
183	198	0.6968034084796066
183	196	0.6665783482987692
183	167	0.6519081581851423
183	63	0.6039232714253366
183	169	0.6009417715250264
183	92	0.5920782011579986
183	61	0.5850259268927799
183	185	0.5812377933824101
183	158	0.5524634289827344
183	96	0.5390460822962425
183	180	0.5366438435179374
183	195	0.5234209124366946
183	65	0.5215597844659743
183	60	0.5105548832441285
183	177	0.5048396585129734
183	172	0.4946061575535195
183	74	0.48850129620309557
183	165	0.48245565276554625
183	93	0.4777386013816811
183	175	0.47083295566526506
183	91	0.47035804636637657
183	160	0.4316640447528869
183	55	0.4295298306063876
183	147	0.4272028014956544
183	179	0.425902097636902
16	117	0.8344155694676939
16	116	0.7029204449839842
16	118	0.6901436496545177
16	17	0.6882431094897099
16	120	0.6813877695866241
16	18	0.6656103550004893
16	43	0.6548881114326635
16	21	0.6129730371588691
16	148	0.6048880056486725
16	119	0.5815489247990172
16	151	0.539896846751773
16	23	0.5389467546960275
16	51	0.5309017553587091
16	47	0.5212612507339911
16	29	0.5117220879796651
16	125	0.5086819536806102
16	186	0.5083557339123344
16	48	0.505368516075062
16	188	0.4932679918443455
16	53	0.4846010113666568
16	161	0.46183398897988337
16	155	0.44851518655904604
16	59	0.44165098040446715
16	58	0.4412001000673787
16	129	0.4401525546139788
16	187	0.43430474578995015
16	76	0.43410187892071944
16	122	0.42655676036204104
117	120	0.7660513890607366
117	118	0.7038400107376089
117	17	0.6891053026756272
117	116	0.6801160839597772
117	43	0.622281634319119
117	18	0.587938728019245
117	148	0.5811450830710165
117	119	0.5678202607758905
117	21	0.5599223037482972
117	125	0.5579971268823765
117	151	0.5463196177363123
117	161	0.5274747586715388
117	48	0.5259356608828716
117	186	0.5221128264390446
117	51	0.5002578474081504
117	47	0.48596946259051965
117	129	0.48499114746054467
117	58	0.48250168562554907
117	59	0.47637915187450713
117	53	0.46898628877799114
117	123	0.46404177133184576
117	155	0.46150350696164616
117	23	0.45098812606455846
117	128	0.42658948177692957
117	188	0.4265813015278934
117	49	0.42256459864154783
117	135	0.4173592710639047
117	29	0.4145475337706112
6	108	0.8322768577775314
6	105	0.7655965241530651
6	8	0.7679862850992178
6	9	0.5983737322502646
6	102	0.5428587917463311
6	1	0.5353538476937636
6	107	0.4800197957212844
6	114	0.46606378234258117
6	36	0.41729320395903957
108	9	0.7960371382618491
108	105	0.6432101314925326
108	102	0.5790019342548912
108	8	0.5499153781360474
108	114	0.5429786824174242
108	1	0.5091117475765446
108	36	0.49047073921644796
108	0	0.41888584142688445
120	17	0.6760701077138983
120	116	0.623890570865587
120	118	0.5714814417474422
120	23	0.5673932325775557
120	18	0.5572805265107017
120	119	0.5463967819350869
120	186	0.5350398794035928
120	148	0.5154620872630596
120	43	0.495142278165485
120	123	0.4821256726160058
120	188	0.4637670938993702
120	161	0.45327143429569766
120	48	0.4464758315160558
120	187	0.4244520709495984
120	135	0.4236647035378504
120	22	0.4195040480813488
120	125	0.41715279671499605
120	33	0.41540843865472454
120	75	0.4140588055907692
76	187	0.8302995349373973
76	77	0.8289904462391453
76	188	0.8011804669984608
76	73	0.7274406946130333
76	75	0.721726882710075
76	184	0.6943774959904778
76	94	0.6598568262086663
76	180	0.6452458235692974
76	84	0.6296524013749066
76	63	0.6239455362291279
76	80	0.6216009946786356
76	186	0.6187826468470384
76	147	0.607847243950518
76	91	0.5912462835784451
76	185	0.5863267528158455
76	82	0.5755080404402456
76	86	0.5617251056396626
76	78	0.5485606039448372
76	135	0.5242843505712719
76	116	0.5167386210221808
76	189	0.47184414738874025
76	74	0.46391621557330515
76	81	0.4630289474507685
76	65	0.4610311675187039
76	161	0.4505578520767327
76	148	0.4470921272057263
76	126	0.42625403434564874
187	188	0.779109277256297
187	186	0.708626708838962
187	77	0.7043442648945578
187	75	0.6939629939077206
187	184	0.6775495701787357
187	147	0.6259445077371372
187	116	0.6221651950956602
187	185	0.6169588542644243
187	63	0.5814893596052455
187	135	0.5794338635310189
187	180	0.5792943527137018
187	73	0.5518099927254774
187	80	0.5370709139869747
187	148	0.531970942349906
187	161	0.5047949489436058
187	126	0.48404224564001247
187	91	0.4812885982797082
187	74	0.45082082218295316
187	78	0.44952912780033116
187	189	0.442286664564394
187	94	0.4407731687654219
187	43	0.43962026467975607
187	82	0.43423983318371767
187	81	0.4289180055297992
187	23	0.42604943567260783
187	167	0.4169214943119024
114	2	0.7150637353678869
114	36	0.7549557251810632
114	141	0.6442993093276329
114	30	0.6027785302291144
114	102	0.6019374728980689
114	142	0.5993870526080314
114	0	0.572961078788878
114	1	0.5593178975221378
114	38	0.5562040676291479
114	134	0.5430421449894984
114	9	0.5395850276840962
114	156	0.5390957404748795
114	10	0.5339755705462722
114	104	0.521363203432354
114	144	0.5057928173227572
114	40	0.47957331448833324
114	32	0.4756753597290133
114	140	0.47291620971904474
114	8	0.46614988422863374
114	98	0.4502469683922178
114	7	0.4162768671659676
23	25	0.8290529908365456
23	22	0.764227325410443
23	29	0.629398848438279
23	116	0.5231812809731341
23	26	0.5167093011682667
23	18	0.5065291802492642
23	17	0.4946137111636478
23	186	0.49341931425147223
23	123	0.48895798218344194
23	135	0.4866031887841719
23	148	0.47494772561774734
23	188	0.45632508856762516
23	104	0.43650908827910373
23	129	0.43462113014632664
23	43	0.4310373136256339
23	126	0.42268780670511513
23	128	0.41592131670964555
25	29	0.7135699964824697
25	22	0.6489137219260118
25	26	0.5979820004989412
25	129	0.5470838353649878
25	18	0.49400918626618756
25	128	0.4919123271365687
25	27	0.4845015340585609
25	123	0.47672695559877754
25	7	0.46535114635629576
25	135	0.46324103406334177
25	148	0.43949117815734823
25	104	0.43612856412561557
25	43	0.4322253071380311
25	17	0.4245422491871786
25	126	0.4217839182809373
25	125	0.4183579978137891
77	75	0.7261385927432503
77	188	0.7643105040148808
77	73	0.6832209656514808
77	184	0.6082254190183463
77	186	0.6068816484502164
77	94	0.6028549236681683
77	84	0.599700920628953
77	135	0.5949283088006001
77	78	0.5582931706904928
77	147	0.5532411057218419
77	86	0.5402864123008025
77	63	0.5265791780894099
77	185	0.5249511446068098
77	80	0.5146833052694018
77	116	0.5081109732930427
77	180	0.4836899437934916
77	148	0.4661968451722531
77	82	0.4512111486150257
77	126	0.44403049820062507
77	43	0.4253452834276593
9	0	0.6363644108758391
9	1	0.6201692071343806
9	102	0.6115539856522946
9	156	0.5782835480104733
9	5	0.5351255217838247
9	101	0.4899085508177763
9	52	0.48503703314045377
9	36	0.4727453948930698
52	156	0.825327195523961
52	155	0.6656326329215534
52	122	0.6294350784954212
52	157	0.6147117558153072
52	43	0.5995344013791437
52	129	0.5966956287055879
52	39	0.5766772450619566
52	148	0.5671897784762278
52	142	0.5651922637796393
52	26	0.5585340316732392
52	51	0.557535566124943
52	21	0.5492453352598644
52	38	0.5421036777843574
52	143	0.5066629851222461
52	127	0.5055695313607413
52	0	0.5025560188800675
52	17	0.5019353870619665
52	53	0.4999953917353015
52	134	0.4930787968452722
52	40	0.49249578316622067
52	41	0.49030364472917926
52	125	0.4854728138860678
52	30	0.48115028126719994
52	47	0.48077363023737774
52	144	0.47962721333937575
52	133	0.47658785200991743
52	29	0.4661029206580403
52	130	0.4600068688506822
52	27	0.4567683649971051
52	151	0.4465959223722861
52	145	0.44374946161518175
52	49	0.44370930640350675
52	2	0.43783565153444537
52	33	0.42819146225652943
52	150	0.41667361037462214
156	155	0.6155757769421617
156	142	0.6153335028700969
156	0	0.6149356728582505
156	38	0.6030204048712005
156	129	0.5951543828247116
156	144	0.5797658955069611
156	40	0.5651173977778899
156	2	0.5641841958790925
156	157	0.5602105604885504
156	134	0.5523105578898292
156	30	0.5508982216452597
156	10	0.5405837428619082
156	43	0.5293631829715428
156	41	0.5291472162944252
156	148	0.5233483055816998
156	39	0.5219164012406202
156	36	0.5150581084139878
156	122	0.5045415435610957
156	145	0.49808044259728296
156	26	0.49796764679001576
156	127	0.49640934430730915
156	101	0.4954743328164901
156	199	0.47678877175387585
156	53	0.47492449254698155
156	51	0.47383954646442755
156	7	0.4737154608845487
156	102	0.46639248749160717
156	125	0.46387697557588786
156	104	0.4584049359722524
156	5	0.43419926051447416
156	17	0.431428052033111
156	100	0.42602488090241786
156	130	0.42516506866102594
156	21	0.4229013303390026
156	143	0.42011363083717485
43	148	0.8238549755237552
43	17	0.7302066883608657
43	116	0.7112307002953628
43	118	0.6347311566359568
43	129	0.6217727761928257
43	18	0.6151719222061152
43	151	0.5947021406083987
43	7	0.5844665659077821
43	21	0.5805288387252715
43	53	0.5745039886904189
43	135	0.5731625588314249
43	155	0.5641705618013892
43	125	0.5591598295879859
43	134	0.5562869385417919
43	186	0.5291544162885613
43	49	0.5235661033452519
43	123	0.5138447983993715
43	48	0.5113603084473465
43	119	0.5018007239407287
43	26	0.4981180374546235
43	51	0.4964620929176817
43	188	0.4958137844417557
43	157	0.48781576515841835
43	150	0.4849758516404422
43	47	0.472279355683296
43	29	0.4686273875201804
43	59	0.4626753519111792
43	33	0.4615271170701465
43	122	0.45809683358924475
43	128	0.4460033180952434
43	133	0.4401444919212042
43	104	0.44003160677026054
43	30	0.4348238842301079
43	27	0.4263849546153973
43	136	0.41834974801341906
43	161	0.41659923310641145
148	116	0.7546631465650555
148	135	0.7042787520059088
148	17	0.6424062189938562
148	188	0.6130916335157178
148	129	0.5955739847618546
148	7	0.5942689273853743
148	134	0.5905498854990375
148	186	0.574477190267922
148	118	0.5286286164838628
148	18	0.5273015118519156
148	123	0.5074875758447868
148	151	0.4947421111030318
148	155	0.49094903758661784
148	53	0.4894296096041243
148	21	0.4871677662136187
148	157	0.4848534743977531
148	104	0.4817725190948303
148	125	0.4785562587898191
148	126	0.4780703925085398
148	147	0.47523421238360025
148	30	0.46973480133410817
148	49	0.4696724510538802
148	119	0.4678310109893342
148	47	0.460030520334698
148	161	0.45963624371773554
148	33	0.45377979555826553
148	26	0.44520989779520254
148	122	0.44056365781641244
148	51	0.4394024206413348
148	29	0.43172099966248945
148	48	0.43043460843485787
148	100	0.4278647454863616
148	10	0.4273989808418145
148	0	0.4247799514400768
148	150	0.4185147309047765
148	128	0.4158799653768197
96	198	0.8220475831694545
96	81	0.7653895139460661
96	78	0.6657105963034665
96	185	0.6078094112670924
96	80	0.5954965442321976
96	93	0.5826200321357398
96	74	0.5254580566582142
96	61	0.5227017697785356
96	195	0.48923947167899223
96	55	0.4827088005118396
96	147	0.47420393904527397
96	184	0.452969455193799
96	97	0.4356182550985144
96	92	0.43462113014632664
96	181	0.4342641759396108
198	195	0.7377435731396085
198	166	0.6353278940280248
198	81	0.6261816452900454
198	93	0.6026511832697108
198	181	0.5921756090168644
198	185	0.5878798353784416
198	80	0.5306647265428066
198	196	0.5282898730068006
198	97	0.5011644860905996
198	147	0.4989296292235211
198	74	0.4909793957521289
198	167	0.47780805731972065
198	158	0.47667286259504804
198	177	0.47191410709669607
198	98	0.45756727244798867
198	78	0.44633170125475324
198	61	0.42859970085619337
198	55	0.4251077205278427
198	99	0.4222277502453479
8	107	0.725717597538362
8	105	0.6384779573958919
8	4	0.6072605272428637
8	10	0.602332681547881
8	102	0.569423964573464
8	104	0.4666897764471224
8	1	0.4465078573173637
102	1	0.7578650294474332
102	104	0.6260539702279969
102	0	0.61950414057597
102	100	0.5939065739479461
102	10	0.5456176996233735
102	101	0.5428235255725216
102	2	0.5296078622948527
102	36	0.4291546246009282
102	5	0.42732541830235743
38	142	0.8167578020290838
38	145	0.6973894328251744
38	199	0.6821477429525001
38	41	0.6962319105271866
38	36	0.6940096483763897
38	98	0.6199291469238873
38	32	0.6140082611635626
38	39	0.6111281274505524
38	79	0.5760227809172569
38	141	0.5617114161877562
38	37	0.525487011802838
38	30	0.49701196707100026
38	2	0.48573263847918424
38	40	0.46626728166184844
38	134	0.4343615406203638
142	36	0.7093428789379194
142	39	0.6942480135424854
142	141	0.668258639533841
142	145	0.6680095209608093
142	41	0.5545304765944485
142	143	0.5475251237554679
142	144	0.5137196736715428
142	127	0.5078067624072881
142	199	0.5064027865745029
142	2	0.5049514205867252
142	134	0.5026008637746626
142	130	0.4556359775126678
142	30	0.4502868313781479
142	40	0.4500874985006863
142	37	0.43848206493207526
65	92	0.8164246233210094
65	91	0.7615101482926131
65	81	0.6751188571222614
65	63	0.6714835632946192
65	80	0.6356498171245213
65	84	0.6130167337677589
65	94	0.5944370809550961
65	180	0.587709666074329
65	82	0.5852823887847001
65	61	0.5558448325030677
65	73	0.5391737671836256
65	169	0.5345615073305318
65	68	0.5322863515458577
65	55	0.5271282211771549
65	86	0.5168558883173409
65	60	0.5076805890266662
65	74	0.4928971257579773
65	185	0.49225336164004974
65	78	0.48145761986312247
65	93	0.4810196265323207
65	196	0.47487027947392546
65	54	0.45573105981618073
65	158	0.4510677834428546
65	184	0.43927330348289634
92	60	0.5764302383278979
92	81	0.6936154940946029
92	63	0.6646456994165547
92	80	0.6108711888969208
92	61	0.6021096161618805
92	91	0.599181978029363
92	169	0.5450837292973465
92	93	0.5276407457183587
92	55	0.5156529793728849
92	180	0.515520828747541
92	196	0.5023616597521453
92	82	0.4756289344269379
92	107	0.47497870201556125
92	74	0.4690486905854858
92	94	0.46448106965966807
92	4	0.45234927763613264
92	66	0.448139655384033
92	78	0.44389400562293907
92	185	0.4397735313402248
92	167	0.43219277932431993
92	158	0.41548290509508295
56	163	0.8157566318133642
56	57	0.7325414373303545
56	58	0.5880434106591703
56	162	0.7759855045351498
56	161	0.5748522561037278
56	101	0.4877243155120763
56	99	0.4612909865669786
56	100	0.4463877546642447
163	162	0.7875700166496489
163	101	0.5814959782680051
163	57	0.6596648228904388
163	161	0.5567218293225623
163	99	0.5319279205617874
163	58	0.5157557462340091
163	100	0.5053834079778012
163	5	0.46560964459289644
33	42	0.8151200177437997
33	136	0.8022522173647351
33	138	0.6657273008519089
33	123	0.601005654584537
33	48	0.5803829631180958
33	146	0.5587197743865214
33	17	0.5487073940981854
33	134	0.531676905398782
33	150	0.5271209997807047
33	22	0.5269476634270354
33	40	0.5154253713749779
33	18	0.4935327864592629
33	30	0.48408818649198465
33	127	0.4827471491969407
33	49	0.48061984410887143
33	41	0.4796349128798087
33	116	0.4700386918414037
33	7	0.4690564904821588
33	27	0.46275394142664744
33	2	0.45771747950383795
33	62	0.44856311531682747
33	69	0.43525357710483276
42	146	0.7120253725787085
42	136	0.7506271045774963
42	138	0.6998415964490418
42	69	0.6093079917839693
42	40	0.6030076773898775
42	48	0.5920522228066153
42	150	0.5780705203926353
42	49	0.5597437911409113
42	123	0.5206710894503389
42	41	0.5081480635126552
42	134	0.504832207106164
42	62	0.4796811085713501
42	17	0.46494365466562304
42	67	0.45349387866005353
42	30	0.45257990761332567
42	72	0.4435647328890637
42	18	0.4394266280876052
42	145	0.4332249881455118
42	127	0.42924436125826726
42	31	0.42907303846907524
42	144	0.42206339162280043
42	27	0.42036065105795106
42	2	0.4152181102326614
51	155	0.8146833020577338
51	178	0.5348828398091495
51	47	0.7203922817510088
51	53	0.7003259849107726
51	157	0.6795782762550372
51	122	0.606211621331711
51	49	0.6043296913607419
51	21	0.5997329376091854
51	151	0.5717238190981004
51	17	0.5425977767284291
51	89	0.5374265958608146
51	125	0.5274314510782331
51	72	0.46791693132337325
51	118	0.46752631309479303
51	48	0.46214861458783274
51	150	0.45327143429569766
51	18	0.44561871688942295
51	192	0.4412162067746849
51	179	0.4378194853940403
51	116	0.4348319934767438
51	59	0.42418148571374364
51	168	0.4154415355379217
155	157	0.7231515630812518
155	47	0.6859838124307656
155	21	0.6133225050334837
155	122	0.605052848450147
155	125	0.6017780310882104
155	53	0.600954548751202
155	17	0.5986817792102916
155	49	0.5974485292988426
155	151	0.5964573130008725
155	146	0.5264996749039987
155	150	0.5241393101807752
155	179	0.5181152866642141
155	18	0.5036912557359982
155	48	0.5013366980933714
155	129	0.49774200462121004
155	168	0.4973356788839046
155	118	0.48789196501894133
155	130	0.48512879648815654
155	133	0.4646065415076581
155	41	0.4601330025549242
155	178	0.45630133522004845
155	145	0.4540021107966501
155	27	0.448387363926886
155	72	0.44472067422389305
155	192	0.4314361906963574
155	116	0.42883639909537113
155	137	0.42347596825990447
155	127	0.41889408673886425
155	40	0.4164752585983421
36	2	0.6028549236681683
36	10	0.5456668588385536
36	39	0.5288519509314135
36	30	0.5077473894120499
36	141	0.4970872612389979
36	0	0.4655861480349309
36	98	0.43301376216958704
36	134	0.4306627042318073
36	144	0.4256073537929449
36	1	0.42105197620176116
89	179	0.7562215258862931
89	192	0.6366856222463236
89	82	0.6196581703721894
89	91	0.5234789924484211
89	178	0.5223673692823853
89	97	0.5091784169921314
89	180	0.5033852115521705
89	55	0.47731401865692435
89	94	0.46358654302483476
89	54	0.4554933345613421
89	159	0.427905591200484
17	18	0.699484266237308
17	116	0.6815323848685707
17	48	0.656410340688728
17	49	0.6439365398521998
17	119	0.610200035527705
17	151	0.6009673256702401
17	118	0.57256463261213
17	150	0.5518517216877554
17	136	0.5461161403907233
17	21	0.5407182052007621
17	53	0.5396771714597817
17	125	0.524704795706552
17	129	0.5092673000415853
17	123	0.5043477043014606
17	47	0.49762163457262676
17	157	0.4695555316493754
17	69	0.4410148525039681
17	186	0.4250749486335588
17	134	0.4205911470607733
17	29	0.42045944170491784
17	122	0.4172106138746938
47	49	0.6568085454789143
47	168	0.6138462569021469
47	48	0.504452085605596
47	53	0.4823482323946328
47	122	0.4743124501280585
47	157	0.4678778777224447
47	151	0.4663533626768832
47	21	0.45614296295076917
47	118	0.44413486097497096
47	179	0.4246406158408491
47	62	0.4223427847664581
47	178	0.4215290344811302
47	72	0.4158137996672496
137	165	0.8095769169706817
137	140	0.7187575873613533
137	62	0.6908970309279981
137	172	0.6349699425407983
137	146	0.6191589406674092
137	171	0.6093834355199285
137	35	0.5838671043025258
137	145	0.56661294912728
137	138	0.5471118627227236
137	141	0.5376114749133857
137	168	0.5091636020944713
137	167	0.4809504477269346
137	166	0.47958101454576585
137	37	0.46948537210037977
137	32	0.4552000505926323
137	41	0.4547004478488549
137	67	0.44162683175217077
165	172	0.7331710106636954
165	167	0.658901606539726
165	166	0.6560858177875235
165	171	0.651338525140538
165	62	0.6136405616270202
165	169	0.6032494470400206
165	35	0.5976928348191319
165	140	0.590054712719081
165	175	0.5284124166677756
165	196	0.5030267553699407
165	168	0.48012752981995077
165	60	0.47888771364296334
165	174	0.46555481826992917
165	67	0.43468601624797704
165	179	0.4246406158408491
165	61	0.41604536038859974
73	184	0.8076732410342211
73	94	0.7699886993454392
73	84	0.7470561669927964
73	75	0.7092335586900425
73	82	0.6685573841109067
73	180	0.6383002195873461
73	188	0.6367331903368225
73	185	0.6135657426866119
73	91	0.6018800793738808
73	86	0.601222799553423
73	80	0.5849404135832539
73	78	0.5630446906682154
73	74	0.5245163519345728
73	81	0.5125262122891935
73	147	0.5067150137602577
73	58	0.48404990263399345
73	189	0.47275315997427664
73	161	0.4617867851099217
73	63	0.45667339627282727
73	186	0.4387485784061278
73	135	0.4380215417983254
184	147	0.6656437714372284
184	180	0.6873367646259896
184	185	0.6867982677460295
184	75	0.6863912553168324
184	188	0.6825432023546497
184	94	0.6325586281292567
184	84	0.5901589965426449
184	82	0.569200923074825
184	161	0.5590429706323842
184	80	0.5545512511273547
184	189	0.5533313093900268
184	91	0.5271137783081231
184	74	0.5116630343218924
184	81	0.5066629851222461
184	186	0.5030715718622562
184	78	0.5009622735106091
184	135	0.49210938771685775
184	58	0.4746921254289882
184	86	0.4582153475383845
184	63	0.45723514311918567
40	144	0.8072904707907046
40	41	0.6416361897473375
40	146	0.625208036195664
40	134	0.6214659815327154
40	2	0.6170207866204607
40	30	0.5989704124882996
40	138	0.5808005983963075
40	150	0.5682943783549709
40	27	0.5362093731817885
40	136	0.5211738508624126
40	127	0.5198396484532726
40	130	0.5157410661623798
40	145	0.5098299737352566
40	69	0.5047055216798008
40	39	0.5009997244125293
40	123	0.4829311971153273
40	53	0.48136543071011134
40	129	0.47298607826835143
40	7	0.46694004327236915
40	104	0.46607943788766504
40	0	0.4479238531483978
40	32	0.44090207471558784
40	140	0.4381185131562652
40	141	0.4249192669171884
40	26	0.41890233198176613
144	127	0.6173984085061015
144	134	0.6087921642830305
144	130	0.5998801909874835
144	129	0.588631883509921
144	2	0.5833329814597089
144	138	0.5651922637796393
144	150	0.5539831651416947
144	146	0.5263334112120064
144	104	0.5044819061275923
144	123	0.4968236989058928
144	30	0.4950214951378506
144	128	0.4844173511633743
144	0	0.4808351364089204
144	125	0.47775403655077453
144	41	0.4720462369980881
144	39	0.47180527831673663
144	27	0.4697503881720008
144	7	0.46159794347282646
144	136	0.45080488682754966
144	145	0.4501433162290533
144	143	0.44291386641779706
144	53	0.419652359824275
166	172	0.8048386810204544
166	167	0.7792271463231238
166	61	0.6684578265468447
166	175	0.647539592163417
166	35	0.6208948361648474
166	140	0.6092451135758447
166	196	0.5854270079564783
166	171	0.5475811386008941
166	169	0.5355107763852156
166	68	0.5307078288672621
166	141	0.4881205199881856
166	195	0.4869694475307591
166	199	0.4836899437934916
166	158	0.47378526133805093
166	63	0.46050341290315866
166	80	0.4373343695574291
166	98	0.43408564766862695
166	81	0.43018200966266373
166	32	0.4246897954086143
166	181	0.41662402614891036
172	171	0.7401133591923498
172	140	0.7369175917948847
172	175	0.722932046238785
172	167	0.7583498406576864
172	35	0.6933559553330021
172	68	0.6817679402040752
172	169	0.6092451135758447
172	168	0.5866154155400489
172	146	0.55256763797015
172	67	0.5259718295157534
172	196	0.524059525002869
172	62	0.5051674459250275
172	141	0.5036688665441209
172	61	0.4997628542712202
172	158	0.4726988028640592
172	159	0.4290404020558501
172	179	0.42383699493260824
172	32	0.42065699309205334
26	29	0.8046624927848165
26	133	0.6582163836716464
26	129	0.618819671954522
26	39	0.6137403030750855
26	27	0.5645181346695309
26	21	0.5541772037810319
26	143	0.5422307676301837
26	128	0.49665045088318405
26	22	0.48871444965772853
26	18	0.48775479991702275
26	53	0.4871982723218411
26	125	0.4866337168834195
26	157	0.4764255343229331
26	122	0.45814424112361674
26	130	0.45598456178269553
26	7	0.45104388698385195
26	123	0.44924182883623826
26	127	0.43697845608734265
29	133	0.7452210063444719
29	129	0.6059712131240863
29	21	0.5939712976018923
29	128	0.5681047765701612
29	125	0.5137859188972504
29	132	0.5063432996672629
29	18	0.49731309883034014
29	27	0.4744054481583557
29	53	0.4678778777224447
29	22	0.4656174766330181
29	130	0.4227370855563656
126	128	0.8045919777830602
126	129	0.6293444982216464
126	123	0.6178746727854576
126	125	0.5181811236835067
126	135	0.510170327653866
126	186	0.48339113026580666
126	130	0.48111185562246467
126	116	0.4717042101470058
126	118	0.4607476383787475
126	75	0.44399838415359083
126	188	0.42171814819571407
126	7	0.4166405544996027
128	129	0.7576265695345212
128	130	0.668579504760304
128	125	0.6443051580739493
128	123	0.5784366129211059
128	133	0.5654576227793685
128	118	0.4569661830689091
128	7	0.4455305559327923
128	53	0.42676942959706826
128	116	0.42050060153247565
128	127	0.420072454745418
91	180	0.8033542862861853
91	82	0.7797372758477081
91	94	0.6998313918714136
91	84	0.6731056994929535
91	86	0.6457708106008799
91	80	0.6387325962063579
91	63	0.6154515483568279
91	81	0.5926494135876809
91	60	0.5646339478309051
91	189	0.5554369872500864
91	159	0.5406898996356612
91	55	0.536686562945492
91	68	0.5096079177593162
91	185	0.49929756316352397
91	93	0.4698984485242858
91	158	0.4574407620365548
91	78	0.4499200242125751
91	147	0.4389181377147538
91	74	0.4372292275559375
91	54	0.4286160267621742
180	82	0.701978234897573
180	94	0.6945535199901207
180	189	0.6634493529875987
180	80	0.6329363953711701
180	147	0.631489657790497
180	84	0.6109401362666306
180	185	0.5843546269850185
180	86	0.5767640061933093
180	188	0.5691130352317684
180	81	0.5689236941660292
180	159	0.5664431876420825
180	196	0.5452594262833077
180	63	0.5331314923855677
180	158	0.4708952186261247
180	75	0.46139331781116216
180	169	0.4552872534463922
180	179	0.45418468460816486
180	55	0.45236518509483636
180	78	0.4511633628114318
180	74	0.44548246449585377
180	60	0.43748801713180946
180	93	0.4208462757450665
180	167	0.41708671582633533
136	150	0.6692260104355866
136	138	0.7560459385635852
136	123	0.6689498497781745
136	146	0.6277535445096232
136	48	0.5801972493706081
136	134	0.5418282313583319
136	18	0.5309807465112482
136	22	0.5063284271873958
136	127	0.49500639591397677
136	116	0.46726058835587597
136	27	0.46700259829515917
136	49	0.4580494234487321
136	7	0.4453942901842764
136	69	0.43298938688049604
136	145	0.42354982557418086
136	130	0.42163592934832195
136	125	0.41875390704124255
80	81	0.8012878741372781
80	63	0.6882799502143303
80	185	0.6481778989683846
80	78	0.6004496147688051
80	94	0.5924871978886571
80	147	0.5659608028184119
80	74	0.5556651370418237
80	61	0.5498944499984859
80	84	0.5329024066511006
80	60	0.5166213343345248
80	196	0.48561802055840664
80	82	0.4757527293436882
80	167	0.46948537210037977
80	93	0.4383366614312448
80	75	0.423968243983252
81	185	0.7306218688232472
81	74	0.6960309041185802
81	63	0.6702957651337621
81	78	0.6557325522660268
81	61	0.6438311654076603
81	93	0.6325226345882996
81	55	0.5853284080160043
81	94	0.5406262076375284
81	196	0.48580904114819407
81	158	0.473924844387418
81	167	0.45406561905655524
81	147	0.4358612943502702
188	75	0.6532860375456043
188	186	0.6438311654076603
188	147	0.6300204180690772
188	116	0.6118794030333785
188	135	0.5985085245745602
188	94	0.5379313357653247
188	84	0.5221710158641222
188	189	0.5177274552302348
188	86	0.510954013369348
188	82	0.5022943697613221
188	161	0.478509998427153
188	185	0.4720073774634389
188	178	0.42665492125664944
188	118	0.4184157444835767
188	53	0.41702889143118105
84	86	0.7926050073122877
84	94	0.7509761420653345
84	82	0.7494766860939438
84	189	0.5909209735202956
84	75	0.5042358508313685
84	78	0.5019877494828073
84	185	0.4766110375989909
84	147	0.441634881374036
84	159	0.43916838242648476
84	63	0.42529613729008164
86	82	0.7503213527085759
86	189	0.6841423274720997
86	94	0.6368104781486262
86	69	0.5475671353496047
86	159	0.4836056744659966
86	75	0.4219318847442921
0	101	0.6971993340296555
0	1	0.679508307536395
0	5	0.594611646963689
0	2	0.5790152292361356
0	99	0.5519351713224084
0	30	0.5288663570913169
0	100	0.5228398448075577
0	10	0.48866877882738186
0	104	0.41422450292797414
41	145	0.7886309280723086
41	32	0.57052442504247
41	199	0.5206200644775535
41	37	0.5161960075469324
41	62	0.5035419816766019
41	67	0.4881890734286069
41	146	0.47763054693931317
41	39	0.4772059074473482
41	138	0.4734905078253552
41	30	0.4656018124798411
41	130	0.46493581635519954
41	31	0.4495690230817564
41	141	0.4445923093276379
41	79	0.43365541681292125
41	134	0.431135013391807
41	157	0.42949720988095735
145	141	0.6027339622856206
145	199	0.5852232156606069
145	174	0.513513538238971
145	146	0.510843165975058
145	138	0.5004377639042481
145	32	0.4707551203679964
145	130	0.46850251601886655
145	140	0.4587760924890305
145	39	0.45837334079634684
145	171	0.43474278788514514
145	79	0.4259102836760695
162	57	0.6760212411118268
162	161	0.5231304394169558
162	100	0.48815860597652466
162	58	0.4661968451722531
162	101	0.41410851767401685
116	186	0.6988401895017884
116	119	0.6248119505956513
116	118	0.6316339289172579
116	18	0.6118794030333785
116	123	0.6060471434689931
116	135	0.5488960745932259
116	129	0.5317342885313778
116	125	0.5285277317682284
116	75	0.5193943495919259
116	151	0.5193797448500231
116	150	0.5169438260616672
116	21	0.5115449125024399
116	22	0.5013067510322393
116	7	0.4777771887513528
116	48	0.4676747695434675
116	53	0.4651082423467411
116	134	0.44134505019935705
116	161	0.43742332652904914
82	94	0.6797504542837183
82	189	0.6729415877433177
82	159	0.6194548409631855
82	55	0.48781576515841835
82	63	0.48748039745421756
82	147	0.4725434770133073
82	60	0.4524606238023182
82	54	0.4505020604836748
82	178	0.43735054418893654
82	185	0.4334930141338324
82	168	0.42050060153247565
82	58	0.41990773308205465
167	169	0.6521840793853965
167	175	0.6585789516503567
167	63	0.6442349681438445
167	35	0.6134472568301674
167	61	0.6053570373868812
167	140	0.5910641336354684
167	158	0.5722419024647475
167	196	0.559235432368884
167	171	0.5270126696983195
167	68	0.5216616935788431
167	159	0.4525242438500498
167	141	0.4295053651673973
167	168	0.42344314097968716
167	31	0.42318869185599906
138	123	0.7687236197482993
138	127	0.7062689970212128
138	146	0.6768620021478498
138	150	0.5902176475395714
138	134	0.5867334618979329
138	27	0.5825341536249732
138	130	0.5608277968329354
138	22	0.5190437520470138
138	143	0.5161593295162207
138	125	0.49951523520290886
138	48	0.4839809870196476
138	7	0.4449933889749946
138	18	0.4436209586661295
138	140	0.42983151917256135
138	39	0.41797843556642006
138	2	0.4166322903586877
94	78	0.569876548592119
94	63	0.5206710894503389
94	185	0.4932528579612818
94	75	0.48109648484691786
94	74	0.472496873532293
94	189	0.45099609212573366
94	55	0.4429620947744949
94	147	0.43727775611894715
123	22	0.7304633242722458
123	127	0.6970194205535375
123	27	0.6553561796516915
123	130	0.6530452201959452
123	125	0.644661789091001
123	18	0.5984892706024756
123	150	0.5922015815235628
123	118	0.5888344354193656
123	129	0.5749125120256511
123	7	0.5654168059339952
123	143	0.5560175676265324
123	134	0.5548766285649578
123	135	0.5023242771750572
123	48	0.5002878364914878
123	21	0.454264052630353
123	53	0.41519328210576806
140	141	0.7676168524923973
140	35	0.6994331904886811
140	171	0.6614460057490565
140	146	0.6591674730618692
140	175	0.5888670981580745
140	32	0.5865235844693208
140	62	0.5384214883721304
140	37	0.5301472845661506
140	199	0.4709808225378657
141	175	0.6190109245458439
141	37	0.6171198624943359
141	32	0.5807343274810194
141	199	0.5409729001873247
141	146	0.5354679813177312
141	171	0.4985314572818263
141	35	0.49400918626618756
141	2	0.47438994922188715
141	30	0.4546607845720061
141	134	0.4295298306063876
141	98	0.4222359674479216
98	199	0.7665054880243773
98	79	0.5792478415640184
98	32	0.5534978051471662
98	181	0.5101555329781763
199	79	0.5547866475242564
199	32	0.5248642079752358
199	181	0.5077177011055575
199	195	0.4208791907274508
105	107	0.5477281542214031
22	18	0.5904261339568296
22	27	0.5646611947557074
22	7	0.4408215106277179
22	135	0.43722113921454747
132	21	0.5548766285649578
132	125	0.4504542363174289
132	133	0.4404266439331851
151	59	0.6695461253439765
151	18	0.5187587628743916
151	118	0.5066109527935657
151	21	0.48758712097062684
151	49	0.4812348111777361
151	157	0.4621643428156158
151	48	0.46010147086979186
151	125	0.4453542080953796
151	122	0.434150570985945
151	133	0.43036128025007947
151	53	0.42761963450353946
151	186	0.41935571393847576
1	2	0.510843165975058
1	101	0.46868201291418105
1	100	0.4452499863101243
1	5	0.42150436477097486
1	104	0.4161445841853033
129	125	0.6761189683696268
129	130	0.6407941444212352
129	133	0.5834978880655931
129	127	0.5817672771666995
129	21	0.5487283613589022
129	7	0.5384640931337719
129	53	0.5259718295157534
129	135	0.521567064181918
129	134	0.5084521322194031
129	150	0.4998003651883353
129	143	0.4973281522742471
129	104	0.49468169029226305
129	157	0.4831765279808489
129	118	0.4738317916668404
129	27	0.46256531437164333
129	122	0.4409262425567264
129	10	0.4372615802142019
129	18	0.4152015582167909
179	168	0.6261208518287628
179	192	0.5970303810577531
179	159	0.4589892376958307
179	196	0.45012736866558467
179	170	0.4496408300685784
179	169	0.4180939699687769
66	170	0.6728211970054677
66	174	0.5664431876420825
66	4	0.5247410289998008
66	67	0.5179104211153328
66	160	0.5130642522127911
66	85	0.4838737730192242
66	60	0.44637173976182
66	171	0.4328268687707699
66	97	0.42724367551086534
35	62	0.7503126122200604
35	61	0.7198000843125791
35	37	0.6541335791525399
35	68	0.6887795805473875
35	67	0.6739143478315592
35	32	0.6504048125697586
35	171	0.5785829847307085
35	31	0.5396629963357716
35	69	0.46448891219660005
35	175	0.4607161293335065
35	63	0.45617463971668093
35	146	0.45593703579772066
62	67	0.6965357897301822
62	32	0.6127232703097657
62	31	0.5900873035293357
62	146	0.5517543498106965
62	37	0.5480360772943441
62	171	0.52643461999324
62	69	0.4987042747319469
62	68	0.4956931078789038
62	168	0.47824780619863355
62	49	0.4780395339704619
62	30	0.43613666200905365
62	60	0.4280117818773923
185	74	0.7422808632375368
185	75	0.6807229269107018
185	93	0.5955094517557843
185	147	0.568950746583593
185	63	0.5437186931029042
185	55	0.5424284136399872
185	78	0.5318346972665107
185	186	0.5149258474273471
185	161	0.5030118159379764
185	158	0.5026008637746626
185	195	0.47966571030294536
185	196	0.4704125580030638
185	135	0.4466119332709184
185	58	0.4365171828419285
185	57	0.41519328210576806
58	161	0.7493276313202604
58	99	0.47708233408970924
58	101	0.4665959071123228
58	75	0.4618969234038585
58	186	0.45424817960273445
58	178	0.4535812520643597
58	135	0.436314797572712
58	59	0.4311105893979063
58	147	0.4306627042318073
58	57	0.4300353084858297
161	147	0.5541356291410899
161	135	0.5511001776083383
161	186	0.5312248426462477
161	99	0.5160272729300643
161	75	0.500370300281908
161	57	0.4938579803440038
161	178	0.4912601522526143
161	101	0.4704748526206191
161	5	0.4602118266896989
161	100	0.4592260037507101
161	159	0.4228438478249005
161	7	0.4170949761785971
133	21	0.5691738820468014
133	125	0.519233680743295
133	143	0.5034374719436029
133	130	0.47891083330753625
133	53	0.47482380825685294
133	157	0.45596079911525794
133	122	0.4440866950379824
133	27	0.42644222661684283
74	93	0.5875001555279519
74	78	0.5648246504576998
74	55	0.558017785712735
74	63	0.5430139401677065
74	75	0.5196498834568598
74	158	0.44781992974868173
74	57	0.44553857092232
74	196	0.4373586313985817
74	195	0.42971737802358456
30	134	0.7416155845666066
30	2	0.7018260348824905
30	32	0.5821177888809355
30	31	0.5783900322591664
30	7	0.5672440396744155
30	104	0.546565107991985
30	100	0.4846698729305167
30	135	0.4709808225378657
30	146	0.4696334797492892
30	10	0.4571323153245158
30	79	0.44981633379201197
134	7	0.730164673762534
134	2	0.6904158768408094
134	104	0.6807873156063029
134	135	0.6251105680606016
134	127	0.5875198004887211
134	150	0.5150874964143092
134	146	0.50813322765097
134	10	0.5078067624072881
134	31	0.4991849494386919
134	100	0.4881433718042846
134	39	0.4569266230696864
134	130	0.4332737258451688
55	158	0.7404839646082158
55	93	0.6352086071789488
55	54	0.5551949187875305
55	97	0.4542561161525958
55	63	0.42868948987524796
55	196	0.4272028014956544
158	169	0.5717574747297198
158	196	0.5457300580257946
158	93	0.5387906381810461
158	195	0.47394035214526326
158	175	0.47203069340434156
158	54	0.470708415671865
158	159	0.4688224617547506
158	63	0.4172353916236703
171	174	0.6372383020546636
171	175	0.7104936349202401
171	67	0.646469844638622
171	170	0.6338944507636902
171	169	0.5546135705787354
171	146	0.4874194060468106
171	68	0.4585549972343587
171	168	0.4148621813197002
195	93	0.7203489857975838
195	196	0.6792875559791371
195	181	0.6186283459715868
195	175	0.47834806623934245
195	97	0.424050265598332
99	101	0.7355437011953883
99	5	0.6595292392703573
99	181	0.552602370460792
99	100	0.5346329279119122
99	93	0.49645455762636914
99	135	0.45671296783968707
101	100	0.6526665259493327
101	5	0.648148904758174
101	181	0.438272030287267
101	135	0.4231558548469231
10	104	0.661282852595071
10	2	0.6388864960190163
10	7	0.6142075800277332
10	135	0.4928365591759854
10	4	0.4817801980102336
10	100	0.46012511974245346
57	100	0.4303368362594405
7	135	0.7162735234590114
7	104	0.6983282094907033
7	2	0.6549452198486612
7	31	0.5405554314810586
7	127	0.5033777454812998
7	150	0.4525640040408305
7	78	0.43419926051447416
7	100	0.428754785661481
130	143	0.7290890923875016
130	27	0.6580860111626602
130	127	0.6539619126916636
130	125	0.651850652861186
130	157	0.5347757461654182
130	150	0.4909945743877379
130	39	0.46841665600121984
130	118	0.45096422744992143
130	53	0.44518584382953075
130	18	0.42516506866102594
143	39	0.7241375829371973
143	127	0.6926074777182629
143	27	0.6379445397138982
143	125	0.47593838638340646
143	157	0.4702256460184081
143	122	0.42217022788442965
75	186	0.7277183651285374
75	135	0.5651922637796393
75	78	0.4928441302599315
75	147	0.47564440982205963
186	135	0.5897026094273551
186	119	0.47101194903404187
186	118	0.4273008961983911
186	147	0.42483731907367944
107	4	0.7022520334238067
107	85	0.5071311099862318
107	160	0.4196111643650761
32	37	0.7248454994899902
32	31	0.6364715058680055
32	79	0.5651582349327775
32	146	0.45634092377137386
32	67	0.4332737258451688
37	31	0.5485116663772857
37	61	0.4645594917504417
39	127	0.5353253112323842
39	2	0.4792498453908185
39	27	0.45981763347907206
157	53	0.706143678870781
157	122	0.5491196235117305
157	150	0.5477001538531915
157	125	0.5073836245694578
157	21	0.49797516703479466
157	49	0.49338905215899936
157	27	0.48214869892802564
157	127	0.46377494306379424
157	18	0.4283711087863101
157	178	0.41575590106021093
175	169	0.5924612389166432
175	196	0.567928663750653
175	174	0.5016735197649721
175	146	0.4373424569085521
175	68	0.4370431778109579
175	170	0.42065699309205334
67	68	0.7217412557080725
67	69	0.6592466355099125
67	31	0.5577422777717651
67	49	0.5513925511273463
67	54	0.5235588445218933
67	146	0.47611626791836453
67	64	0.47487027947392546
67	60	0.43242858048979177
67	61	0.41544980958685307
68	69	0.5966505500199158
68	61	0.5697752538261474
68	159	0.47338188768231987
68	63	0.4617159744003036
68	168	0.4512589318313111
68	93	0.4510279556518992
68	146	0.4440224697958101
68	54	0.43356609882488456
5	100	0.49274570034788256
5	135	0.42480453798653894
93	181	0.5920132529724031
93	196	0.5841570334505609
93	54	0.4423027520722132
93	78	0.44208554670406
93	63	0.4230983874062034
93	97	0.42199764040336996
21	125	0.7199638860838595
21	122	0.6694247317077064
21	118	0.5938483160858001
21	53	0.5824152234429221
21	18	0.5695455882489145
21	27	0.566429604645901
21	48	0.5201023153122148
21	119	0.4860000153438524
21	150	0.4607948997689801
21	178	0.4328187421265792
125	118	0.6616372090633642
125	27	0.6312551239244403
125	53	0.5773776362327088
125	18	0.5587128960259539
125	150	0.546277524264057
125	48	0.535396650094312
125	127	0.5268826509895765
125	122	0.49206391667327753
125	119	0.4518719200553881
61	63	0.678354737331431
61	31	0.4867100319319768
61	78	0.45846812284807764
61	71	0.42998640304601704
61	60	0.41683061073279004
135	104	0.6450706923255903
135	147	0.6350296200684626
135	78	0.5502571066347131
135	100	0.5470978491971928
135	181	0.48288518913472983
135	2	0.43857091132904674
2	104	0.6532287120654872
2	146	0.44940943119567356
2	127	0.44179585887954415
2	100	0.4390069420223576
104	100	0.5730618274696904
49	69	0.6508834421495964
49	53	0.6005647051753062
49	48	0.5701803289925312
49	146	0.561245791814138
49	150	0.5420118752469013
146	69	0.5795534172121093
146	150	0.5774909530701742
146	48	0.4577332892532869
146	168	0.4460273502048916
127	27	0.6022880759933853
127	150	0.5317916667821689
53	150	0.5925650674223198
53	69	0.5333318782946718
53	27	0.48780052429414034
53	118	0.4791651057694745
53	18	0.4599201411576781
53	122	0.44896242129237446
118	18	0.6860367514199684
118	48	0.5206856673308635
118	27	0.47378526133805093
118	119	0.4734206822434761
118	59	0.4705994277881268
4	160	0.46401823104710876
4	85	0.450254941132995
18	48	0.5799451127552429
18	27	0.5584308170663633
18	150	0.47238035326917266
18	119	0.4585944826947387
48	150	0.4883566231450854
48	119	0.4880595785399367
48	27	0.42586935278294624
85	160	0.6920764019393982
160	169	0.45652300783800565
63	60	0.5482669221683637
63	169	0.5185833275926726
63	78	0.4735525700134741
63	196	0.458918195162153
63	147	0.4533349955912686
63	31	0.42523060520492945
189	159	0.6457300001519406
189	147	0.5898917298212702
189	60	0.4579704007567979
189	69	0.4498243104087902
189	168	0.41532569163470984
170	174	0.6808141411247024
170	177	0.4591786557575125
174	169	0.4546211194917828
174	60	0.431135013391807
174	196	0.4171114966763994
196	169	0.6447786562570209
122	27	0.4753348459834839
150	69	0.5571081428940919
150	27	0.4841647486482159
150	119	0.4151105172158519
78	147	0.5722217259422262
147	159	0.4205582223833971
97	177	0.6634941374070092
97	60	0.4657506101556827
97	71	0.46265177363835175
177	71	0.5939065739479461
79	181	0.661996887879341
79	31	0.509370983202961
69	31	0.6026129731950376
69	159	0.42729272202402185
169	159	0.5043626168189002
169	60	0.46269107039610075
159	54	0.5973584940329523
159	168	0.5375617048673377
192	178	0.4236482932344237
54	64	0.5686057360290984
54	60	0.45758308494710453
60	64	0.49626615102841276
72	178	0.5385066951425659
