20	121	0.9263600613947255
20	124	0.8212353211390557
20	17	0.7289953929066249
20	19	0.9111915184669467
20	14	0.6636004813502279
20	120	0.6182084060820433
20	16	0.5806282780055314
20	51	0.5497200219994075
20	117	0.5271137783081231
20	15	0.5252770594276985
20	25	0.511146108604561
20	53	0.5030043461092724
20	18	0.4981556304393431
20	115	0.4949837465175956
20	136	0.4914270401749548
20	155	0.4834984096271262
20	118	0.4770668860933821
20	150	0.4764409945498231
20	157	0.47359911356877504
20	154	0.46404961794777855
20	119	0.4554537073677705
20	130	0.44922586505722395
20	40	0.4479318467548101
20	43	0.44740411515545797
20	125	0.4450495258881278
20	149	0.431012887104751
20	46	0.4284037681544058
20	152	0.42614764847631864
20	70	0.40502040752704677
20	109	0.4035815580253591
20	49	0.38827737230434684
20	128	0.3797264741969894
121	19	0.9168187318275368
121	124	0.7795019599167922
121	17	0.6927115222808289
121	120	0.6031285760676764
121	14	0.5985277778552371
121	16	0.5649199791549104
121	117	0.510170327653866
121	51	0.5086597160611607
121	15	0.489155796254896
121	155	0.4773371834650386
121	136	0.47105863657919433
121	25	0.45857868872787133
121	150	0.4540497424241049
121	115	0.45389890003486305
121	118	0.4506614556986749
121	154	0.4505658220170426
121	53	0.44672400155239017
121	18	0.4350184866836295
121	119	0.43417491606730624
121	157	0.4339720210129829
121	149	0.4023754023192158
121	43	0.4007902009504018
121	130	0.39746946058767424
121	46	0.3958852847979783
121	125	0.3945689641787173
121	152	0.3799746311262137
19	17	0.7184722677567775
19	124	0.6958401048276824
19	14	0.6246900133544294
19	120	0.6078283279537419
19	16	0.5325013185841898
19	51	0.5126810321687363
19	154	0.49740341500186447
19	136	0.4863360172249622
19	155	0.485709716231051
19	18	0.47244249946465633
19	117	0.4696568627516799
19	15	0.4671355121992268
19	150	0.45209471915510413
19	157	0.4467640225417619
19	115	0.4437253687019931
19	119	0.43503470172087544
19	53	0.43476711752907526
19	152	0.4217592550190793
19	46	0.41952876826084423
19	149	0.41672319212114345
19	109	0.4055719925907011
19	118	0.3910762701247908
19	49	0.3826409935987695
19	130	0.3818383344148736
19	25	0.3802826119246408
19	9	0.37797070389614773
19	43	0.3769502509983629
19	70	0.37270431099592294
182	185	0.8623140834338275
182	198	0.7734667916746796
182	195	0.6914976139675995
182	194	0.7560930580439669
182	96	0.7172945858053511
182	190	0.6936829446932273
182	74	0.665142244585646
182	80	0.6458990479934174
182	184	0.6293022215740761
182	75	0.6230714674299442
182	193	0.6095719965910278
182	183	0.5976156976939607
182	187	0.588233097740706
182	81	0.5803100113432201
182	186	0.5793607906700584
182	73	0.5772776323126778
182	199	0.5447321916538888
182	60	0.5429786824174242
182	87	0.5383930836683632
182	147	0.5286790532424269
182	97	0.5194527655252977
182	90	0.5109761808094316
182	191	0.49523285287829055
182	83	0.49214727820203913
182	135	0.4832685075004631
182	99	0.47721363015571366
182	76	0.47438994922188715
182	93	0.467229321069791
182	197	0.4661029206580403
182	88	0.44990407262960225
182	196	0.42660584206562563
182	95	0.4232461539468696
182	85	0.4144647153034437
182	55	0.4116614186472249
182	78	0.3700145865419261
185	194	0.7770574415910063
185	74	0.7255282089839709
185	184	0.7014757315506396
185	193	0.6685407928474209
185	73	0.6585279839907339
185	80	0.6439072716232479
185	75	0.6333677606113414
185	190	0.633146135931049
185	186	0.5959223301761281
185	198	0.5937253068142773
185	96	0.5863989324635422
185	187	0.5757086429483373
185	60	0.5612320915971327
185	90	0.5442256409442457
185	195	0.5379313357653247
185	87	0.5233918706067291
185	183	0.520065839684612
185	191	0.5018755397895598
185	76	0.47425044555945545
185	81	0.4742194415107292
185	88	0.46901749026708933
185	147	0.46838543198274724
185	135	0.4359260940852033
185	97	0.4324041900077016
185	83	0.42433728646795144
185	55	0.4061984354416061
185	99	0.40519594387294017
185	93	0.40259328396930805
185	188	0.3840911448723697
185	199	0.37686445691381143
9	108	0.860741704067584
9	109	0.8593097591114203
9	11	0.800067565932374
9	3	0.6810286795310457
9	12	0.664103851542323
9	103	0.6210484347201158
9	105	0.598566282342379
9	70	0.5792146170048813
9	1	0.5467614325848493
9	106	0.5382794526188323
9	5	0.5212830989935796
9	112	0.5100297660456002
9	95	0.4461955569638103
9	0	0.4316314975448271
9	17	0.4060063668497214
9	154	0.4008825272732764
9	155	0.3970483679230781
9	102	0.3885575858151
9	157	0.376624199076879
9	51	0.3737973792220158
9	113	0.37178257586427993
9	7	0.37009226198353934
108	3	0.7195735203971677
108	109	0.8560580371096522
108	11	0.7676579257761829
108	12	0.7137907936052289
108	103	0.7050037638985438
108	105	0.6120545420298172
108	1	0.5762031662523199
108	112	0.5706255916660713
108	70	0.5244148609190007
108	106	0.5240957921332449
108	102	0.47380077174159974
108	5	0.4502230497391223
108	0	0.4421257738333047
108	111	0.41343719619105224
108	154	0.4132713685444387
108	8	0.40406697506290906
108	113	0.3911440327526934
108	173	0.38583733918029567
108	157	0.3856671001361108
108	155	0.3852924817993164
108	95	0.37040291199956227
108	149	0.3703597711164837
109	106	0.6337568498046682
109	11	0.7507798600718693
109	3	0.6697667494394215
109	103	0.6525057691821232
109	12	0.6312851988235944
109	70	0.5818400426616959
109	105	0.5520186099036843
109	112	0.5479451154747719
109	5	0.5466983348058455
109	1	0.5274964114402625
109	95	0.45382743929485103
109	157	0.4530568808913104
109	155	0.44825952295291316
109	154	0.44055559874427336
109	17	0.4378922307962408
109	0	0.4333305832921317
109	14	0.42712104822676494
109	51	0.4148539023916493
109	113	0.41442330349530304
109	176	0.39936230517346333
109	144	0.3962225413105471
109	149	0.39085601230273026
109	18	0.3894147623630874
109	102	0.38002596711255193
109	119	0.3784248960857173
109	173	0.3763753071779556
109	120	0.3709808456147913
109	152	0.3704978163174735
36	139	0.8484798138440285
36	176	0.7166871809149409
36	32	0.6711924315052273
36	142	0.6876479036355679
36	38	0.6835407599862455
36	79	0.6400981466944937
36	141	0.5991755681813846
36	98	0.5973391988022846
36	7	0.5876049206498948
36	114	0.5665178886199257
36	199	0.5513090296508254
36	71	0.5244801068542184
36	156	0.5178884677103714
36	102	0.4920260220858857
36	70	0.4853658023530234
36	0	0.46772164504665764
36	1	0.46650985098725073
36	113	0.46502987126960876
36	140	0.4624552625793109
36	177	0.4529297133601072
36	78	0.45083675725099964
36	30	0.44963285180146584
36	3	0.4326643225217264
36	52	0.43207079000657445
36	39	0.4267939653185468
36	13	0.42182502233036556
36	103	0.41740881849743183
36	181	0.4105728315324484
36	145	0.4105063149517977
36	110	0.40905849912184233
36	35	0.40667427683073215
36	134	0.39690515831716383
36	143	0.39505011565309733
36	166	0.3799232927990576
36	2	0.370471934088759
139	142	0.7111219700880087
139	176	0.7101220378808628
139	114	0.6064961720499984
139	141	0.5867596910361259
139	32	0.5623886748288998
139	7	0.5482179620526749
139	71	0.5373554747734093
139	177	0.5256390063417504
139	79	0.5252408542763
139	156	0.5251032573578165
139	199	0.5165846782678445
139	38	0.5091932315880573
139	102	0.5021074211978876
139	98	0.49104010850593827
139	140	0.4867787091244958
139	113	0.4861451246998742
139	1	0.45814424112361674
139	143	0.4562617448622509
139	145	0.4343939932585806
139	166	0.43424794750615453
139	110	0.40655742393398714
139	0	0.39946316150949773
139	13	0.3991101220425359
139	103	0.3848751436873715
139	70	0.3832554060474512
139	10	0.37672717292801183
96	198	0.8472146226579921
96	75	0.7159617311379489
96	190	0.7070649852065242
96	95	0.6639473119371958
96	80	0.6397851951421738
96	87	0.6381164856600366
96	74	0.6335234347448521
96	197	0.6152900054689722
96	81	0.6095782807725307
96	83	0.6006733788250471
96	90	0.5984058287337809
96	73	0.5887887043539421
96	97	0.5729342095490034
96	88	0.565804454144083
96	194	0.5329954821558034
96	55	0.5173394108994173
96	99	0.49590427930002845
96	199	0.4927684160623273
96	85	0.49035681506773726
96	98	0.47349826585601124
96	191	0.4657036242605681
96	184	0.4482035867598236
96	93	0.4384578326089573
96	186	0.43002715775444444
96	195	0.4263522262223999
96	76	0.42064053199968277
96	60	0.4146220645205235
96	187	0.40921669434224606
96	193	0.36946207868666614
198	190	0.7620976647607814
198	197	0.7436204533018422
198	99	0.6042662089621099
198	95	0.6553219478090219
198	81	0.6496656714428908
198	97	0.6167606193672163
198	199	0.6014972969643188
198	195	0.5922275527998132
198	75	0.5713063294022376
198	183	0.5666197385864687
198	194	0.5467894740489883
198	83	0.5277056862062224
198	74	0.4983360506975977
198	187	0.4972227718784727
198	80	0.4840652163995741
198	191	0.4722715861245002
198	87	0.47049042554234466
198	61	0.4565309236693009
198	55	0.4530012473646533
198	181	0.45281842664966054
198	98	0.4493455864073616
198	186	0.444463926167669
198	176	0.4336635362075053
198	147	0.43343616654244416
198	93	0.43051607753266063
198	73	0.4208709620857502
198	135	0.4190754661243134
198	85	0.41477938894818284
198	90	0.3855564306727065
198	184	0.38192375110168936
137	140	0.8401549278632433
137	146	0.8015382900576409
137	165	0.75835833863918
137	33	0.7093379105758759
137	34	0.6930858440600669
137	171	0.6783169470975059
137	31	0.6226552794363824
137	145	0.6115539856522946
137	62	0.5849009415152194
137	166	0.5823160959075324
137	138	0.5587197743865214
137	173	0.5558793833689019
137	167	0.5534908687069763
137	143	0.5312391984970533
137	44	0.5218072522059207
137	164	0.520065839684612
137	156	0.5176615759153459
137	114	0.5032732125968992
137	142	0.49658264740298325
137	32	0.465288468158193
137	79	0.4645673335587979
137	42	0.4636571979532646
137	174	0.45548540926702147
137	41	0.447707998708447
137	35	0.4453141242213704
137	153	0.44503348712697893
137	149	0.444014441319699
137	22	0.4415785325279262
137	67	0.43790839566255346
137	49	0.43224970226021414
137	154	0.41843224291080583
137	150	0.39647541355418336
137	68	0.38176145381927135
137	38	0.3805819568672043
137	144	0.38052209425633055
137	127	0.37266125561878427
140	138	0.6720597221730397
140	34	0.6619238527787242
140	142	0.646394168302931
140	146	0.6460622065191958
140	143	0.6328584680620913
140	114	0.6293867711444602
140	32	0.6264854984046536
140	166	0.623890570865587
140	145	0.608584429763179
140	165	0.5843216995394845
140	141	0.5834912927249635
140	31	0.5802569496566964
140	79	0.5736391189410136
140	33	0.5637272867848745
140	156	0.5335751235935203
140	35	0.5240740320831008
140	171	0.515418027970263
140	22	0.512555704359828
140	134	0.5108357755447068
140	38	0.50635817184591
140	42	0.48972613186597314
140	127	0.4734051646393987
140	30	0.46771383264549016
140	167	0.46672106388914697
140	62	0.4560400054784612
140	24	0.45531103452707394
140	174	0.44553857092232
140	41	0.4448089144942981
140	164	0.43152571135699586
140	144	0.41360299641620674
140	149	0.40776704104547695
140	44	0.4009328836539561
140	173	0.3934623397282003
140	123	0.38573519890591884
140	150	0.38077007573565064
140	181	0.3703338858196871
81	93	0.8391519918438783
81	61	0.7511984346738395
81	97	0.6640367702678491
81	60	0.6949053186600048
81	92	0.6729306446036476
81	74	0.6010567555037254
81	80	0.5888148368529321
81	65	0.5887756376428407
81	99	0.569876548592119
81	190	0.5432959332465112
81	76	0.5418635515098149
81	37	0.5354323166608476
81	181	0.533453511973701
81	85	0.5325872861719194
81	63	0.520663800396221
81	66	0.5112052045603541
81	55	0.5102812780980075
81	183	0.4993275906415388
81	69	0.48740415745171123
81	197	0.45637259331172436
81	90	0.4561667206335756
81	194	0.44999180278332895
81	95	0.4499678772390243
81	83	0.44208554670406
81	195	0.433866498183316
81	187	0.4338259093097545
81	78	0.42600032550456335
81	75	0.41244181921602746
81	24	0.40489500613904617
81	147	0.3739006076534527
93	92	0.7660513890607366
93	60	0.6977590737019469
93	61	0.6155012434612578
93	65	0.6143632433842459
93	66	0.5914933906243434
93	85	0.537206095609282
93	74	0.5270198922367153
93	94	0.5258199084744303
93	63	0.5192994133459957
93	80	0.5150581084139878
93	97	0.5007824830655612
93	91	0.49800524726493095
93	69	0.47767685775572777
93	90	0.4745526733855826
93	195	0.4567762785875655
93	37	0.4556359775126678
93	76	0.451744580967063
93	64	0.4347265677699482
93	55	0.4344670075711313
93	68	0.42432088757143416
93	194	0.41584688307233075
93	24	0.40837547983283373
93	190	0.4039916666352743
93	181	0.39385105554418626
93	183	0.39015258205466274
93	99	0.3885406052230934
93	83	0.37622079521875035
132	133	0.8387966454653977
132	28	0.8350220578472096
132	131	0.6561541585746686
132	128	0.7526283515564359
132	29	0.7372099034690788
132	129	0.7171683352588339
132	126	0.6671891408333667
132	125	0.6623001299124499
132	26	0.5979627276273898
132	21	0.5882069378522865
132	25	0.5825209403918347
132	23	0.54618631227441
132	27	0.5186052593914324
132	118	0.4602748807740715
132	135	0.44261640157982396
132	123	0.4378679829658838
132	124	0.43640385253190933
132	127	0.4084254723758782
132	52	0.3899575749376948
132	53	0.3752159576110206
133	29	0.8370091497173356
133	128	0.7910009077038852
133	129	0.7495730928297166
133	125	0.6717964361098402
133	28	0.7612789952402276
133	126	0.6292720216881624
133	25	0.613122838491562
133	131	0.5885665284125577
133	21	0.5805354685494573
133	26	0.5762632822266546
133	23	0.5079700132709297
133	124	0.48081976030962303
133	135	0.47512582383084245
133	27	0.4737077049111864
133	118	0.4453221411389773
133	77	0.390923788709532
133	104	0.38276048921844213
133	123	0.3818383344148736
133	75	0.3795895366295797
29	25	0.7293372638870654
29	28	0.6975126877081672
29	129	0.6836739302340076
29	128	0.6804384176539028
29	26	0.6577967834870506
29	125	0.6549395093436707
29	21	0.6360906121918888
29	23	0.5966827494653563
29	131	0.5559208418727652
29	126	0.5240885388592242
29	27	0.49094903758661784
29	124	0.4896577137021842
29	118	0.46851032103622436
29	135	0.43403695222137645
29	51	0.404401612910486
29	52	0.4020736447682989
29	53	0.40184726926677233
29	16	0.398647629456395
29	117	0.38916022579177795
29	104	0.3874447998987222
29	127	0.381701654147858
28	128	0.6818696136028805
28	129	0.6694081752593551
28	131	0.6441940190058433
28	26	0.634886381269009
28	126	0.6325346327388505
28	23	0.6074309326550473
28	25	0.6069574462895874
28	125	0.5833857568073675
28	21	0.5553125066504523
28	27	0.5527621151972885
28	39	0.4472681337893859
28	135	0.43252613608975715
28	123	0.4211260177667804
28	52	0.4152181102326614
28	24	0.39799138308018067
28	118	0.3930565731796491
28	124	0.38319568637483503
98	199	0.8253590763946727
98	177	0.6741053465810063
98	176	0.6925970716764819
98	71	0.6678544382394029
98	38	0.47783120797167744
98	97	0.4583496436540763
98	35	0.42187434490100895
98	142	0.41618592450934394
98	78	0.3906187615025367
98	95	0.38662860550244343
98	85	0.3773362443259041
98	195	0.37577430979601384
98	197	0.3755510016298377
199	176	0.7650994333518354
199	177	0.63835354807831
199	71	0.5624091860521879
199	195	0.559544619618237
199	197	0.5340184613774649
199	142	0.4940847780240218
199	38	0.45535066821785
199	95	0.4472841326705978
199	190	0.42939118478261007
199	147	0.39329328894998833
199	170	0.3917791010904565
199	183	0.38956745576416035
199	78	0.3877422198392053
199	97	0.38148805780798367
199	193	0.37775639911363107
14	17	0.8248163853905348
14	120	0.7106867089410324
14	152	0.6951999526856435
14	15	0.6923107925405304
14	115	0.6740889787905513
14	18	0.6552820072567824
14	154	0.6479690987070436
14	157	0.6349699425407983
14	119	0.6288490237247993
14	155	0.6242141669288255
14	124	0.6077904938905662
14	51	0.6022817034642693
14	149	0.6005263444709733
14	16	0.5964251001065302
14	46	0.569910309666077
14	43	0.5657704599164236
14	151	0.5440285417483075
14	117	0.5223237399751155
14	118	0.4942510535984759
14	136	0.4845015340585609
14	116	0.471984060862209
14	125	0.4679872232000995
14	44	0.45383537966536863
14	130	0.45112353933211735
14	53	0.44682805240577916
14	105	0.4416670791504945
14	70	0.4243536850861247
14	48	0.4174253337571222
14	49	0.41535879126760183
14	40	0.3919737806458741
14	12	0.3860671202149017
14	3	0.3749581647048045
14	11	0.37065309760640713
17	120	0.7686008722453779
17	154	0.7285217929886926
17	15	0.6961494595628093
17	18	0.692846737119108
17	119	0.6928207380485181
17	157	0.6545510195035669
17	155	0.6544595598518872
17	16	0.6503586522816442
17	124	0.6442057191364163
17	115	0.6406526707791618
17	149	0.6318923053149661
17	152	0.6302977518410794
17	51	0.6236584268292981
17	46	0.601873701931796
17	117	0.585643866875491
17	136	0.546137192760642
17	48	0.5271354424974732
17	44	0.524291601792452
17	53	0.5133515330932509
17	49	0.4895740833124169
17	118	0.48863833011924085
17	151	0.47962721333937575
17	130	0.47377750602604635
17	125	0.45460525295476545
17	43	0.45092439498852593
17	173	0.4467720265250843
17	40	0.3781678285297936
17	105	0.3729626095564473
124	25	0.5691062740897589
124	125	0.5656344637723794
124	51	0.5615676583724503
124	16	0.5441270988535674
124	53	0.5343043300117304
124	128	0.5312104864903915
124	118	0.5248642079752358
124	120	0.5243278567578277
124	157	0.5202336118637108
124	115	0.5083038218537879
124	40	0.5078216049023848
124	130	0.5010821097923166
124	150	0.5006401183095726
124	15	0.4997028329044731
124	155	0.4963490556921806
124	117	0.48363631889525244
124	119	0.46794817288843366
124	136	0.4573537753854542
124	26	0.45298535142324
124	21	0.4418682894771071
124	18	0.43943469709453287
124	154	0.43233914562848635
124	149	0.4280362857401839
124	43	0.4279300977900319
124	152	0.42027831790495945
124	52	0.41128760873067394
124	116	0.409349892291549
124	70	0.3953791997429645
124	148	0.3893638598052448
124	46	0.38873586609585276
124	126	0.38352836945542473
124	129	0.3819749979821844
124	144	0.3714895344098151
62	63	0.8211050493335549
62	68	0.7895742194833861
62	34	0.7672469090839741
62	167	0.7167017713857737
62	67	0.7108104180592824
62	65	0.6995353348410978
62	165	0.6700754246332945
62	66	0.6660223045318019
62	35	0.6552705949973996
62	61	0.6374045720402999
62	33	0.6343667746186692
62	166	0.5590842175062273
62	41	0.5465580952878291
62	31	0.524523600722517
62	146	0.5019578285500508
62	92	0.47164200818881397
62	37	0.45531103452707394
62	69	0.4518400870093122
62	172	0.44892249875900847
62	171	0.4472201354283654
62	24	0.43943469709453287
62	169	0.38944021275004276
62	175	0.37317781420910995
62	72	0.3721789258020543
63	65	0.8179527474295689
63	61	0.7351900898839163
63	72	0.37469171776617505
63	66	0.7090347071840923
63	167	0.7088606195648405
63	92	0.6637571498681709
63	68	0.6614741292779973
63	37	0.6233833770811816
63	169	0.5923184425769779
63	35	0.5867793620818039
63	69	0.5649199791549104
63	60	0.5395637618999247
63	34	0.5224618900662545
63	76	0.5049141684430877
63	67	0.5030939790938838
63	165	0.46240023133882885
63	183	0.46200704745440574
63	166	0.4336229385303844
63	24	0.41689670870787277
63	172	0.38328953013605266
63	97	0.3704978163174735
65	92	0.7232040346069545
65	68	0.7028850300421081
65	66	0.6846579759142459
65	61	0.668833807197599
65	69	0.6024983263916819
65	67	0.5896308571817032
65	60	0.5707199982243217
65	37	0.5532896785402147
65	169	0.49082000208116133
65	167	0.4743434506478709
65	35	0.4426003196230423
65	76	0.44043470414139857
65	64	0.4288200769685266
65	34	0.4011594573835757
65	86	0.39600333673208293
65	97	0.387283309572498
65	24	0.3763753071779556
65	72	0.3721186204317424
87	88	0.8107452861931369
87	83	0.764268917891203
87	191	0.7391803396352223
87	90	0.7500196542319053
87	190	0.6686458596098641
87	74	0.6549966110275756
87	193	0.6399564590836361
87	73	0.6291330777346719
87	194	0.6278080747224999
87	75	0.6256950844157725
87	80	0.5810854756182076
87	89	0.5400385337295868
87	82	0.5320784848051545
87	91	0.48463926853264083
87	55	0.4717897301744377
87	184	0.46755756927611525
87	84	0.4472761332657715
87	97	0.42884456005380184
87	85	0.4124003237730512
87	60	0.40113428494794584
88	90	0.7946777385386965
88	82	0.608080484522626
88	73	0.7266156926475311
88	193	0.7154056428701362
88	75	0.6853426748605782
88	80	0.6221590659528268
88	83	0.5945340689898939
88	84	0.5914088665014594
88	74	0.5680776856760438
88	184	0.5656276631573791
88	194	0.5593041540986108
88	89	0.49881696040853213
88	91	0.4947647676740553
88	191	0.4891634034837543
88	55	0.47178195599325534
88	190	0.45895766396098003
88	104	0.4488985443787027
88	159	0.4353022090941567
88	85	0.43369601308162115
88	86	0.43063826802704624
88	107	0.41819298869227906
88	94	0.39454363441891943
88	58	0.38791213785425294
127	143	0.808367446597534
127	138	0.7037441221601574
127	26	0.6693916181460092
127	149	0.579094992657362
127	130	0.5566459179855805
127	39	0.5455615130649143
127	129	0.5409658266658465
127	123	0.5388687010654835
127	118	0.5357817479502418
127	18	0.5299099915879889
127	131	0.5163720357395709
127	125	0.510954013369348
127	142	0.5068190599638057
127	22	0.5067075813236483
127	136	0.5064771384308313
127	156	0.4995752715660385
127	52	0.48158052216415775
127	119	0.4528581735233458
127	44	0.4507889511847944
127	24	0.44585109980035365
127	31	0.4386678248948535
127	135	0.4075669272157045
127	117	0.399295062245327
127	27	0.39656811830785144
127	21	0.38251294836992417
127	38	0.3809581630895215
127	120	0.37528469258644953
127	145	0.3694448086036075
143	142	0.6917271497764084
143	156	0.6306351585691093
143	138	0.6192206010700638
143	39	0.5684906880314426
143	131	0.544893922761061
143	149	0.5424566438840996
143	26	0.5400172826338383
143	130	0.5244293605479954
143	145	0.5034673333707261
143	141	0.49263968480068604
143	38	0.46900188966887585
143	22	0.465452988475093
143	52	0.45857079163579484
143	18	0.4579387896532555
143	44	0.4394427660305448
143	136	0.43803770439931033
143	119	0.427734027457204
143	1	0.4233446524668828
143	31	0.4225892415039436
143	114	0.41482078599254146
143	79	0.4028613833882137
143	125	0.3976546883539003
143	118	0.3829397086358617
143	134	0.37594605561980965
143	129	0.37397802289834264
143	24	0.37365972690745264
143	123	0.37182566394908834
23	25	0.806138074005346
23	27	0.6206120902121445
23	26	0.6154763965207662
23	128	0.5657568616868222
23	123	0.5655528513148259
23	126	0.5428305789604349
23	129	0.5266731245257462
23	21	0.4879681574443671
23	22	0.48667950680392486
23	131	0.4669556824662355
23	125	0.45585782004430636
23	118	0.4221455744032374
23	135	0.4179124098365823
23	39	0.41192715479273956
23	53	0.3986139857172319
23	52	0.38726630920805866
25	128	0.6759289213051244
25	27	0.5964508705757087
25	26	0.5942365842022768
25	126	0.5467964842233678
25	125	0.5420189374398942
25	21	0.5312894415725734
25	129	0.5169658087931663
25	123	0.5044669960170287
25	16	0.5023990404513233
25	131	0.4775842334684873
25	118	0.47569857138633437
25	53	0.45122707664127276
25	117	0.44658791681571275
25	51	0.44048306389966485
25	130	0.4050454859764054
25	52	0.399916895349022
25	104	0.3983952752635867
25	115	0.3920838013911594
25	40	0.38679869601208566
25	135	0.38635640597204424
25	120	0.37990617950319344
25	18	0.3698419559279096
32	114	0.8051554627003688
32	79	0.7364694548895333
32	30	0.7289391601016254
32	134	0.6486994734319835
32	141	0.6349580061257732
32	31	0.5628739214650222
32	34	0.5298452609149616
32	37	0.5254146216590285
32	166	0.5212685335631132
32	42	0.5104809460983584
32	35	0.5017782777218259
32	181	0.49350252884640655
32	7	0.49285170126925054
32	142	0.47898018831524797
32	38	0.47224050715545063
32	172	0.46489662370979556
32	2	0.4628639545292263
32	13	0.46269892952947067
32	102	0.45385920034448646
32	24	0.44818760434566196
32	78	0.4453942901842764
32	0	0.4386193693871952
32	135	0.4294808990979167
32	110	0.4282812897530783
32	113	0.427374460624089
32	156	0.42637677262180596
32	39	0.42364008797842617
32	150	0.41204339233126464
32	1	0.41153683072349345
32	176	0.41140391998308806
32	61	0.40810881156409484
32	144	0.40126014106703717
32	41	0.3966439616361913
32	167	0.39442542094516403
32	52	0.3856585874944018
32	138	0.38107783862886396
32	100	0.37486362610468427
114	141	0.6619069967396132
114	134	0.7083278729044354
114	79	0.6872998330771016
114	30	0.6567516814907698
114	31	0.5203065437682136
114	142	0.5043402479299232
114	113	0.4900529354025916
114	7	0.4874499023451192
114	110	0.47767685775572777
114	102	0.474591412454373
114	2	0.465233620906999
114	156	0.4606688635881073
114	34	0.4474121134152505
114	181	0.44734812533300206
114	42	0.431371079424119
114	138	0.4242634892417503
114	13	0.4231312263606046
114	22	0.42147969443690836
114	135	0.4163678014943615
114	145	0.40483648027798347
114	123	0.3965006974708356
114	166	0.3957587860608866
114	39	0.38937234373005797
114	10	0.38834530944849793
114	1	0.3870792878198521
114	0	0.3845258214235617
18	149	0.802359109049221
18	16	0.6828475407417984
18	118	0.6800408348996078
18	48	0.5387551519926839
18	44	0.720872970266876
18	120	0.7146138503880823
18	136	0.7057674588636943
18	119	0.6938489251145872
18	15	0.6631581383695183
18	154	0.6291995342080627
18	46	0.6166738669896444
18	130	0.6035864670111577
18	115	0.5892458453707863
18	51	0.5888866948780938
18	152	0.5844402293387487
18	117	0.581476122048804
18	155	0.5703287871339302
18	26	0.5483018913788142
18	151	0.5362164979386659
18	22	0.5232393810490396
18	125	0.5199855866264164
18	53	0.5169364983329803
18	156	0.5151903448789483
18	52	0.5073539214923387
18	157	0.4972302995361945
18	49	0.4832838363832948
18	43	0.48260141434551934
18	39	0.4383447400055456
18	116	0.43019015906199193
18	123	0.4088752949859868
18	31	0.40558034767040313
18	173	0.405538571594181
18	122	0.4019646552901354
18	138	0.40193950225434716
18	148	0.3845599064949862
18	33	0.3793755383802436
18	142	0.37513862583111496
18	145	0.3735994988436208
149	44	0.7984784577383873
149	119	0.7627675787642711
149	154	0.7583413424184114
149	136	0.7388354004793529
149	130	0.6869936920883707
149	122	0.416268599995855
149	155	0.6698274003459092
149	46	0.6535095353588803
149	152	0.6379089567460883
149	156	0.6339542647544443
149	120	0.6150475942099284
149	157	0.6092388253336182
149	118	0.605388713570949
149	15	0.5991755681813846
149	49	0.589004260657805
149	51	0.5791016391087673
149	173	0.5708278729621783
149	115	0.5436552967023435
149	164	0.5416021370710186
149	45	0.5405129621141567
149	145	0.528203358345428
149	52	0.52387816084168
149	53	0.5160566209584171
149	138	0.5072722318138365
149	31	0.5058374663852696
149	48	0.5033180142084074
149	146	0.49110840465256606
149	125	0.4846851746844741
149	151	0.48466222194229214
149	16	0.4830078711581281
149	33	0.47328877324271446
149	117	0.4694307994630181
149	142	0.4491061275714211
149	22	0.4434763710420071
149	123	0.4319243819517636
149	26	0.42268780670511513
149	39	0.4147628296496458
149	144	0.40532966580195673
149	38	0.4016208446369928
149	148	0.3883028492280405
149	43	0.3807957258671215
149	3	0.3736253112567417
146	150	0.5269187697716327
146	171	0.7074398306861766
146	165	0.6664505238435865
146	33	0.6388628224522318
146	145	0.5883115700198569
146	49	0.5861035932180969
146	164	0.5824086154793616
146	34	0.573759875340022
146	31	0.551489978881417
146	67	0.543775040250446
146	173	0.530183230806114
146	154	0.5198761358418574
146	44	0.5015388093395874
146	172	0.5009997244125293
146	144	0.49862162785338143
146	153	0.49169246932291005
146	138	0.4876480992958743
146	42	0.4774221154186274
146	68	0.4750638810404027
146	41	0.46489662370979556
146	167	0.44941741147144065
146	174	0.4336229385303844
146	156	0.43165590805623927
146	136	0.4310780230899482
146	45	0.4051792274125322
146	79	0.4051123588616812
146	168	0.40296190285297484
146	155	0.40255976668366444
146	166	0.3882434021494849
146	47	0.38229096849875494
146	157	0.37002321740204785
38	142	0.8014667713196788
38	156	0.6675829038817075
38	79	0.6604886986108778
38	78	0.6421947369644114
38	181	0.6181280832395181
38	52	0.5904652163910857
38	145	0.5821574558282299
38	41	0.5578042777790381
38	44	0.5313612109122322
38	31	0.5287655075722602
38	33	0.490683352779399
38	176	0.4673621989636153
38	39	0.45958891834123716
38	45	0.43522926015761043
38	164	0.42441927677525493
38	174	0.42400925566024006
38	130	0.40769200294823255
38	173	0.39883265084143227
38	135	0.3930734831773207
38	138	0.39011867028694164
38	35	0.3875637775581108
38	22	0.379640890166943
38	141	0.3736941415293994
142	156	0.7291780815871491
142	145	0.6856925181424006
142	141	0.607998547089731
142	79	0.6072983999420258
142	181	0.5703962557932301
142	176	0.5551949187875305
142	52	0.5247337824932508
142	130	0.49823081079072723
142	39	0.4900529354025916
142	138	0.4780163892924279
142	174	0.4728773912882545
142	44	0.46575844088290214
142	166	0.4590681669607672
142	22	0.45626966307832467
142	31	0.4347590077182815
142	78	0.4305812477605339
142	41	0.4243864814874144
142	173	0.41112142656257555
142	33	0.3988074225640853
142	135	0.3868497180340352
142	71	0.38352836945542473
142	131	0.3773791243847942
142	164	0.37539637811895343
142	1	0.37519877322236267
11	12	0.6852153806250573
11	3	0.6645731211536635
11	103	0.60422811584013
11	70	0.6017780310882104
11	112	0.598867805144579
11	105	0.5526579384537259
11	1	0.5288015269718396
11	5	0.4598334046889112
11	106	0.4482675135510952
11	0	0.415954396537616
11	113	0.38458546961041157
11	154	0.37658129055826195
44	33	0.7479739063487603
44	49	0.7059480941865821
44	45	0.6279897975973158
44	31	0.6823775855365136
44	154	0.674999112142606
44	119	0.657864854520491
44	46	0.6308519370916473
44	156	0.6279958538474241
44	136	0.6126108352755751
44	173	0.6092639778427976
44	164	0.5595240119777568
44	155	0.5539970270411623
44	130	0.5526857206076725
44	145	0.5510375085267011
44	152	0.5193067165892626
44	52	0.5172881438475532
44	15	0.5094894601383912
44	120	0.4999203875245513
44	22	0.48675581739555623
44	51	0.47776947142490234
44	67	0.4749322369774649
44	157	0.4628403814931123
44	151	0.45778862109680435
44	53	0.4503904667410642
44	48	0.4408295673561595
44	171	0.42908119739734374
44	138	0.408467130956798
44	118	0.4055051495133631
44	79	0.4019898077192932
44	42	0.3972252472168959
44	78	0.3829226413615582
44	16	0.3755681807297063
44	41	0.3728334674988612
60	92	0.7962202278108053
60	74	0.7672469090839741
60	64	0.5968759057925942
60	80	0.7227744767988938
60	76	0.6381520527392812
60	90	0.5838473309800465
60	61	0.573075259318581
60	91	0.5713602156655163
60	97	0.5547312681244161
60	37	0.5433382216396888
60	183	0.5174492563645746
60	85	0.5076731663847879
60	187	0.4858701579388197
60	194	0.4790418321913568
60	169	0.4635943938636103
60	73	0.44809170384379504
60	66	0.44717213449137583
60	86	0.4256482958406688
60	94	0.4254353781648303
60	55	0.381188954482063
92	66	0.7333004729586259
92	91	0.6881799457026994
92	61	0.6728211970054677
92	69	0.642241741423015
92	37	0.6244033408852755
92	76	0.6170641347225437
92	94	0.5837814149023628
92	64	0.5824284391391299
92	80	0.5684568461526501
92	86	0.5657772589158235
92	74	0.5480850513675538
92	85	0.5460880694910913
92	90	0.507316790950536
92	68	0.49997289125955696
92	97	0.48922425863535085
92	169	0.46478687460933765
92	183	0.45326348880961476
92	35	0.43855475807624733
92	84	0.4249438499123053
92	24	0.39718313577539593
92	55	0.3938341577841636
92	67	0.38159913299078413
73	75	0.794714584339707
73	90	0.7502820184443916
73	184	0.7168913904176926
73	84	0.6342771292698479
73	80	0.7174207892700567
73	74	0.7031733075158023
73	194	0.6210115754161715
73	193	0.6133162666401742
73	186	0.5598605168035953
73	76	0.5303054337667447
73	86	0.5210500156629421
73	55	0.5172075738359221
73	190	0.4734439580986198
73	77	0.4673074870935378
73	58	0.4599753325231975
73	91	0.43941855900976245
73	104	0.435845093710406
73	83	0.4289343259766851
73	187	0.41133745805064403
73	191	0.4008909201716237
73	82	0.39741893830119696
73	159	0.3971662907304536
73	188	0.38161622050240424
75	80	0.7262992787987447
75	90	0.6930078911545288
75	184	0.6692094460066227
75	186	0.6546481743955366
75	74	0.6369769007461518
75	84	0.6262120391657708
75	190	0.5753675774623884
75	194	0.5684568461526501
75	77	0.546501990894926
75	76	0.5277850495370113
75	55	0.5154767730883897
75	193	0.5104143962126872
75	95	0.5054876428676501
75	83	0.47911117590457203
75	86	0.4693294407638857
75	58	0.4522299625215582
75	191	0.4144067382914948
75	135	0.4130723391812811
75	148	0.4056722490739324
75	99	0.40140275968790723
75	197	0.40047119283910076
75	97	0.3982017628582115
75	187	0.3914658473157258
75	82	0.3801371870516465
75	147	0.3752073654489302
31	33	0.7946777385386965
31	79	0.6506240083444517
31	34	0.608464787181771
31	30	0.6053063515037619
31	156	0.5490777140726386
31	78	0.5459406771482506
31	22	0.5366652035756051
31	68	0.5291040147294686
31	41	0.526239418272993
31	24	0.5236096546892051
31	138	0.5196425837789409
31	45	0.5184005360652354
31	42	0.5174712234115757
31	181	0.5137343953622219
31	49	0.4981029997363991
31	52	0.48427957798233234
31	145	0.47874898170540797
31	135	0.47349826585601124
31	67	0.47341292347816855
31	164	0.43994290153662174
31	134	0.41988302244590553
31	165	0.419050734540778
31	171	0.40719995018166827
31	136	0.39222765775089313
31	147	0.3893893113814798
31	123	0.3829823756778584
31	39	0.37799641774897746
31	172	0.3708169831563791
33	34	0.7255471527869088
33	49	0.6511772834631483
33	67	0.6438545840617593
33	68	0.5998353790428784
33	22	0.5971204711884213
33	41	0.5967922132091334
33	145	0.571225490771233
33	42	0.5571495193420002
33	173	0.5142347528308229
33	165	0.5029221730338705
33	45	0.49921498141446563
33	171	0.4896653160181928
33	79	0.48713725891644544
33	138	0.4697425947896634
33	156	0.4696334797492892
33	164	0.4622744322686099
33	24	0.426458589417832
33	154	0.4127654249277417
33	136	0.41225922646695096
33	181	0.3902034477216425
33	174	0.38658607876430584
33	30	0.3749581647048045
90	74	0.7639776369921208
90	85	0.5571012465505008
90	80	0.7091888269365593
90	194	0.6752059220414529
90	84	0.6152589336026292
90	91	0.56485188876686
90	83	0.5617114161877562
90	193	0.548462725051594
90	86	0.5430773992936786
90	55	0.533560817489105
90	190	0.5165626837188844
90	184	0.5124745982558095
90	104	0.4653589808029436
90	64	0.45360507966155317
90	76	0.45248448185998325
90	94	0.442342969596539
90	191	0.4380134603916382
90	97	0.40558870268233244
90	82	0.3960876515286375
37	61	0.7924562492367099
37	35	0.7016737707631532
37	69	0.5868121456189532
37	66	0.5726452874391084
37	76	0.5515108543001291
37	97	0.540951679393297
37	24	0.4982082574718558
37	183	0.47714412312702076
37	167	0.4623766454308703
37	169	0.45453384996778395
37	166	0.45140226595497807
37	74	0.43089074502527314
37	141	0.4304264611393109
37	85	0.42684303487660247
37	68	0.4103316881416981
37	187	0.40306241259688247
37	172	0.37775639911363107
37	80	0.3724201158585243
37	30	0.36957432800510487
61	35	0.735199279659425
61	69	0.6833702356433378
61	66	0.6632197582154491
61	68	0.5874608635289206
61	97	0.5827587314824194
61	183	0.5547520359753976
61	76	0.5389254682599981
61	167	0.5169584812917606
61	24	0.5011045769561504
61	166	0.49797516703479466
61	169	0.4590681669607672
61	181	0.43493740726517083
61	34	0.42505036898147913
61	172	0.4176730295585618
61	187	0.3923714949275955
61	80	0.38430424290377113
61	99	0.37673575366205725
61	74	0.37196353505377
128	126	0.7502645348439837
128	129	0.6361799119807676
128	125	0.6104322157859986
128	27	0.5762632822266546
128	123	0.575748755136219
128	21	0.531949431799128
128	26	0.4848993680890971
128	131	0.4801660027740779
128	118	0.454890806472378
128	135	0.4332980937447771
128	130	0.4084088084670909
128	40	0.40155374642552055
128	104	0.39202456084486004
128	53	0.38391211089586447
128	150	0.37625513301851804
68	67	0.7875320403119855
68	69	0.6919565459047269
68	172	0.5823359228000944
68	66	0.6679652175309023
68	34	0.5850522360636985
68	41	0.5630446906682154
68	35	0.5168852021109134
68	49	0.444391702615145
68	167	0.4286078638441708
68	42	0.39800821500337913
68	40	0.38503698736391506
68	24	0.3807957258671215
68	165	0.37600616055740493
68	171	0.37121366305630527
10	13	0.7894612209549805
10	110	0.7399640861085672
10	8	0.6873420402714479
10	2	0.6570870710589592
10	160	0.4773371834650386
10	111	0.6903583066179574
10	7	0.6806960951826369
10	102	0.6649860914853494
10	113	0.629899788016243
10	0	0.5760094168081807
10	12	0.5542880559712944
10	107	0.5410011935079234
10	104	0.5306862780481416
10	105	0.5200731349618954
10	1	0.5199782904385805
10	134	0.49129049819480036
10	103	0.4638298851762033
10	3	0.4429540568930644
10	112	0.4400880510845115
10	70	0.40659081183344725
10	30	0.3855479171774948
13	111	0.7664642379289894
13	7	0.7388172350524721
13	110	0.7252344394088416
13	102	0.7054059127538977
13	113	0.698563809139622
13	0	0.6205567514643299
13	2	0.613122838491562
13	12	0.6037262987836824
13	112	0.5843546269850185
13	1	0.5517821718821424
13	70	0.5442889815022911
13	104	0.5435496222478094
13	8	0.5379597603488105
13	105	0.5338683314441083
13	3	0.5309951075476742
13	103	0.5129463601243063
13	134	0.5009622735106091
13	30	0.48818145667713714
13	107	0.44199704075979174
13	39	0.41128760873067394
13	176	0.39923622115904756
67	66	0.62344451258641
67	171	0.6154888201439419
67	49	0.5590498453035214
67	173	0.5262104947811951
67	165	0.5147568115954366
67	41	0.5030566333320834
67	50	0.497674298827676
67	34	0.49131325686875155
67	35	0.48294653251638325
67	69	0.4784483138114358
67	47	0.47563667216130207
67	174	0.46318605373848637
67	45	0.4581521421259616
67	145	0.3989419664001576
67	172	0.39291282746585265
67	154	0.38914325457331644
67	153	0.3810094541697531
155	157	0.781417274731799
155	51	0.7519729458541323
155	154	0.7379941253816863
155	119	0.6836792560971671
155	152	0.6427173895712186
155	173	0.6186345189230947
155	130	0.56980226745687
155	46	0.5657024656910691
155	53	0.5258777871135158
155	120	0.5243278567578277
155	136	0.5225055107132003
155	156	0.5195111766037804
155	49	0.5176103322040491
155	47	0.5137343953622219
155	179	0.47918051363784253
155	144	0.472885155121269
155	145	0.4703814089359529
155	15	0.45849971454792265
155	115	0.4563805105161528
155	125	0.4357640862745778
155	52	0.4194958078832447
155	48	0.408467130956798
155	117	0.4070831571762163
155	118	0.40577249579653324
155	16	0.3911948519407136
155	164	0.3857692467148161
155	151	0.3850114346732099
155	150	0.3844320820707751
155	168	0.3833663055096456
155	50	0.3800088553772097
155	45	0.37910156138445966
157	51	0.704394651261106
157	154	0.6924773814741131
157	152	0.6629900385464774
157	119	0.6483750097612552
157	173	0.5867006737438303
157	53	0.5595652265668754
157	130	0.51853215074173
157	49	0.5077993410466817
157	46	0.4858625185998065
157	144	0.4721550339363904
157	125	0.46324888810440196
157	145	0.4455225408718456
157	40	0.44125647229930526
157	15	0.4393620734792997
157	189	0.43759312970363623
157	120	0.43593419373429954
157	45	0.4217839182809373
157	156	0.4191414139734982
157	164	0.41004889521142873
157	179	0.4098825095876917
157	115	0.4050454859764054
157	50	0.403832664193087
157	47	0.3964248439164801
157	136	0.3909576753232875
157	3	0.38389505853511235
157	168	0.3771303975221337
157	151	0.3709894693149206
84	86	0.7805200736120926
84	80	0.5787692222391009
84	82	0.5732901270270193
84	184	0.5654508201641343
84	94	0.553095364693122
84	91	0.5449853180661309
84	76	0.5274170146046617
84	77	0.5163500346011332
84	189	0.4521901872191624
84	186	0.4491540245018861
84	69	0.4416912267362673
84	74	0.440297670946373
84	55	0.41358641762784104
84	193	0.4096744891939617
84	64	0.40295352660217343
84	159	0.39657654561170663
84	194	0.3794697026123639
84	188	0.3773791243847942
86	94	0.6297429235026228
86	91	0.5929283121653947
86	76	0.5718786190708949
86	80	0.5705986155929906
86	69	0.5168045862619709
86	64	0.4492897184520932
86	77	0.40939151307292515
86	82	0.4038577714642853
86	40	0.38662860550244343
86	189	0.38516474196217426
86	74	0.3714550540764372
194	193	0.7554841856677187
194	190	0.7237378150629696
194	74	0.6723228384248311
194	184	0.6313393288578114
194	191	0.5951156339654285
194	83	0.5557549912637778
194	187	0.545062642440688
194	195	0.5340827924708937
194	80	0.5228107786598283
194	183	0.5034449374131371
194	55	0.49157872515734885
194	85	0.48538873462023746
194	186	0.4838890901944262
194	97	0.44251186377155677
194	169	0.4245176559576004
194	196	0.4074751952915332
194	76	0.37048056156225684
165	167	0.7731049656880673
165	171	0.7190764718128455
165	175	0.6472433411905864
165	166	0.632828492605635
165	164	0.6035228948365552
165	34	0.5302838701392842
165	174	0.5259501285643005
165	173	0.46004628762803434
165	35	0.4540497424241049
165	153	0.45196741228904264
165	169	0.41275712864645797
165	196	0.4046023436649443
165	145	0.3994883740828232
165	180	0.39758733655151673
167	166	0.7489195345117005
167	169	0.6910433477809516
167	175	0.6299842322448832
167	183	0.6189800823175212
167	35	0.5903479607809055
167	34	0.5567080279527986
167	171	0.5111313338604087
167	172	0.5104587634825407
167	170	0.5041761887282553
167	187	0.46269892952947067
167	66	0.4568554105158749
167	196	0.39312421157506994
167	174	0.38630536106516006
167	180	0.37230814101448656
167	153	0.37211000512236025
95	197	0.7725814384934345
95	5	0.5929153432912714
95	106	0.56520587477988
95	99	0.554364255447587
95	190	0.5180860237957792
95	176	0.5177420942442945
95	70	0.4641437716585374
95	97	0.4293096189594742
95	112	0.3999840985169691
95	186	0.39728420042476853
95	101	0.39445919755574427
95	135	0.3937327656341078
95	55	0.3910508580461282
95	3	0.3901271483280979
95	83	0.3874702961981734
95	148	0.3807871758884123
95	12	0.37524173371041947
95	195	0.374545575418839
95	181	0.37016130247669343
197	99	0.5917013946287167
197	176	0.5849864608276151
197	181	0.5379171230148567
197	190	0.5111682701543904
197	195	0.49661278303134576
197	101	0.40661585204535805
197	106	0.4052126600624126
197	135	0.3984541633055656
197	186	0.37793641785192134
197	147	0.37525032561459154
56	162	0.771207233126757
56	161	0.7551319877720379
56	163	0.6679098315846816
56	58	0.5545858738128169
56	57	0.5151168832036643
56	101	0.5022046403093483
56	54	0.40770034078654693
56	100	0.3779278461788856
162	57	0.5274170146046617
162	161	0.7000813217973414
162	163	0.6392473680025265
162	101	0.4675966378587129
162	58	0.4527866278548148
162	100	0.400345241850528
162	54	0.3987653740936728
175	196	0.7699072633249859
175	183	0.7182109156798517
175	174	0.61813426237805
175	170	0.6276626471280287
175	166	0.5995344013791437
175	169	0.5849996164905086
175	180	0.5728670310611892
175	171	0.4930939341619944
175	195	0.4897413350833782
175	160	0.4503027760699418
175	164	0.44710812923523224
175	187	0.4380457855936066
175	172	0.38819244493887684
175	181	0.382478800493689
175	35	0.37020445070857466
196	195	0.6981129645335086
196	183	0.6740944347942596
196	174	0.49401674577808136
196	170	0.4808428243476696
196	181	0.4670182363205609
196	166	0.4482195688874528
196	160	0.427905591200484
196	169	0.36952252196743135
120	115	0.7523073454145903
120	16	0.6775008838178036
120	119	0.6689719494307597
120	117	0.6684522948685269
120	15	0.6364060618439671
120	154	0.591883333529668
120	136	0.5772376258949233
120	151	0.5304994755383177
120	118	0.529053609436764
120	152	0.5195768832637867
120	51	0.46765914379111545
120	46	0.466869663285229
120	43	0.43918452490733484
120	48	0.43524547152631715
120	116	0.4346941266933945
120	125	0.42902408342915715
120	130	0.4264258635367396
74	80	0.7424334912129191
74	76	0.5905694226778836
74	190	0.5701735800101259
74	97	0.538350474318732
74	193	0.5270126696983195
74	187	0.5269187697716327
74	83	0.5229560972410101
74	55	0.4945306173426149
74	85	0.480696740869349
74	184	0.4713309279915648
74	191	0.4636179459431841
74	91	0.4557152134877272
74	64	0.454351349126632
74	183	0.42795460375036165
34	42	0.6132413999516498
34	24	0.5656004599280507
34	41	0.6158613866203002
34	22	0.5585821925716781
34	35	0.539152488089975
34	166	0.5226945019119479
34	138	0.4915104706056821
34	79	0.4422464445496714
34	145	0.4421820888263388
34	171	0.41535879126760183
34	30	0.4101320777906125
34	172	0.40749187443490864
34	66	0.38515622544815653
111	102	0.7072849427685876
111	12	0.6432922034032128
111	110	0.7263418000613306
111	113	0.6651478204065034
111	105	0.6121858568896891
111	112	0.5847430255373349
111	7	0.5741957324719145
111	8	0.5695455882489145
111	103	0.54143958338604
111	3	0.5154841158875032
111	107	0.49628122527694074
111	1	0.49619831320702973
111	104	0.49468924315515306
111	0	0.46900969000456677
111	70	0.4649985207977161
111	2	0.40262680017546226
176	177	0.5655188428545567
176	71	0.5421178001032911
176	70	0.5294927300578938
176	7	0.49579870091836226
176	141	0.45800991300759447
176	112	0.4259839548906343
176	106	0.41609497352554725
176	103	0.4108721020674762
176	113	0.4095330109839287
176	1	0.4036987484728101
176	102	0.39325102209941676
176	3	0.3892196229759357
176	79	0.38721530653467773
176	0	0.38623729750839886
176	181	0.37190321846437707
83	190	0.7316644302048302
83	191	0.6317541214480874
83	97	0.47931917116315076
83	89	0.47861793514101314
83	85	0.4757527293436882
83	193	0.4686429951413284
83	55	0.4683932380970553
83	195	0.4135781281308055
83	80	0.399664845173802
83	99	0.3853606036757008
119	154	0.7535805845712794
119	136	0.619282253836913
119	51	0.6034847478483216
119	130	0.5646271359073936
119	46	0.5506822663153509
119	152	0.5448587672726429
119	115	0.5231231760335254
119	49	0.5158438203038485
119	15	0.5141170531287458
119	118	0.5104883401526493
119	173	0.5068933696414477
119	125	0.5050929615774112
119	48	0.5014939004588649
119	53	0.4955950440756504
119	156	0.49545169732447214
119	117	0.46691658393387336
119	16	0.46012511974245346
119	151	0.44630767729270726
119	145	0.39972366228901385
190	158	0.39917737678386717
190	191	0.6776847789182506
190	195	0.5651786524716818
190	99	0.5615197315649834
190	97	0.5477701524732796
190	55	0.54250604386347
190	193	0.4829848697229468
190	184	0.48144993784053414
190	85	0.4595337021031236
190	187	0.4590918443272167
190	183	0.42322973655403656
190	186	0.41935571393847576
190	80	0.41020693627833144
190	135	0.39259990276914053
184	186	0.7592322509795043
184	193	0.6288973852041593
184	188	0.580986116007985
184	77	0.5614718009897098
184	135	0.5542603447668691
184	147	0.5467474113928095
184	80	0.5365085471812449
184	58	0.4697270078053353
184	159	0.45365273291045294
184	148	0.4505578520767327
184	189	0.4488825744333899
184	161	0.43176167963325823
184	55	0.4293422461292133
184	76	0.40339737485136073
184	187	0.38351984036281533
184	195	0.3693757257192981
186	147	0.7062339123994583
186	77	0.6860738043908281
186	148	0.6741980848893875
186	135	0.6260174854719733
186	188	0.6176582451794419
186	78	0.4923367026560499
186	58	0.44633170125475324
186	193	0.43805386671710456
186	76	0.43748801713180946
186	80	0.43330621623720184
186	43	0.43207079000657445
186	187	0.4263849546153973
186	99	0.4230983874062034
186	161	0.408775351563561
186	159	0.40718326628178525
186	116	0.3803938064944761
154	152	0.7350522108183348
154	46	0.7239092036880285
154	173	0.6796858962996417
154	47	0.517873831728077
154	49	0.644433811425551
154	51	0.6101121561925928
154	136	0.5955288124646801
154	48	0.5275108462386928
154	15	0.5240377638123234
154	171	0.5108209944574862
154	164	0.5024962214802406
154	45	0.4907744549963574
154	115	0.4880900498589595
154	151	0.4708096058456203
154	130	0.469890656533191
154	168	0.4535415379613253
154	156	0.4423107957193907
154	145	0.4346130190663422
154	53	0.42586935278294624
154	179	0.41869618018762894
154	153	0.41325478427184603
154	16	0.40667427683073215
154	117	0.39782304911153255
154	144	0.39298893053037987
154	3	0.3914997169649707
154	150	0.3823080454404935
154	118	0.37486362610468427
154	189	0.37186013326343204
147	148	0.7565338875668938
147	135	0.7312319956200245
147	78	0.6490931482305486
147	188	0.6208702559702949
147	77	0.6743289733742903
147	181	0.506254060269853
147	172	0.47775403655077453
147	187	0.46404961794777855
147	99	0.45436722027943927
147	76	0.4406120107580062
147	45	0.420912104601595
147	52	0.408467130956798
147	43	0.390449264866451
148	77	0.7316319018375839
148	135	0.6511369638551642
148	43	0.6341695323324889
148	78	0.6097416426006744
148	188	0.5893959665694859
148	116	0.5537821330812064
148	45	0.4794269993651707
148	52	0.4731801263612382
148	15	0.4439903554635953
148	118	0.4388131761134135
148	40	0.4089835559600056
148	125	0.38475587530434163
148	172	0.37783355349958564
148	16	0.373539267629542
193	159	0.5299459504052529
193	191	0.5922015815235628
193	80	0.5072202427260398
193	195	0.49809548076493065
193	189	0.49235185459827513
193	82	0.49037200592263475
193	180	0.42154548060793934
193	160	0.4190589784710504
193	192	0.4036736373490833
193	161	0.40021087745495887
193	187	0.3900169286337006
193	55	0.3808812220726937
193	179	0.3802141790320741
193	89	0.3702821135005857
161	58	0.6393597132885285
161	159	0.5162693579285498
161	101	0.514991980985768
161	163	0.5950510463837148
161	54	0.4759229165831077
161	151	0.4650768947906415
161	57	0.44305854379715165
161	100	0.4054550143591965
161	55	0.37779926330913055
3	12	0.7537101901576824
3	103	0.7193902289866425
3	70	0.6616372090633642
3	112	0.6213861836818567
3	1	0.5571357275000577
3	7	0.5516708762277719
3	102	0.5473150243797079
3	0	0.5373270241981521
3	105	0.534889978774441
3	106	0.5158951918095013
3	113	0.5118254202468081
3	110	0.4607082518907324
3	5	0.4582548485681166
3	152	0.38847268021606096
12	70	0.7118971636808313
12	112	0.7010437320447468
12	103	0.6863859666100852
12	113	0.6189985878836091
12	1	0.591831357139103
12	105	0.5823293139128783
12	7	0.5602380064386321
12	102	0.5580522155596243
12	110	0.5246540659019475
12	106	0.4996127918561988
12	0	0.49403942386562066
12	8	0.47614719986123677
12	5	0.4188281223089086
115	15	0.6902693172554997
115	16	0.6381283416557395
115	116	0.588827902640822
115	152	0.5752270805369357
115	118	0.5700588355340336
115	117	0.5379171230148567
115	136	0.46220366211299574
115	43	0.45763052070792176
115	125	0.4514500388206914
115	151	0.43539946545179187
115	46	0.420928561123062
115	51	0.411345766031426
115	130	0.3941298301456907
51	53	0.6741544459803925
51	130	0.5970175098095825
51	125	0.5583413504190144
51	46	0.5371634096568136
51	152	0.5345329369598468
51	49	0.5137638378360226
51	136	0.49511208420251374
51	118	0.4794886089822365
51	40	0.4730481786519908
51	26	0.46438695353398945
51	117	0.45440689689947517
51	52	0.45313635123685453
51	47	0.4431067644628253
51	16	0.4402896095312695
51	144	0.438724353096722
51	173	0.4246160251171685
51	15	0.4156070034533764
51	156	0.41472971022838967
51	48	0.41283179271237264
51	50	0.4031210387910944
51	27	0.401117502987603
51	39	0.3950838725358978
51	21	0.3845939905178068
51	145	0.3810094541697531
51	150	0.369746998203124
126	123	0.6040312573736869
126	129	0.579772534183536
126	125	0.47842518086307484
126	27	0.47328101322861615
126	21	0.46435557916091663
126	131	0.43869205169220277
126	26	0.3876232615465276
126	135	0.38484106831784826
129	26	0.6523794190777833
129	125	0.6290061807413622
129	131	0.600296122189828
129	21	0.5442256409442457
129	118	0.48418771584949666
129	27	0.46821367896810057
129	135	0.45299329942995037
129	123	0.4392248798687915
129	39	0.41226752685603346
129	52	0.4072500002508193
166	170	0.7060383774251533
166	35	0.70517473260612
166	183	0.6120482880991641
166	174	0.5790816995236144
166	172	0.5457370797745122
166	171	0.5399960308495211
166	141	0.5277922639283494
166	169	0.4509721937266517
166	79	0.3891771967460605
166	66	0.38735130839661835
166	181	0.3813171513981615
80	76	0.66155286526271
80	91	0.5323293504469399
80	97	0.5060829877833714
80	55	0.45402592693476734
80	187	0.4381589148796157
80	77	0.4117112495089424
80	85	0.4087170467054683
80	64	0.4076419744906765
80	94	0.3907458666016123
110	104	0.6900441332752619
110	113	0.6892733084644989
110	102	0.6757768188960463
110	7	0.6613391193729441
110	107	0.5934338583487802
110	105	0.5651037847774982
110	2	0.5632973408731792
110	134	0.5429363705899833
110	0	0.5398401633920511
110	8	0.5341899972172761
110	1	0.5051451014108552
110	112	0.5022046403093483
110	103	0.4853505138038564
110	70	0.47291620971904474
110	30	0.46005417116589864
110	100	0.4106892250343677
191	89	0.47290844617974404
191	192	0.459801861979155
191	195	0.4158055286440177
191	177	0.4129976929945636
191	82	0.39637427187307234
191	158	0.38367335401933
191	97	0.36995416873273956
136	123	0.5849798828807289
136	138	0.5624912240240184
136	130	0.5439229281887165
136	118	0.5409446056422261
136	46	0.5394786918786274
136	49	0.5036166224651449
136	150	0.5011420207281047
136	22	0.49563276241858206
136	16	0.48637419016060424
136	117	0.4850982098926026
136	152	0.4624552625793109
136	15	0.45948637107157025
136	48	0.44040246288255347
136	53	0.4270801689732714
136	145	0.42414048134075416
136	156	0.41923208504495246
136	173	0.4179124098365823
136	42	0.4140090910374133
136	151	0.40438488358847136
136	52	0.3942058469999686
136	26	0.3773019391137897
7	113	0.7115764337351975
7	0	0.6902274326810857
7	102	0.661282852595071
7	70	0.6340977873925073
7	2	0.5217053643565553
7	1	0.5172954679394286
7	103	0.5142347528308229
7	112	0.5128726677413644
7	30	0.46563314049445775
7	141	0.4482755040776389
7	134	0.44496130916864884
7	106	0.4282322939858881
7	39	0.427962772263975
7	105	0.4266222020751483
7	100	0.4203441849810585
7	79	0.4103732686838582
7	135	0.39578408700998446
7	104	0.38823490944590605
7	101	0.38633088381440545
7	52	0.37071347917935177
30	134	0.7371962075194325
30	79	0.5851508844879479
30	135	0.5713669511020721
30	24	0.5207804161535224
30	2	0.4925715242261093
30	78	0.4906605755486945
30	123	0.48683212055862424
30	141	0.4835290582058838
30	39	0.481396161611268
30	42	0.47834806623934245
30	102	0.4666741322880539
30	52	0.4516570246648844
30	181	0.4387808778266555
30	100	0.43345240906343074
30	0	0.42535347420671854
30	22	0.4153918898006541
30	138	0.4152925909020293
30	104	0.41139561248076467
30	113	0.40865873851105344
30	156	0.4064906448772845
30	99	0.40500368822222615
30	1	0.3992530332335998
30	150	0.3722650708803477
134	2	0.6121295832264501
134	104	0.5936281746255228
134	135	0.545287533356589
134	102	0.5069453819336617
134	123	0.5029595255589624
134	141	0.4929728272687611
134	79	0.46847910052799263
134	100	0.4668149192060088
134	138	0.4395395877310146
134	24	0.4362500249601567
134	113	0.4171940950307859
134	1	0.41459722155520934
134	39	0.39924462722988435
134	22	0.39634055584105987
134	0	0.395598532765883
79	181	0.6835194485223894
79	156	0.5780971531557344
79	78	0.5539831651416947
79	41	0.541517331504706
79	52	0.5386912720356891
79	145	0.5201533780037962
79	141	0.5053610700108025
79	135	0.46405746449088714
79	39	0.45361302204984294
79	138	0.45161722346948957
79	42	0.4302716491987994
79	22	0.42868948987524796
79	101	0.4182919974781353
79	123	0.41371904025458717
79	99	0.37389200563793396
79	172	0.3707566069557311
35	66	0.5908363614084958
35	69	0.5213413576783702
35	170	0.5164380350650377
35	24	0.49296525745352854
35	172	0.44798779999453836
35	183	0.4447046296107494
35	97	0.4230819675121696
35	141	0.4077170162592152
35	171	0.4008489550069798
35	174	0.3783220760652894
152	189	0.608137202849626
152	151	0.5735384695571218
152	46	0.6479865024501391
152	45	0.5575011074597499
152	15	0.553872258887771
152	173	0.533110018917774
152	164	0.5286286164838628
152	179	0.5035867670518306
152	43	0.4815037104452438
152	82	0.4677997650388316
152	16	0.4551366248499403
152	49	0.45382743929485103
152	159	0.4116115853238335
152	117	0.3886764425690972
152	118	0.38787815636006545
152	48	0.38753828343215063
152	50	0.3823678126800185
152	171	0.37725047935409495
152	156	0.3764525553075942
152	0	0.3736941415293994
152	168	0.3724717928991664
66	69	0.5878405701555454
66	85	0.5407606612526594
66	183	0.4342154897935806
66	170	0.4335092556691524
66	91	0.42326257106176124
66	76	0.4032968975210125
66	24	0.38575222294170763
66	172	0.38211164484585547
66	174	0.37464873665514575
77	43	0.6951947856794648
77	135	0.6314956699606515
77	78	0.6107395363680606
77	188	0.5951802138601837
77	45	0.5674610352222159
77	116	0.5272437531662916
77	76	0.503646476675629
77	118	0.4769819168442819
77	40	0.45389890003486305
77	125	0.4200889253896937
77	15	0.40475286615083367
77	52	0.3964079868359685
77	21	0.3833663055096456
77	189	0.37306591279958656
135	78	0.6383890970015599
135	181	0.5878732913669792
135	39	0.5282538265641781
135	52	0.52175631014186
135	99	0.5040344719439805
135	24	0.4987944246221016
135	123	0.48453214379586573
135	26	0.4715253668653299
135	188	0.4554061523530544
135	2	0.4359827901458749
135	131	0.41584688307233075
135	100	0.41351180968616386
135	125	0.40704144216201993
135	116	0.40491172720431845
135	104	0.4031377885246103
135	21	0.40025286817734496
135	101	0.39809237059971575
135	138	0.39171137823713326
135	118	0.3913642320038965
135	27	0.3783563504428714
135	130	0.3766499434123732
135	195	0.37183428137380253
135	172	0.3694102676718513
156	52	0.6762275263166841
156	145	0.6213063729377833
156	173	0.5764769774145178
156	130	0.5597094558355773
156	164	0.5238926717230913
156	181	0.5186856701482919
156	39	0.5119213583788974
156	78	0.4676669567038297
156	26	0.4416831776121132
156	53	0.43365541681292125
156	125	0.43140363562202305
156	138	0.41365273113560264
156	45	0.41254140129642325
156	22	0.40673269828982095
156	49	0.3847729144315497
156	118	0.38109493409218564
156	15	0.37930705036570517
156	131	0.3790587464726276
156	46	0.378193537910916
156	171	0.376486886129563
156	144	0.3761091902322021
156	102	0.3714205727184125
180	189	0.7284795571797903
180	179	0.5029894062264217
180	169	0.47774631900309833
180	91	0.45634092377137386
180	170	0.45224587213888007
180	168	0.4492338469825885
180	171	0.41967707627000495
180	164	0.388082029506042
180	153	0.3782021075749846
180	187	0.3746315437598396
189	164	0.5731021220926773
189	188	0.5264057047207406
189	45	0.4832685075004631
189	82	0.4653903178603671
189	159	0.4592417858353068
189	179	0.4259102836760695
189	168	0.40543830209905074
46	49	0.5678270365389306
46	151	0.5117368506386692
46	15	0.5097189542362468
46	48	0.4974711450555042
46	16	0.47112088253421425
46	45	0.45801781524059704
46	173	0.4488426483155979
46	130	0.42088741929988627
46	118	0.41564836613474493
46	117	0.4104231630820997
46	164	0.39365671523356105
46	47	0.39210918920130794
46	53	0.3760662623311078
103	112	0.6055280660001813
103	102	0.5826992930616575
103	70	0.5826002151724283
103	106	0.5595720953960118
103	0	0.5342042898855116
103	1	0.5326804053259038
103	113	0.5317342885313778
103	105	0.5151389225009725
103	8	0.41254140129642325
103	5	0.4070831571762163
171	153	0.5299243753435614
171	173	0.6306411815240942
171	164	0.57265200817437
171	174	0.5104439746945457
171	168	0.4442472381782853
171	150	0.4349292989353874
171	172	0.41955348781809787
171	145	0.41540843865472454
171	170	0.412599486290411
171	179	0.4007146551762512
171	47	0.39182142571812345
183	169	0.699668079776546
183	170	0.6432511692956225
183	187	0.5835968089390265
183	195	0.5331314923855677
183	97	0.4904935220348311
183	85	0.37270431099592294
45	164	0.712773952031288
45	49	0.6158924214022415
45	50	0.5618961978358262
45	78	0.5510375085267011
45	43	0.48907971987313015
45	188	0.46939961348846787
45	52	0.4528343256151212
45	173	0.4475480728809866
45	40	0.4097160966822959
45	15	0.3760662623311078
164	173	0.6136405616270202
164	145	0.509022845518224
164	174	0.4679872232000995
164	49	0.4435647328890637
164	188	0.4162934012997071
164	52	0.4032634029162015
164	50	0.39122026064014787
164	78	0.3820347830406032
70	112	0.6864970142059521
70	113	0.6193747186704575
70	0	0.5632154118028292
70	102	0.46215647873806875
70	106	0.450852692031684
70	5	0.4429299428215244
70	105	0.42432088757143416
70	1	0.41670666514777915
70	43	0.3905594406917848
113	102	0.6457241697866232
113	112	0.622379667048462
113	0	0.5532272270827002
113	105	0.4793114685949096
113	1	0.472473570800851
113	104	0.459691453357943
113	2	0.44601132886991723
113	106	0.4341343405793842
123	138	0.7106471127377386
123	22	0.5522202075069532
123	150	0.5142935954195034
123	27	0.5141464798698058
123	118	0.5074430271067426
123	130	0.497614110808099
123	39	0.45853920254321595
123	26	0.43627431521972226
123	42	0.4259593984467169
123	131	0.4163016682633323
123	125	0.40444343503157826
123	52	0.3989083320511515
123	24	0.3987653740936728
123	21	0.378056414470953
138	22	0.6216868929113328
138	130	0.5403430570997432
138	24	0.5071013966620143
138	145	0.5023317538407056
138	42	0.46036157255825033
138	39	0.45729050686877043
138	41	0.429676609998931
138	118	0.42761146305411507
138	26	0.42329540445769526
138	150	0.4171940950307859
138	141	0.3917621707750809
138	27	0.3789816755415337
138	144	0.37367693434702554
102	1	0.6135844484546716
102	0	0.6441238118910346
102	105	0.546537056715417
102	112	0.5229270359563001
102	2	0.4981405934701729
102	8	0.41417479660898887
102	104	0.4058476744321913
102	106	0.38030827318592914
170	174	0.609157071212085
170	169	0.4872058986631199
170	160	0.4712375810535786
170	172	0.44480089300832226
170	141	0.42431268801879823
170	177	0.3704287957624153
49	53	0.5347971662688028
49	173	0.5039225710968732
49	40	0.4943341778274365
49	47	0.49411501263575214
49	145	0.4921927443228164
49	130	0.4853658023530234
49	50	0.46256531437164333
49	41	0.4520708505204374
49	42	0.3939777802585434
49	144	0.39165211725857485
49	15	0.3872068058586981
49	150	0.3853180279951301
49	52	0.3738403921940375
112	105	0.4681590228602805
112	0	0.4580494234487321
112	1	0.42130698463066785
112	106	0.4049368082944373
112	39	0.38837078478931225
169	187	0.5986946106591956
169	172	0.430850027489774
169	76	0.41123775695035436
169	64	0.37334994902323243
15	116	0.6991623697185075
15	43	0.6480677109714951
15	16	0.6356796136429882
15	118	0.6228511765262182
15	117	0.482770157519416
15	48	0.4593759218488322
15	125	0.43842552185313743
15	151	0.4330381368253961
15	130	0.4323228838306131
15	52	0.39335245974810884
116	43	0.6382053982514906
116	118	0.5544404456311484
116	16	0.5073242172095974
116	78	0.3779278461788856
195	181	0.5346757765953054
195	99	0.4098575493909267
195	174	0.3953117035851095
43	118	0.5396629963357716
43	16	0.4994777100392306
43	78	0.4844096977280012
43	151	0.41732623806290287
43	52	0.4109302832821306
43	40	0.40214070955369186
43	188	0.37976926377477666
71	177	0.6935687904000608
177	179	0.3785448409740383
177	4	0.37052369797083606
177	192	0.36972109930113095
69	76	0.5141979737542504
69	91	0.48784624599481125
69	172	0.4624867074028256
69	40	0.44361292662604757
69	97	0.41591304658066564
69	94	0.40609823021797703
69	24	0.3714550540764372
0	1	0.5157777657736081
0	101	0.4660950931408827
0	105	0.4628246657720117
0	2	0.4106393437436586
0	106	0.4073500930512792
0	100	0.38596500122297495
0	8	0.37498394660602435
104	107	0.6206120902121445
104	2	0.5832538092021052
104	105	0.42802811785584177
104	85	0.38148805780798367
91	94	0.6658108135859113
91	64	0.582705897638511
91	82	0.4917227982670177
91	85	0.4300353084858297
91	89	0.400152087620322
91	76	0.38764875369629276
91	55	0.38691774371228543
8	107	0.6596817678247375
8	105	0.5682402125725552
8	2	0.4139013676987926
8	1	0.40048798516107575
8	160	0.37701030300928035
130	53	0.6300324794025541
130	118	0.5792478415640184
130	52	0.5639523747138195
130	145	0.5633383012551034
130	125	0.5486444881742204
130	39	0.528390792915457
130	26	0.5150581084139878
130	144	0.5128579283576442
130	27	0.5071905330182662
130	150	0.45653883942832
130	40	0.4564596785857747
130	22	0.4473241286213199
130	117	0.43180235784765963
130	173	0.4155987307108077
130	16	0.40442670638610745
130	41	0.38288850602869945
130	42	0.3823763505959303
130	122	0.37826209340842054
145	41	0.6226491563942275
145	144	0.5258633179102766
145	173	0.6553504745315248
145	174	0.6051162357197292
145	181	0.46274608280238466
145	22	0.4587129282111476
145	42	0.44395823999068373
145	53	0.4081921528823768
145	52	0.4037991868851624
145	150	0.37128263704114
26	39	0.6837697846292864
26	125	0.6721145520609442
26	52	0.5972362792256475
26	131	0.578649505054712
26	21	0.5573632535878146
26	118	0.5514064702989371
26	27	0.5488331873077863
26	53	0.5307652943633788
26	22	0.5159832486158367
26	24	0.49265483077427313
26	16	0.4418280509673967
26	117	0.4256155423418976
26	40	0.39582625392332316
39	52	0.6022944484457396
39	24	0.5495176254490151
39	27	0.5110574556085513
39	141	0.5066778508239963
39	22	0.48846322694910277
39	125	0.47647191411970113
39	53	0.4695867117678349
39	131	0.4664394348606535
39	181	0.42586116639513966
39	144	0.4177225612716414
39	118	0.40481139675062205
39	41	0.38334924477332166
181	78	0.6245741447496804
181	99	0.6035801101390205
181	41	0.516445367944727
181	52	0.4992224892210086
181	101	0.48929271498724897
181	174	0.4258857253493797
181	172	0.4215290344811302
181	141	0.40939151307292515
181	24	0.3962394013308937
16	117	0.6794167913274545
16	118	0.6545681660557487
16	125	0.4814115266180445
16	151	0.4529217647773585
16	48	0.401117502987603
16	52	0.39905967816800775
16	21	0.3897455710015391
118	125	0.6531083041774961
118	117	0.5704637167561947
118	21	0.4907516804480196
118	52	0.47682740445621835
118	53	0.46093666825959584
118	27	0.421948324075257
118	40	0.3984373384858946
118	131	0.3982438337883434
118	151	0.39477158066754586
118	150	0.3724890180661162
173	50	0.5741689198856693
173	174	0.5140802680003992
173	179	0.5085336900647821
173	47	0.47576046590028626
173	168	0.4169545408194759
117	125	0.45424024298076954
117	151	0.3935975611962722
117	53	0.37586877319446244
52	78	0.5388545085020665
52	125	0.53864868195636
52	53	0.5060978652329744
52	21	0.49214727820203913
52	131	0.42433728646795144
52	144	0.423951838825587
52	40	0.4187868922953303
52	41	0.37784212588525456
52	27	0.37410703672588297
53	40	0.5444648949378438
53	125	0.5448376730601364
53	27	0.5070791108777812
53	41	0.44480089300832226
53	144	0.42301628515728684
53	150	0.39231227017832726
53	21	0.38386947950300926
53	50	0.3799660749009056
125	21	0.6442174189655012
125	131	0.5502710508235853
125	27	0.47981967969139716
125	40	0.4483314357575225
163	101	0.5041239804398379
163	57	0.4329650109581425
163	58	0.42436188429083027
163	54	0.3800944114527013
94	50	0.5107175183904507
94	64	0.4673074870935378
94	40	0.4350914521291759
94	82	0.4108305420079304
97	99	0.5044446302870546
97	76	0.4796349128798087
97	85	0.4530648282499309
97	187	0.44938548993800337
97	55	0.4454183385807268
141	24	0.4163926003202073
141	2	0.37280763735379324
76	187	0.5872250533644042
76	188	0.44572289596838743
76	64	0.3846025113596604
76	24	0.3842616265724805
76	55	0.3808470243719146
107	2	0.48980214497473606
107	105	0.4676044513560195
107	85	0.4302879463847109
107	4	0.40706647137430546
2	4	0.4199159698224247
2	1	0.5260079962463169
131	21	0.4763250356667511
78	99	0.4874346543446145
5	106	0.6443110067448985
106	1	0.4779778133538851
106	105	0.38643296889506645
21	27	0.38798859236045724
1	105	0.6399800767082725
1	4	0.3704633065513361
58	55	0.4490023420334089
58	159	0.4487468183213008
58	54	0.44123231319773215
58	101	0.38174436852497606
41	42	0.5291616162064995
41	22	0.4954667877272511
41	40	0.4920260220858857
41	24	0.45219814242353523
41	174	0.4274153273043066
41	144	0.4178959027142597
41	50	0.41001562026953087
22	42	0.5793674340423116
22	24	0.5429716306376304
22	27	0.436719523943642
188	187	0.4885545900344737
27	24	0.4345481278883838
27	40	0.4292362037304685
174	172	0.4390473047815903
174	160	0.3849006995260028
174	50	0.3784248960857173
42	150	0.4817110851079972
42	24	0.43316000060454074
42	144	0.42972553141829806
42	40	0.37442520892237113
179	192	0.609490295259592
179	89	0.5987587632945148
179	178	0.2755315226770607
179	82	0.5235733620926017
179	168	0.4769510167247063
179	47	0.3838609530280519
192	89	0.5405129621141567
192	82	0.4240010534639511
82	89	0.5919223125925271
82	50	0.4079254367193943
82	159	0.37776497208227505
99	101	0.49263968480068604
99	55	0.39079670446973414
99	187	0.38288850602869945
89	50	0.43654146610639194
187	172	0.3900678006509054
187	55	0.376830137469234
187	158	0.37611777561868154
55	85	0.5829172034577658
55	54	0.4868626397437547
55	159	0.40827548739708197
55	158	0.37857910860728133
85	160	0.40112589400143284
85	54	0.38119750139929276
172	150	0.43172099966248945
50	47	0.400513173139656
50	40	0.3728937355902513
151	59	0.44921788306014543
40	144	0.5232466432165418
40	150	0.404568891245825
159	54	0.49819322155139373
153	47	0.46498284512442195
153	168	0.46309964888170874
57	101	0.39423963053725153
150	144	0.519773966373886
47	168	0.47704371354615765
101	100	0.49628876228899016
101	54	0.3892535627709199
59	6	0.38334071430705513
4	6	0.3773705485024662
