9	108	0.9272205163898567
9	109	0.8981370594941129
9	106	0.7672469090839741
9	5	0.6027084932007626
9	103	0.7669999961393867
9	3	0.7422988234690685
9	112	0.7331432618269027
9	12	0.6830342978324917
9	6	0.6714890543559897
9	0	0.6198552588852648
9	95	0.618615999839444
9	11	0.6070837514872058
108	103	0.8136381634252032
108	3	0.7813393851514348
108	6	0.7054561494598286
108	109	0.8579698060483306
108	112	0.770761091488346
108	12	0.7425591269954115
108	106	0.7282401162996456
108	0	0.6655992155950942
108	102	0.6212265493000684
108	11	0.607910292290734
108	5	0.5968308421691343
108	95	0.595025209198663
109	95	0.65270670596199
109	106	0.7476874193309543
109	112	0.723027506286591
109	103	0.7075696843090574
109	3	0.6432628937034502
109	11	0.6265097984325074
109	0	0.6019821080067783
109	5	0.5960190530159671
22	23	0.8956533199029061
22	25	0.7960371382618491
22	123	0.6767210943176716
22	124	0.6674221161685985
22	28	0.6383120708926442
22	21	0.6256707435801343
22	126	0.6177139069313916
22	132	0.6100242618436483
23	25	0.8277351911959011
23	126	0.7054209845098898
23	28	0.6812377419689012
23	128	0.672448854796376
23	124	0.6679430640402771
23	29	0.6660278686376422
23	132	0.6560972086660481
23	123	0.6331701003629387
23	21	0.6258836845828245
23	133	0.6245741447496804
19	121	0.8941998651897869
19	119	0.593407944283432
121	119	0.68566072728828
121	17	0.6117104621562355
96	198	0.8636414743963026
96	97	0.7371277186837467
96	95	0.7195252955323205
96	197	0.7138986872551717
96	199	0.7019275086810991
96	81	0.6755866099233633
96	98	0.6433742605322829
96	190	0.6386793112830192
96	80	0.6376657335596844
96	93	0.6083514160576781
96	79	0.5934144229151036
198	199	0.738394586115559
198	193	0.7361443799177974
198	181	0.6461321135341834
198	190	0.7336931579552795
198	197	0.7133490575153908
198	97	0.6898869490125141
198	88	0.6893362915314395
198	195	0.644539046128675
198	95	0.6425060515127448
198	81	0.6300867516417539
198	73	0.6257680996125525
198	185	0.6127107787528098
198	182	0.5998097705277345
193	194	0.8565115565495973
193	88	0.8321538907542433
193	196	0.8008937954316494
193	190	0.8008937954316494
193	185	0.7635609806446986
193	160	0.5595995699438396
193	195	0.7411021434943121
193	182	0.7390169957024755
193	90	0.7125377336508948
193	73	0.7099187307559386
193	183	0.673515688979368
193	191	0.630978345768334
193	184	0.6175654618400542
193	181	0.6127482525052264
194	182	0.7798940308605187
194	196	0.7153079899459179
194	195	0.6846420382832152
194	88	0.6623113569344937
194	185	0.636215627124625
194	191	0.6264308188889421
194	190	0.6013568741641347
28	132	0.8547164828622741
28	29	0.6836100141957328
28	131	0.7094521650710834
28	133	0.6816608871132877
28	126	0.6387325962063579
28	25	0.6327265618640009
28	21	0.6192452630930898
28	128	0.6032685293978117
132	131	0.7623490740611676
132	133	0.7554326717603881
132	126	0.6512982202341574
132	128	0.6339243587070059
132	29	0.5984507605840734
70	176	0.8519713350298759
70	139	0.7446156751278303
70	71	0.7362268254537245
70	98	0.6646959385596904
70	177	0.6028103621718821
176	98	0.7244846055078457
176	177	0.6498505720419482
176	71	0.7041678567087497
176	139	0.6812163047792029
87	191	0.8419108932768591
87	179	0.7564355094608617
87	83	0.6845410847491049
87	89	0.7046464766355346
87	93	0.6530796307640273
87	91	0.6399033150071461
87	190	0.6373333207413484
87	180	0.6148548253602526
87	97	0.604297951120483
87	80	0.6015228243901878
87	184	0.5994959664865137
191	190	0.6820889243489634
191	159	0.5406615928461712
191	179	0.7372783741307118
191	83	0.6841210489187785
191	180	0.6458291048422313
191	89	0.6004176407958876
183	196	0.835264086646395
183	182	0.730826927230456
183	185	0.7125426565155986
183	195	0.66357809537998
183	90	0.6418773305267215
183	81	0.6257315933847999
196	195	0.7566194059216395
196	182	0.7462153510864522
196	185	0.7312087297809783
196	90	0.6959638777266739
196	88	0.6621373046676559
88	90	0.7885931189647627
88	73	0.7274218608635932
88	78	0.6006733788250471
88	158	0.4251978374902976
88	190	0.7430969746083589
88	185	0.6692701789945492
88	81	0.6546138869027373
88	195	0.6293867711444602
88	80	0.6097730523995191
88	184	0.6053697080906192
88	182	0.6010886910827772
3	12	0.8306098798370058
3	103	0.7809495719397461
3	112	0.7505397796789984
3	102	0.7362543024436226
3	0	0.6675330109081693
3	111	0.6617496414246951
3	113	0.6603928495541428
3	106	0.6515112188284419
3	6	0.6276141615254118
12	113	0.8093355705873231
12	112	0.8085060186118138
12	111	0.76518234523498
12	103	0.7382262739683295
12	102	0.7337393240029513
12	0	0.6333917138156737
12	6	0.620814946068547
12	106	0.6067363383970994
25	21	0.7066146455546309
25	29	0.7051797598566338
25	128	0.6923472401778118
25	125	0.645648368185398
25	124	0.6219996814690382
25	126	0.596302673585543
13	110	0.8254546874362759
13	1	0.7818452324513049
13	10	0.7364603024998851
13	104	0.7397604143848513
13	102	0.7271345103577938
13	113	0.7149708728201741
13	111	0.6989169248157854
13	2	0.6650753289496211
13	8	0.6477427884697445
110	104	0.7926050073122877
110	8	0.7227362668251448
110	2	0.686274886996569
110	1	0.6999793302896573
110	102	0.6917062886572011
110	10	0.6864229860326907
110	113	0.6535897375607571
110	134	0.6246900133544294
110	111	0.6132663567388704
67	171	0.8155558088732844
67	62	0.7923073968238203
67	45	0.7059430777782859
67	41	0.6941443952173652
67	33	0.6767644558549262
67	92	0.6575641263626629
67	68	0.6509871731295086
67	69	0.6418126466757005
67	174	0.634193444886062
67	60	0.6140643275121132
67	165	0.5986753633706089
171	165	0.7141045719501449
171	189	0.6477834166771131
171	45	0.6471619831709169
171	62	0.6281896136895055
171	174	0.624208063323988
103	112	0.7373285763249745
103	102	0.7193275010198334
103	106	0.6767590359195332
103	0	0.6322826078254635
103	6	0.6155074550052183
103	113	0.6115414654647081
60	92	0.8097835676953946
60	69	0.8012878741372781
60	91	0.7325182673295949
60	41	0.7136926790592922
60	62	0.6479865024501391
60	66	0.6471794182734378
60	65	0.6452458235692974
60	45	0.6173860319691747
60	165	0.6169154970679726
92	41	0.7570807579894533
92	66	0.7503344629494955
92	69	0.7919348527896696
92	174	0.7174838733496294
92	93	0.6522932504822024
92	91	0.6304966096373136
92	65	0.6140082611635626
92	45	0.5930061189509556
113	135	0.630388152005152
113	102	0.7384627945756131
113	111	0.7133343232064098
113	112	0.7060584372510065
113	104	0.6562623428129498
113	10	0.6293867711444602
95	197	0.8087828938827835
95	79	0.687505549311452
95	98	0.671862273547813
95	97	0.6369055840438931
95	106	0.6101372661060596
197	79	0.6957988380066809
197	97	0.61646931996848
197	98	0.6031794724854596
112	11	0.6982769721416425
112	0	0.6754126258416833
112	106	0.7179590516370593
112	102	0.6521495986805762
102	111	0.801824135799272
102	1	0.7486954979998897
102	104	0.6719829479478038
102	135	0.6135782132751676
102	0	0.6019629791350777
111	1	0.7033653641617442
111	8	0.6601164583088439
111	104	0.6354113767874195
51	155	0.8015025335547823
51	47	0.7358694036262944
51	53	0.6203353346547282
51	157	0.671274848314962
51	27	0.6553789993845888
51	154	0.6425823793135653
51	89	0.6417185447689258
51	40	0.608080484522626
51	153	0.5938288954144934
155	157	0.7351717095221342
155	154	0.7310737543630403
155	27	0.6676549609264125
155	178	0.47534258651453215
155	47	0.7151809993663865
155	44	0.6491567982750044
155	46	0.6394720312828072
155	149	0.6283530379754442
155	144	0.6071026946217586
155	138	0.6057053699472035
155	136	0.598457179112533
69	61	0.7782432189796487
69	68	0.7081584197489925
69	91	0.6995812904760684
69	41	0.6754071876271045
69	66	0.6751406251155609
69	36	0.6371670253230067
69	65	0.6326665923599799
69	93	0.6073678260557623
190	73	0.6506932055495278
190	83	0.6387977139046475
190	185	0.6168783307761408
190	184	0.615227859824503
190	195	0.5941071922497164
84	86	0.7994549170367877
84	189	0.6744979749755039
84	43	0.5985598651199112
86	189	0.6898397810442082
86	20	0.6752548877923994
86	76	0.6473479226956252
86	68	0.6135408005913043
35	37	0.7928651070720127
35	140	0.7366158564594898
35	62	0.6883483592852654
35	137	0.6288248411603103
35	33	0.6146308725227304
37	30	0.652120862698545
37	42	0.6809160614396019
37	32	0.6413949220603614
37	36	0.6286010947644409
104	1	0.6778685892946436
62	33	0.7722183800196404
62	45	0.7635192799978552
62	41	0.7270826659168128
62	137	0.6757387842985327
62	44	0.6420595722407603
62	165	0.6263822096986905
62	174	0.620286117486535
123	124	0.7911505873628084
123	126	0.7694997068742869
123	128	0.6607704828692404
124	126	0.7585367367117214
124	128	0.6588336993300036
124	17	0.5991499280213402
90	185	0.6506874395284863
90	73	0.6408177191315402
90	81	0.5978599273007258
126	128	0.7885174828580042
126	133	0.6322225821599611
128	125	0.7097500448117673
128	129	0.6668005583609832
128	133	0.6754506912868693
128	29	0.673515688979368
128	21	0.6004687982310419
136	138	0.787911534607053
136	44	0.764268917891203
136	137	0.7417325636524864
136	149	0.6836046873858332
136	34	0.6523277199440316
136	24	0.6379445397138982
136	140	0.6321985697684626
136	144	0.6159793086233649
136	27	0.6025556529020085
138	146	0.6411123010457599
138	137	0.7503257228544624
138	44	0.7219711390393092
138	34	0.6896720252735846
138	144	0.6505028872333778
138	24	0.6458407627869956
138	27	0.6120607958839159
138	140	0.6052873430319643
138	130	0.6019757317929785
50	173	0.7875320403119855
50	45	0.7367164675108963
50	174	0.7257033972101449
50	149	0.6984716360018095
50	52	0.6447494422909964
50	153	0.6086347973101873
50	89	0.6078724642064227
50	150	0.607235277243462
50	147	0.6051225740247875
50	164	0.604024905872921
173	164	0.6591674730618692
173	174	0.6307556032355307
173	149	0.628256200647039
15	116	0.7830086542112521
15	115	0.7750688231466556
15	14	0.6332719356565981
15	18	0.6250008931011846
15	77	0.6225817978979363
15	119	0.6085277604101378
15	43	0.6079922436737392
116	77	0.7176100062090167
116	186	0.7006315825722261
116	14	0.6413478306398096
116	152	0.625701169434312
116	118	0.6199537738273085
116	115	0.7562686161593452
116	43	0.664059131880589
116	148	0.6130978746639429
1	8	0.6870412127201013
1	6	0.6319884095360607
1	2	0.6033830090400804
182	80	0.6823455225739637
182	195	0.7028799704802
182	185	0.6929455171602119
182	175	0.6088173385540097
182	181	0.6038152633015326
182	74	0.5999954044218357
61	36	0.746649332977257
61	68	0.7296507156642702
61	63	0.6816287654934642
61	32	0.6330203027482153
61	81	0.5943465431830764
137	140	0.7758263165339067
137	44	0.754413356808508
137	33	0.7090197887732463
137	34	0.6367034608481438
137	149	0.614257397503656
137	146	0.6139085723540171
140	141	0.7641857265719753
140	134	0.6248363343872827
115	119	0.6567403077968005
115	16	0.6073678260557623
115	154	0.6056483859505275
33	44	0.7571533095345
33	34	0.7515163219615488
33	26	0.6655992155950942
33	24	0.6219506297166287
89	179	0.7701514961572267
89	192	0.5925196448734259
179	180	0.6605450703553006
38	142	0.7666292003738561
38	52	0.6912261642385732
38	98	0.6287583328350437
38	174	0.5994126814000016
38	156	0.595638510081547
142	139	0.6445332003968169
44	149	0.7380533171097609
44	46	0.6931793661539631
44	49	0.6198491010525151
44	34	0.7010386466322385
44	24	0.668479952520587
44	154	0.6620699104102971
44	146	0.6383357725954744
44	45	0.6074624830798886
44	31	0.6025811293553618
44	27	0.5935634102221122
141	114	0.7115961795323195
141	134	0.6775171132645076
141	39	0.6387444364685119
185	195	0.6803739719648799
185	73	0.6482184877054981
45	82	0.6511024012656487
45	164	0.6992850304091999
45	149	0.6905309910558236
45	174	0.6828155162756011
45	43	0.6406703573638906
45	189	0.606268543898231
45	165	0.6001617798975262
80	93	0.7625584061962827
80	74	0.6621260730351244
80	81	0.7055867317271789
80	91	0.6604774233683558
80	199	0.6383950215573462
80	98	0.6036182502207776
93	81	0.7371277186837467
93	91	0.6992748102573404
93	66	0.6845410847491049
93	97	0.6650530213639112
93	74	0.6417008985099341
131	21	0.5950058305027318
41	66	0.676314351534991
41	174	0.6211897032722622
41	40	0.619793677122489
41	36	0.6158117269935328
195	181	0.6232794292282108
133	29	0.6269227125777066
46	154	0.7535632993981555
46	47	0.6389989289381962
46	14	0.6181157247332826
46	149	0.6092576898304343
154	17	0.6859626348013131
154	120	0.6763360549037638
154	18	0.6363168052254514
154	157	0.6867982677460295
154	149	0.6721474464561112
154	47	0.6650920588600212
154	152	0.6176211339066316
154	153	0.6051479264779367
154	49	0.5992204355041676
34	24	0.7510851303096833
34	26	0.6098672703047666
24	39	0.6941806649040589
66	174	0.7332727355132848
66	85	0.5836891194633692
36	32	0.6943153500252774
147	148	0.7426622887416128
147	149	0.7261196832842597
147	150	0.6502778602187613
148	43	0.668822753822976
148	77	0.6536126497799356
148	150	0.6369234142415134
148	149	0.6107081855497917
21	125	0.7414040078625305
21	17	0.657864854520491
21	29	0.6259931607785637
125	17	0.6807497568123321
125	117	0.6309061163403956
125	122	0.5711985420979488
125	120	0.6048943467153219
199	98	0.7215543581814771
149	157	0.6604379576736609
149	52	0.6369828433125778
149	47	0.6351012230975099
149	153	0.6146868700251263
149	150	0.605901600606442
81	79	0.6625582761753447
81	74	0.6585619631017794
81	97	0.6264551216571348
81	63	0.626066131204254
97	79	0.6226858935034059
71	98	0.6430928602627386
71	177	0.6339901495088555
52	156	0.7360298359769851
52	27	0.6318923053149661
52	98	0.605901600606442
156	27	0.6459340155034347
156	98	0.6234934155024235
47	153	0.6692480953062624
47	157	0.6298032620876718
157	150	0.6811573464834006
157	27	0.6012866488289759
157	53	0.5966891891238966
174	165	0.6432335821182426
174	164	0.6396611367462892
91	54	0.4329243830136882
91	180	0.6513270098280188
91	94	0.6060534704992471
91	82	0.6002641390016014
68	42	0.7111219700880087
68	65	0.7102310807157746
68	20	0.6895514050679461
68	172	0.6884483197525051
68	55	0.5062912446699073
68	63	0.6532401777606858
73	184	0.7186657311874013
73	56	0.45678419210573135
73	58	0.36443442095742734
27	130	0.7271297975694871
130	127	0.591811864723681
98	177	0.6067995216648971
8	107	0.6738979723169396
43	77	0.7191440750706121
43	76	0.6506701410151327
43	75	0.6397320313397432
43	186	0.6194918161308748
77	76	0.6570131939931629
77	188	0.6437550464511221
77	75	0.6191157738421474
77	186	0.6173860319691747
184	161	0.44229470835388074
114	134	0.7153226396659271
114	144	0.6714176648060582
114	7	0.5687478234393096
114	39	0.6603364577018274
134	144	0.6216132667701355
134	30	0.6098798313898053
134	2	0.6020012361875772
165	164	0.7130788283031964
165	175	0.6932157295551022
164	187	0.6111594526139339
164	145	0.5719257240242893
164	180	0.6539733592182849
164	175	0.6263822096986905
175	180	0.7122570143806147
175	170	0.6996221350714934
175	169	0.6878165514347138
175	172	0.6738706783211487
180	94	0.6207104549452475
42	30	0.6086347973101873
65	63	0.6271047687054447
65	169	0.6071026946217586
6	105	0.6753528014409137
186	75	0.6618732826530582
11	0	0.5963348937809403
32	30	0.6156999749424179
39	143	0.6193377347986169
39	144	0.6294592303466059
189	150	0.6420066708284634
172	167	0.5900677492739537
2	30	0.6036309629674629
17	48	0.6206428312898787
0	101	0.6139771105144896
107	4	0.5620535602086052
144	40	0.6335593522629914
75	76	0.5953222625709503
30	31	0.6055787304066786
82	168	0.6264976485708197
188	59	0.20374819985442974
14	152	0.5997521468756732
117	118	0.5938936282945492
135	100	0.5845455682264975
53	49	0.60441220700875
101	99	0.5954126378345392
166	167	0.5996881132992273
55	64	0.4208380468263138
178	72	0.45332705068143414
56	162	0.4697659747170192
56	57	0.45227769051011935
56	163	0.44770000309717145
59	151	0.21510699285597493
