22	23	0.8752984714406852
22	33	0.8646796982559173
22	34	0.811941309745981
22	123	0.8070465355148715
22	75	0.5393156102158824
22	26	0.7858933901791727
22	28	0.7787159822335012
22	128	0.7771366656241188
22	136	0.7701921796911393
22	126	0.7660513890607366
22	131	0.7188542509706459
22	129	0.7060734813768367
22	143	0.6787755857514229
22	124	0.6763848831901176
22	39	0.669871504482742
22	24	0.6649079931253159
22	29	0.6475279781634765
22	127	0.6433683997989678
22	25	0.6298877233391129
22	132	0.6233038895284977
22	133	0.5988229082479036
22	37	0.598771592899744
22	138	0.577650891907717
22	44	0.5752136981068625
22	19	0.5286934630592348
22	62	0.5123713590793804
22	118	0.5053834079778012
22	186	0.5029669958385462
23	26	0.7972063953984769
23	33	0.8387076970289042
23	128	0.8003193492036692
23	136	0.7627675787642711
23	126	0.754650231766613
23	28	0.7450564420852565
23	123	0.7357776908856358
23	129	0.7346934405605444
23	34	0.7146529943137623
23	29	0.7106916581498763
23	124	0.7028496116150923
23	131	0.6941029398306845
23	143	0.689561895300469
23	39	0.6625919358290556
23	24	0.6617271573330704
23	25	0.6613559979551408
23	132	0.6544881430507621
23	44	0.6286918153092548
23	19	0.6246961109402104
23	127	0.6177200911884823
23	149	0.5687478234393096
23	16	0.5644908812831191
23	18	0.5636454158613864
23	118	0.5633314747170638
23	133	0.5569495075512318
23	21	0.5554577315970106
23	117	0.5370211032760899
23	37	0.5363874691809201
23	121	0.5317844947677977
23	17	0.5288519509314135
23	120	0.5255955827541939
23	138	0.5223455549705939
23	62	0.5036912557359982
33	136	0.8019669212182388
33	44	0.7365060617520296
33	34	0.7997073859942045
33	26	0.7970605641179485
33	123	0.7528883644480502
33	128	0.7414580414666384
33	28	0.7402309169441661
33	143	0.7171780485110899
33	24	0.692305585446816
33	126	0.6920295062956925
33	39	0.6889109535952376
33	131	0.6727993039508003
33	129	0.6613672499711869
33	124	0.6594557802187491
33	18	0.6364060618439671
33	132	0.633900432504025
33	127	0.6237806216194356
33	29	0.6214291533574843
33	62	0.6204706566806047
33	149	0.6075823572158421
33	19	0.6059965244661096
33	37	0.5996881132992273
33	118	0.597146208459393
33	25	0.5949864511149623
33	138	0.5848351485783422
33	16	0.5705041896397195
33	117	0.5577629451324945
33	21	0.5471048559982926
33	120	0.5263840174672371
33	133	0.5193067165892626
33	17	0.512570449941666
33	75	0.5055620873286174
33	14	0.5015238400129809
19	121	0.8629537391945635
19	136	0.7404207223627052
19	120	0.833471503449326
19	17	0.7667940616777212
19	119	0.6415243985501187
19	128	0.6214230150612656
19	124	0.6160785899562937
19	117	0.6075949739361104
19	129	0.5719122658510257
19	126	0.5433805072757283
19	149	0.5371136059012094
19	26	0.5212248354495036
19	123	0.5158951918095013
19	18	0.5079032332362013
19	29	0.5071162534748042
19	44	0.505867230921317
121	120	0.8539060279643871
121	17	0.7730647317064894
121	119	0.7519512182027852
121	136	0.6727828833864749
121	124	0.6354233016835187
121	117	0.5979691519947379
121	149	0.5834583148673107
121	128	0.5503268245098646
121	115	0.5276623932329927
121	14	0.5229052391949114
120	17	0.802038279583332
120	117	0.6316098867666438
120	119	0.7503737901310545
120	136	0.6710000610699679
120	149	0.5919223125925271
120	115	0.5673389849217211
120	124	0.5523314061358111
120	128	0.5309879270675889
120	18	0.518422473550583
120	14	0.5164893636323079
120	129	0.5072276699646207
120	118	0.5051748939459181
39	143	0.8300508876832562
39	131	0.7485724247883283
39	26	0.7461976240513422
39	28	0.7236139788337576
39	24	0.6927791357887796
39	44	0.668026133526281
39	34	0.6626760732550938
39	127	0.6351966768268777
39	29	0.6222203539491995
39	132	0.6132663567388704
39	37	0.5915128943453133
39	126	0.5801906156206015
39	128	0.5795467759952542
39	25	0.5763167134136705
39	123	0.5714073621050842
39	62	0.5671422958882272
39	136	0.5659472088971476
39	18	0.5523453045826342
39	129	0.5494617805637686
39	52	0.5439792575653445
39	149	0.5422872440437743
39	118	0.5223600979210872
39	133	0.5205398748632305
39	21	0.5140876251773578
39	16	0.510451369126288
39	125	0.5017932419428497
143	26	0.7606180926296374
143	127	0.7265543229983215
143	131	0.7202575647918829
143	24	0.6980565699912998
143	44	0.6945793988617794
143	28	0.6832956077870963
143	128	0.6714341404237743
143	126	0.6493592606742309
143	123	0.6226124165400265
143	34	0.6225879217788591
143	37	0.6197012901643841
143	129	0.6174293485112189
143	29	0.6157806872419817
143	136	0.6146744266711164
143	149	0.6022817034642693
143	132	0.5952512428660739
143	62	0.5835308636142387
143	18	0.5812642792717136
143	124	0.5681318662330699
143	25	0.5449431372267199
143	133	0.5287150772130741
143	118	0.5244656082897858
143	125	0.5157043646583531
143	21	0.5072202427260398
126	128	0.8277351911959011
126	123	0.8129610766426568
126	129	0.7586386274452518
126	124	0.7650994333518354
126	136	0.7286437764396239
126	28	0.7216885516724515
126	26	0.7000048308440012
126	131	0.6870676105318614
126	29	0.6457008475723849
126	127	0.6379564000978561
126	133	0.6372561195344307
126	132	0.6289699182993723
126	34	0.5710772578287361
126	138	0.5250308268977997
126	24	0.5233047378206225
126	113	0.5038554224678502
128	124	0.7789127063305155
128	123	0.7987682183045379
128	136	0.7797372758477081
128	129	0.7400500401217265
128	28	0.729042246062607
128	26	0.7167844388698805
128	29	0.7032642945124142
128	131	0.6867137291546903
128	127	0.6445507373663244
128	133	0.6275838555512014
128	132	0.6107458063019546
128	34	0.5804227510694805
128	24	0.5396984335720532
128	138	0.5362378717508498
128	18	0.5244946051144858
128	117	0.5187075987623312
128	25	0.5153813098112114
128	17	0.5101629303537597
98	199	0.8247524392565454
98	79	0.7337670203798675
98	93	0.6824844431177968
98	38	0.5446266930084972
98	198	0.7496125227856685
98	96	0.7303700259769148
98	181	0.7106768103123026
98	95	0.6642435698611353
98	197	0.6568028594162221
98	81	0.6237500757799612
98	196	0.5977892406665272
98	185	0.5532549840538575
98	41	0.5214068928902235
98	61	0.514190617711988
98	190	0.5107470844910943
98	92	0.5033926775478754
98	193	0.5011120658606525
199	198	0.8201252792966128
199	181	0.7258595668158091
199	197	0.6581993808001365
199	79	0.6314716208244345
199	96	0.6140830149178998
199	196	0.5808271046070965
199	95	0.579858829974018
199	185	0.5762432442613593
199	81	0.5475951415454703
199	93	0.5078661305787209
198	96	0.7694181202789785
198	197	0.6733626746745813
198	181	0.6991163613453034
198	81	0.6226001693119473
198	185	0.6169588542644243
198	196	0.5766104968774605
198	95	0.5663481002059512
198	79	0.5658860324431682
198	93	0.517603011370716
198	193	0.5144627408911946
198	74	0.5035121232563115
123	138	0.5993293833327226
123	136	0.7920839412299602
123	124	0.762307188479236
123	28	0.7569526802859817
123	129	0.7410615717031543
123	131	0.7155032678537716
123	26	0.6932988326494212
123	133	0.6472026640236812
123	132	0.6352265021386932
123	34	0.6248546214311418
123	127	0.6238844632219264
123	29	0.6030267684967394
123	75	0.5186710506931242
123	24	0.5075098491964876
34	25	0.6661780714805003
34	37	0.6317060480801435
34	26	0.7400636095986032
34	24	0.7015265211675065
34	28	0.6837165351002593
34	136	0.6169216911824547
34	62	0.6004751925648694
34	131	0.595141466845761
34	44	0.5848154091965498
34	127	0.5820384466733507
34	29	0.5558102797166881
34	132	0.5363874691809201
34	138	0.5320498084954076
34	18	0.5184590345097972
17	119	0.7968051355252382
17	14	0.6423827258201903
17	149	0.6342950597043551
17	18	0.6260296473618582
17	117	0.5908884319386949
17	15	0.5802304169659843
17	136	0.5664839347840875
17	115	0.5554784752525899
17	44	0.530801207820383
17	124	0.5039673334659539
136	124	0.7455809519700076
136	28	0.7097748566749301
136	129	0.6911478251581766
136	26	0.6811519862001956
136	131	0.6393005875927644
136	29	0.6143009837789343
136	44	0.6092702657785403
136	132	0.6086347973101873
136	117	0.6021478626207285
136	149	0.5989640001054419
136	127	0.5805553575601557
136	24	0.5662529976898993
136	138	0.552907933617777
136	118	0.5499502568308463
136	133	0.5459406771482506
136	18	0.5443734259269792
136	116	0.5305354031006326
136	16	0.5208897257774785
26	28	0.781417274731799
26	24	0.7627675787642711
26	29	0.7450341967116667
26	131	0.7449941508624617
26	132	0.6916645629555169
26	127	0.6883062628442924
26	129	0.6691873590667078
26	44	0.6500180717986718
26	18	0.6267345159556059
26	25	0.6213309314630735
26	124	0.6201999756879957
26	37	0.6131353199462055
26	133	0.5788689675070374
26	118	0.5777041950001232
26	16	0.5660151754260484
26	149	0.548287903924711
26	21	0.5276696089189058
26	62	0.5212976641203406
119	115	0.5877947572279858
119	149	0.5849601485783109
119	14	0.5757019573142634
119	152	0.524596084419563
193	196	0.7847435679778154
193	88	0.6495558503303649
193	93	0.6786137736947989
193	194	0.641912608777574
193	181	0.6296886122780527
193	90	0.5791082854831936
193	85	0.5769374894271917
193	185	0.5549043124275808
193	96	0.5254797731307956
193	190	0.5158951918095013
193	92	0.514190617711988
196	93	0.6909858729121809
196	185	0.6527009661849663
196	194	0.6468189552270318
196	181	0.6629900385464774
196	96	0.5506683311810447
196	92	0.5484767086709869
196	195	0.5419200597714364
196	90	0.5212466848479707
196	190	0.5087190148714615
166	167	0.781417274731799
166	183	0.7314459615274701
166	172	0.607885073874465
166	175	0.6257680996125525
166	180	0.5491475616036244
166	145	0.5226872339693823
166	32	0.5219382289969491
166	69	0.5205617456688454
167	63	0.574477190267922
167	183	0.5537613329751784
167	175	0.5346614940062978
28	131	0.774269047812396
28	132	0.7386491539486121
28	29	0.7310458212678639
28	129	0.7055917531653881
28	133	0.6785166548304246
28	127	0.665604785334864
28	24	0.6482764652263143
28	124	0.6353756002805595
28	25	0.5930320520855168
28	37	0.569295556976292
28	44	0.5152197274297702
28	138	0.5146097913764818
28	16	0.5056811828101124
28	118	0.504847109844548
28	75	0.5031313229768885
124	129	0.688837390262994
124	29	0.5872119498757781
124	131	0.5831350300343464
124	132	0.5817209670023883
124	113	0.550842498297596
124	133	0.5451961808855906
124	127	0.5247265359106507
124	149	0.5207366875217049
124	117	0.505524866038972
124	44	0.5017259005829914
131	133	0.6881904737250412
131	132	0.714520865625525
131	129	0.6646456994165547
131	29	0.633415665806296
131	127	0.6270258861259169
131	24	0.5791481621131936
131	112	0.5162693579285498
131	44	0.5103922115586688
96	81	0.7175420943636113
96	93	0.6475918514405726
96	181	0.623371149065425
96	61	0.5778640747170286
96	79	0.5620946045721356
96	95	0.5547174225064028
96	74	0.5390318935568535
96	197	0.5346686353389838
96	92	0.5315190766132475
96	63	0.5288447477371796
24	44	0.6649916693832382
24	127	0.6250130804265137
24	37	0.6219935502669397
24	25	0.5920262432247595
24	132	0.5782502676413215
24	18	0.5735116267963644
24	62	0.558926089462751
24	149	0.5424284136399872
24	21	0.5314329726252077
24	29	0.5251104999854762
24	16	0.5215379448625241
24	118	0.5209042991035262
24	129	0.5099187771096214
44	149	0.7587150211504186
44	18	0.7196265597330883
44	62	0.6903373698234735
44	21	0.5834978880655931
44	14	0.6200091798943795
44	164	0.5859722813117685
44	118	0.5854138622981964
44	125	0.571225490771233
44	16	0.5461652615141188
44	117	0.5351612028628989
44	127	0.5190583637669984
44	132	0.506863646674336
44	25	0.5047725931432739
149	14	0.6881746815828497
149	118	0.6705545142846381
149	18	0.630460459828303
149	164	0.5991178760929836
149	117	0.5866678836659881
149	115	0.5853218340709776
149	125	0.5685854350572982
149	77	0.5543711822119102
149	16	0.5535324861963279
149	152	0.5394999604166337
149	21	0.5292120134985108
149	147	0.5203065437682136
149	15	0.5133515330932509
149	62	0.5057258386476428
149	116	0.5032582781251091
129	132	0.6234873029047038
129	133	0.6138275607746694
129	29	0.6062938408228555
129	127	0.5878602031132304
129	16	0.5267670580984068
129	118	0.523849138166618
60	182	0.7484009153893232
60	80	0.6916802106347946
60	45	0.686539309630966
60	183	0.6181219040245958
60	142	0.5808999903362627
60	31	0.5634816407870314
60	156	0.5604781060309567
60	146	0.517361381356443
60	165	0.502055067188229
182	45	0.744267946190148
182	80	0.7147850720217096
182	183	0.668916698081696
182	142	0.6288550691758358
182	156	0.6341396399344583
182	165	0.583451719064879
182	31	0.5316553854654911
182	146	0.5268826509895765
182	135	0.5256462433400598
182	154	0.5212976641203406
182	78	0.5073613473746464
9	109	0.7475551005981158
9	108	0.6687011471843418
9	12	0.6613053601992578
9	106	0.6329004305142404
9	3	0.608200215931607
9	5	0.5012318781249225
9	11	0.5782236419603646
9	112	0.5590910917161718
9	95	0.5069751015861858
109	101	0.3203974828669398
109	108	0.6265705431738342
109	106	0.6096285514664783
109	12	0.6040884174277615
109	3	0.559365997083119
109	112	0.5508355325338052
109	103	0.506194561314136
29	133	0.6179488549915124
29	25	0.5957546362875848
29	132	0.586385809583799
29	127	0.5731894176028789
29	18	0.5237257782283916
45	164	0.6991674814025763
45	43	0.6781711511469598
45	156	0.6428406249512475
45	31	0.633080227484289
45	165	0.6013632578248448
45	42	0.5417575853139949
45	80	0.6317601302774264
45	154	0.6010375932349029
45	155	0.5783567580483915
45	77	0.555526874427029
45	142	0.540711128924274
45	47	0.5355393049024422
45	46	0.5293127968811112
45	152	0.5233337832986764
45	7	0.5231231760335254
45	135	0.5230214806863254
61	63	0.7439198132845687
61	81	0.6784464986731589
61	68	0.647318874722093
61	69	0.6413654904888252
61	32	0.6296765422810161
61	93	0.5763701396739881
61	92	0.5382439389015021
63	81	0.7138888801418605
63	68	0.6496194342786658
63	187	0.5529287620567926
63	55	0.3519695288982967
63	74	0.607235277243462
63	69	0.5391312083079521
63	93	0.5346400695500545
63	79	0.5307365622253012
63	92	0.5131894913505386
63	75	0.5036688665441209
132	130	0.4142907741766327
132	127	0.5706593100257219
132	133	0.56303103090087
132	25	0.505934196723335
132	118	0.5019353870619665
79	181	0.7091689443242389
79	95	0.6570813886558108
79	93	0.6501624174654255
79	81	0.6207965080610728
79	197	0.5958771869327234
79	41	0.5298668384919565
183	145	0.6909701964315157
183	175	0.579971658686069
183	174	0.5592079415246973
183	171	0.525834378590732
183	180	0.5123934830070155
183	172	0.5031462600040175
183	142	0.50095478310508
68	69	0.7281508673484606
68	65	0.5401872721195016
68	81	0.5256462433400598
68	93	0.5150874964143092
69	32	0.6344862752146861
69	67	0.5674067937220564
69	172	0.5233700884362239
69	41	0.5095783051648932
69	180	0.5015238400129809
127	37	0.5098891771922651
127	133	0.5084521322194031
127	25	0.5032732125968992
181	93	0.6118418654395461
181	185	0.5997073241786085
181	197	0.5744570906427888
181	81	0.5672440396744155
181	92	0.5162253486083589
18	15	0.6513442826842933
18	14	0.594611646963689
18	118	0.5779906147132702
18	16	0.5675152717978093
18	125	0.5172002488347811
18	117	0.5146980071399693
18	77	0.5118697009712662
81	92	0.6897506700117665
81	74	0.6810233174951525
81	93	0.64165383849761
81	185	0.5781837011295359
81	90	0.5327162169513555
81	97	0.5084224725590285
81	91	0.5054653080616706
80	78	0.5975128309824176
80	43	0.5503547095114643
46	152	0.7115073145928983
46	164	0.578243611336552
46	154	0.5685515985652276
46	14	0.5447603217145147
46	151	0.5115006118346368
152	154	0.6699982775470449
152	164	0.6261938030687262
152	14	0.6053950485776524
152	151	0.5478331446750427
152	48	0.29125770327420303
152	115	0.5874346673240117
152	77	0.50093980206888
12	112	0.7093528154505522
12	11	0.6177077225978985
12	113	0.6162832958973595
12	108	0.655293419217039
12	3	0.5232175940905486
12	13	0.5071311099862318
112	113	0.5915649008838652
112	108	0.554253416773768
112	11	0.528621410927914
95	197	0.7041880220459307
6	105	0.7022723065375848
6	8	0.5923249341271527
105	8	0.5807608367708464
164	155	0.5905303476279189
164	135	0.559365997083119
164	77	0.6003089149275513
164	43	0.5914933906243434
164	165	0.5902437126493353
164	154	0.572786406715366
164	7	0.5325729590036599
164	125	0.5191387228041116
139	141	0.6949260023489896
139	176	0.5946245755497235
139	142	0.563249550261431
139	114	0.5107470844910943
139	36	0.5100075696168493
141	114	0.5856832867659542
141	165	0.5687478234393096
141	150	0.531755805947517
141	142	0.5311817732635344
171	172	0.6931066287643429
171	67	0.5941007218448345
171	169	0.5728401575108159
171	180	0.5702950499181647
171	174	0.5970818629766692
171	170	0.5562662218508051
171	175	0.5075989358209354
172	180	0.5562385985205657
172	67	0.5386628789553627
172	175	0.5366367233458755
172	169	0.5293343913770892
172	174	0.5276912555197463
145	174	0.6919773931732429
145	41	0.5570529699938581
145	175	0.6862431440827766
145	170	0.5651105913161585
145	195	0.5492593016976764
174	175	0.6911582713074542
174	170	0.6437081976832782
174	195	0.6127544978627483
175	170	0.6719610098014263
175	158	0.4166074975227714
175	195	0.6471271109348276
175	41	0.5440355820394637
175	180	0.5345329369598468
93	66	0.5466913235582082
93	190	0.5425131006971098
93	87	0.500242852416403
93	92	0.6341814887609244
93	88	0.6274808010116594
93	90	0.6039677389131736
93	85	0.5757220139855478
93	185	0.5610334038884115
93	194	0.5207075335823688
93	41	0.5102295033375082
93	94	0.5036763296832599
62	137	0.5689642723306407
62	25	0.5307150123211425
62	37	0.5225345896250801
62	125	0.5027503272229247
92	90	0.6193623910185929
92	88	0.5469436801761124
92	94	0.5458423968083747
92	194	0.5086523033705229
133	113	0.5044371748932966
14	115	0.6043614296829021
14	125	0.5963864420971823
14	15	0.6158986281292671
14	77	0.5920846955535835
14	118	0.5369143534276567
14	116	0.5232103316190578
14	43	0.5225854747959338
14	117	0.5212685335631132
14	76	0.5151756531493987
14	21	0.5050557165818248
4	107	0.6817518841014127
4	8	0.6055217326042183
74	185	0.5879518144264049
43	77	0.6592918646343296
84	86	0.6746124197845035
84	189	0.5604369527895169
84	64	0.32774519605778146
86	82	0.5036390132357746
86	94	0.552984301182667
86	189	0.5518030376297794
170	195	0.665649340583853
170	180	0.5283114999583375
118	16	0.6050021331113719
118	117	0.5599703559557971
154	146	0.5933301947059398
154	153	0.5616635006838618
154	47	0.5466071826071072
154	49	0.45146596253416305
154	173	0.403054037156209
154	165	0.5542257040333878
154	155	0.5540247499185732
70	176	0.6697336633597831
70	97	0.5864711028001048
70	11	0.5829700175974645
70	177	0.4855950949702778
70	71	0.34899595413105905
70	38	0.5096449318046606
176	11	0.5591048399054634
108	103	0.5818201984503744
108	3	0.5546828071172851
25	37	0.5532966172071397
195	41	0.5507798036608408
195	185	0.5021074211978876
77	76	0.5555199604897026
77	147	0.5422872440437743
77	20	0.40802546344307
77	15	0.569687451022203
185	194	0.5241900777768884
15	116	0.5619372528114304
114	134	0.6502720887941862
114	30	0.5393014272894512
134	100	0.3151292074747288
134	30	0.5039598732590891
88	90	0.6440652976706939
88	85	0.6098609896473371
88	194	0.5411497133511742
194	90	0.6255064110706862
90	94	0.6048626406149409
90	73	0.5140508385361285
32	36	0.644006775912472
36	38	0.5340399057623947
156	52	0.5755949766999293
156	142	0.616704851701334
156	155	0.5046757101845202
31	30	0.536430205114462
31	165	0.5253639440319635
31	135	0.5200439533974774
37	35	0.4615113770704557
117	161	0.3997404665745464
142	165	0.5372132096671732
142	7	0.5051972375570841
113	111	0.5857949614107554
113	13	0.5729207744672264
85	160	0.44847524395696475
85	66	0.5167899278500697
3	0	0.46772164504665764
3	103	0.5395283173963833
8	10	0.4832378488458385
165	144	0.4583812396989445
165	150	0.5799052915496723
165	146	0.5529981851963652
165	155	0.53244400075491
146	150	0.5984058287337809
146	189	0.5875459926925309
146	157	0.4866031887841719
125	122	0.3323431081476309
125	21	0.5532619231046929
125	155	0.5101037492357655
67	91	0.5173979972692836
155	51	0.5664431876420825
155	47	0.5073390695016694
110	111	0.588161155085401
110	104	0.4426566052261034
110	2	0.5141244099274799
111	102	0.5083779808064817
111	13	0.5040568500831261
73	184	0.5761497245960779
184	75	0.5426471659881416
13	2	0.5317055975752988
13	10	0.518378597897533
169	180	0.5613485336380308
180	91	0.5071608221049896
56	163	0.5671355123535928
56	58	0.4763714212086435
163	162	0.49384285810873607
163	161	0.4607633924658468
163	99	0.29896260595867247
7	135	0.5603820774955467
41	38	0.5034822636332708
76	75	0.508867240781199
151	59	0.35441149225389595
75	186	0.5093413609513695
190	83	0.4811272261022117
190	192	0.307425770811197
147	188	0.5307509284468361
147	148	0.5253567040666642
42	40	0.4165083199819136
2	140	0.5029296436891775
91	89	0.45420055878941196
91	72	0.3007736626128408
102	1	0.4761394669859766
87	191	0.4777849060040602
89	179	0.4952630420571048
179	168	0.38101800245514145
162	57	0.32702201192960806
27	157	0.48961209824267643
157	53	0.46063735163953645
50	173	0.48901124476674945
168	159	0.32332872099284804
54	159	0.35780817904458273
72	178	0.3134529368143433
