126	128	0.9354840344433697
126	123	0.8146833020577338
126	133	0.8589430968108283
126	129	0.8057174976693389
126	23	0.6817518841014127
126	29	0.6738652193012731
128	133	0.8607157894652047
128	129	0.8139758814713579
128	123	0.785969852475765
128	29	0.6805726457075704
128	23	0.6545453038365263
19	121	0.9009608950581767
19	20	0.6823241458070086
121	20	0.7179832775073888
121	23	0.6913253704224123
12	113	0.8957719392219278
12	112	0.8402137459186406
12	3	0.7836269150338386
12	11	0.7578139479304742
12	9	0.7544952085675546
12	103	0.7492311436334143
12	106	0.729159349067772
12	109	0.6985330873357168
12	13	0.6911269319932261
12	108	0.688390451090171
12	111	0.6826660340684466
12	70	0.6779658663758156
12	0	0.6726514950079557
113	112	0.785395799036761
113	111	0.6933507627218068
113	103	0.6931274123161697
113	106	0.6799763242999922
113	3	0.6680039832910183
113	108	0.6653763652016811
113	13	0.6468305875813329
113	109	0.6461262883636267
113	9	0.6435851967091624
9	108	0.8822655782153436
9	109	0.8389151737656424
9	106	0.8126217065732593
9	5	0.7927908223090464
9	112	0.7628930057452539
9	3	0.7538138324356151
9	11	0.6676272481586498
9	103	0.6550479961478585
108	109	0.7320080977691572
108	106	0.7278171394883245
108	103	0.7234948615851036
108	3	0.6977128888969877
108	5	0.665576935894564
108	112	0.6601108158089823
137	165	0.8722474926483277
137	144	0.7198530877779051
137	145	0.7240805030061072
137	172	0.7041325646351287
137	174	0.6656214941093078
137	140	0.6431221808985734
165	174	0.7904762824863913
165	175	0.75838383103702
165	145	0.753009623433417
165	183	0.6766614645374562
165	172	0.6689885233940552
165	171	0.668247570778093
165	169	0.6645396192638378
165	167	0.6547567336871577
165	166	0.6470515451328667
25	26	0.8696642091915555
25	23	0.863055828287457
25	22	0.6378674398408724
25	29	0.7033047257841835
25	133	0.6532057797763087
26	23	0.8426083292230497
26	133	0.683087640603618
26	29	0.6638298690309188
23	123	0.7382763223204831
23	29	0.7300292558226202
23	133	0.7233566315827311
13	111	0.8614139198511299
13	10	0.8341724066745684
13	0	0.7157325766080748
13	102	0.8127575208045812
13	110	0.7373787703764851
13	8	0.7163416899364908
13	3	0.6880272568094475
13	1	0.6802074385556006
13	103	0.6767265147665953
13	7	0.6739798432688613
13	2	0.6679762938322926
111	102	0.8464792131898091
111	8	0.7782432189796487
111	103	0.7289719637668014
111	10	0.7457674193664019
111	110	0.6878534332463092
111	7	0.658607264406246
111	3	0.6457066782388904
133	129	0.8148177746764624
133	29	0.7740286316882281
133	123	0.674824874129638
28	132	0.8577056917223422
28	29	0.7121683188200625
28	131	0.7385491702685743
132	131	0.7431462293395418
132	29	0.655578621015207
109	112	0.8536892042966886
109	106	0.838470282263124
109	5	0.7258974148490808
109	11	0.6908499884866526
109	3	0.6829382624797125
112	11	0.8175883710963792
112	106	0.7837426664759929
112	3	0.702667404647446
112	176	0.6668838565811689
112	5	0.650427890912527
102	1	0.7671646300232999
102	103	0.722932046238785
102	10	0.7191440750706121
102	8	0.708626708838962
102	3	0.6570643409983046
102	0	0.6446208784624836
44	149	0.8459113066215324
44	154	0.7357272373715013
44	46	0.733064626864244
44	48	0.7121288912709691
44	49	0.6693419428159009
44	17	0.6632981704716225
149	154	0.7520598401222869
149	52	0.6596535258949668
149	17	0.6954633747491425
149	152	0.6746015216758037
149	46	0.657887542476782
149	18	0.6456600307984908
95	197	0.8449986502561919
95	96	0.7380396584883081
95	5	0.6894622264087886
95	97	0.6747486213316204
95	99	0.6657495725452578
95	81	0.6414066941604277
87	191	0.8440235297412673
87	83	0.8140096230512005
87	89	0.7646429642244537
87	192	0.7035825676365289
87	82	0.6572291068687884
87	94	0.650399042796434
191	83	0.7980431222370914
191	192	0.7316644302048302
191	89	0.69749728310431
191	190	0.6902431399385687
191	179	0.6452341502621125
84	86	0.8437356625893302
84	94	0.6794006392135288
84	189	0.7103103631955947
84	82	0.644006775912472
86	189	0.7504000053012575
86	53	0.6346057454859568
86	91	0.6738051652267127
86	82	0.6692204890331667
86	94	0.658040654950741
106	5	0.818646556589384
106	3	0.6898083324779882
106	11	0.6581370311928935
106	103	0.6423709787805987
10	110	0.782660201044987
10	2	0.6902169608147042
10	8	0.7653895139460661
4	107	0.8296149596552385
107	8	0.5914088665014594
77	147	0.8192393544913241
77	76	0.6928987298565211
77	148	0.6875846415723534
77	188	0.7112998745318072
77	43	0.6443577933993131
147	188	0.768150313528196
147	186	0.6980360607376422
147	148	0.6580916803533711
5	3	0.653635560801088
11	70	0.7011403413356848
129	123	0.7325924053578532
129	29	0.6886113570144557
83	190	0.7380168927751021
83	89	0.6514018539967684
3	103	0.8139421343981017
3	0	0.7041628151969535
89	179	0.8095769169706817
89	51	0.7602427391288762
89	192	0.7596639542283538
89	82	0.7339608267439272
89	178	0.4961455462679372
89	47	0.6970708333625305
89	50	0.6512060809327865
179	168	0.7193419777458124
179	159	0.6487284319423493
179	192	0.72142490595157
179	47	0.6917792975240596
179	82	0.6565070812215317
179	155	0.650427890912527
145	174	0.8062430910264214
145	195	0.7286813005119738
145	144	0.6934546012650824
145	166	0.6455433911132035
174	166	0.6647461716923101
174	175	0.6523104855503888
35	68	0.803673215310011
35	69	0.701231842186723
35	61	0.6537329192759882
35	37	0.6448312366492337
68	69	0.7970240917652899
68	67	0.6999589285609499
68	92	0.7299031254972783
68	61	0.670482961684013
46	154	0.7994188269681072
46	151	0.72958056651217
46	48	0.7123456872014301
46	152	0.6902693172554997
46	17	0.676276367813974
46	155	0.6434328637177978
46	47	0.6423298617650058
154	47	0.7143690994348509
154	17	0.7134128989005547
154	49	0.6868299649281826
154	155	0.7065846025363756
154	48	0.7001323068420906
154	153	0.6600431000000127
154	51	0.6520001511095339
154	152	0.6449714211939506
154	151	0.6408648649265586
52	156	0.7982246133906088
156	142	0.5998993949545691
88	90	0.7976797051606821
88	85	0.6835940335475468
88	55	0.5903284157562043
88	73	0.6568938274563728
88	190	0.6409178981678139
90	94	0.7347072470226869
90	73	0.6697557210416668
69	92	0.7530918772005636
69	61	0.653114038635474
69	63	0.6493014236636659
15	115	0.7933103211710262
15	116	0.7898376746145385
15	118	0.6925190171735737
15	16	0.6815591596365735
15	120	0.627632344196983
15	14	0.7083129244380534
15	152	0.6875319152110783
15	43	0.6715110178640429
115	152	0.7370729167093214
115	116	0.7352865690487521
115	118	0.6537042866765955
115	14	0.6510793580389983
115	16	0.6422887410517507
116	148	0.6963297971912481
116	43	0.6671780435122808
140	141	0.7835111091553215
140	144	0.6574392342249294
140	139	0.643901417751299
141	114	0.7139624266657236
141	139	0.6904315762931402
110	104	0.6848863433542147
110	2	0.6794221752191119
175	183	0.780637282687772
175	167	0.7672880391461957
175	180	0.7322308182856103
175	170	0.5194381619970951
175	169	0.687505549311452
175	172	0.6714506153777662
175	166	0.6503759629525969
183	166	0.7431372745328119
183	169	0.69498804651691
183	167	0.7122225243648858
183	180	0.7019376544941165
8	1	0.6812538190944935
127	143	0.7751885757939158
127	138	0.5322290154052438
51	155	0.7724201414876498
51	47	0.7527193827859651
155	153	0.6943153500252774
91	92	0.7694997068742869
91	94	0.6816234116347103
91	63	0.6935272711097921
91	60	0.6836632782892174
91	82	0.6490700005061629
92	63	0.7472991160410242
92	61	0.7427609322225608
92	93	0.6455783861815229
188	186	0.6621766130389478
167	182	0.6287583328350437
167	166	0.693490937951293
1	105	0.5984892706024756
7	135	0.7669588218808662
7	104	0.744241181081499
135	100	0.5164160359715311
135	104	0.6775333420514813
135	148	0.657955599181391
20	124	0.7664642379289894
20	150	0.6216009946786356
124	119	0.5793142849088849
47	50	0.7585749500845714
47	153	0.7432805195008904
47	45	0.6820889243489634
47	82	0.7281837514142943
50	173	0.6981693504150351
50	82	0.71620047277498
50	67	0.6687287881989276
50	45	0.6548709774491983
166	172	0.7567989102395001
166	139	0.7153128732557821
70	176	0.7549987261198411
189	164	0.7040569270471496
189	82	0.6672612662017421
73	184	0.7496300455028767
73	161	0.5370780294970927
73	185	0.6458932198115754
184	186	0.6905780731551833
184	185	0.6507220345291753
96	98	0.7477094666828581
96	80	0.7194288249811887
96	198	0.718143124632653
96	97	0.6916123993344829
63	60	0.6918210105277566
78	80	0.7457274718992141
78	81	0.6512521529837086
80	81	0.6598568262086663
153	164	0.6418185274032226
61	93	0.6695681930723918
61	37	0.6529821271504707
61	97	0.6540305873600697
61	81	0.6528157474896104
190	196	0.6509353106780498
152	14	0.728202540803966
152	16	0.6547795848334556
152	17	0.6424708189961347
152	151	0.6422534917829935
75	186	0.735098177264145
65	67	0.7329767175330502
67	62	0.6506240083444517
67	41	0.6277353664026668
67	64	0.5070865395478648
180	169	0.6442583659931164
151	59	0.5201752608762168
195	173	0.6705545142846381
14	17	0.6887690687487942
21	125	0.7244513452771966
125	118	0.6240554484378865
125	122	0.47226381649231725
56	161	0.723308952615646
56	163	0.7154349332987978
56	57	0.48760236599794865
56	162	0.6474234386268468
161	58	0.6381046293617098
81	93	0.7214824465025601
81	79	0.5348257253374932
81	97	0.6892733084644989
93	97	0.7088357428520534
144	130	0.6689498497781745
198	199	0.6204829568512491
198	177	0.6048753232852335
16	117	0.7162735234590114
16	118	0.6479400909649056
0	101	0.689934111123882
163	162	0.6770516074628027
45	164	0.7147263771113841
114	134	0.5351540667998401
17	18	0.6636340580773648
17	119	0.5714410358243123
17	48	0.6695130215349825
27	40	0.7077543936460627
27	130	0.588664558173512
173	171	0.6881220363993541
99	101	0.6963297971912481
148	43	0.6786677183684743
169	158	0.4947496633681022
31	33	0.6934130693038498
33	62	0.6778037247175179
33	34	0.6703288060201273
60	74	0.5513647118631643
2	24	0.5666604737258505
32	37	0.6879061153878117
32	36	0.6759615071891415
37	30	0.54350734764067
37	36	0.6755594298686372
49	146	0.6084018062895393
193	194	0.6855653390305235
193	160	0.5602311450664308
194	185	0.6470573583382314
34	42	0.5086745412162046
18	39	0.4005803381233273
185	196	0.6625302244195385
53	157	0.657365417341501
38	142	0.6568824574970084
159	54	0.612879388940639
182	187	0.6427878138621879
71	177	0.640292896089702
41	66	0.5331314923855677
146	136	0.6052936792659354
136	138	0.5828379730119017
105	6	0.5123787337974981
79	181	0.5263406409053561
178	72	0.41886110507648505
