19	121	0.9633502141221341
19	119	0.7682732687188347
19	23	0.7030671269051398
19	17	0.7208825769715852
19	117	0.6107646156441198
19	120	0.6049577531626217
19	16	0.5919418010857268
19	20	0.5681318662330699
19	25	0.5649267877706184
19	115	0.5586441081929368
19	15	0.5042433082558327
19	124	0.48236357905023625
19	116	0.4749554698275454
19	43	0.45969934015936487
19	188	0.4393297944732944
19	77	0.4210437490147874
19	29	0.4100572137763535
19	14	0.40578084924945357
19	186	0.35948121637544556
19	152	0.35947250861159236
19	118	0.3575029501749082
19	151	0.3572674357044429
19	18	0.35718892078193604
19	46	0.3422422001373763
19	133	0.33803291217540504
19	48	0.33501796392611854
19	21	0.331239614364903
19	53	0.3122350634009605
19	154	0.2917609655276589
121	119	0.7448027465608443
121	17	0.6552078222237996
121	23	0.6485372710563683
121	117	0.6051225740247875
121	120	0.5867924757275105
121	16	0.5720535613147764
121	20	0.5477701524732796
121	115	0.5390177045115341
121	124	0.4836822833160562
121	25	0.47702826481285787
121	15	0.47015554314605795
121	116	0.4504542363174289
121	43	0.4486749390521173
121	188	0.42163592934832195
121	29	0.4051625106811955
121	118	0.38172728296978997
121	77	0.38023984185468723
121	133	0.3756712499090658
121	14	0.3591589874267287
121	186	0.35650824674078113
121	152	0.3466665704446273
121	21	0.34095256605397334
121	18	0.32286300429358644
121	151	0.3175050564467878
121	136	0.31667755966859357
121	46	0.3033363714517403
121	48	0.2985072272458981
121	53	0.29290414243799834
121	129	0.2925201282106441
104	110	0.883982267813194
104	107	0.6457649807626309
104	13	0.7461045397540307
104	2	0.7123752397556119
104	10	0.6993310175550068
104	134	0.6975845673355925
104	114	0.6889162075760223
104	1	0.5854730153363106
104	37	0.5758022337425626
104	4	0.5561142783227307
104	123	0.5554992182168214
104	111	0.5196717820354241
104	7	0.5088968823430888
104	135	0.45559635681727023
104	113	0.45158538121894765
104	12	0.4446885847121985
104	8	0.43177795112978784
104	0	0.4274970554246476
104	124	0.41564836613474493
104	141	0.39962283093367973
104	126	0.3903306014687221
104	136	0.3871302968126159
104	138	0.38450025693188333
104	102	0.3636970833105691
104	77	0.3616127293003701
104	80	0.357947686785792
104	6	0.3573459455779637
104	43	0.3528103172980833
104	150	0.3406962528270361
104	188	0.33008175201508566
104	23	0.32800402054533956
104	133	0.3250827059387774
104	116	0.3239554000308851
104	3	0.32045132255904746
104	105	0.3135250747857529
104	129	0.30194650731383976
104	186	0.2911844880523768
110	13	0.7976069521373351
110	2	0.7319152513485689
110	10	0.7877977490905004
110	114	0.7386764165859703
110	134	0.6980052947096568
110	111	0.6303459673892864
110	107	0.6151532749567988
110	37	0.5886906965195474
110	1	0.5673661093652042
110	7	0.5575217828894019
110	8	0.5540524715672782
110	135	0.5387622493833081
110	12	0.533761075165101
110	113	0.5123934830070155
110	123	0.498696761754016
110	0	0.4966956498360233
110	102	0.47721363015571366
110	141	0.4536845003018984
110	4	0.447707998708447
110	6	0.4296603022985759
110	124	0.40086574127470775
110	136	0.38110348172612285
110	3	0.37911012417205925
110	138	0.37870760298830336
110	77	0.37066172373724615
110	126	0.36634936003950774
110	80	0.34680733420196164
110	108	0.32868208554018025
110	105	0.32134834575763954
110	150	0.3203885093836596
110	43	0.31900590745049817
110	100	0.3154174003495651
110	146	0.3117115132728515
110	116	0.30441648563721607
15	115	0.8592574327716319
15	116	0.8358376101939348
15	16	0.7906262939449213
15	14	0.7344862705848597
15	120	0.7784403110165099
15	43	0.6918835713764743
15	117	0.6810125932042635
15	17	0.6710880130535787
15	77	0.6687951190926638
15	152	0.6073236468748525
15	151	0.5765771198984679
15	119	0.5631198138895562
15	186	0.5589810951332267
15	118	0.5580659869604135
15	188	0.5487493279293104
15	18	0.5337038647931185
15	46	0.5231304394169558
15	75	0.49270026690422175
15	23	0.46758882428833454
15	25	0.44711613014266705
15	124	0.43098031742760434
15	6	0.429676609998931
15	154	0.41381849570320395
15	108	0.4126326762091839
15	20	0.40702475568089314
15	109	0.3978988027129841
15	153	0.38851513384025826
15	29	0.3881839518396506
15	9	0.3730573045492254
15	11	0.3683389927962597
15	122	0.364815922281875
15	21	0.36438238856657695
15	48	0.3623166043265419
15	112	0.36189085270241145
15	149	0.3545339011286427
15	44	0.35261768687594924
15	52	0.33973241587029307
15	133	0.33818347825913364
15	76	0.3344585552633756
15	53	0.3242775814864594
15	59	0.3242775814864594
15	106	0.32391064666107794
15	107	0.32111517511877746
15	128	0.3106548103318349
15	89	0.3104379557066184
15	156	0.30891002376096277
15	1	0.3051875169568596
15	22	0.3040535092168634
15	131	0.300064058822221
15	72	0.29910829840601233
15	177	0.2964563430189107
15	103	0.29540705507100734
15	28	0.29410129378489575
15	192	0.2915688298951822
115	120	0.8327372555126745
115	116	0.8140096230512005
115	16	0.7733462389685888
115	14	0.7339516005783993
115	117	0.7076645471316757
115	43	0.684126368666289
115	119	0.671011056100774
115	17	0.6562281822836503
115	152	0.6387740358004109
115	77	0.5984379232966824
115	118	0.5650629439300424
115	186	0.5613074389845477
115	188	0.558121069489457
115	151	0.533560817489105
115	46	0.5282105683194669
115	23	0.5052642643269516
115	75	0.4886307177562207
115	25	0.4771055055314567
115	20	0.4683307871350995
115	29	0.4169049706447715
115	18	0.4169049706447715
115	124	0.4122177234949767
115	133	0.4093249190049017
115	154	0.40818381905669576
115	6	0.36729269205339465
115	21	0.358331250670436
115	108	0.3568835369903036
115	122	0.35434153887112985
115	76	0.3505669523112454
115	48	0.34438578797820385
115	53	0.3438039328469827
115	109	0.342515860880249
115	89	0.3399535425561122
115	80	0.3327433448897597
115	52	0.33211180567097776
115	149	0.3281200293351364
115	131	0.3198320411717347
115	153	0.3181972637950286
115	107	0.313308650018211
115	129	0.3116121979153264
115	112	0.31082646397988867
115	177	0.30947075254625084
115	106	0.30810473118303605
115	1	0.307851289312506
115	11	0.30036431639447375
115	72	0.2921908980436917
9	108	0.8526279388172341
9	3	0.7937546884135742
9	109	0.7575626619751207
9	11	0.7344125771382649
9	112	0.8088174781086115
9	103	0.7416200845964808
9	6	0.7405968645802484
9	12	0.642541281313007
9	0	0.6228878985385473
9	102	0.5638432516332667
9	106	0.5172661711172858
9	113	0.469103288325577
9	111	0.46563314049445775
9	95	0.4377224826063555
9	1	0.433858380549479
9	5	0.41686366027140836
9	13	0.408775351563561
9	96	0.3766842682880215
9	101	0.33776716510891514
9	114	0.33763427137551477
9	16	0.33474272883144546
9	17	0.33103483429421016
9	52	0.3247964933798899
9	117	0.3135250747857529
9	156	0.31147675690986526
9	155	0.3105283157287648
9	124	0.30441648563721607
9	122	0.30059174463126315
9	7	0.2958633549717845
108	112	0.8470169462900544
108	103	0.8081247298442552
108	6	0.7831246961834394
108	3	0.755878815424353
108	109	0.7471577881593314
108	12	0.723899684440912
108	11	0.6732752120189369
108	113	0.6299359802237753
108	111	0.6281593438483083
108	106	0.606616269063986
108	102	0.6025747603571582
108	0	0.5869104846880947
108	13	0.48777766244013154
108	1	0.4762322566287912
108	95	0.4677607059562813
108	5	0.45647551133246883
108	105	0.4535256518157601
108	96	0.4354318819794284
108	114	0.42237564927412335
108	176	0.40084056177218325
108	8	0.3725751400510217
108	101	0.3589586397712268
108	156	0.3471327905539587
108	52	0.3450026180785179
108	120	0.34409489344779964
108	197	0.3365263004679043
108	16	0.33409436897897
108	7	0.3335256836504177
108	116	0.33208511435259463
108	177	0.32972528655420497
108	17	0.3291458296427599
108	10	0.3274149002773069
108	135	0.32169802865946673
108	14	0.3208191716980078
108	77	0.31876336305328307
70	176	0.8498742962997844
70	36	0.6618058464463498
70	71	0.7397332479073243
70	199	0.6135283290845502
70	177	0.6134534936165387
70	95	0.5932977957808012
70	139	0.5587472870601802
70	98	0.5210500156629421
70	198	0.5018381328037804
70	197	0.5017483483787258
70	96	0.5016810029642261
70	72	0.41172785924911237
70	97	0.3968377588735885
70	38	0.37710466405109716
70	142	0.3687710763768302
70	113	0.3511281721173916
70	85	0.34332767309157786
70	109	0.3415003760174835
70	61	0.34142086959967954
70	52	0.33608285086408446
70	178	0.32991244265176856
70	32	0.3286285663995988
70	81	0.32592311084245756
70	156	0.3196884006279543
70	12	0.31591259591827464
70	112	0.3143093414298759
176	71	0.7633106812261107
176	177	0.7443437676841878
176	199	0.6298515274838377
176	95	0.6221590659528268
176	197	0.6202307423334041
176	198	0.5734310911245022
176	139	0.5041090631091892
176	109	0.4830768714641256
176	96	0.4792575485497579
176	113	0.47161090544941175
176	72	0.46687748357589326
176	112	0.436719523943642
176	36	0.4312652640218348
176	178	0.4297499911819906
176	12	0.4077170162592152
176	98	0.4044099774700141
176	156	0.3938595043243709
176	106	0.36575181526532263
176	97	0.356996974165096
176	166	0.34812623411595767
176	52	0.3445796809391886
176	103	0.3237226666796849
176	11	0.30502427308671526
112	12	0.7425097763108517
112	103	0.7601963118389661
112	109	0.7408225391365949
112	11	0.7314320116172051
112	3	0.7154495775701692
112	113	0.6815163191318447
112	6	0.6394720312828072
112	0	0.5896178103188031
112	102	0.5814430268106527
112	106	0.566687628946625
112	111	0.5564112241670864
112	95	0.5140876251773578
112	96	0.4823098644601942
112	114	0.43140363562202305
112	13	0.4308988883218426
112	5	0.41632646874122065
112	156	0.3987821936830577
112	101	0.3885066432473635
112	1	0.3777049599416284
112	197	0.37016130247669343
112	52	0.35168913974333416
112	135	0.33610946204529024
112	105	0.33403218085801933
112	7	0.33204952510079416
112	177	0.32291674882122223
112	116	0.30413518661327393
112	198	0.30252804497105273
112	10	0.301073779431039
112	77	0.2982248241572046
112	71	0.2976507473434805
112	17	0.2975960621249641
112	98	0.2972679098125085
112	16	0.2940190762102817
95	197	0.8444544203172866
95	96	0.8052257963097098
95	109	0.7142221649126825
95	198	0.7484492999735934
95	98	0.618856694312684
95	71	0.6174602866060687
95	101	0.5695185629203265
95	177	0.5668165994336648
95	106	0.5564871642393086
95	199	0.5465510825070157
95	190	0.5437891262713634
95	97	0.5390602707296996
95	5	0.5246033323710224
95	99	0.5212248354495036
95	52	0.48849368250106673
95	191	0.48035064723848125
95	83	0.4742194415107292
95	156	0.46352373369419375
95	79	0.4256564840410982
95	181	0.4150277454543353
95	103	0.3994127345499797
95	38	0.37258375189658594
95	78	0.368287132066999
95	72	0.35733722250804056
95	147	0.35125090534422093
95	11	0.33172917930055473
95	196	0.3286285663995988
95	36	0.3257622220628209
95	12	0.32319439569844444
95	192	0.3128125538516598
95	142	0.31002222736252466
95	178	0.30246445024967306
95	55	0.30230090860150266
95	139	0.299408745033822
197	198	0.8250400307788135
197	96	0.7215783252821881
197	109	0.6274262338242266
197	199	0.616773011341125
197	101	0.5969145287585458
197	177	0.5899504092030464
197	190	0.5697279770094145
197	71	0.5580659869604135
197	99	0.549873521170417
197	97	0.5400881169418728
197	98	0.5190145276969422
197	106	0.4981556304393431
197	181	0.47660330914296806
197	5	0.4714320419257603
197	191	0.47008543434079086
197	156	0.4400880510845115
197	83	0.43044275566026785
197	52	0.42833028300225695
197	79	0.41762349536285254
197	196	0.40919171778471675
197	166	0.3847217962632187
197	72	0.3799232927990576
197	183	0.33213849645749594
197	139	0.3277808989131633
197	147	0.3208550542398792
197	142	0.3109077665271167
197	178	0.3086024361040108
197	38	0.3066377844808168
197	192	0.305250995841213
2	134	0.8420855166741691
2	7	0.6565867336833974
2	10	0.7200842774126829
2	114	0.6645842878565729
2	13	0.661057711058638
2	123	0.6282864644036615
2	141	0.6105388580450215
2	37	0.6091004646191968
2	135	0.5843085280225293
2	138	0.5815621606620308
2	30	0.47189078785429683
2	35	0.4566259080071384
2	136	0.44094235409561666
2	100	0.4397170676552514
2	140	0.42136455796237965
2	1	0.4137439050426405
2	150	0.40872537617518134
2	0	0.4064322096397495
2	146	0.38966075785727855
2	8	0.377138975216417
2	107	0.3686846724014668
2	12	0.3650412973286321
2	102	0.3596031184953462
2	111	0.35799127967823324
2	124	0.3528015620183941
2	32	0.3486709775072637
2	34	0.3200295229155277
2	126	0.3102752935293845
134	123	0.6611984384741328
134	100	0.4587603018542061
134	114	0.6839773882209013
134	141	0.6764337055320244
134	10	0.6387740358004109
134	37	0.614929454278828
134	13	0.6106580202580222
134	7	0.6016568232227781
134	138	0.5784765362005627
134	135	0.5504732070715875
134	30	0.510658382565128
134	136	0.48543459715109133
134	35	0.4835213961723372
134	150	0.45161722346948957
134	140	0.44964880826394427
134	32	0.4124252212442005
134	146	0.4005719427357701
134	1	0.36294192430086875
134	0	0.3604038840976354
134	102	0.3458040518513554
134	111	0.33848455848652126
134	124	0.3286464063476491
134	12	0.3202269768532842
134	113	0.3199936192117586
134	137	0.29239210249202374
13	114	0.8375174326455972
13	10	0.8105395708996508
13	12	0.7768989196342072
13	1	0.6344803009051146
13	111	0.7163660317937791
13	113	0.6743071615685418
13	37	0.6358285678253004
13	7	0.6314475704732792
13	0	0.6295799713601531
13	8	0.5793475036946165
13	135	0.5669998255027101
13	3	0.5661578800940684
13	6	0.5394999604166337
13	102	0.5245598435215908
13	11	0.4344345574704353
13	103	0.43284312184810575
13	141	0.4289996049640339
13	123	0.40851711900780513
13	126	0.4012014100965419
13	107	0.3745111862791679
13	77	0.3552855746718394
13	124	0.3500230304152871
13	4	0.3368011642996569
13	105	0.31786468696945597
13	150	0.3133176683668536
13	136	0.29677554965792424
114	37	0.6815270296959898
114	10	0.7443616052473074
114	113	0.6948277445848763
114	12	0.6716263069247009
114	135	0.6196273682302805
114	141	0.6143445663058608
114	0	0.5929607330050375
114	7	0.5841043301428911
114	111	0.5663616850486622
114	102	0.4721317215174673
114	3	0.47064613863985877
114	140	0.46725277164392603
114	32	0.46698695997763484
114	1	0.45161722346948957
114	123	0.4469480960627853
114	11	0.41554081958750494
114	6	0.4077336914599308
114	103	0.39272677509413145
114	150	0.3872748094231973
114	30	0.3687365155513182
114	124	0.36768192092997076
114	100	0.36249902304668896
114	146	0.35358053986029975
114	126	0.35344053501272293
114	8	0.3395554874738685
114	35	0.3305450163967014
114	77	0.3250827059387774
114	105	0.3120726026043099
114	107	0.29473148385648684
114	109	0.2935622326965858
116	77	0.782660201044987
116	43	0.7384991662428878
116	120	0.7321519560047651
116	16	0.6985689291899007
116	14	0.6741599011014461
116	186	0.6528788644329263
116	188	0.6225511773495257
116	117	0.6167482270875887
116	17	0.6089431915176935
116	119	0.5954513654783995
116	151	0.5762365647856351
116	152	0.5638841750960079
116	46	0.5191679419968028
116	75	0.4974485690447885
116	23	0.49003773829123565
116	118	0.47957331448833324
116	124	0.47816296104155925
116	25	0.43633099001935816
116	153	0.4283956034173137
116	76	0.41392622795982886
116	20	0.41204339233126464
116	18	0.4047695895178017
116	6	0.3887019101908194
116	154	0.37910156138445966
116	80	0.372945391450178
116	107	0.36676486525223534
116	187	0.34061669704216085
116	1	0.33167578089269417
116	0	0.3128305967048998
116	133	0.30633878305676376
116	177	0.3033182116006567
116	11	0.30187379929314256
116	12	0.30161020328374355
116	48	0.29965452084816135
116	29	0.29959990743622944
116	44	0.29815193746208973
12	113	0.832982331124143
12	111	0.7350338223477904
12	0	0.6712034213720975
12	3	0.7058878926123712
12	11	0.6657440047331239
12	6	0.6498274636719203
12	103	0.6419184882218598
12	10	0.617454099139919
12	102	0.6001809737270769
12	1	0.5141759054005183
12	7	0.4995977839650738
12	8	0.4981556304393431
12	109	0.49540642432175414
12	135	0.49313177614758485
12	105	0.4212658587431358
12	106	0.41222602422624366
12	37	0.40765865091512676
12	77	0.36126498452573846
12	5	0.3143724247164884
113	105	0.5127400024027173
113	111	0.7076096296591904
113	3	0.584031855052086
113	103	0.5622245601261289
113	10	0.5557135216976313
113	0	0.5220619067043657
113	11	0.5179031033894766
113	106	0.4915938920153723
113	6	0.4845015340585609
113	102	0.4811963896004525
113	109	0.44841133206762446
113	135	0.4112543744838222
113	1	0.4089335907869122
113	8	0.3800430785877799
113	7	0.3652406319048723
113	5	0.33645535855422265
113	37	0.3197961324137453
113	139	0.30046438902818084
120	17	0.7402535190170896
120	119	0.7270119555859662
120	117	0.7269648067967064
120	16	0.7195494088322484
120	14	0.6327325583970381
120	43	0.6153645701482464
120	152	0.581131837509218
120	77	0.5597987236320069
120	118	0.5418564876326231
120	151	0.5068859390126645
120	18	0.5046980689188227
120	23	0.4938201741957293
120	25	0.49119945679033805
120	186	0.47866418930500293
120	188	0.46535114635629576
120	46	0.45443863689742525
120	154	0.43468601624797704
120	20	0.41038158458753515
120	136	0.3942142929841757
120	133	0.39391019560784657
120	149	0.3656911779202722
120	6	0.36498929149856324
120	124	0.36127367937043636
120	75	0.3586711266545808
120	29	0.35243378449968477
120	44	0.3478537742022605
120	48	0.34379511482810876
120	53	0.3292260769374222
120	107	0.31003126619668736
120	153	0.30949787912999566
120	109	0.2992357678589911
120	21	0.2946766948865251
120	11	0.2915413800265616
23	25	0.8291780178236323
23	22	0.6099614709734662
23	29	0.6070837514872058
23	17	0.5649199791549104
23	119	0.5531717094548926
23	124	0.5280014481493792
23	16	0.5116777981895941
23	188	0.5022719384123315
23	117	0.49694419592029376
23	126	0.49434173412728905
23	77	0.48760998840010805
23	20	0.48683212055862424
23	133	0.45928123977843605
23	43	0.45583405390985693
23	14	0.42806078897367106
23	107	0.41406709110951717
23	128	0.404150644669784
23	186	0.397334729136098
23	132	0.38106074290495195
23	151	0.35683990450470293
23	75	0.35590579634889835
23	6	0.3390334087205242
23	129	0.3370227868782857
23	4	0.3362779870627298
23	123	0.3267540686695291
23	46	0.3229525773493511
23	28	0.32168009833653904
23	152	0.31519225463464745
25	29	0.6249521407529779
25	17	0.538045026759563
25	22	0.5326517546520217
25	20	0.5036987186495969
25	119	0.47313355900512827
25	133	0.4566813107307752
25	16	0.4512748589950923
25	128	0.4354724010510376
25	124	0.43361481878370384
25	14	0.4312164221417422
25	117	0.4213316593315328
25	43	0.3964164154096364
25	188	0.38887167915565435
25	77	0.3867221585386901
25	28	0.3739694214617915
25	126	0.3716188265331184
25	26	0.3582353710329617
25	132	0.3450466659783251
25	46	0.3159936115454654
25	151	0.31494004930721886
25	152	0.310311442250412
25	6	0.306674022967079
25	1	0.3060306577487896
25	129	0.3019919480431045
25	107	0.299062771013878
25	21	0.29861653054226844
25	123	0.2946766948865251
198	199	0.696690208826109
198	190	0.666267055079446
198	177	0.6370541482047155
198	96	0.8030704063892763
198	97	0.5807210723742494
198	191	0.573605571070762
198	98	0.5705716382884812
198	71	0.5628465939318171
198	196	0.5305928832357748
198	101	0.5298884153829675
198	99	0.4915863086236397
198	109	0.48342178299370736
198	183	0.47584556316419185
198	83	0.4367923559259686
198	181	0.433046261569933
198	5	0.42489468329531593
198	106	0.41732623806290287
198	166	0.4149532449944129
198	79	0.408308819297776
198	156	0.4058142623831947
198	182	0.39265065349257666
198	72	0.3834345458386806
198	185	0.37701030300928035
198	52	0.3713171224971049
198	147	0.3595595834327569
198	142	0.3561153778983552
198	167	0.35003180522335475
198	178	0.3471152004553246
198	78	0.3359231725089569
198	55	0.32442969658784077
198	85	0.3192843328291973
198	38	0.31917656179878523
198	187	0.3180714331202102
198	193	0.31588558968538233
198	184	0.3151562280267496
198	81	0.2919713727785342
10	7	0.6389338395227616
10	37	0.629664471979968
10	135	0.605756017173297
10	8	0.5773776362327088
10	111	0.5277417615897704
10	0	0.5233337832986764
10	141	0.4790649474268453
10	123	0.44782792428598556
10	1	0.43700272726402345
10	107	0.4242634892417503
10	6	0.42014657046510906
10	102	0.41990773308205465
10	4	0.39772203587117855
10	150	0.35942026071382094
10	100	0.34518760904374035
10	126	0.333783399295625
10	138	0.33369453746562544
10	140	0.3320139349035896
10	3	0.3318181719232732
10	77	0.32731668879741543
10	136	0.3195806605761015
10	146	0.3182422006051183
10	124	0.30020054691201226
10	30	0.29600934243979365
17	119	0.809611372702661
17	117	0.6837271855886121
17	16	0.6830129586835687
17	14	0.6707690972477398
17	46	0.5877358493527245
17	18	0.5594003516063182
17	152	0.5578111662844903
17	154	0.5458564377766466
17	43	0.5384427910970546
17	77	0.5369143534276567
17	48	0.536757755877741
17	151	0.5269187697716327
17	124	0.4982533634354031
17	118	0.49102493076464593
17	188	0.47394810591394076
17	186	0.4714320419257603
17	20	0.46363364696560055
17	44	0.4496009380155602
17	21	0.44102290752744266
17	149	0.41243352026434177
17	53	0.3946365072731409
17	136	0.3853180279951301
17	122	0.3813855170908988
17	153	0.37204108033917205
17	29	0.37156711141321563
17	6	0.36926345732440957
17	75	0.36898705843365365
17	11	0.35196076769295287
17	107	0.31918554303334296
17	109	0.30712692900389726
119	117	0.6819017155192852
119	16	0.6478008276381043
119	14	0.5624638792638696
119	77	0.5371349508264941
119	43	0.5286286164838628
119	124	0.504489361070047
119	20	0.49925251969756723
119	186	0.4894676316065002
119	188	0.48070443013882
119	152	0.4682839458424934
119	46	0.46591504010828116
119	118	0.4485870787282945
119	154	0.4443676268137402
119	151	0.4321277203228962
119	48	0.39325102209941676
119	136	0.37673575366205725
119	53	0.37016130247669343
119	29	0.3616040369065975
119	133	0.3586275581221331
119	18	0.3563423841525136
119	75	0.3548223882515508
119	11	0.33524876218791144
119	21	0.33512449119864285
119	44	0.3167045508718563
119	149	0.31334472307370465
119	6	0.30685520206080646
119	107	0.3038992174943494
103	3	0.7280662929278569
103	6	0.6537329192759882
103	102	0.6356974906449254
103	109	0.6321685525712268
103	11	0.6016632032750624
103	111	0.5727595294702921
103	0	0.5471048559982926
103	106	0.5439933391434876
103	1	0.43649289894145304
103	105	0.4130474577356754
103	5	0.3884217336900386
103	96	0.34622658307236814
103	101	0.3275934484796732
103	8	0.3038538345415147
103	156	0.30175564126965365
103	52	0.29419264154094127
129	133	0.8063480572582344
129	128	0.5579213719201634
129	127	0.5410153397090317
129	29	0.6057686782128584
129	26	0.5525884776948471
129	123	0.5448025145068797
129	118	0.49937262960956624
129	126	0.4683385937612766
129	131	0.4601487679622377
129	138	0.45122707664127276
129	28	0.4457870001704346
129	132	0.4038577714642853
129	117	0.3746831216728001
129	21	0.37024759734311874
129	125	0.3329122977609394
129	22	0.3324142701001417
129	16	0.3151021864118052
129	43	0.30580405410746575
129	124	0.3000549591793105
129	188	0.2944301205501126
133	29	0.7320591517139704
133	128	0.539620469127778
133	132	0.49962779944740143
133	131	0.49941016002129185
133	28	0.4962736881900816
133	126	0.474777334391828
133	26	0.4690798897331468
133	118	0.4487627907038086
133	123	0.4473961168240958
133	117	0.41490357492955915
133	127	0.39271831740411495
133	16	0.3657691396507844
133	43	0.33933429318381136
133	188	0.33154227557516797
133	21	0.3301975830288599
133	138	0.32467125667270175
133	124	0.32334663004779907
133	20	0.31017587992012613
133	22	0.3059581483548151
133	4	0.2988442205814443
133	107	0.29330634172934494
7	135	0.8055069042989824
7	0	0.4907213133404019
7	37	0.48740415745171123
7	31	0.4701088046017359
7	111	0.46512391568740097
7	30	0.4478998718994984
7	35	0.44036215971157194
7	102	0.43640385253190933
7	141	0.42317227349041825
7	127	0.39059333869513074
7	100	0.38758927109124175
7	146	0.3849006995260028
7	138	0.3773105155138979
7	147	0.3747175056597912
7	124	0.37459715719630954
7	136	0.3713947110275085
7	8	0.3709808456147913
7	140	0.36777704618279744
7	78	0.3643043357143489
7	1	0.3643043357143489
7	123	0.3630982032582728
7	3	0.35853170185088157
7	32	0.3569533457283495
7	6	0.34823168668516913
7	77	0.32174285345734477
7	99	0.3184668632015966
7	11	0.31398486925978447
7	181	0.3042713056707034
7	101	0.30245536506963056
135	147	0.54148199259892
135	111	0.4751955038416824
135	37	0.44886660420132946
135	31	0.4435727653567116
135	102	0.4377386504453772
135	0	0.43600708739827293
135	30	0.4263604084253065
135	124	0.4118607273222875
135	141	0.4041088107116372
135	100	0.4019898077192932
135	181	0.400588733443624
135	78	0.3943325297706839
135	146	0.3793926597343505
135	77	0.37807355580829244
135	140	0.3756025381552106
135	76	0.3564122237698399
135	35	0.3559494621250231
135	148	0.3558184601344304
135	32	0.34438578797820385
135	127	0.34333649432238067
135	1	0.337793742239866
135	8	0.33501796392611854
135	101	0.33195164978383235
135	6	0.3106277052715689
135	156	0.30375398719143165
135	99	0.302800563264151
135	75	0.299609009807913
135	186	0.29641985804081467
135	136	0.29432965309719444
135	3	0.2923097947090369
96	98	0.7019122894274427
96	97	0.6120733033624502
96	190	0.6374461302647819
96	109	0.5749392904339679
96	83	0.5663209295972691
96	191	0.5462985713451188
96	177	0.5357033201572965
96	71	0.5316338648457177
96	199	0.5269187697716327
96	106	0.5250597999945458
96	5	0.5102442965036265
96	99	0.48805196052427846
96	101	0.4838048420621004
96	78	0.4805967736392711
96	93	0.45397829400976936
96	52	0.43693800271206806
96	156	0.4271128725157434
96	87	0.3803595939518455
96	55	0.36843406484631697
96	79	0.36471188860685544
96	54	0.36166488234279576
96	196	0.35712785012983145
96	72	0.3564471420850786
96	76	0.35316923056117167
96	38	0.3298233239339099
96	85	0.32063077324558686
96	178	0.3163536252364391
96	184	0.31616462940282075
96	89	0.3143994595608674
96	142	0.3136963879638271
96	181	0.31363327495771515
96	81	0.3074167158894057
96	192	0.2961097008032281
52	156	0.8001035522421004
52	38	0.572551189063356
52	122	0.5715891773293792
52	21	0.5291904151162704
52	131	0.5232829529140833
52	149	0.5213996115037375
52	98	0.5047204269760708
52	83	0.47518776191256207
52	143	0.4682371019176101
52	109	0.46364149736761734
52	125	0.46082640591066243
52	142	0.42584479341035025
52	78	0.4244684676191936
52	155	0.41001562026953087
52	99	0.4013020897403453
52	39	0.40066428829943923
52	101	0.39800821500337913
52	191	0.39539607311530284
52	31	0.39145737973767464
52	89	0.3894911117398964
52	44	0.38708778948319306
52	72	0.379478262607329
52	152	0.37864764076022994
52	190	0.3760233328156097
52	45	0.37535342343477296
52	178	0.37279041693608683
52	79	0.36785487021060426
52	177	0.36680813863532225
52	46	0.3657431529775442
52	92	0.3654226037938258
52	71	0.3519081991658121
52	28	0.35142621758646575
52	118	0.350189741263134
52	106	0.3439185615743107
52	54	0.34377747860846586
52	97	0.33625137928084686
52	147	0.3352221336720807
52	14	0.3335967826026675
52	164	0.3315600770515169
52	184	0.32892289554724014
52	154	0.32736133125602884
52	93	0.32542250601546674
52	5	0.31976920024235855
52	47	0.3168484952929646
52	87	0.3145166046596389
52	16	0.3133627592623618
52	49	0.3063025363506324
52	76	0.3003279247061651
52	40	0.2976051764636779
52	181	0.29474974641588186
156	38	0.5640410227176744
156	142	0.5475461298975856
156	122	0.49628122527694074
156	98	0.48573263847918424
156	109	0.4649044623846462
156	83	0.4646222241771624
156	101	0.46435557916091663
156	181	0.45366067486640316
156	149	0.44478484982229227
156	155	0.4380134603916382
156	178	0.4169049706447715
156	143	0.4063654224396171
156	164	0.4037573387294512
156	190	0.40322153314061565
156	39	0.3970904847165993
156	191	0.3953791997429645
156	177	0.3953538891841017
156	72	0.39117791247642697
156	147	0.39094073214888636
156	99	0.38725780892708256
156	78	0.3773619725554121
156	21	0.373418795752017
156	131	0.37008363163442315
156	106	0.35207465855158715
156	125	0.3493208468382042
156	89	0.33898915515300054
156	31	0.3389271976382087
156	199	0.3324142701001417
156	195	0.32599461090808857
156	71	0.32308692608502043
156	79	0.31698342993353146
156	184	0.3152012611446855
156	130	0.31494905740650186
156	5	0.31143160709525175
156	193	0.3009464644243939
156	11	0.300118655532841
156	152	0.2989170742100839
84	86	0.7956338279075366
84	69	0.6149356728582505
84	82	0.5824746916512696
84	189	0.5807608367708464
84	90	0.5441763717757563
84	49	0.5153152123560097
84	68	0.4832761719789194
84	42	0.43053237051051035
84	20	0.42981521413509266
84	51	0.4005719427357701
84	80	0.40047119283910076
84	94	0.3870452805083316
84	76	0.37755920296024964
84	54	0.3697815291786895
84	157	0.36308083993828744
84	47	0.356621718724262
84	66	0.33879442163578966
84	78	0.3374393362172315
84	65	0.33444967385892305
84	87	0.31325453873967457
84	91	0.3101849178013276
84	41	0.30950692121263845
84	45	0.30929893915365597
84	148	0.2999912601499868
86	69	0.6881746815828497
86	189	0.6508603875195843
86	82	0.6065783466816451
86	54	0.5126662888543809
86	20	0.57657044427173
86	42	0.5441270988535674
86	76	0.5296870043903046
86	49	0.529643837117805
86	68	0.5094450335509515
86	51	0.4836899437934916
86	78	0.47931917116315076
86	90	0.47898789405813064
86	80	0.4073167298716096
86	47	0.4060314213094481
86	87	0.39410448999576947
86	94	0.3883792764376682
86	89	0.3821970406515849
86	63	0.3753018756854664
86	159	0.3653359539956714
86	188	0.3622210405836458
86	187	0.3466401755014598
86	43	0.34241876210491984
86	91	0.33880327378919745
86	157	0.3383251717005888
86	53	0.3355416405037983
86	55	0.331506671914242
86	41	0.3247338764496969
86	66	0.32332872099284804
86	93	0.3176848831330398
86	75	0.3161466284904558
86	64	0.31385866582271055
86	92	0.30943458298440046
86	40	0.2933794577247502
86	73	0.29179756012212416
3	6	0.6776090676679155
3	0	0.663281369071186
3	11	0.6483634174139987
3	102	0.6186283459715868
3	111	0.5955029980324233
3	109	0.5727998448760658
3	1	0.5449571978130174
3	106	0.43494551552442245
3	8	0.36696390967088244
3	105	0.35454264415477493
3	5	0.3197512451743598
16	117	0.7541417856651377
16	118	0.6088047515717823
16	14	0.6757876852630011
16	43	0.6505951729864385
16	152	0.6071216370662981
16	151	0.6026575513468463
16	46	0.5609374625405952
16	186	0.5607181114423649
16	77	0.5603546380034085
16	18	0.5410577764755762
16	188	0.5335035900181568
16	75	0.4995227400107189
16	20	0.48160356423727263
16	124	0.44613949154602583
16	29	0.43852245072055596
16	154	0.43148502120106547
16	21	0.4229341759619586
16	48	0.4003284472423109
16	122	0.379606654735294
16	109	0.36591638669263526
16	6	0.36583843465787685
16	53	0.3565169757283614
16	59	0.32952919046085416
16	44	0.32502010202787723
16	76	0.31548943948070435
16	11	0.31547143003879946
16	107	0.31452561542435215
16	153	0.304189635726911
16	28	0.30057355162983107
16	149	0.2985892054524544
16	131	0.29516059705813874
39	143	0.7864662717826224
39	142	0.5605123982845582
39	24	0.5367008021433135
39	130	0.5273592656647467
39	38	0.49236700624209984
39	27	0.47631730448532167
39	149	0.43779523565259093
39	125	0.39368206596588534
39	127	0.3569446198541129
39	190	0.3512246063830579
39	31	0.3411204679311668
39	21	0.3207563750337292
39	181	0.3147598754077574
39	26	0.3142462553673289
39	33	0.31080839612938593
143	125	0.6113598883271882
143	149	0.5896308571817032
143	130	0.5190145276969422
143	127	0.5076063592164577
143	21	0.48821192323680684
143	27	0.4260739898151129
143	142	0.417994941308985
143	24	0.38513919222330967
143	190	0.3818468763771205
143	44	0.37808212637975314
143	122	0.37279041693608683
143	38	0.350409063843714
143	131	0.3450202374208115
143	26	0.3339611051586731
6	111	0.6354531125977502
6	11	0.588625348346396
6	1	0.5864120550354794
6	102	0.5822367814098464
6	0	0.5733438316382593
6	8	0.572174644695694
6	109	0.5583413504190144
6	105	0.4268103221171484
6	107	0.3999084946506582
6	106	0.38244465157257074
6	77	0.37126539392903235
6	14	0.36885747397977126
6	124	0.35818306986372034
6	43	0.3482844096650604
6	186	0.32822710558812074
6	117	0.3208102009186373
6	4	0.3128396180468556
6	136	0.3016283837997781
6	5	0.2941652377784001
6	188	0.2929864189135562
6	132	0.2920811392582643
77	124	0.5536295829213683
77	43	0.6997803646982471
77	188	0.6603533760395475
77	186	0.6348625038913296
77	14	0.5764703006330827
77	75	0.5399818626107737
77	76	0.5378034100019161
77	151	0.5340470537380121
77	117	0.5251611962493099
77	46	0.5071682499463236
77	152	0.4861909431384184
77	20	0.4424636114954571
77	153	0.413503519572051
77	107	0.3877167298635781
77	187	0.3859309594567226
77	126	0.3496719877335285
77	118	0.3465169918417859
77	154	0.34106744863649086
77	111	0.32286300429358644
77	148	0.3223792098735309
77	0	0.3193112742965739
77	47	0.31012165145555853
77	1	0.2972952585222974
77	44	0.29673907225399465
77	11	0.29643810063801806
77	59	0.2941743724196577
38	142	0.7772554555066459
38	98	0.6354233016835187
38	79	0.6261512495110517
38	181	0.5623613254545381
38	31	0.5508355325338052
38	36	0.550075804250122
38	78	0.5305569587231274
38	27	0.5261237170001843
38	92	0.5192921100268768
38	199	0.4863054775397427
38	147	0.48264743876526933
38	40	0.4668305607365968
38	130	0.458207447115231
38	164	0.4198665483426146
38	139	0.4099740250572745
38	93	0.3956407070216879
38	167	0.3660029940430367
38	45	0.35769481724227886
38	83	0.34137669725615827
38	195	0.3212586693521341
38	33	0.30680085066709306
38	62	0.2950053996345154
142	181	0.6020586165845925
142	139	0.5935698870084486
142	199	0.5671015935262612
142	130	0.544500071879093
142	36	0.5382297328793331
142	79	0.49796764679001576
142	98	0.47211617953796137
142	147	0.4717275346710743
142	31	0.47002311042236494
142	167	0.4180527092346543
142	78	0.39995889783295246
142	27	0.376126360940579
142	101	0.3173162138450653
142	190	0.3054504832438727
142	193	0.3043529711416506
142	196	0.30095555870928015
170	173	0.7640608919040678
170	171	0.6425941209203807
170	172	0.6269105730672484
170	165	0.550612587574342
170	179	0.5287438950182874
170	169	0.5149625890499384
170	175	0.5097781667485967
170	183	0.5049961206761598
170	180	0.475404508113718
170	166	0.43493740726517083
170	160	0.408467130956798
170	195	0.40031165236515726
170	174	0.34892569602370527
170	185	0.3343608565471615
170	85	0.3285839655035122
170	145	0.3130921927005012
170	168	0.3045525790123262
170	150	0.29460363991283384
173	175	0.6388391476754837
173	171	0.606761612624321
173	180	0.577370969843567
173	179	0.575909176175238
173	169	0.5751534733611003
173	172	0.5403642976368408
173	195	0.5035195879741428
173	165	0.4980503653631556
173	183	0.43053237051051035
173	174	0.4231804827079482
173	145	0.42287669539252154
173	60	0.39297201920345337
173	50	0.3614040945014142
173	160	0.35962053208204775
173	66	0.35740700532176484
173	168	0.35476994107068005
173	182	0.3322541503856309
173	164	0.3307320588088535
173	166	0.3117115132728515
173	159	0.31061867013921646
173	150	0.30917232688866436
173	187	0.3038356809742519
71	177	0.7478152710270324
71	97	0.4728075134869636
71	199	0.4683542067942627
71	72	0.4344345574704353
71	98	0.4068745651261986
71	36	0.39536232610376887
71	109	0.37791070263844584
71	178	0.37179981129044676
71	85	0.3529941638989572
71	192	0.3519081991658121
71	191	0.3164796085096109
71	155	0.30732616360969994
71	153	0.2976051764636779
71	139	0.29268471729808127
71	190	0.292437827166429
71	83	0.29232808570178004
109	106	0.6560459473585201
109	11	0.5969595853890002
109	101	0.5655596527760834
109	5	0.5162033429258852
109	0	0.4727453948930698
109	98	0.4335498582753008
109	99	0.42859153779824255
109	177	0.4274970554246476
109	102	0.37984628091974804
109	97	0.37236843650836227
109	199	0.37071347917935177
109	83	0.3597424201747735
109	190	0.3508739006208165
109	111	0.3411381405471217
109	14	0.3285482837314484
109	181	0.30834003091192624
109	72	0.30716315548081213
109	152	0.3051240353602333
109	122	0.30413518661327393
109	191	0.3026915618857263
5	106	0.7573623242165262
5	101	0.5743364783433232
5	99	0.5607935222627425
5	190	0.39656811830785144
5	0	0.3898473380482461
5	97	0.37030799994771196
5	163	0.35729360622332035
5	83	0.336073980351099
5	191	0.3310793543542127
5	98	0.33055392376717957
5	181	0.32260320972690065
5	102	0.3112148684146025
106	101	0.5060829877833714
106	105	0.4293422461292133
106	99	0.4257137994922675
106	102	0.38946566254232073
106	98	0.3769502509983629
106	0	0.36669562453808885
106	111	0.36558722096334717
106	97	0.3359675295450007
106	29	0.32142904959501867
106	190	0.3161826300875371
106	11	0.3092627653394849
106	163	0.29239210249202374
117	14	0.6127669883481816
117	43	0.589180562590872
117	118	0.579420578249106
117	152	0.57878252260889
117	151	0.5546620369621614
117	46	0.5412557782889882
117	186	0.5341971435895694
117	75	0.5179835942049483
117	188	0.5120467966700992
117	154	0.5087708973712972
117	18	0.49107805155492057
117	20	0.46690876400832465
117	124	0.45414499789332974
117	21	0.430858171137225
117	48	0.42947274360131743
117	29	0.4262785832566653
117	122	0.4220469542341812
117	53	0.3823848884465483
117	107	0.3653966095192476
117	128	0.3579215303013146
117	136	0.33847570417451434
117	76	0.3374836422043841
117	125	0.3374393362172315
117	44	0.3360296268918472
117	149	0.33006393097670034
117	126	0.3252615585548741
117	131	0.32150078241959074
117	89	0.3133266866589843
117	28	0.3037721417514442
117	80	0.30012775479345816
117	123	0.2932332223025974
32	61	0.7525589751123699
32	30	0.7204403817817986
32	35	0.6925554446264044
32	36	0.6023008208213327
32	62	0.5733169799484346
32	140	0.567671174521053
32	31	0.5294351566233342
32	141	0.5110352906604192
32	40	0.5098447750522892
32	42	0.46312321471575796
32	167	0.4410873451574304
32	166	0.4246160251171685
32	64	0.3839376889459983
32	137	0.3777821178252489
32	139	0.3703511427481285
32	37	0.36325446178895293
32	92	0.3562114241377167
32	174	0.3455487045797388
32	79	0.33835173751329006
32	97	0.31549844411643113
32	68	0.31485897386050554
32	63	0.31396684087653653
32	181	0.307851289312506
32	81	0.3045616514619617
32	172	0.2969852779213341
32	33	0.2937998080740502
61	81	0.6196335288113531
61	62	0.5992460722844576
61	35	0.5880892031204413
61	64	0.5801574457159083
61	30	0.5648655074598824
61	42	0.5319996220162806
61	36	0.5216471360454138
61	63	0.4952932300398159
61	166	0.48740415745171123
61	40	0.47936538502195325
61	67	0.4395557236881809
61	167	0.4332249881455118
61	68	0.42433728646795144
61	140	0.4233036126329559
61	172	0.4166074975227714
61	92	0.3989924159109581
61	31	0.3607692745640677
61	97	0.35352803989847503
61	141	0.3296094150275044
61	79	0.3035270365830554
177	72	0.52078770399315
177	97	0.5194527655252977
177	199	0.48533522495787457
177	178	0.4661264027717014
177	98	0.4044183419618882
177	191	0.3755681807297063
177	192	0.3722650708803477
177	155	0.34062553681470786
177	83	0.3325743706544111
177	190	0.3279950963824432
177	187	0.32451022131988555
177	153	0.31781074821836064
177	179	0.312307262338578
177	166	0.3030094604303501
177	152	0.29374498620735023
58	161	0.7469500902759634
58	56	0.7212666180590086
58	73	0.6447085395740564
58	184	0.6378259192279716
58	163	0.5917533833244306
58	99	0.4586023795695282
58	101	0.4183662475451321
58	54	0.39745262009324683
58	185	0.39098308958808603
58	151	0.38773372324655125
58	46	0.3774477291131668
58	57	0.36473789787942024
58	159	0.35391298788107683
58	75	0.3417212015331788
58	162	0.3314532646524257
58	14	0.31544441544983276
58	63	0.3147148283878035
58	74	0.3099951105237719
58	76	0.309823358833848
58	187	0.29201710974667566
161	184	0.6898502633211148
161	163	0.6154763965207662
161	162	0.44132089344312037
161	56	0.6981385955532573
161	73	0.6851835505235379
161	99	0.448555127369681
161	185	0.4445521915519442
161	101	0.4098908295168728
161	57	0.3890583945185854
161	159	0.3404840932282401
161	54	0.3320940115178165
161	74	0.30237359597632363
161	75	0.29741376396039
161	187	0.2928218616244844
73	184	0.7440091166587487
73	57	0.4437253687019931
73	56	0.6580236451400587
73	76	0.5248569627615767
73	163	0.5105548832441285
73	187	0.5024513702751968
73	75	0.4999803914931376
73	185	0.4963641282948514
73	74	0.4775842334684873
73	193	0.4607476383787475
73	99	0.4542323062867015
73	78	0.4347833369391101
73	54	0.4137439050426405
73	182	0.3976125939795426
73	101	0.39381725975794224
73	159	0.3729109544670719
73	162	0.3631850160753047
73	191	0.3469568785781968
73	147	0.3334901327514173
73	189	0.31543541047321977
73	63	0.306674022967079
73	82	0.30203738740011643
73	80	0.2985983138701211
73	87	0.29100143507559645
184	56	0.5430773992936786
184	76	0.5194162561358635
184	75	0.5149258474273471
184	99	0.5071533941883132
184	163	0.5034374719436029
184	101	0.49654497618395593
184	185	0.491434625132322
184	187	0.48841754138965965
184	54	0.4800967501266356
184	193	0.4391441681735116
184	78	0.42505036898147913
184	147	0.4181599835552277
184	191	0.381308605393274
184	159	0.36935845436024306
184	186	0.33460953004852156
184	162	0.33097250373426695
184	188	0.327245257824305
184	79	0.3255476743390474
184	182	0.32405385234099754
184	98	0.311512875749035
184	190	0.31030240515428104
184	148	0.3075887498819022
184	57	0.3056952720504097
184	189	0.30194650731383976
184	74	0.29393685428431615
44	149	0.7420697506153644
44	33	0.6297006819710794
44	18	0.5989383498058483
44	154	0.5323723466013605
44	46	0.4815882029291753
44	31	0.4552079784856836
44	136	0.4451698074954608
44	152	0.4370189076949307
44	21	0.4289180055297992
44	125	0.4158634243621524
44	49	0.4061984354416061
44	48	0.4052628070051494
44	118	0.3999672981281549
44	153	0.3924730155002509
44	47	0.38898201482342826
44	151	0.3699886935783382
44	122	0.3663753333984323
44	14	0.36558722096334717
44	45	0.3449409484657399
44	34	0.3271291745161964
44	155	0.32253153370369436
149	154	0.5592010686214823
149	18	0.5578111662844903
149	33	0.5078141836925226
149	21	0.4986892487011506
149	125	0.48922425863535085
149	118	0.4736146274994178
149	31	0.452969455193799
149	136	0.45130671246015414
149	152	0.43406941613470185
149	122	0.4254435681773768
149	46	0.4049451685223963
149	48	0.4029870312003397
149	14	0.37370274502413425
149	45	0.37258375189658594
149	49	0.3616561903262313
149	155	0.3584445532247408
149	153	0.3468689134340381
149	47	0.32366895341835267
149	78	0.3230331881530719
149	146	0.30494264442869623
99	101	0.7387854429718032
99	163	0.529053609436764
99	181	0.5437891262713634
99	79	0.5272509732684715
99	56	0.482555387260318
99	190	0.43406941613470185
99	97	0.4208298178382999
99	54	0.4194381245607833
99	191	0.39854669502030315
99	167	0.3956997481766218
99	78	0.3861351942865587
99	93	0.37858767535343446
99	83	0.36452113655220575
99	55	0.35821793755967946
99	196	0.3575814448967632
99	185	0.3543765160583096
99	30	0.3519432450972498
99	98	0.343953829890035
99	0	0.3418801725448603
99	147	0.3411646490188942
99	63	0.34039568316008667
99	76	0.32381218414501095
99	189	0.31499409705176656
99	182	0.29824304528760737
99	159	0.29634688548910854
101	181	0.6260965323125414
101	190	0.48789196501894133
101	163	0.4862978424327878
101	79	0.4753271053788485
101	167	0.4347833369391101
101	196	0.4125911886395359
101	191	0.4118358158922551
101	147	0.40198142364364553
101	56	0.39558166259639155
101	98	0.3833236531783178
101	0	0.3736855379703628
101	83	0.36563920058213184
101	185	0.3524250265645437
101	100	0.3418978347830429
101	54	0.34112930426928756
101	199	0.3410144271717919
101	97	0.3351067372481415
101	78	0.3302599494561623
101	30	0.32288987681770775
101	145	0.3200744012525939
101	76	0.3144715499858846
101	193	0.31035662688974924
101	102	0.2966934742813478
43	188	0.6944655183809199
43	20	0.6614910025024451
43	14	0.6077400441804024
43	186	0.5711379030804943
43	151	0.5403572175343243
43	75	0.5307293790001623
43	118	0.5260803240003666
43	46	0.5257764962994322
43	152	0.523275691126572
43	80	0.503907649705644
43	53	0.48453214379586573
43	124	0.46499068299751417
43	107	0.4567604513343509
43	154	0.42107665734699257
43	94	0.41404223434743176
43	76	0.40742515623029935
43	18	0.3931749375797682
43	69	0.3549097952571428
43	41	0.3409790783232136
43	29	0.33620703178479194
43	4	0.33371231030612236
43	1	0.33158677882337084
43	187	0.3182601749287473
43	89	0.31409303480400896
43	153	0.31392176892787765
43	51	0.3037721417514442
43	21	0.30127382418505555
28	132	0.7351257538880073
28	29	0.6719445554176908
28	131	0.6560573392833452
28	26	0.5658112527588127
28	21	0.560484964635442
28	125	0.4939109058149482
28	128	0.44484902085376066
28	122	0.40949971913006533
28	118	0.36004708668871316
28	22	0.3234182639511866
28	18	0.2969488054982948
28	14	0.2925201282106441
132	29	0.626989474443809
132	131	0.6236217624473802
132	128	0.5206419327784485
132	126	0.4778697909166729
132	125	0.38664561573733636
132	22	0.3774048516434129
132	124	0.3674397492030872
132	21	0.36087365150851103
132	26	0.3466401755014598
132	127	0.3449233280293405
132	122	0.3411734850555711
132	75	0.31061867013921646
132	118	0.2994633653167329
111	102	0.6469236355812873
111	8	0.6397261238726707
111	1	0.6076265143952754
111	105	0.5039673334659539
111	0	0.49475721555844365
111	107	0.433289971181963
111	11	0.4148042273808564
14	152	0.7099980842050567
14	46	0.6839986746358089
14	151	0.5669048263946009
14	186	0.5640001098696505
14	154	0.5354965116682717
14	118	0.5128874068227106
14	75	0.5024887464672052
14	188	0.47579914757904757
14	48	0.4300353084858297
14	124	0.428305786692429
14	21	0.4174253337571222
14	122	0.41604536038859974
14	153	0.4057390813069376
14	18	0.402517868558662
14	20	0.3916097859987014
14	29	0.35587086260902706
14	53	0.35451641489039676
14	76	0.317208292485708
14	192	0.30623910247770336
14	128	0.2975778332847937
14	125	0.2932332223025974
11	0	0.5462424442625913
11	102	0.4374475860356939
11	1	0.35183810434305746
11	124	0.3126321129039964
190	191	0.7322215413891798
190	83	0.6827140881536101
190	55	0.48207961799366567
190	199	0.4679325522520929
190	196	0.45691871085292224
190	98	0.4433478293289376
190	54	0.4372373158265986
190	97	0.38834530944849793
190	72	0.38180416591356314
190	178	0.3741930379007391
190	193	0.3602124449328599
190	87	0.3488203015081901
190	181	0.33810376895912275
190	78	0.33468945092311614
190	93	0.3319872416353106
190	159	0.31855671822541665
190	79	0.3090547485421732
190	147	0.29225492044765067
191	83	0.6551964080200334
191	179	0.5344400748173367
191	159	0.4954215156217205
191	87	0.4672996708198871
191	193	0.4660168139561744
191	97	0.4427691659679411
191	54	0.44190852620884447
191	82	0.44146582438498766
191	89	0.4409342983616921
191	192	0.43010866191363184
191	55	0.3880565474392244
191	196	0.38650952649271525
191	98	0.3744596006377847
191	155	0.37292817308705023
191	78	0.37212723567700645
191	72	0.35876697192525125
191	182	0.35177676813614533
191	178	0.3469656747569215
191	168	0.33395222042919953
191	76	0.326048233510003
191	93	0.3258069152835493
191	187	0.32093578659143185
191	189	0.2994815716415446
191	185	0.29296813562725693
29	131	0.5731222683650248
29	26	0.5490707288976455
29	128	0.44199704075979174
29	21	0.43582889278810055
29	118	0.4069079427064914
29	22	0.40346435433430705
29	126	0.40115106663901823
29	107	0.3755510016298377
29	188	0.35377302066095506
29	4	0.33619816210665404
29	20	0.3326810937092545
29	122	0.30172837271681974
126	128	0.7305752462485756
126	123	0.49288955519642813
126	22	0.4910097527252447
126	124	0.4802737172178295
126	75	0.375954642233161
126	107	0.36409616975352754
126	188	0.357206368978785
126	138	0.35344053501272293
126	186	0.3496719877335285
126	0	0.3431335906913043
126	37	0.34255999426864525
126	127	0.3138045752398943
126	76	0.29240124753386815
128	138	0.5288447477371796
128	127	0.4958439505911142
128	125	0.4728618634019447
128	22	0.4522856449230497
128	118	0.438377053594505
128	123	0.404869924033365
128	124	0.3899151774565817
128	131	0.3628377269841097
128	75	0.3600035676005351
128	26	0.3500230304152871
128	34	0.34529330612674175
128	21	0.32836986080466674
128	188	0.2963924937394505
128	186	0.2961005775857628
21	125	0.7283105585542375
21	122	0.647336303731857
21	118	0.5067075813236483
21	154	0.4940998954792761
21	18	0.47494772561774734
21	131	0.4662516296194487
21	155	0.46118076996222923
21	48	0.4237795678748014
21	46	0.4133542857950239
21	53	0.40491172720431845
21	26	0.40253462801104994
21	152	0.3769245134520692
21	51	0.3593941359198497
21	20	0.3250558760400984
21	47	0.3000094601456643
125	122	0.5460599973650978
125	155	0.48936877052955924
125	118	0.4356263574305771
125	130	0.4341911457692187
125	51	0.41548290509508295
125	131	0.40152858348473797
125	154	0.3922615035184451
125	48	0.3916775152187237
125	53	0.37976926377477666
125	18	0.37207554324367065
125	27	0.3560717180291128
125	127	0.35476994107068005
125	26	0.3415268770707674
125	40	0.3395820282656261
79	181	0.7231897250187662
79	167	0.5641978296491139
79	78	0.5523036083209698
79	31	0.513020044947588
79	147	0.5123713590793804
79	98	0.5064994425191767
79	93	0.46638466267463696
79	92	0.4599674482599973
79	40	0.45397829400976936
79	63	0.44491318731796425
79	36	0.4284037681544058
79	199	0.37041153998443155
79	139	0.35086513171499034
79	54	0.32468020252940777
79	189	0.3216263059835078
79	42	0.309380326962813
79	81	0.29666611484836547
79	182	0.2925201282106441
181	167	0.622177453152528
181	147	0.5502431621389217
181	139	0.5273159507619526
181	31	0.469103288325577
181	144	0.41140391998308806
181	78	0.40939983702473765
181	196	0.4087003875617783
181	36	0.406190085379378
181	199	0.4056137673114747
181	145	0.4040084023147164
181	40	0.38070167252017073
181	98	0.3701871916074955
181	130	0.3695138874044674
181	193	0.3686414680244464
181	140	0.35379926572189896
181	182	0.3103295162744142
181	30	0.3037630644990113
181	100	0.2909465150268665
56	163	0.6117104621562355
56	57	0.42802811785584177
56	185	0.4138433580221203
56	162	0.35209217929690867
56	159	0.3461913774986958
56	74	0.3422598574220415
56	54	0.33290340603731805
56	63	0.323095882204466
56	151	0.29785124309832267
30	35	0.6334396165832239
30	31	0.5450064074514154
30	140	0.5236386873982979
30	62	0.49859908622202886
30	167	0.460030520334698
30	40	0.44893048340906444
30	42	0.43450756861094236
30	100	0.4140090910374133
30	137	0.3949403984162246
30	33	0.39174524019439694
30	141	0.38803106477909105
30	34	0.37278180663093835
30	36	0.369919642865317
30	138	0.3463761958809781
30	166	0.3373064092858561
30	64	0.3148319476904333
30	123	0.30245536506963056
145	175	0.7138202225070067
145	196	0.5983673127230866
145	167	0.5662122348524672
145	165	0.5465230306171904
145	172	0.5252191302726466
145	166	0.5231594921907389
145	174	0.5063804795490868
145	195	0.5012243904213484
145	182	0.46824490942121605
145	137	0.4549780402859821
145	183	0.4419889943380673
145	144	0.419091953501196
145	171	0.37779069059957676
145	169	0.3622818547558174
145	140	0.3541141629891904
145	150	0.33371231030612236
145	185	0.32693270334894725
145	179	0.29842524463442793
145	193	0.2976325191543182
175	182	0.5856767169766002
175	195	0.5456036534435813
175	169	0.6236400949813199
175	165	0.5816283353586688
175	180	0.5668708944869304
175	183	0.5453226654740027
175	171	0.4991023553212656
175	172	0.4952102102092526
175	174	0.4501433162290533
175	196	0.448874589353203
175	150	0.4449693292272959
175	60	0.4319406506377901
175	179	0.4265158570231859
175	137	0.42018774344310683
175	185	0.38706228429572137
175	164	0.3781335484475283
175	167	0.3681834037326772
175	140	0.34841620747410135
175	144	0.3364819622194373
175	193	0.32687018386774924
175	166	0.32323021705063854
46	152	0.7134472701265351
46	151	0.6490352766658458
46	154	0.6463534142384314
46	49	0.556197161220383
46	47	0.5250887718743088
46	48	0.5114858443410852
46	153	0.5048620122819906
46	118	0.4913739433860248
46	186	0.48921665200188996
46	122	0.4304183137736272
46	20	0.42795460375036165
46	188	0.40704144216201993
46	18	0.4068995984132764
46	89	0.40131886873832945
46	124	0.39310730237503844
46	75	0.38635640597204424
46	82	0.3673791984836247
46	45	0.3642609708069348
46	159	0.36282035988240574
46	155	0.33389002566138254
46	192	0.3327433448897597
46	168	0.3296450688627528
46	65	0.3279772478810261
46	87	0.3266379436062004
46	94	0.32451916822201426
46	54	0.3159666068483503
46	53	0.314660770092484
46	51	0.31002222736252466
46	80	0.30863862623871413
152	154	0.6357213255868558
152	151	0.5639319156361158
152	118	0.5492174014637112
152	186	0.5216180200672803
152	153	0.4822484719159353
152	122	0.470988604271863
152	75	0.4265813015278934
152	188	0.415954396537616
152	18	0.40430123291945114
152	49	0.39477158066754586
152	48	0.3720496961614628
152	20	0.37093772615439313
152	89	0.36700717575144176
152	87	0.3540354461963157
152	47	0.3523987523887417
152	124	0.3488554339938647
152	76	0.32445653868774066
152	94	0.32145594983659737
36	139	0.710042712598028
36	31	0.6162026641009543
36	199	0.4256482958406688
36	40	0.42342672692255373
36	27	0.4164752585983421
36	35	0.41620246015722834
36	62	0.39245609606880266
36	140	0.33040249046137793
36	141	0.3289318136151942
36	167	0.3286642460611794
36	92	0.31882624894426637
36	33	0.31020299339552504
36	98	0.30206465035557367
139	199	0.5274964114402625
139	141	0.37671859212931413
139	167	0.3342542679328728
139	140	0.32150078241959074
139	31	0.2995361893073548
139	166	0.29238295739670056
37	141	0.7070399813672432
37	35	0.5043477043014606
37	123	0.4874194060468106
37	140	0.4460834226263125
37	0	0.44518584382953075
37	150	0.4201301007895313
37	138	0.39007627908894243
37	146	0.3165245998305014
37	136	0.30584031301914116
37	124	0.3047612313702777
37	1	0.2942200448197677
141	140	0.6419537633024625
141	35	0.5981104686383173
141	123	0.5521506983845087
141	138	0.4629896663316954
141	150	0.4520708505204374
141	137	0.3371202889837687
141	100	0.3279504746898581
141	136	0.3209178464718641
141	127	0.3164886068877065
41	94	0.7047924540707814
41	69	0.6113974612941234
41	60	0.6073993803136777
41	67	0.6010631427731008
41	65	0.5452945599333333
41	80	0.5195987841182761
41	91	0.4946439248569364
41	50	0.4663455374949792
41	169	0.4445040478669198
41	92	0.4205582223833971
41	62	0.42048413780913557
41	89	0.4165248502605992
41	68	0.3996984553569331
41	63	0.3799147361836334
41	49	0.36543126842536927
41	42	0.3636797286957031
41	64	0.3597946541707314
41	81	0.35691844185764715
41	20	0.35591452962845693
41	51	0.33204952510079416
41	171	0.3303223129999327
41	165	0.3125328607633441
41	66	0.3118198495318716
41	180	0.31082646397988867
41	93	0.3090728381336054
94	80	0.6766289354610804
94	65	0.6455317254879878
94	91	0.6005902774423765
94	69	0.5885077022468896
94	89	0.537234551382236
94	90	0.5316482120018421
94	50	0.5278571900234523
94	87	0.5113012251796499
94	60	0.5021223788104305
94	82	0.4751955038416824
94	180	0.46149563678019456
94	49	0.41859721199454797
94	169	0.4040418728622376
94	20	0.4018891943629722
94	53	0.3885575858151
94	74	0.3693670900716679
94	154	0.353309266086112
94	194	0.34891691348447446
94	67	0.34617377434621405
94	66	0.32238817056109353
94	51	0.3175050564467878
94	88	0.30099193530141855
171	172	0.7043039506905168
171	169	0.6768511648445431
171	165	0.6683361125399505
171	174	0.6108774572225352
171	150	0.5582862875647095
171	166	0.4912146311031368
171	137	0.4851364429515694
171	62	0.4437253687019931
171	67	0.40438488358847136
171	64	0.3944760854613396
171	140	0.3847729144315497
171	180	0.3842957197685278
171	179	0.36955705958114626
171	168	0.35091774422689437
171	60	0.319562703097299
172	166	0.6247753726228503
172	158	0.3661155741208843
172	165	0.5993165670932958
172	174	0.5526787751843439
172	64	0.5078512889881039
172	169	0.49617569925338717
172	150	0.442777205487001
172	183	0.4372615802142019
172	167	0.418572468392604
172	140	0.41235882661876627
172	137	0.40790042850821495
172	159	0.40547172634830164
172	168	0.39602020022566664
172	180	0.39185528422625976
172	179	0.3731003451587349
172	62	0.3709894693149206
172	68	0.3285304424937115
172	67	0.3281200293351364
172	63	0.3109800316383969
98	78	0.6413066216826182
98	199	0.6395370450166866
98	93	0.5328666049459403
98	147	0.48516702806330364
98	76	0.4781706746065026
98	83	0.46483391168721966
98	97	0.39244763625347534
98	87	0.354953496433469
98	187	0.3310971619655181
98	92	0.32366895341835267
98	63	0.31851179142900377
98	182	0.31302905318728924
98	54	0.3097239144016309
98	81	0.3074529352425207
98	72	0.30409888610015223
98	89	0.30131019311007046
98	31	0.2927670053393219
123	138	0.698901579040061
123	136	0.59175988156531
123	150	0.5140066920704458
123	34	0.43368789396872676
123	35	0.4041088107116372
123	146	0.4024759687471512
123	124	0.36859826205470414
123	22	0.3521622598105574
123	140	0.3379000453768559
123	107	0.33447631789405213
123	137	0.32814679918900713
123	127	0.320837113084068
123	33	0.31344391931351395
123	4	0.3061031635924355
138	34	0.6461612382578311
138	136	0.48774717892729974
138	35	0.4848305265507189
138	127	0.43181049327976784
138	150	0.41740881849743183
138	146	0.38431276597350517
138	22	0.3730228709055139
138	24	0.3687192347562374
138	140	0.33319680165111815
138	144	0.3043166759290495
138	137	0.3030730320505324
42	62	0.6973637495306836
42	68	0.6375707826870288
42	40	0.6309301940316467
42	64	0.6436554870516353
42	92	0.642793682062731
42	67	0.6062369210170256
42	49	0.5728737492563498
42	69	0.5045340891451772
42	63	0.4814192090104807
42	31	0.4417717140669667
42	35	0.43794880658955593
42	189	0.43526168261278925
42	27	0.43499416359871984
42	54	0.4240010534639511
42	47	0.38833681753631394
42	55	0.3812060482513614
42	66	0.378433463999274
42	159	0.37800498890366013
42	33	0.36023855206056404
42	45	0.34442985714077934
42	81	0.3338367135463777
42	167	0.3235167545158079
42	51	0.32036158858882263
42	20	0.3100854980246474
42	93	0.2966843545244671
62	92	0.6446442564165965
62	67	0.6366321023520286
62	64	0.5896243337887168
62	33	0.5676372860873261
62	31	0.5444930366440692
62	35	0.5348471438371374
62	40	0.5028325193090949
62	137	0.4521901872191624
62	68	0.4118690309955005
62	167	0.41182751194544914
62	63	0.40666593063646495
62	140	0.3952948288785562
62	174	0.3921261140762526
62	45	0.3660289750120061
62	34	0.3503827471624344
62	81	0.3477746619280593
62	49	0.34161520999289
62	27	0.3320317301203627
62	60	0.3310793543542127
199	147	0.49299553626665404
199	166	0.4204347449776696
199	196	0.36289850985507954
199	183	0.3502774749050109
199	167	0.3356215051544442
4	107	0.6961752274623698
4	8	0.44972858627139256
4	1	0.40334713740200395
4	160	0.4017047113381671
4	188	0.3308122118902845
4	165	0.3128305967048998
107	8	0.49578361709583
107	1	0.41567318291835775
107	188	0.4104231630820997
107	80	0.3673618977060177
107	124	0.34668416676840247
107	22	0.3382631827071459
107	186	0.3104921723932377
107	75	0.30678273309116516
107	85	0.30040070720833173
107	154	0.2971858607564988
188	186	0.6697667494394215
188	75	0.658341050879174
188	76	0.5775975838885905
188	20	0.555955388513355
188	124	0.5140361233501355
188	187	0.4952102102092526
188	151	0.4341911457692187
188	80	0.4140090910374133
188	185	0.4052628070051494
188	118	0.402844629199108
188	53	0.35654316231765515
188	148	0.3430630080067965
188	154	0.3239464494729016
188	1	0.2946492996749867
45	49	0.6937815044566142
45	164	0.6884798807834408
45	65	0.52338460995923
45	60	0.5007749908589955
45	92	0.42740715410799346
45	154	0.4133377028932455
45	47	0.40867539833559635
45	31	0.3955732274115415
45	146	0.38919416743615676
45	148	0.3517241918401773
45	89	0.34817017375734993
45	153	0.33961741514678045
45	33	0.33325902879204045
45	78	0.32977876237032544
45	50	0.32787015195555236
45	82	0.32415229763251324
45	69	0.32089990612200253
45	189	0.31926637156420856
45	91	0.3033363714517403
45	88	0.2963651289514475
45	48	0.2935622326965858
49	47	0.6275596094023848
49	65	0.5644499988958073
49	154	0.5381800093932031
49	82	0.5058597899002288
49	69	0.4860534798038602
49	68	0.4484592664145451
49	89	0.44779594570715736
49	164	0.4386112932212838
49	51	0.43715642993727044
49	189	0.42090387623695924
49	67	0.4180857179599533
49	20	0.4174005607641812
49	92	0.40224968062671984
49	48	0.3882943569860923
49	66	0.38640744851240005
49	91	0.37807355580829244
49	153	0.376521215917539
49	146	0.37417583818061334
49	60	0.3683735653423201
49	54	0.3625250805970547
49	33	0.3254672102976694
49	80	0.3230331881530719
49	90	0.32296153433675184
49	50	0.31677652490633895
49	168	0.31192817768366
49	40	0.3009464644243939
49	148	0.297112924577473
49	31	0.29655667224678534
35	140	0.6319583790546293
35	31	0.5481620030332885
35	24	0.5354037835603901
35	40	0.5338254309936875
35	34	0.5049812209473136
35	137	0.4435727653567116
35	33	0.4364686144049844
35	27	0.4111879027098619
35	150	0.37329831127762353
35	64	0.3714205727184125
35	167	0.3584184074185261
35	67	0.35592326284584985
35	127	0.3542191109082097
35	144	0.35066342989976657
35	136	0.3458480720680864
35	92	0.33707597074123896
35	68	0.3272541869004971
35	146	0.3003370227102174
35	55	0.2978876940495042
64	67	0.6920399280546963
64	55	0.52338460995923
64	68	0.5633383012551034
64	92	0.5331386500555261
64	63	0.527294292282691
64	81	0.5197228760634188
64	97	0.47497870201556125
64	159	0.4427128873411455
64	40	0.4290077645224185
64	54	0.4231804827079482
64	66	0.39795771842990924
64	91	0.38350278198133203
64	168	0.35079497825324
64	69	0.34796803874219173
64	85	0.3030185422554999
64	93	0.30040070720833173
67	92	0.6883430974836834
67	68	0.6195534353023868
67	66	0.5503686515518753
67	91	0.5318490401510434
67	65	0.5214360176768551
67	60	0.4535177086349045
67	81	0.4441669701735319
67	50	0.424738972470116
67	40	0.4117112495089424
67	63	0.40394982625348647
67	85	0.40054675616954594
67	69	0.38958442037592916
67	55	0.3567788164091171
67	169	0.34899595413105905
67	93	0.34081115812540447
164	60	0.5321788422768128
164	148	0.5031462600040175
164	65	0.48821953969080223
164	146	0.484180060189871
164	88	0.4305893937233494
164	189	0.4238205875494948
164	193	0.419948916092152
164	194	0.4036317841246405
164	147	0.39284517577869865
164	187	0.38019707015841436
164	153	0.36426964391479316
164	78	0.35966406495289094
164	182	0.3378468948857864
164	180	0.3242149409811477
164	155	0.31990385593132376
164	31	0.3135250747857529
164	89	0.3045435065074298
164	179	0.30141929462484235
164	169	0.29941784855059894
164	50	0.2953979276973266
164	144	0.2939094460088645
92	93	0.5966247890802719
92	40	0.5527135015332625
92	68	0.5526718296842434
92	91	0.4804660284124573
92	63	0.45819164605172163
92	69	0.4571085840976849
92	66	0.4555725835335572
92	31	0.43825587179308345
92	60	0.41923208504495246
92	27	0.4105478883267256
92	55	0.40206526136674986
92	65	0.3910254453712137
92	54	0.38938082758880327
92	97	0.35454264415477493
92	78	0.3462881904798811
92	50	0.34590969781383885
92	189	0.3193022938647976
92	89	0.3103204792904568
92	33	0.3015920225483706
92	81	0.295708228142119
69	68	0.6467956896155325
69	80	0.6083199196719318
69	82	0.5514691027719385
69	63	0.5284412472710986
69	51	0.5143965582990692
69	89	0.5033105474610604
69	66	0.4877243155120763
69	91	0.4742891989662265
69	78	0.44221426725718554
69	20	0.4383528185090227
69	65	0.4300434591471132
69	76	0.41419136565649406
69	50	0.4051875856766027
69	87	0.3963236974241526
69	60	0.39049164150769766
69	189	0.3838097928036841
69	90	0.3736683306593885
69	54	0.36934118274601324
69	40	0.3662800949579262
69	93	0.35316047781531407
69	81	0.3485040650273458
69	159	0.31067288009133964
69	187	0.3082676350122495
69	53	0.3008646133973654
69	157	0.3000731584105221
27	130	0.6863119170921743
27	40	0.6783871261041479
27	24	0.48662608497002435
27	31	0.4760311990004745
27	51	0.4042259415338431
27	144	0.3274149002773069
27	78	0.31636262441180757
27	189	0.3114948164419584
27	55	0.29143157575074197
130	40	0.45523968933611836
130	144	0.4245586443255409
130	157	0.33301010281310933
130	167	0.3326810937092545
130	24	0.33130193254209506
130	31	0.3230421446197328
130	196	0.3191316547660391
130	155	0.3093712840967036
130	147	0.30280964635483587
130	127	0.29240124753386815
83	87	0.6000210040280233
83	89	0.5158438203038485
83	54	0.46895508611822556
83	93	0.4625024293783089
83	97	0.4387566533675482
83	82	0.42976629734073846
83	55	0.41045642464911736
83	72	0.40585602727494274
83	192	0.38515622544815653
83	178	0.36948798333270727
83	78	0.3555302065343987
83	159	0.352696493843772
83	88	0.3505669523112454
83	155	0.31624563069116557
83	179	0.3128215753065008
83	193	0.3060941005561612
75	76	0.681398483654763
75	186	0.6357570757269569
75	187	0.47175085853498305
75	124	0.4551049102464693
75	185	0.41616112052137205
75	151	0.4108721020674762
75	20	0.3700145865419261
75	90	0.3646685385544622
75	118	0.3538605020307939
75	122	0.3526789816165797
75	74	0.3524775732493937
75	80	0.3512772037511377
75	78	0.33854653699216286
75	148	0.333427916395926
75	154	0.3251453070005395
75	53	0.31393979787714155
75	147	0.30880147078584513
75	87	0.29316009944520227
75	59	0.292291503502427
75	155	0.29179756012212416
76	187	0.6714506153777662
76	78	0.5962511172764817
76	147	0.562477551797752
76	148	0.4920108637288498
76	189	0.46559398029385235
76	186	0.457211414712992
76	80	0.41632646874122065
76	82	0.41153683072349345
76	185	0.41012375983971044
76	124	0.39873173411005536
76	20	0.37721617155337483
76	74	0.36631472800617343
76	90	0.35224985489977345
76	63	0.3412971832378406
76	89	0.3386085125603091
76	87	0.3322986300056444
76	54	0.3319160569871596
76	182	0.3238300869424538
76	159	0.3210972373026915
76	151	0.2914224250477077
60	65	0.6795136901844193
60	80	0.5965539401561168
60	169	0.5777708169374317
60	91	0.5334892823871066
60	88	0.5030865100918257
60	50	0.4788568863901591
60	74	0.4769973664619162
60	180	0.4400074152853658
60	89	0.40676608048718355
60	93	0.4048197579941052
60	63	0.4041255444977717
60	182	0.40140275968790723
60	165	0.3830079751187243
60	179	0.3542366013607277
60	81	0.32270175821797475
60	57	0.31586758524575326
60	66	0.302637058226822
60	185	0.3015102065251619
60	194	0.2978968066515759
65	50	0.668502077311099
65	91	0.599656093630825
65	66	0.5377749786906255
65	89	0.5278644036532439
65	88	0.5244221107715177
65	80	0.49527813619797484
65	90	0.4664237860295988
65	169	0.4624709851364913
65	82	0.4594153696308526
65	87	0.4190095138530404
65	194	0.4181352289778492
65	180	0.4061984354416061
65	47	0.3991017148978776
65	154	0.3947546974262658
65	74	0.3635755957050838
65	93	0.3249932709082674
65	146	0.3119913653606933
65	68	0.29652018964843263
87	89	0.678764800330923
87	82	0.6188505241105804
87	90	0.5656072608507818
87	93	0.5204742583478855
87	91	0.47823238047037187
87	78	0.46434773538553287
87	88	0.4643163595555521
87	74	0.4314687446470763
87	80	0.4120599965992856
87	54	0.40090770576644
87	192	0.39310730237503844
87	50	0.37928992771258185
87	51	0.36002097542382155
87	97	0.3517680055742669
87	155	0.34892569602370527
87	154	0.34343352386315656
87	55	0.33676570122288646
87	159	0.31013972783466454
87	179	0.3006190337232605
89	82	0.6568426602865348
89	51	0.6069321815698807
89	192	0.47736806884384375
89	50	0.5313109731752598
89	155	0.5270126696983195
89	91	0.5107914313769795
89	90	0.4676357046145193
89	47	0.4638298851762033
89	179	0.4593128016283001
89	154	0.4513624532567196
89	80	0.4473881184211651
89	97	0.4046441576661824
89	88	0.385326543262492
89	93	0.38311036699912343
89	157	0.3703425143158627
89	168	0.362655359846544
89	53	0.3584358380184792
89	54	0.35455138711891193
89	159	0.35348428822888905
89	78	0.3268969782814793
89	20	0.31689347493189207
89	118	0.3159846100366469
89	194	0.30867481547985465
89	72	0.30473401750371826
89	48	0.30262797409122055
89	122	0.30236451024676647
40	31	0.5470978491971928
40	68	0.5046757101845202
40	144	0.5003178243745953
40	167	0.47394810591394076
40	189	0.42812612785288606
40	51	0.4210437490147874
40	140	0.3807957258671215
40	174	0.3587756847565907
40	66	0.3451788005581892
40	55	0.3447206755395229
40	78	0.34314241325442024
40	47	0.30832193227181126
40	147	0.30770644576591133
40	33	0.304107961311229
40	63	0.29951798363686616
40	93	0.29117533590978834
169	180	0.6142760777949035
169	165	0.6497061250192081
169	179	0.45196741228904264
169	150	0.411486991246689
169	91	0.41023188787934717
169	182	0.3852158396685438
169	80	0.3620994029875968
169	137	0.34427120105300024
169	183	0.3333212530297446
169	159	0.3319872416353106
169	88	0.31439044800273713
169	174	0.29550745262210604
80	74	0.582553972897401
80	90	0.48959689249391497
80	91	0.4672449548589283
80	82	0.4490023420334089
80	180	0.39909330768611284
80	182	0.3920838013911594
80	194	0.3897031652557076
80	187	0.3847473556423978
80	63	0.3632718225867427
80	185	0.3625771939974037
80	20	0.35928092196983297
80	88	0.3353463954964782
80	50	0.32565495239304587
80	78	0.3095340471247322
80	154	0.2988260066299475
80	93	0.29604583714643073
80	179	0.2925109838641495
137	150	0.672689821000929
137	140	0.6667394624082691
137	174	0.5903284157562043
137	144	0.4844173511633743
137	146	0.47144759681569376
137	165	0.4650063585250272
137	167	0.42149614139560854
137	166	0.32989461937856496
150	140	0.6160785899562937
150	146	0.5763634616608773
150	165	0.5231086490386854
150	136	0.5135871648425043
150	174	0.49944018300120724
150	144	0.4241322802574494
150	166	0.3166505679524754
187	182	0.5423225393139833
187	147	0.5188172315954492
187	185	0.5127178891318751
187	189	0.4432031981021492
187	183	0.44217404404076327
187	63	0.421866124645959
187	78	0.4152760401232843
187	159	0.4065741180194638
187	180	0.39492351784125634
187	193	0.3743306263932819
187	179	0.3682698446478996
187	186	0.34563676114593833
187	192	0.3332945858548222
187	148	0.3243491671532282
187	82	0.3042168595384322
0	102	0.5602105604885504
0	1	0.5087783088553294
0	124	0.3595334616438157
0	8	0.33110606568273115
0	146	0.29959990743622944
186	124	0.5167166312453721
186	151	0.47112866294869926
186	118	0.4230983874062034
186	154	0.41685539799007865
186	122	0.36947934851450126
186	20	0.3576076086813928
186	185	0.3356836187694456
186	153	0.3133266866589843
186	53	0.3062028533292019
186	148	0.30465237291867747
186	48	0.30368136674566537
186	47	0.3018374439658011
50	66	0.5733304059472958
50	90	0.42149614139560854
50	195	0.41865494464897046
50	91	0.4186137073839295
50	194	0.4086504084966581
50	51	0.3887952863886886
50	88	0.3612388996147107
50	82	0.323606285309993
165	166	0.5484487411254182
165	179	0.49248820864988124
165	183	0.45898134437080457
165	174	0.4191001970859927
165	180	0.40086574127470775
165	185	0.35592326284584985
165	160	0.3449233280293405
165	182	0.3232033511233267
140	174	0.5872709131507972
140	167	0.5443804624644054
140	144	0.5033254808805917
140	146	0.44043470414139857
140	166	0.4240912737974333
140	31	0.4087003875617783
63	81	0.665627063552502
63	93	0.4962435390945531
63	97	0.45145800071337167
63	68	0.4295053651673973
63	54	0.4073834551437271
63	183	0.4021658577357826
63	159	0.3973852554382674
63	182	0.39429030384536806
63	167	0.3840314700885582
63	91	0.38346013488279296
63	78	0.3831359634983281
63	55	0.3487676009414363
63	185	0.345522286423101
63	66	0.34042220681258917
63	57	0.3275041773022542
63	74	0.29144072640044033
81	85	0.4294890545244635
81	97	0.4491380591452246
81	183	0.4396444663812486
81	68	0.34503785651994573
81	166	0.30277331366205673
182	185	0.6645787045422239
182	183	0.6519656560119497
182	193	0.5171636226925288
182	196	0.5750330051638404
182	180	0.46860397553989264
182	179	0.4294401209144126
182	195	0.40949139599618206
182	93	0.39603706345212103
182	74	0.39171137823713326
182	78	0.38507957386992864
182	167	0.34214508075114014
182	194	0.331462166010255
182	189	0.3237405706364657
185	183	0.6399918850671569
185	196	0.46386127906723423
185	74	0.4464678248869898
185	193	0.41732623806290287
185	163	0.39088142895202443
185	162	0.3692289110341973
185	57	0.36664369133639374
185	179	0.3562638098233099
20	53	0.6341157246511634
20	124	0.5254508176818699
20	51	0.4810273126965375
20	154	0.379324172759041
20	47	0.374476796109152
20	118	0.37066172373724615
20	151	0.36662637976138035
20	82	0.3491364585760229
20	48	0.34743178485433623
20	157	0.3364110179187424
20	90	0.30422593403184955
82	47	0.5985277778552371
82	90	0.5668776810223491
82	159	0.5321860100954652
82	51	0.525211888785961
82	168	0.5094080093200023
82	54	0.48030449011289844
82	91	0.46842446182301956
82	189	0.43903115989054176
82	192	0.41493668858092303
82	154	0.41103832522911665
82	179	0.40052996478911107
82	78	0.3900508435764016
82	155	0.38535208867083626
82	66	0.374519783660683
82	68	0.37104983342416653
82	157	0.3569795229772892
82	180	0.34036031744741657
82	53	0.31494905740650186
131	122	0.4357640862745778
131	26	0.38334071430705513
131	127	0.37528469258644953
131	118	0.37443380694780687
183	160	0.46008570459198217
183	196	0.5364800602267683
183	166	0.5317773226771465
183	167	0.41063102995622547
183	162	0.3332234707812692
183	179	0.3212586693521341
183	85	0.3094526678772533
183	193	0.3015374790263265
189	148	0.5033404139994712
189	78	0.4992675344860734
189	147	0.49384285810873607
189	144	0.4354886081856387
189	54	0.4092749705916129
189	146	0.39865604022354056
189	159	0.39702309704426686
189	157	0.38737680686922116
189	68	0.3689784199162718
189	47	0.3609519282846656
189	193	0.3392281065918944
189	90	0.329974822255693
189	167	0.3148229388536237
189	93	0.3109800316383969
189	180	0.31026625620892195
151	59	0.37153263338552944
151	154	0.446379747248776
151	18	0.4429540568930644
151	118	0.4277993887086265
151	153	0.37140333165517786
151	48	0.3554428436014495
151	124	0.32356152063711846
151	72	0.3119372046636216
122	154	0.500610143330444
122	155	0.47897248249854674
122	118	0.4055552822279817
122	48	0.37912724955248395
122	124	0.3773791243847942
122	153	0.3294043872322178
122	47	0.32719168213995214
122	148	0.3136152421612271
122	18	0.3119462315872665
102	1	0.5455123458028487
102	8	0.4633352777533073
102	105	0.41226752685603346
102	100	0.3121989625794948
102	22	0.29275786243774893
68	66	0.5282538265641781
68	91	0.4345886854033678
68	51	0.3799232927990576
68	54	0.34039568316008667
68	47	0.33998891933859104
68	159	0.3197153343494294
68	55	0.301955595569465
154	48	0.6203107266812302
154	153	0.5795467759952542
154	47	0.5944112145578007
154	155	0.5604232344273143
154	118	0.49811051863296363
154	18	0.476301841901513
154	53	0.45853920254321595
154	136	0.4584128345851913
154	124	0.43487253865206543
154	146	0.4341668011106507
154	168	0.4127903133606613
154	51	0.40102519739281484
154	192	0.34124417117836936
34	24	0.6442642152670103
34	33	0.5902762923057953
34	22	0.5122386012307055
34	26	0.4265731212090661
34	18	0.3920499500485675
34	31	0.29949977774825925
34	136	0.2988260066299475
24	26	0.4994852152219154
24	33	0.45900502412850597
24	127	0.44400641277229236
24	31	0.34256882076491213
78	147	0.6100870450535073
78	93	0.5895264736625933
78	54	0.46026699926745385
78	31	0.44658791681571275
78	74	0.38101800245514145
78	148	0.3809154187314678
78	90	0.3699800624627382
78	193	0.3352221336720807
8	1	0.5785696797421538
31	33	0.6381105575487013
31	167	0.4705838569180048
31	147	0.4126326762091839
31	146	0.33100812155077813
33	136	0.4404427642786125
33	18	0.36793268908555105
33	48	0.3166325731901605
1	105	0.3165785875357926
1	124	0.3137865445929635
53	51	0.5884357951369285
53	157	0.5198031591678793
53	124	0.44472067422389305
53	155	0.4368732736350557
53	48	0.37065309760640713
53	47	0.36705044024413425
53	118	0.35183810434305746
53	90	0.3483019835020439
53	18	0.3399623868419345
47	168	0.5809794914181671
47	153	0.5691603610710475
47	51	0.5671422958882272
47	155	0.47886459331407727
47	48	0.46273036533566586
47	159	0.3690907156694597
47	66	0.35550399830670476
47	124	0.3541404008052341
47	148	0.31262309026416923
47	157	0.3085933884307254
47	118	0.3057949892409404
47	192	0.3033545310824834
47	18	0.29892618066869037
166	167	0.4933587888720242
166	174	0.44636373220337744
166	160	0.3389006435175782
166	158	0.3197512451743598
166	196	0.30230090860150266
72	178	0.6236217624473802
72	97	0.4981857034787993
72	159	0.3493647448187419
72	153	0.3430188918614756
72	192	0.3338011709498322
178	155	0.41002393910733337
178	97	0.3478713540349895
178	192	0.3315511763428529
178	153	0.31466977995013085
167	196	0.430752298246988
167	174	0.42890168480290575
167	147	0.42012186584794997
167	144	0.3658211112863336
179	180	0.6211712792283465
179	159	0.4650690577193739
179	195	0.44386188672818994
179	192	0.43803770439931033
179	168	0.4369056387391719
179	155	0.40693297517869137
179	193	0.3473702329766402
179	91	0.3347693669830944
180	91	0.49774200462121004
180	194	0.45916287251332605
180	159	0.3726354216223154
180	168	0.33979433512966595
48	155	0.45007952425235853
48	124	0.43306251084790387
48	18	0.42746436501495866
48	153	0.41166972396179874
48	136	0.3894741456742585
48	51	0.34977731085371694
48	146	0.34779224286146326
48	168	0.3091090166455434
48	118	0.30262797409122055
163	57	0.35727615927306994
163	159	0.353571790021344
163	162	0.3518030554518814
97	55	0.43044275566026785
97	93	0.39390174722698984
97	85	0.38478995329651183
97	54	0.3775249044803492
97	159	0.3593941359198497
97	192	0.311512875749035
174	144	0.3762379642478261
174	195	0.3624034738466483
147	148	0.5677321688540488
147	193	0.4099573864948735
147	146	0.3671629204929915
147	144	0.34654338934659346
22	26	0.49760658696869237
22	18	0.334591769200417
118	18	0.5603340575770545
118	124	0.3136603237282704
118	127	0.30661966490431364
51	155	0.6059838689484807
51	157	0.5937123568553037
51	168	0.40813381467390536
51	90	0.35203961632071434
51	124	0.31612862735045244
51	148	0.2918341538623424
155	157	0.553088423799557
155	168	0.42040181503888296
155	153	0.4033303910451793
155	192	0.39376656408215815
155	148	0.379606654735294
155	195	0.36653116156097604
155	124	0.3554952621065756
155	144	0.33872360224929426
155	146	0.3113142109969686
91	93	0.5100815550711819
91	66	0.4877243155120763
91	88	0.44247969587217
91	90	0.3794354619828589
91	74	0.35290662129702094
91	159	0.3477307085245758
91	54	0.3075525338698982
91	55	0.3000549591793105
18	153	0.3146968091828518
196	195	0.5269548866505726
196	193	0.47469987206607583
196	93	0.31188304193914373
196	158	0.3035542724751843
136	146	0.5968372800601692
136	124	0.3859224488509325
146	144	0.5247192892520006
146	124	0.41088041387448254
146	148	0.36549191907297923
146	153	0.3567788164091171
146	157	0.3329567554909761
93	88	0.5583207024250694
93	54	0.4588076728893588
93	55	0.4578360455688281
93	74	0.4422705767719609
93	66	0.2946584314659816
93	193	0.2936627497840069
193	194	0.5939130466593183
193	195	0.4584049359722524
193	148	0.403882878127105
193	88	0.3563336539203519
193	144	0.30662872472034514
193	160	0.30319108647442444
194	90	0.5083186542474925
194	148	0.423968243983252
194	157	0.41623553062713675
194	195	0.3074529352425207
194	74	0.2982885971625898
157	148	0.5143083053101516
157	144	0.4961380078345667
157	90	0.4510837140562315
157	124	0.34820532436899954
74	88	0.47025680094607075
74	57	0.4058226154971407
74	90	0.36189085270241145
168	159	0.523849138166618
168	153	0.43393955371800524
168	192	0.3523899942066852
168	66	0.3007008980458325
153	192	0.2968029071425388
148	124	0.4254026174177843
148	144	0.3591589874267287
148	90	0.3579825612245855
90	88	0.3538430062520728
26	127	0.4043765188259867
88	85	0.3632457812954611
159	54	0.5051227562194394
159	192	0.35571364847285125
55	54	0.4731490817509465
55	85	0.30154656975040167
160	85	0.4143156247623972
57	162	0.385326543262492
