9	108	0.9240564010813911
9	112	0.8963238129633933
9	109	0.8823763330732628
9	11	0.8794873946441865
9	3	0.8300819866541653
9	176	0.8159572582624668
9	106	0.7880252663445667
9	103	0.7643520837821021
9	12	0.7641857265719753
9	70	0.7463039703894143
9	0	0.7064994668168377
108	6	0.7167698519541689
108	112	0.879894453260096
108	109	0.8366494898236789
108	11	0.8342940286449823
108	3	0.8289904462391453
108	103	0.8070116651118325
108	176	0.7969511296163154
108	12	0.7864662717826224
108	106	0.7601034339624295
108	70	0.7187914227860779
11	112	0.9216685544064713
11	176	0.8568574755255949
11	3	0.8400666637100661
11	109	0.823662122429526
11	70	0.8123838191199542
11	12	0.8008937954316494
11	103	0.7439198132845687
11	106	0.730598558387471
11	0	0.7160007208086204
11	197	0.7059280281284365
112	3	0.8537705478843456
112	12	0.8449128353203953
112	109	0.8293654028646669
112	176	0.8103679885748144
112	103	0.789762431440011
112	70	0.7631019231679164
112	106	0.7385628063201362
112	111	0.7200746477013318
19	121	0.9132393581861848
19	120	0.8093700653888394
19	20	0.755844521573355
19	119	0.7457585426148792
19	117	0.7234710329638662
121	119	0.8170239534215834
121	20	0.8067674146519861
121	120	0.7872280142042181
121	124	0.7377800297415043
121	136	0.730817609254212
121	117	0.7303560288814726
70	176	0.9007913150785076
70	139	0.7984422116290816
70	3	0.7531957430555204
70	106	0.7037188840615938
176	197	0.7733864294198086
176	0	0.754038262089869
176	3	0.8052257963097098
176	109	0.7937546884135742
176	139	0.7698665359089004
176	106	0.7675346870056164
176	103	0.7446691360501954
176	95	0.7098145519930928
12	111	0.8935970300296509
12	113	0.7997794680836848
12	3	0.820190747462572
12	13	0.8153883062220563
12	103	0.7808325091874
12	109	0.7172508890216114
111	13	0.8299575597888287
111	8	0.7623490740611676
111	113	0.7606223071987522
111	3	0.7130149249636996
111	103	0.7093677196908731
95	197	0.8871964673714129
95	96	0.733471466610677
95	79	0.646155413463652
197	109	0.7037087883248597
109	106	0.8295214146705343
109	3	0.7864662717826224
109	103	0.7361443799177974
109	5	0.7141388740616406
15	115	0.8778462167143046
15	116	0.8544197983353501
15	18	0.769703563524043
15	117	0.7594397213096443
15	17	0.7357776908856358
15	20	0.7340254023187461
15	16	0.7329258114643586
15	77	0.7305006359583323
15	119	0.7088307672978886
115	14	0.7827764066595579
115	117	0.7784403110165099
115	116	0.8454555957266803
115	119	0.7819229639019742
115	17	0.7690915227116345
115	18	0.7304493312656521
115	20	0.715859362000148
96	198	0.8772254045298223
96	98	0.7548524964343692
96	199	0.7428012770832397
198	199	0.8287713767623434
198	98	0.7140310558769236
23	25	0.8699320054809876
23	22	0.7854724176883172
23	123	0.752905690290691
23	126	0.7419439113759728
23	129	0.7380806325381797
25	22	0.8285207002089316
25	129	0.8039209524538478
25	124	0.7566236811600376
25	123	0.8010730082157311
25	128	0.7667116436658965
25	126	0.7517468984059671
25	138	0.7498752532259338
25	29	0.744873981090323
25	136	0.7383445569743521
126	128	0.8657105867668475
126	123	0.7913749292918073
126	138	0.7726620496208066
126	129	0.7327498909700333
126	136	0.7290375610544172
126	22	0.705033940803591
128	129	0.7951930471047034
128	138	0.7818063576087741
128	130	0.7322957489530183
128	123	0.7295899206196166
128	29	0.7288079119606771
146	150	0.8548780758135417
146	144	0.7567946376530709
146	153	0.7072849427685876
150	144	0.8317844981792664
150	157	0.7264976638007874
116	77	0.7619299307781102
116	147	0.7550460196535204
116	18	0.725982556853137
116	117	0.7201516776261849
116	188	0.7049132178644487
3	103	0.8544197983353501
3	106	0.7805591494034873
103	106	0.7358877429353032
20	124	0.8539331101012775
20	119	0.8367694567216541
20	17	0.7974977790724809
20	117	0.7389171316141957
20	18	0.7245368647691238
20	53	0.7107213519256758
124	119	0.7485944059318285
124	129	0.708591857737143
124	123	0.7073598970173836
44	149	0.8538518498134184
44	18	0.7758661227981566
44	17	0.7370044006073128
44	45	0.7150490745377577
44	33	0.7133637911937432
149	45	0.7428640250343206
149	18	0.768150313528196
149	17	0.7641025098194132
149	154	0.7076845150019923
149	157	0.7062940553414887
136	138	0.853227469576791
136	123	0.8283010854615194
136	22	0.7943827612386132
136	34	0.7542970007790801
136	135	0.7316040177279501
136	33	0.7289860214556486
136	78	0.7065595647418575
136	77	0.7060383774251533
138	130	0.7678221558620103
138	123	0.8190419493537466
138	22	0.764268917891203
138	76	0.7533903903466911
138	188	0.7281367731511522
138	135	0.7255187366701641
138	77	0.7170371790792316
138	78	0.707534728417824
17	119	0.8497631730572004
17	14	0.7926793509867394
17	154	0.7297301994759152
17	48	0.6580066346577917
17	18	0.7686008722453779
17	117	0.7548137760101586
119	117	0.745998121976583
119	18	0.7372007729032924
119	14	0.7262425751340433
22	123	0.849540699825241
22	34	0.7863899656205255
22	24	0.7050490282987399
123	129	0.7400726555817849
123	76	0.7390079184907109
123	188	0.7302720334272003
123	34	0.7107559914634791
123	77	0.7090844306367621
21	125	0.8347797054729219
125	27	0.7146627795958534
81	183	0.8345673814466185
81	63	0.7505004749206032
81	93	0.7425680989810238
81	61	0.7309107767596796
183	196	0.7789127063305155
183	182	0.7490117351111446
183	74	0.6003728740084833
183	175	0.7189991942781223
183	193	0.7058979269163691
13	114	0.833685106469073
13	110	0.7944196539106646
13	7	0.7644352242496792
13	8	0.7300105729856439
13	10	0.7235186884824147
114	141	0.8001035522421004
114	102	0.6810822958732061
114	110	0.7810275833073346
5	106	0.8316612033445138
76	188	0.830640885984253
76	75	0.8051202874002392
76	73	0.7179493608019047
76	63	0.7169351336013455
76	185	0.7070099744264279
76	77	0.7859316243321757
76	78	0.7641441213751738
188	77	0.7944934216718652
188	78	0.7733462389685888
188	75	0.7727023458428437
188	147	0.7277983276522128
199	98	0.7915243722661831
180	194	0.8265349748977496
180	189	0.7823888423153442
180	91	0.7706798935046099
180	175	0.7635609806446986
180	193	0.7132655547591069
194	193	0.8114978652272012
194	90	0.7931620106226912
194	88	0.7543487204215492
194	91	0.7074498211225418
26	127	0.8139758814713579
26	29	0.7691732097915158
26	129	0.7566194059216395
127	143	0.8026083229392799
127	129	0.7548395902108455
35	62	0.8127575208045812
35	32	0.7645598872932708
35	140	0.6997242265586627
193	88	0.7756670297002056
193	90	0.7791485730680021
193	196	0.7404433103841491
56	162	0.8108480688151702
56	57	0.7891596297591903
56	163	0.7554326717603881
162	100	0.6395784126304541
162	163	0.7181285962060764
162	57	0.706969961211649
120	117	0.7094372644251847
153	154	0.8090248660126117
153	168	0.6156068293095235
153	155	0.7433744869867862
153	47	0.7153958788351097
153	157	0.7080387566169718
154	157	0.7553253211189701
154	47	0.7290750392072642
154	46	0.7168962510501904
154	155	0.7058477525630615
77	147	0.8076036970142362
77	78	0.8035669568851859
77	75	0.7833179783404312
77	43	0.7548955129579757
77	186	0.7517295028188636
77	135	0.7460380331090293
147	43	0.7731451934491078
147	78	0.7558059360333104
147	135	0.7327267362418572
75	186	0.7539217532718192
75	78	0.7531870890017047
75	184	0.7096607075221457
53	157	0.805085106435584
53	51	0.7967686224583799
53	49	0.7004329733127009
157	155	0.7620557408509733
157	51	0.7183851729260949
129	29	0.7904762824863913
78	135	0.7918602731404318
78	43	0.7213865400489966
143	39	0.7843590888559397
143	131	0.7144670208011001
143	24	0.7456830795351361
143	141	0.7041224805464911
141	134	0.7636026749238308
141	37	0.7074498211225418
51	155	0.7990214552022646
155	179	0.6854434197702794
155	178	0.620003023970044
52	156	0.7989129597842315
52	45	0.6919930278672928
156	122	0.5827125021383947
18	117	0.7989129597842315
18	16	0.7760252860977008
18	148	0.5917338881403466
18	118	0.7474668551313088
117	16	0.7430880183375261
117	118	0.7284842503209492
139	36	0.6951844514515808
38	142	0.7978614861880029
38	36	0.766134009455205
142	36	0.7566920761763851
42	68	0.7946040293662974
42	69	0.7091937974133865
68	69	0.7261149557478769
110	10	0.7587319946959534
110	104	0.7474447896416422
90	196	0.7522639387834186
90	88	0.7274312778753158
90	91	0.7136436112815386
14	152	0.7400681326236671
135	7	0.769703563524043
98	97	0.6561883249327349
29	133	0.7302113563087026
34	33	0.7837812381961085
34	24	0.7500633980027173
34	39	0.7312599123812881
39	24	0.737164247947638
89	179	0.7836269150338386
89	192	0.6614910025024451
189	159	0.5938418426055827
27	130	0.7820006710444429
130	40	0.7223826150543715
87	191	0.781534063462901
87	91	0.7729439924321517
87	83	0.7522856429153592
87	60	0.647754396904957
191	83	0.7507885865328694
196	182	0.7485240604803297
196	175	0.7172314664178988
196	93	0.7043291476004336
93	94	0.7785978742195608
93	66	0.6609394640775232
94	69	0.7653895139460661
94	91	0.7099187307559386
16	118	0.753290920440782
88	91	0.7040670129819966
131	132	0.7746692452600998
132	28	0.7741889339192027
91	82	0.6404285818568838
91	69	0.7095614170949269
50	67	0.7705580495869435
50	173	0.6792875559791371
67	174	0.724370556386064
7	104	0.7537792891760717
7	2	0.7167698519541689
7	10	0.7111516271552053
1	102	0.7682732687188347
69	92	0.7080138216782911
69	86	0.6974716073318894
69	61	0.7115320015816932
45	164	0.7636443628358767
164	165	0.7117837085475838
134	2	0.7574390661696083
134	140	0.7038147793877241
134	30	0.7124343372855082
175	170	0.7153763499268223
175	172	0.7081534345971646
175	195	0.6717854621714281
8	4	0.6031985573758246
61	166	0.760415717902599
61	63	0.7141976697029945
166	167	0.6515399945476198
137	165	0.7597569790288459
165	171	0.7015773036588207
165	169	0.6958039966105574
2	30	0.7187575873613533
2	104	0.7303466971437422
163	161	0.47678104499236457
0	101	0.720680777994345
83	190	0.7420922164060475
83	54	0.6044629794243659
182	187	0.7120796005167745
79	181	0.7452521299164643
181	31	0.5930709494805381
73	184	0.7429670826234862
190	55	0.6484387622972264
40	41	0.7414850546632215
41	145	0.6233833770811816
152	46	0.7356721878597318
174	171	0.7051345120494846
101	99	0.6574846537282516
30	100	0.6828955725210636
170	65	0.6309843643936293
187	80	0.6429931559960282
86	84	0.6121858568896891
97	177	0.6109902739880236
85	160	0.6489773975885182
85	55	0.6294471545730366
55	158	0.5394077917798537
178	72	0.5573012093173549
177	71	0.5980462384101236
54	64	0.5960126053646538
4	107	0.580137542849365
107	105	0.3274416839987095
58	161	0.5543226932488643
58	59	0.3791614995342074
59	151	0.4524924344019357
