19	121	0.8385890294646956
19	23	0.6711154941753801
19	17	0.6334276413464708
19	119	0.6066857862622084
19	124	0.5965346161083931
19	115	0.5812709005516029
19	18	0.5683620786573281
19	14	0.5545027761420123
19	15	0.5495734654244376
19	120	0.5218654671509616
19	116	0.44210163776917316
19	152	0.40942480847123425
19	46	0.40026126612014684
19	154	0.3709635980225792
19	186	0.36865874996638826
19	126	0.3623252915618487
19	42	0.36036907923428857
19	20	0.3459801235832888
19	25	0.33046484741267446
19	188	0.3289050592353314
19	155	0.3232033511233267
19	9	0.32299736170779175
19	47	0.3219311018579985
19	103	0.29358050901358934
19	49	0.2890597656145022
19	29	0.28690466117785624
19	51	0.284572044611165
19	3	0.2828341665378947
19	108	0.2783106973395177
19	136	0.27647382155217826
19	109	0.2748845403319051
19	52	0.2675471668202894
121	119	0.6678765964654254
121	115	0.6387207556416894
121	17	0.6346415806543091
121	120	0.5347971662688028
121	23	0.636792643635468
121	124	0.5758490234817046
121	14	0.5426894966530487
121	15	0.536109618562794
121	18	0.5177347747751603
121	116	0.450765047181887
121	152	0.43624192806567713
121	46	0.42669581866306977
121	126	0.4113125336982138
121	186	0.40527116459185153
121	154	0.39182142571812345
121	188	0.368822915703351
121	136	0.3410321012344566
121	42	0.34098791562576153
121	25	0.3085481492267063
121	150	0.28908725870963664
121	155	0.2881889045028151
121	49	0.284572044611165
121	153	0.2686516326889515
121	47	0.2620050206999464
9	108	0.8319692866637269
9	12	0.6839614226453312
9	3	0.66700044609519
9	11	0.5798190027641781
9	5	0.44674001016268816
9	103	0.6601390275633572
9	105	0.5643886701225533
9	112	0.5459898116848447
9	1	0.5026158114718406
9	109	0.5025261207811492
9	102	0.4993801358418498
9	6	0.473924844387418
9	113	0.46190478987984473
9	111	0.4572035050996061
9	13	0.4494732713933586
9	70	0.4392248798687915
9	106	0.37212723567700645
9	0	0.3465961827095766
9	18	0.32700415068071575
9	95	0.2718126123407689
108	3	0.6313092573759791
108	103	0.6136592646405405
108	12	0.6119544699527272
108	105	0.5503477383761612
108	11	0.5381515942904213
108	102	0.5185979488676705
108	112	0.510983569805102
108	1	0.48030449011289844
108	6	0.45753564658151963
108	113	0.4255090857689377
108	111	0.4163678014943615
108	109	0.3977977967055127
108	13	0.39528639142522104
108	70	0.36856369613223655
108	5	0.34950520804989155
108	0	0.293717574549305
108	106	0.280873377955116
108	18	0.2702004063160424
108	95	0.26706432206122743
88	90	0.83070288282771
88	87	0.7582775974065611
88	193	0.704696820422206
88	73	0.5428446855065346
88	85	0.5093857938761059
88	194	0.7177069994628553
88	91	0.6398265405337399
88	190	0.5741421060677997
88	96	0.559839919771606
88	78	0.5536919942970915
88	191	0.5504592673331544
88	93	0.5331815944725438
88	94	0.5234499530505976
88	83	0.5223819117770829
88	50	0.5052642643269516
88	74	0.4988394955204987
88	185	0.4285752114724237
88	64	0.4048866455048546
88	184	0.3883792764376682
88	76	0.38633088381440545
88	7	0.375808661026387
88	66	0.3753448323044509
88	180	0.3701354127708958
88	198	0.36304611254180513
88	55	0.3627769410254569
88	75	0.34150920976224775
88	98	0.3170284052959292
88	135	0.31026625620892195
88	84	0.3030276240256107
88	69	0.28197833717504855
88	79	0.2774986606934076
90	194	0.7183948512419048
90	190	0.6481083097066175
90	96	0.6383416978320656
90	93	0.5924482589692349
90	87	0.6783385419563392
90	91	0.601886456739197
90	83	0.5968630308558394
90	78	0.5720199226164981
90	94	0.5403005739596273
90	74	0.5053834079778012
90	73	0.49404698307875167
90	85	0.4800736645808282
90	193	0.47628637902310705
90	191	0.46430851541594825
90	76	0.4024173061779071
90	185	0.3805734052609176
90	64	0.3783563504428714
90	50	0.3782535241981199
90	98	0.3691511781502836
90	198	0.3653879446344092
90	123	0.3544202361478479
90	7	0.35203085560878805
90	63	0.3511281721173916
90	184	0.351093103264594
90	69	0.3504967821184913
90	75	0.34934718581055274
90	68	0.34190666581155527
90	92	0.3239464494729016
90	197	0.30549581755157995
90	81	0.2903605819224893
90	79	0.2753929045920509
90	55	0.2720256061391686
90	84	0.268707301369571
44	149	0.813299895371143
44	164	0.6983794396841666
44	45	0.6794975420208915
44	165	0.5681928134729903
44	18	0.5317414610797029
44	136	0.5188830031053843
44	49	0.5178591954425957
44	67	0.5123418594511897
44	62	0.5008424180166557
44	154	0.49925251969756723
44	148	0.48354438205068867
44	39	0.4812117584532345
44	155	0.4805583213782431
44	46	0.4691110877100383
44	171	0.46220366211299574
44	33	0.4616766325741497
44	86	0.4592891303496238
44	42	0.43945083489564035
44	24	0.4392006671046062
44	146	0.3910593288052671
44	145	0.3614562565950846
44	47	0.35712785012983145
44	142	0.35638603438001876
44	52	0.3514963355840993
44	14	0.35079497825324
44	130	0.3495842117144401
44	140	0.34493213827792946
44	41	0.3411646490188942
44	137	0.33033122184219993
44	156	0.32067563232175184
44	144	0.3180983977798044
44	189	0.31394881226687454
44	43	0.3098323989007025
44	152	0.30724466179900806
44	153	0.30340900865256526
44	40	0.30008225794421256
44	115	0.29898992435445604
44	120	0.28044039906083135
44	116	0.27965706231691784
44	125	0.2768155046076293
44	51	0.26920823868244553
44	174	0.267751406868324
149	164	0.7988406006069215
149	136	0.546228411725448
149	165	0.6468887448384466
149	45	0.6240981854067092
149	154	0.5449150151346496
149	148	0.5403926172817423
149	171	0.5152931785084276
149	146	0.5132263222327451
149	155	0.48237892540973587
149	49	0.4722715861245002
149	39	0.4697893539853986
149	18	0.4592023300802459
149	62	0.45105981802837813
149	67	0.44821157785945503
149	46	0.43641194801335503
149	86	0.43102102934856806
149	144	0.40688290962312923
149	140	0.4033387642573638
149	145	0.40193950225434716
149	33	0.39329328894998833
149	24	0.3830762374182579
149	130	0.3796494488623956
149	142	0.3764954686734963
149	189	0.3762465486654706
149	42	0.3744424049088551
149	137	0.3738317897282666
149	153	0.36874515585327894
149	47	0.36083886019801303
149	156	0.33432532795930137
149	152	0.32599461090808857
149	141	0.325288384440659
149	41	0.3198589721372882
149	52	0.3131012124050496
149	40	0.31191012355479125
149	125	0.3046433010217233
149	43	0.29627390947729026
149	35	0.28009024755358813
149	14	0.27978610813352384
149	115	0.2754391118931592
149	53	0.2752912440505448
149	174	0.27284954828487673
149	120	0.27271070963500843
164	165	0.7826214537115466
164	45	0.7516555599018332
164	154	0.6216991628669133
164	171	0.6510735970447946
164	148	0.6054710626752794
164	146	0.6022625854163514
164	49	0.5862611268743463
164	67	0.5507937363395198
164	155	0.5385492943984729
164	86	0.4885317502673496
164	43	0.46872102885838346
164	46	0.45999110083200406
164	47	0.45167294463971636
164	182	0.44458428591518173
164	189	0.44442380268511356
164	153	0.4423027520722132
164	18	0.4387405033738495
164	174	0.43471845760657857
164	42	0.4213152096002623
164	145	0.41417479660898887
164	60	0.40274409839522823
164	62	0.3901271483280979
164	144	0.37683871742737673
164	136	0.36797591956703474
164	39	0.35147004179706
164	142	0.3415268770707674
164	150	0.33862621932589787
164	156	0.3326544137442883
164	152	0.31391275436834937
164	24	0.31143160709525175
164	14	0.29722232754554945
164	116	0.2914041234816368
164	120	0.28120494406707874
164	179	0.26968121243529397
164	33	0.2650572258118313
164	41	0.26462949114304446
4	107	0.7951562773791394
4	8	0.7890464348403006
4	10	0.6414655501304388
4	6	0.6222019683510743
4	104	0.6043296913607419
4	110	0.5078290260368744
4	111	0.5037360320898708
4	2	0.4992224892210086
4	57	0.4419246204036883
4	105	0.4327537264406002
4	162	0.41697932497677914
4	113	0.4135532592282981
4	31	0.3802483959987874
4	56	0.37622079521875035
4	13	0.34586567972851345
4	181	0.33636667579156915
4	12	0.32396435053087697
4	182	0.30100102931259487
4	183	0.2953522900200853
4	160	0.2732197291132653
4	81	0.2634015008790511
107	104	0.6954478845051288
107	8	0.745265467596148
107	10	0.587447765580355
107	6	0.5835638372387154
107	111	0.5556720493659688
107	110	0.5225055107132003
107	2	0.500647611866776
107	162	0.45067739364006737
107	105	0.4381023519712884
107	113	0.4223181356569897
107	57	0.41685539799007865
107	31	0.4149863569969767
107	56	0.40360667137907363
107	81	0.3261197270489771
107	181	0.30843956944222345
107	13	0.29965452084816135
107	12	0.2902781676031017
107	7	0.26840110142144974
107	134	0.2670828954949766
107	135	0.26597743126354156
107	183	0.2632060599448824
8	6	0.6793952550292345
8	10	0.674705041835456
8	111	0.6025110661535005
8	104	0.5765170364865524
8	110	0.5422943032509423
8	2	0.5068116285817377
8	113	0.47897248249854674
8	105	0.46400253715984074
8	13	0.43637956566362524
8	12	0.4142659229731385
8	57	0.3975704979314263
8	162	0.3806760202401063
8	56	0.37705319536227294
8	31	0.3462441854935407
8	181	0.3303134040988096
8	160	0.30349072128864535
8	182	0.30245536506963056
8	134	0.2892705338220633
8	183	0.28313773978808104
8	81	0.276833971968914
8	135	0.2633084364630972
165	171	0.6717744879381266
165	146	0.620679718064782
165	45	0.6666672465456798
165	174	0.5340970874296137
165	67	0.48712200482201123
165	60	0.4611728968029459
165	182	0.43898272351625645
165	62	0.438966577491133
165	49	0.40853378114693706
165	148	0.40767532706764775
165	145	0.4036736373490833
165	183	0.39720840284101844
165	39	0.3880565474392244
165	189	0.38187250187245225
165	86	0.3811633133394178
165	141	0.36402677301397496
165	24	0.35391298788107683
165	154	0.34700085886141746
165	144	0.3460241377095557
165	43	0.3459185012481962
165	155	0.34329238756266106
165	142	0.34149154221238454
165	176	0.33301899382621536
165	169	0.32056796812257426
165	166	0.3037721417514442
165	179	0.2928127190441398
165	42	0.2856469381748081
165	156	0.2691989633882338
165	47	0.2617442226308931
87	91	0.6556242359565088
87	191	0.6379564000978561
87	75	0.48506762211002546
87	194	0.6008523223418726
87	190	0.591811864723681
87	193	0.5343757780822841
87	93	0.5313755638649691
87	83	0.5299099915879889
87	50	0.5223310117162399
87	78	0.5188683877451313
87	96	0.5123639842856903
87	73	0.47794695127544834
87	74	0.466838381392363
87	94	0.4616766325741497
87	64	0.45541407836932263
87	180	0.41610324214087163
87	55	0.41255799735133414
87	98	0.384253103109705
87	184	0.3830591722355883
87	198	0.3802569500778338
87	76	0.3680883113738699
87	185	0.35013709812838534
87	84	0.33621590140328916
87	69	0.33613607268984536
87	89	0.3327077731416709
87	66	0.3251900203000531
87	123	0.3203346672765173
87	197	0.31357917588961365
87	95	0.30344532593072504
87	196	0.29344343140541124
87	68	0.2915779797446781
87	85	0.2876111229699601
87	22	0.28690466117785624
87	92	0.2859591658203226
87	135	0.27516184900207197
87	34	0.2746164318047921
87	97	0.26102683091668055
98	199	0.7563884469598764
98	79	0.6285648017558354
98	99	0.2645550918695504
98	198	0.6248119505956513
98	96	0.6050718654364703
98	78	0.5964701976206437
98	95	0.5529912432279049
98	197	0.5248714531128404
98	93	0.49324529090777636
98	181	0.4861909431384184
98	135	0.4854116662195975
98	190	0.4382235539549279
98	185	0.42964399431794764
98	38	0.41135407394385903
98	74	0.39140657287722147
98	83	0.368693313085733
98	81	0.34887299986902676
98	85	0.3437245684944588
98	191	0.3419331585347624
98	106	0.3377583059455703
98	97	0.33618042257146036
98	196	0.33182707086075236
98	7	0.3143634129883726
98	195	0.3079327575376073
98	194	0.29553483263973124
98	123	0.2882347511999175
98	66	0.2780062301461362
98	50	0.27796932123427953
98	68	0.2776463332544475
98	80	0.2736730903620503
199	198	0.5922924756072597
199	79	0.5264273912892773
199	38	0.49282898801741276
199	181	0.4889732004364514
199	135	0.4812194427686916
199	196	0.46811217191655635
199	197	0.46645508339974157
199	78	0.4425520720444123
199	95	0.43934593411811357
199	96	0.43918452490733484
199	195	0.38119750139929276
199	93	0.3753362411096361
199	185	0.3715067741922412
199	190	0.35073359074410404
199	106	0.30128291649849115
199	170	0.2801455395915097
199	166	0.27776630755018866
199	191	0.27708326132671046
199	172	0.27497698163947704
199	50	0.27338628409669935
199	66	0.27303464880629014
199	139	0.27053409086996816
199	175	0.2694308307583169
199	176	0.2611013785592901
199	74	0.2611013785592901
45	43	0.5683349994598091
45	60	0.5245525951138632
45	67	0.6665505637074829
45	49	0.5893502818170905
45	86	0.5799982033852529
45	171	0.5744704904698547
45	174	0.5383575760681676
45	154	0.5057704917752224
45	148	0.49369161932681516
45	182	0.4862520302316336
45	155	0.42736628707845364
45	146	0.41875390704124255
45	189	0.40832548483984166
45	18	0.4036987484728101
45	47	0.39682933364222306
45	62	0.3855138625401827
45	42	0.37876756203731987
45	46	0.3726354216223154
45	145	0.35248633081412856
45	39	0.34643779603446445
45	24	0.3279415501757289
45	142	0.31710935735506257
45	153	0.31620963068774827
45	116	0.3090909275013989
45	136	0.2731642071443727
45	156	0.27174778285410767
45	33	0.26790921224516023
45	14	0.2651873852344098
45	179	0.26261960755793684
172	175	0.7494065521328189
172	170	0.5870350226547578
172	169	0.5495734654244376
172	174	0.5361238701395216
172	195	0.5329883229594855
172	196	0.5219091251699443
172	68	0.5082667395501305
172	65	0.49944018300120724
172	180	0.47057607137303137
172	166	0.4434362037159612
172	92	0.44136920631591425
172	179	0.39883265084143227
172	64	0.3959358800865986
172	93	0.38825189478711947
172	167	0.38334071430705513
172	183	0.37641822345169584
172	158	0.3627248363179127
172	66	0.3575814448967632
172	171	0.34729988430812825
172	185	0.339980075233175
172	194	0.31880828183324134
172	191	0.31865555213965524
172	176	0.3105012083112904
172	198	0.30957021422386183
172	145	0.30880147078584513
172	91	0.29924487241129905
172	173	0.29811549281058
172	80	0.2874093086382981
172	69	0.2873909606150465
172	182	0.27621520411539147
172	50	0.273895100505326
172	55	0.2726644275605236
175	196	0.6453275282838191
175	195	0.6425530239761389
175	170	0.6160351567813175
175	169	0.5483018913788142
175	180	0.5083705652504966
175	166	0.4908731369562875
175	174	0.4863894588150197
175	194	0.48206426586081047
175	92	0.44143361949927457
175	93	0.42145502347895114
175	191	0.4066909690156156
175	167	0.39879901300415055
175	65	0.38575222294170763
175	171	0.3841422921331416
175	198	0.3838524264876347
175	183	0.3812573279953375
175	179	0.3681142464173215
175	185	0.3606126922020444
175	64	0.3589586397712268
175	173	0.35802615286858963
175	145	0.3370227868782857
175	68	0.31048313641907316
175	66	0.3063931514503894
175	50	0.3050968281315028
175	158	0.28586734045925005
175	91	0.2744037636385043
175	176	0.27193300341348553
175	193	0.27071944309981283
28	132	0.7441251713191703
28	131	0.5427953112551175
28	16	0.3862628218351382
28	133	0.4902352775022639
28	126	0.48901124476674945
28	29	0.4832685075004631
28	22	0.4510120240325248
28	123	0.42972553141829806
28	26	0.428077124113039
28	25	0.4273417660223767
28	138	0.41621899552982816
28	128	0.40696635085755545
28	34	0.3889989885512194
28	129	0.3887952863886886
28	137	0.3674137992761227
28	23	0.3350445965473538
28	21	0.29779656504301355
28	117	0.26165107119682673
28	33	0.26056083764036847
132	133	0.5038554224678502
132	131	0.5205471652076678
132	29	0.4453221411389773
132	26	0.4269084570443495
132	129	0.41241692215560444
132	128	0.38779319801141804
132	126	0.3721530810280799
132	138	0.36719752764030716
132	22	0.35545158017424516
132	16	0.336446490546469
132	123	0.3361449427854358
132	137	0.33593204403537674
132	25	0.3240449024209875
132	39	0.2846639438708052
132	34	0.27990592734014186
132	125	0.2677978217061094
79	181	0.7378574857327371
79	81	0.6330562585003074
79	135	0.6389930120966998
79	78	0.6010184302750333
79	198	0.5599223037482972
79	96	0.554308838568232
79	185	0.5009098390959219
79	7	0.49753886904454103
79	80	0.46384558226733796
79	95	0.4500954726772322
79	31	0.4145889404294375
79	167	0.4127820172848442
79	85	0.3941129367789896
79	36	0.3936989661214361
79	197	0.38837078478931225
79	74	0.3678635170067409
79	63	0.34892569602370527
79	162	0.34574242099056124
79	57	0.3291725792693008
79	183	0.32491277441036315
79	190	0.3229257060400309
79	160	0.31371441974221814
79	93	0.3120003919464102
79	83	0.3106457753678794
79	10	0.30424408285304155
79	97	0.30099193530141855
79	104	0.2963651289514475
79	106	0.2908275150102925
79	38	0.2783383734031055
181	135	0.6952929465124059
181	185	0.5731759883711
181	198	0.559235432368884
181	81	0.5412911294413814
181	183	0.5094302240849056
181	167	0.5021448146659585
181	78	0.5005202111902353
181	80	0.4591155210414702
181	7	0.457076941449443
181	96	0.4230491268904655
181	10	0.4003284472423109
181	31	0.39778937910289847
181	162	0.3940538078983298
181	197	0.3839632664069163
181	104	0.383408956205858
181	95	0.36133454152418587
181	36	0.3463585952884334
181	74	0.3455487045797388
181	166	0.34155337758100746
181	57	0.33481376271348734
181	182	0.3105012083112904
181	114	0.30477937367153096
181	196	0.3038901410141103
181	100	0.2974775707856043
181	110	0.297021749477842
181	97	0.293964262076394
181	63	0.282079587737999
181	85	0.2745147242931493
181	139	0.27351581552971016
181	160	0.2692824392381933
181	191	0.2633270497384198
6	105	0.7365563891448295
6	12	0.7056921670493806
6	111	0.6796213277837099
6	113	0.6088425115988957
6	13	0.5410224126947877
6	10	0.5251177425370726
6	1	0.4894676316065002
6	110	0.4457389224475182
6	104	0.41811047377941746
6	2	0.3986896826215166
6	3	0.39110168160717673
6	109	0.3746659292928019
6	11	0.36949661808710443
6	103	0.3495842117144401
6	112	0.3146337401793416
6	102	0.3082676350122495
6	36	0.26716647349117223
105	12	0.7018767753429
105	111	0.6349818786526567
105	113	0.6174231606630175
105	13	0.4815574794252366
105	1	0.45923389482924676
105	103	0.44465649405889673
105	3	0.42280278680279676
105	109	0.3968883088575073
105	11	0.3648419292775198
105	102	0.36087365150851103
105	112	0.32048721453695783
105	10	0.3026007213545266
105	104	0.2688742966401691
78	96	0.7300385968319478
78	74	0.6048499576377936
78	185	0.6014717683100459
78	7	0.5373270241981521
78	198	0.6351787807304045
78	135	0.5850325043009488
78	190	0.5797459790153677
78	81	0.5496153421838921
78	194	0.5412981994422439
78	93	0.486595556573667
78	63	0.485755560059282
78	197	0.4673074870935378
78	83	0.4579941083244307
78	85	0.45734586707404407
78	191	0.45175254019944294
78	73	0.44193266739442516
78	76	0.43248548915366786
78	95	0.42939118478261007
78	80	0.420023041152074
78	91	0.41562354873222107
78	167	0.4045019831594744
78	193	0.4028530063274082
78	31	0.39072892011582455
78	92	0.36859826205470414
78	75	0.3594376769301476
78	68	0.33720892098658417
78	184	0.33699619414018916
78	187	0.31654259596012874
78	64	0.30506055105178265
78	147	0.29455797880550794
78	162	0.28560101722765185
78	69	0.28538057842792336
78	97	0.28288016612905553
78	123	0.270598966432686
96	198	0.6918627189144401
96	190	0.6319343533030253
96	74	0.5754612232195868
96	185	0.5501246215329886
96	194	0.5208387167451056
96	83	0.5200877252888185
96	95	0.5145362699169787
96	197	0.5036315497207422
96	85	0.4894296096041243
96	7	0.48444796416337493
96	93	0.48078131876757774
96	73	0.4757372560096501
96	81	0.46521011384857863
96	191	0.44429539555808284
96	135	0.44422315852563193
96	76	0.405605412502869
96	91	0.37672717292801183
96	193	0.3576424928543088
96	63	0.35597566084466487
96	184	0.34684252270071547
96	75	0.33664157293064906
96	68	0.2954709451767788
96	80	0.2916877737763358
96	123	0.288133886722231
96	31	0.28131545119106216
96	92	0.2776001869881874
96	97	0.26953284250756143
96	167	0.266200438465142
12	113	0.7237330529927545
12	109	0.5192848066319065
12	111	0.6779442512982945
12	13	0.6577627439401272
12	3	0.6101435433929245
12	1	0.5798389167154987
12	103	0.5540871219002819
12	11	0.5427882574843292
12	112	0.5315908215467477
12	102	0.498215775319723
12	5	0.4000428977610251
12	70	0.39873173411005536
12	106	0.35916769744366306
12	0	0.3388121258826226
12	10	0.293964262076394
12	110	0.28631723453752467
113	111	0.6424473291426158
113	13	0.5911161826294083
113	3	0.4769046643346341
113	103	0.4511474336352995
113	112	0.43310313281136253
113	104	0.4252715632806839
113	109	0.41114635563028046
113	1	0.4089918832504577
113	11	0.39735999258833965
113	10	0.3955647921599567
113	110	0.38857456614319114
113	102	0.37901592993782807
113	70	0.3519169607411728
113	2	0.3391396111610059
113	106	0.2735898290379355
113	114	0.2724052246273959
194	193	0.6927167237522667
194	190	0.6243545288096745
194	191	0.6089557751282278
194	93	0.5681318662330699
194	91	0.5513647118631643
194	185	0.5024139922051696
194	180	0.4938050512136596
194	198	0.4919350674688468
194	73	0.49153322279390554
194	170	0.47545094622226897
194	94	0.4695087592755361
194	64	0.46327244979097726
194	83	0.4606531077589827
194	74	0.45152965451242005
194	196	0.44421513183212147
194	195	0.4139345145763062
194	92	0.40591449527573464
194	50	0.400513173139656
194	55	0.36942753826533314
194	85	0.36913390347459313
194	184	0.3587495460750201
194	135	0.3426394305579077
194	167	0.31125099377710025
194	75	0.31051927997905526
194	69	0.3045525790123262
194	123	0.29453058149549965
194	66	0.29103804737599903
194	76	0.29098312860575903
194	63	0.2876569863024788
194	197	0.2867302913888035
194	173	0.2720441260798003
194	7	0.26435047763112857
67	171	0.7141731727438017
67	174	0.6078598542317742
67	145	0.5343043300117304
67	86	0.5186345007282256
67	47	0.5094376288556508
67	41	0.46122800739291786
67	155	0.4301005118131883
67	173	0.4053798070541937
67	179	0.40140275968790723
67	49	0.3995051821293081
67	89	0.38351131120478404
67	154	0.36593370866982416
67	18	0.3413236884534294
67	153	0.33854653699216286
67	43	0.3287534411106959
67	189	0.3187184428414559
67	182	0.3097419957115611
67	14	0.30378121894872884
67	144	0.2938180816001281
67	39	0.29209943292355894
67	46	0.2866568668455169
67	52	0.285812242722458
67	176	0.283386075712946
67	51	0.2819875420312662
67	169	0.28129703385510463
67	60	0.2788917975631211
171	174	0.7045004395278539
171	145	0.5533243711070149
171	179	0.5193797448500231
171	155	0.48921665200188996
171	173	0.4620463740203205
171	169	0.4531999223279841
171	146	0.450183183881455
171	86	0.44447195065018613
171	47	0.43629860484346333
171	182	0.4185064824160555
171	189	0.41844049202086947
171	153	0.4126990527598737
171	144	0.41115466518285826
171	154	0.4099989823892745
171	176	0.3590370406207195
171	49	0.35866241307309893
171	148	0.34649059378814157
171	41	0.3097419957115611
171	46	0.3079689641882929
171	168	0.3037993731778484
171	170	0.3003006303661264
171	43	0.2827881656456899
171	89	0.27486605146047177
171	196	0.2704506758216871
171	18	0.27036725671256917
171	60	0.2694122825178213
3	103	0.710429253130716
3	102	0.5298380682368569
3	11	0.5254942503988042
3	1	0.5251249850126055
3	112	0.5043626168189002
3	13	0.47559798275342446
3	109	0.4630132352213898
3	5	0.442254488694919
3	111	0.43813467405802375
3	70	0.38515622544815653
3	0	0.3778249810491378
3	106	0.35782561838592186
3	18	0.2738211003661083
3	114	0.26938445978229525
103	102	0.5974228064739403
103	1	0.5051525496574958
103	112	0.4948327333516598
103	11	0.47418068479573744
103	109	0.447588057022335
103	111	0.43794880658955593
103	5	0.40618173524931556
103	106	0.3995135860518282
103	13	0.3987821936830577
103	70	0.32276446725159724
103	0	0.3122440884654326
103	18	0.28706983607474273
103	14	0.2616044936516652
56	162	0.7093080989234022
56	163	0.5648382697661324
56	161	0.5372843460421318
56	57	0.6480213079064481
56	104	0.47180527831673663
56	160	0.4546131862593397
56	85	0.4249766262641404
56	58	0.417994941308985
56	31	0.3563773044589619
56	10	0.34729988430812825
56	110	0.3380949120707635
56	81	0.3185657034129661
56	73	0.31098906452450525
56	2	0.27471813317189875
56	111	0.2662933497241866
56	119	0.263922570967849
56	7	0.2616044936516652
162	57	0.6868405300750376
162	163	0.5335751235935203
162	104	0.48649633107811496
162	31	0.4552793262751326
162	160	0.45446244113865
162	161	0.4266631008775321
162	81	0.4120350900946277
162	85	0.40907515240848263
162	110	0.39365671523356105
162	185	0.3901949702758695
162	167	0.3836392417055322
162	10	0.3674743482157748
162	135	0.3496105451646271
162	183	0.3472471202412728
162	193	0.3472383260163605
162	80	0.34163287585315516
162	73	0.33879442163578966
162	187	0.33862621932589787
162	7	0.3324142701001417
162	76	0.2696719396898508
193	191	0.569423964573464
193	180	0.5331529651664817
193	73	0.5041016043310643
193	91	0.45888661881892556
193	185	0.4551921226274051
193	173	0.4379407245457329
193	74	0.4126409735176915
193	184	0.4068912540521554
193	170	0.39628997978857233
193	190	0.3910508580461282
193	198	0.37900736643612276
193	135	0.3776363707521977
193	50	0.3727129218787952
193	196	0.34750212619147075
193	85	0.34689530361811893
193	187	0.33836944775547634
193	55	0.3292260769374222
193	75	0.31714533456491406
193	76	0.3169654393893768
193	94	0.31340784874491134
193	93	0.2917335190212627
193	64	0.290992281867313
193	66	0.2858857059515189
193	80	0.2736730903620503
193	83	0.26567074987446654
193	169	0.263922570967849
174	182	0.5911031708424079
174	169	0.5866941158821614
174	173	0.5843480416498377
174	170	0.5163133645223454
174	145	0.5136755067844189
174	179	0.49324529090777636
174	196	0.4862825719961013
174	183	0.43798113405693995
174	176	0.3807444250181648
174	43	0.35546905313351007
174	195	0.3529416390793478
174	180	0.30789654999497373
174	60	0.301655654162547
174	155	0.28473745951159296
174	86	0.28251213298032835
174	41	0.27945425561854903
174	146	0.278190762390653
174	158	0.27596578512678266
174	80	0.26176285233260466
23	124	0.6996936021125735
23	25	0.6342412663536722
23	115	0.6117167202210588
23	126	0.5891479183159972
23	18	0.5521924047791421
23	17	0.5403430570997432
23	15	0.5375261525411157
23	14	0.5297373627404474
23	29	0.5174346112876732
23	119	0.48288518913472983
23	22	0.4753348459834839
23	34	0.44391809404550386
23	133	0.4432031981021492
23	21	0.4321358529440859
23	46	0.42688392425508
23	120	0.4135947070563084
23	116	0.40716658211016404
23	20	0.4028111200109771
23	125	0.3986644509236265
23	152	0.3910254453712137
23	186	0.3548223882515508
23	154	0.34084651155361173
23	33	0.3402011598245912
23	53	0.33410325275881564
23	48	0.33387225519370195
23	188	0.3220386609461672
23	138	0.31135033388560784
23	136	0.3092085029401511
23	52	0.3007736626128408
23	26	0.2990081363460522
23	128	0.273895100505326
23	155	0.2715903295475073
23	123	0.2681505338401685
23	16	0.26028118337370665
124	20	0.4448730838130812
124	115	0.6053507019199563
124	126	0.4998078671467899
124	14	0.479912047141585
124	18	0.4595652546741933
124	46	0.4566813107307752
124	17	0.4439341526374433
124	154	0.43830434642581817
124	116	0.41689670870787277
124	15	0.40865873851105344
124	152	0.40435142413263236
124	150	0.3979408857028504
124	125	0.3978062142411569
124	119	0.39243917637174697
124	186	0.39061028729960356
124	153	0.3475285031846498
124	188	0.3462089804074169
124	120	0.3300550203692752
124	25	0.326343120311993
124	47	0.325511913124918
124	21	0.31448056103398964
124	53	0.3144445165015273
124	148	0.3092446780967736
124	133	0.30236451024676647
124	42	0.3009100867374818
124	155	0.2986711792531236
124	29	0.2885556410696206
124	34	0.287115714961643
124	102	0.2772032762356165
124	48	0.27567936933877435
124	1	0.26911548349328607
124	157	0.26415514183696176
124	51	0.26260098684130145
104	57	0.5034300063989003
104	110	0.6062622194753615
104	2	0.5846179772829555
104	10	0.5566183115580355
104	111	0.5193797448500231
104	31	0.46339810105814416
104	134	0.44835540540283625
104	7	0.4445361439422866
104	13	0.3805391981848755
104	163	0.3572150929837216
104	81	0.35710167605845494
104	135	0.31895201230513
104	30	0.3072718295701191
104	167	0.30603972117341766
104	160	0.28819807394794267
104	76	0.2638295340250508
104	85	0.2636713599562202
135	198	0.6282501476675474
135	100	0.3166415705998074
135	185	0.5520742294836678
135	80	0.48854697685315385
135	7	0.4825323727182045
135	167	0.47017891142940654
135	147	0.42883639909537113
135	81	0.4121762188121411
135	183	0.41208490248817253
135	182	0.4105146297633185
135	197	0.4065407295770242
135	74	0.40646560161122747
135	31	0.38837078478931225
135	95	0.35759016622067963
135	10	0.3564471420850786
135	191	0.35579225805804
135	187	0.32815572235650753
135	177	0.3075072626018258
135	97	0.30363597717513024
135	57	0.2996727248824232
135	110	0.29164202719705656
135	196	0.29103804737599903
135	190	0.2792053224057932
135	85	0.2746626604607653
135	160	0.2716088542207403
135	170	0.26677640847325823
198	197	0.5674745948277934
198	97	0.3586014162526484
198	185	0.6003920602352756
198	190	0.5175078336409553
198	191	0.48781576515841835
198	95	0.4442873695064088
198	74	0.4423590561081667
198	196	0.4319813211231108
198	93	0.42964399431794764
198	80	0.4049618887751882
198	81	0.4021658577357826
198	167	0.401746642162186
198	170	0.3819322924115513
198	7	0.37614353139062373
198	83	0.35394797720961146
198	147	0.3267719331883528
198	85	0.3220476238283115
198	73	0.3200025952238723
198	195	0.3087652846728258
198	66	0.2999457592053388
198	166	0.29477713985125703
198	183	0.2876661588106754
198	75	0.2855734640298147
198	92	0.2771848129663845
198	177	0.27495849378461346
198	63	0.267389328495547
15	115	0.691461084025942
15	116	0.6254577092953517
15	18	0.5827125021383947
15	17	0.5778707354096501
15	119	0.5065068770646677
15	14	0.5029072314978266
15	120	0.4478758900061184
15	188	0.41579725755200286
15	154	0.4030289104290998
15	46	0.40194788666701187
15	152	0.39088142895202443
15	148	0.3835539563407129
15	16	0.37349624340523907
15	155	0.36595969116020594
15	29	0.36189954302106886
15	186	0.35588832960328776
15	53	0.329047743159321
15	25	0.3145166046596389
15	179	0.2983250376842908
15	77	0.2922640662915359
15	156	0.2901316426254056
15	47	0.28988435087959563
15	49	0.28700560342045445
15	118	0.2864824700593974
15	157	0.27339553667080047
15	48	0.2665441854032165
15	133	0.2660517701620701
15	42	0.26105478664756254
115	116	0.6355306121095835
115	14	0.614742861332098
115	46	0.6108461148286302
115	18	0.6049514128630968
115	118	0.3266915410149471
115	117	0.29460363991283384
115	17	0.5942559903427755
115	152	0.5618893550707486
115	119	0.5372203236486291
115	154	0.5349256724553321
115	120	0.5030865100918257
115	186	0.46577410211850784
115	188	0.4085671046083554
115	136	0.4051374350762139
115	148	0.39874014420656356
115	155	0.39799979907527544
115	125	0.3977809614333154
115	49	0.3868837313995209
115	33	0.36064749003953306
115	21	0.3551632404852784
115	126	0.35515450186351627
115	47	0.3541928747647732
115	25	0.35361553859735956
115	153	0.3466049813899417
115	156	0.34631459274026355
115	29	0.3341654375555388
115	52	0.3210165142793372
115	42	0.3194729122603392
115	53	0.3134980234704986
115	48	0.2938363549114436
115	16	0.29090074685483047
115	51	0.2660982303667701
57	160	0.44857909099613497
57	85	0.44645981818642916
57	31	0.43487253865206543
57	163	0.42881191580011424
57	110	0.41159497366902803
57	10	0.3994799699588603
57	81	0.3920838013911594
57	167	0.3372177838581335
57	161	0.32530626807364876
57	7	0.32180560575147255
57	185	0.3159576051688748
57	2	0.2859040712337716
57	111	0.28041275823281425
57	187	0.27068237425909725
57	73	0.26023457008183826
123	126	0.6867665679514205
123	22	0.6237256377365265
123	138	0.6170022077160929
123	34	0.5541494876615884
123	128	0.45096422744992143
123	75	0.4061984354416061
123	25	0.37179981129044676
123	190	0.3610997705412997
123	93	0.3568224510744926
123	129	0.35592326284584985
123	137	0.35580099214565547
123	21	0.3332945858548222
123	133	0.32665580964255947
123	83	0.3130921927005012
123	125	0.30719032475431945
123	33	0.30040070720833173
123	191	0.28940797624106557
123	94	0.2794634746459759
123	20	0.269449378798915
123	26	0.26597743126354156
123	184	0.2642295580290927
126	133	0.5541702748663655
126	138	0.5712591748810784
126	22	0.5618688263141283
126	34	0.5119656332103004
126	128	0.4734361995537022
126	25	0.4551683382986741
126	29	0.4288853637960103
126	129	0.3976631070279111
126	21	0.38898201482342826
126	125	0.37413283775405703
126	75	0.3510404981385289
126	33	0.3019919480431045
126	26	0.293964262076394
126	186	0.2789010197310534
126	20	0.27709249354979215
126	117	0.27693553880033395
126	137	0.271025230394898
126	136	0.26876296825518975
22	34	0.685050896927763
22	25	0.6206612750207432
22	138	0.5513159901959893
22	128	0.46568796171200105
22	75	0.4499997778212159
22	21	0.4129313361698415
22	33	0.41285667950147126
22	29	0.38445764813514316
22	125	0.3347249697664435
22	133	0.32996591106012185
22	26	0.32726311591824775
22	184	0.31597560847094147
22	27	0.31125099377710025
22	129	0.2887573101052062
22	137	0.2755037999765144
22	20	0.2704043323734475
34	21	0.442785244934867
34	138	0.5678609141998986
34	25	0.551907356005667
34	33	0.5028399908661005
34	128	0.4069496631539457
34	75	0.3767443343314497
34	137	0.37442520892237113
34	125	0.36220366453941355
34	27	0.319885902586
34	62	0.2985254450058387
34	29	0.2910838115527541
34	26	0.2807444174645611
34	52	0.27383035056082894
34	20	0.2714328617008854
34	190	0.2680670032482964
34	129	0.2673614731836987
111	13	0.6701801011010279
111	1	0.5615950434278958
111	110	0.5080812997604078
111	102	0.47596159053165815
111	10	0.4455225408718456
111	109	0.4431228374482879
111	11	0.4355534339008029
111	2	0.43207079000657445
111	112	0.3312307115322348
111	0	0.3009464644243939
10	110	0.6509007323343164
10	2	0.6399623636031544
10	134	0.4929046962448966
10	13	0.4844173511633743
10	31	0.46824490942121605
10	36	0.42998640304601704
10	114	0.40984090891874037
10	160	0.3552593612276367
10	7	0.35414914662002656
10	37	0.34379511482810876
10	167	0.3364819622194373
10	139	0.3147959120028565
10	183	0.3063931514503894
10	182	0.3059037639798325
13	1	0.5991563381765709
13	114	0.5209553033534419
13	110	0.5377394378313911
13	102	0.5087041906213576
13	2	0.506752174813465
13	32	0.47771544807498884
13	11	0.4350509164759596
13	37	0.4234513479039988
13	0	0.3933609124532838
13	36	0.39309039290911957
13	109	0.37426183420677533
13	112	0.3406962528270361
13	70	0.33759883077294345
13	134	0.33326791814661283
13	139	0.31158511072697026
13	141	0.2802100446198139
13	35	0.26539190194251183
119	17	0.6106580202580222
119	18	0.46498284512442195
119	116	0.45659424771767354
119	120	0.4501353424832118
119	14	0.4063570737342566
119	154	0.40041241759389185
119	46	0.393952436513745
119	152	0.38252148517571277
119	188	0.3654226037938258
119	49	0.36407882094761385
119	155	0.3179276129120722
119	148	0.28449852143739657
119	42	0.2839469910030444
119	156	0.2755869667032002
119	186	0.2720626458189034
119	48	0.27162737869271586
119	150	0.2678535178707252
119	136	0.2611852409346816
1	102	0.663270167766086
1	112	0.40295352660217343
1	11	0.3894741456742585
1	0	0.37209277431124554
1	2	0.3367391032883019
1	109	0.3254850916031719
1	5	0.2970582201677325
1	110	0.2911295743974074
1	114	0.2867302913888035
1	32	0.2728310371213839
1	70	0.26445278772643377
102	0	0.46563314049445775
102	112	0.40209879456845454
102	109	0.36404412257782914
102	11	0.3627508889552002
102	5	0.30659248512287335
102	106	0.2811128490996864
91	94	0.6420772046862934
91	84	0.6241714400947801
91	180	0.5549181538980461
91	64	0.5379810779836507
91	69	0.5912853078639498
91	50	0.5467053459768225
91	93	0.5393865202586144
91	76	0.518151863544118
91	68	0.5121722131249083
91	191	0.4621800707526404
91	73	0.4500635755403598
91	92	0.44165098040446715
91	190	0.4172023544871983
91	83	0.39444230938368335
91	55	0.37134298591682735
91	66	0.3660722753589835
91	74	0.3613258471192793
91	184	0.307217493527063
91	75	0.3059128281809762
91	89	0.3001368539994566
91	185	0.2944027209809796
91	65	0.26581015717585377
91	196	0.2632060599448824
148	154	0.651373069278041
148	150	0.5103404447239294
148	116	0.5115818276483463
148	155	0.5037061814880148
148	153	0.49093385805672257
148	43	0.4874956445628042
148	18	0.4726832716003937
148	46	0.4554695584617885
148	189	0.4435085036203216
148	49	0.40089931300267856
148	182	0.39545512781688213
148	14	0.3916267187015891
148	47	0.3810350988304947
148	146	0.37821924670865764
148	152	0.3676992170028798
148	77	0.36498062363875594
148	147	0.36060399258581055
148	188	0.35331801778081623
148	120	0.32730776013033835
148	17	0.32385694070380777
148	118	0.30408981083388004
148	168	0.28123257154738385
148	42	0.2757810063536346
148	179	0.2689577882146917
148	136	0.2671014687303009
148	156	0.2664884472600491
148	157	0.26435977879479033
148	53	0.2632805161825375
154	46	0.6288067034385781
154	153	0.5937188318732337
154	49	0.5902371964872777
154	155	0.5770375522369373
154	47	0.5300466249558563
154	48	0.33455624679109636
154	152	0.5731155530178828
154	18	0.5572943151253128
154	14	0.5528176690640445
154	17	0.49229124503900423
154	150	0.48894276363278616
154	116	0.44392612337711757
154	189	0.4372292275559375
154	120	0.4124086229985544
154	43	0.38706228429572137
154	146	0.3774134272668274
154	42	0.36771651282140067
154	53	0.3649026100533631
154	86	0.3486270553141085
154	125	0.3442623862492525
154	188	0.34154454413793417
154	136	0.33959087507604446
154	82	0.3336589910729523
154	156	0.33195164978383235
154	179	0.3219938456695491
154	186	0.3178826660959706
154	157	0.315777559635577
154	52	0.3151562280267496
154	168	0.3070182442328789
154	192	0.27732328249501753
154	21	0.27709249354979215
154	182	0.2714977031628834
110	2	0.5722688034171816
110	134	0.49550451242576593
110	31	0.4163016682633323
110	114	0.40438488358847136
110	7	0.3943325297706839
110	37	0.38798859236045724
110	167	0.3409437285103648
110	36	0.3318092729267371
110	32	0.29600934243979365
110	160	0.2957994811077704
110	30	0.28921555351438255
110	183	0.28309174748599614
110	141	0.27236819240816107
190	83	0.6465571476831455
190	191	0.6169836281239188
190	93	0.5189926086380584
190	74	0.4867405558715009
190	185	0.4595179253825944
190	55	0.41806096151947814
190	64	0.3979240527078522
190	197	0.3910169743470795
190	73	0.3594376769301476
190	85	0.3561066460488838
190	95	0.35439400428005635
190	63	0.350189741263134
190	68	0.34874124983091587
190	92	0.3418978347830429
190	75	0.3318982602343991
190	7	0.31989487928737786
190	195	0.30967871014678416
190	184	0.2900217399639907
190	94	0.28696889788774216
190	69	0.26324328845571204
38	142	0.647313064901741
38	36	0.566653684728305
38	70	0.46206996908770054
38	139	0.46034581106868255
38	39	0.40332201776545096
38	114	0.39673665168412
38	32	0.3362247709621444
38	176	0.3284144687339603
38	140	0.31192817768366
38	141	0.2991447193392738
38	109	0.27601197663365235
38	41	0.2721459821506426
38	106	0.2667856967519578
142	39	0.5602723121464425
142	139	0.5379029099585743
142	141	0.5350541538973911
142	114	0.5211155782075482
142	36	0.4491061275714211
142	140	0.44333979486629504
142	32	0.41948756761600564
142	176	0.39505855497381875
142	145	0.34793288152310636
142	70	0.3462705886681948
142	24	0.31494905740650186
142	156	0.302637058226822
142	166	0.301910153742517
142	146	0.28775788098994054
142	41	0.2872441688367172
142	35	0.2841216626576163
142	143	0.2734788075608931
142	144	0.27075651113771654
83	191	0.48574027908011014
83	93	0.4537083250888488
83	74	0.4300353084858297
83	95	0.35847941342499473
83	64	0.34209210345902547
83	85	0.33245874439856177
83	185	0.32844123278836296
83	63	0.32396435053087697
83	7	0.31917656179878523
83	68	0.3163896215962687
83	94	0.3116031689088101
83	55	0.2946219039791252
83	69	0.27342329408954535
83	197	0.26085908733825125
196	170	0.6423768523381246
196	195	0.5810391099554125
196	173	0.5141685491313114
196	50	0.4933360906229164
196	180	0.47199960533639795
196	66	0.45993591048189847
196	169	0.43941855900976245
196	93	0.4095579791585499
196	145	0.39855510659209764
196	191	0.3774134272668274
196	183	0.3650412973286321
196	185	0.3608562559788086
196	182	0.3425864735760245
196	179	0.334396384184685
196	166	0.29333376062976957
196	92	0.2917609655276589
196	158	0.28873897761501865
196	64	0.287886283172548
196	80	0.2787995730548374
196	94	0.26945865274424874
58	161	0.6431808165134352
58	73	0.40276085420408403
58	184	0.3537905174301521
58	163	0.3320406276401217
58	54	0.28719829363851285
161	54	0.36264667500414854
161	73	0.4946061575535195
161	163	0.47731401865692435
161	184	0.4358612943502702
161	185	0.3182781490235572
195	93	0.5544127411850546
195	170	0.49645455762636914
195	50	0.45976243196030214
195	180	0.4147545498973534
195	41	0.3741414379680777
195	191	0.37364251921068864
195	145	0.371670539346875
195	173	0.3630547944854871
195	169	0.35839226105003696
195	64	0.33238758481144154
195	166	0.3144445165015273
195	92	0.3079237057355658
195	66	0.3056952720504097
195	40	0.3029004742359847
195	65	0.30185562173921243
195	68	0.2940373471584956
195	94	0.2859591658203226
68	69	0.6424532017191802
68	92	0.6178561255150048
68	65	0.6121983613061193
68	93	0.5444226800801333
68	64	0.5194965742893135
68	84	0.47535032697199264
68	63	0.4321602503859264
68	76	0.3590805944589843
68	55	0.3295024478811094
68	86	0.30426223145336795
68	40	0.3022645635956106
68	81	0.301937419003331
68	94	0.3018010877605771
68	30	0.29048877341315116
68	61	0.2819967468355709
69	84	0.6057750086175956
69	92	0.4971098480298044
69	94	0.4607712694005142
69	64	0.45156149877610174
69	93	0.447851907468275
69	76	0.44433552474666305
69	65	0.4031461632900829
69	63	0.38453434278972115
69	40	0.34148270834695194
69	50	0.3022918224324288
69	86	0.29259328105656096
69	30	0.292062845379239
69	180	0.27361758326829233
170	66	0.5664092295745864
170	169	0.5498595682347575
170	173	0.4995827757740296
170	180	0.43493740726517083
170	158	0.40280274254521603
170	183	0.391067799498155
170	93	0.37901592993782807
170	191	0.3745885603944082
170	179	0.36137801260622454
170	50	0.3604995922973886
170	185	0.3573110529242252
170	65	0.35138239183574665
170	55	0.3306519009556256
170	80	0.32959158775731556
170	182	0.32194902894988353
170	92	0.3146157199537577
170	64	0.29328806219431924
94	50	0.606913232225048
94	180	0.4933360906229164
94	93	0.46867420950590033
94	84	0.41648352404750805
94	64	0.37279041693608683
94	66	0.32142904959501867
94	92	0.32093578659143185
94	76	0.3142011921947704
94	191	0.3008555185651585
94	55	0.2700706225637635
50	66	0.641336057029589
50	173	0.5130274130141228
50	93	0.4904023867385348
50	180	0.47483929895676596
50	89	0.41258289092018996
50	191	0.39799138308018067
50	64	0.3846621554173931
50	55	0.3274416839987095
50	92	0.3182422006051183
50	41	0.30433482364580905
50	179	0.29302298484333716
50	73	0.2694772004849784
50	51	0.26760287103682384
50	84	0.2671107552735501
66	65	0.43962833198451906
66	93	0.41825074502514875
66	80	0.4123422272779084
66	89	0.3848921809787001
66	64	0.36246427876458515
66	55	0.34872368211757315
66	85	0.338139195913641
66	191	0.3359497869094022
66	173	0.3334456927938721
66	92	0.3322541503856309
66	112	0.325216847581847
66	179	0.31935617559516727
66	180	0.29343429246906827
66	158	0.28696889788774216
66	95	0.2865742602088994
2	134	0.5768107183369825
2	31	0.4057390813069376
2	37	0.3673099938478632
2	114	0.3573284993757759
2	32	0.35435028326088286
2	30	0.3363312010159101
2	7	0.3288604674289446
2	35	0.31183790478689816
2	167	0.26867018911524987
2	141	0.2617442226308931
191	93	0.46670542031415496
191	185	0.4495929593897231
191	180	0.4394750410654216
191	74	0.43346053021831993
191	75	0.38983037753494787
191	55	0.3875637775581108
191	64	0.3858118049983113
191	92	0.3257532832439551
191	73	0.3256370732995603
191	197	0.32381218414501095
191	97	0.307117872245587
191	179	0.2993814341564148
191	80	0.29849811828435474
191	89	0.2859958944944064
191	173	0.2811773161206306
191	184	0.2687722458949235
191	95	0.26060744243565476
86	189	0.6379030259866265
86	42	0.4354561936341237
86	146	0.41669840155779225
86	49	0.410988461149702
86	47	0.381265874391252
86	40	0.38082137541255157
86	144	0.3590631731113397
86	153	0.3543765160583096
86	82	0.3312129056899656
86	62	0.3129388490827533
86	84	0.3093712840967036
86	43	0.30503334266097887
86	46	0.3019919480431045
86	20	0.296018466197478
86	41	0.29471322108178855
86	168	0.2621912816110297
86	155	0.26141817128781575
189	146	0.6156006189889756
189	153	0.4761317340370775
189	144	0.4512589318313111
189	150	0.4293096189594742
189	47	0.39573348451099727
189	168	0.39427341300904645
189	155	0.3540616856847017
189	40	0.3499791554535524
189	42	0.3451083304847059
189	82	0.3380063398934352
189	43	0.33248542826791333
189	169	0.3296183285744594
189	157	0.3181792886706121
189	20	0.29233723111794824
189	35	0.28957289139247944
189	179	0.28638149482038633
189	49	0.2790854522851474
139	166	0.6356080988166136
139	114	0.6097604887098094
139	36	0.5810722286708564
139	176	0.5551603298972728
139	70	0.49407721918435366
139	141	0.4423107957193907
139	183	0.36485059814955817
139	32	0.3467369542756143
139	61	0.31476888464160796
139	37	0.2973773017245144
139	167	0.2945853756313148
139	140	0.27495849378461346
139	112	0.2727199658984538
166	167	0.5910966648335366
166	176	0.5567494311400765
166	183	0.5345329369598468
166	114	0.5117589940605853
166	61	0.456182558727537
166	141	0.38212872452914365
166	36	0.3526789816165797
166	140	0.3026824780800471
166	70	0.30211917478413447
166	146	0.2900125810635247
166	32	0.2836159825030835
166	185	0.2738581008410279
166	134	0.27013551566697497
166	60	0.261362270778695
116	188	0.5343829224693839
116	186	0.47949630985205
116	59	0.2519931758883499
116	18	0.5500827783778547
116	14	0.5069973905345718
116	17	0.4986742223706187
116	152	0.4586023795695282
116	155	0.41063102995622547
116	77	0.4091584147541175
116	120	0.4065407295770242
116	46	0.40609823021797703
116	150	0.3520045731029274
116	179	0.32968072175776475
116	153	0.32108826830825066
116	49	0.3147959120028565
116	47	0.3068914352114526
116	118	0.28882147215330345
116	182	0.2843422735814925
116	53	0.2705526269957861
17	18	0.5621082854114454
17	14	0.5527760041246212
17	46	0.47328877324271446
17	152	0.4431790906538657
17	49	0.4394750410654216
17	120	0.4364200434241417
17	188	0.38919416743615676
17	186	0.3837927388719181
17	155	0.3776449446275342
17	47	0.3291993283675325
17	42	0.322244792627784
17	48	0.3038447577854626
17	156	0.3008646133973654
17	125	0.29885332747554677
17	153	0.2973134907244733
17	25	0.27702786691386755
17	136	0.27655694008408466
17	52	0.27568860932215455
17	53	0.27094183928182053
25	128	0.5299675247809382
25	138	0.46413592591652963
25	29	0.46383773375817516
25	21	0.43044275566026785
25	33	0.42028655153171
25	24	0.39734315035376744
25	18	0.35327425868889334
25	133	0.3426394305579077
25	125	0.3308478339501155
25	27	0.32116898718457904
25	26	0.31781074821836064
25	52	0.316470610074559
25	136	0.2938911735567071
25	129	0.29217260544721346
25	20	0.2920354041599799
25	62	0.2690319995544087
25	137	0.26817837647491566
25	14	0.26781638729320423
25	117	0.2627313277496182
81	63	0.6241836481426476
81	185	0.4734827497212315
81	167	0.47149425972549813
81	7	0.46694004327236915
81	80	0.46287181206245237
81	31	0.4447367185516244
81	61	0.4196935535547331
81	74	0.39879901300415055
81	183	0.381658938140294
81	76	0.3698074267400088
81	85	0.3618387094696206
81	60	0.3331790219348102
81	160	0.31619163034452386
81	92	0.30808662964200256
81	93	0.2948045328021389
81	65	0.294347920390766
81	30	0.2738211003661083
140	141	0.6319583790546293
140	35	0.5153005231999825
140	137	0.5049141684430877
140	39	0.4524288120512362
140	32	0.45122707664127276
140	144	0.41774732619714217
140	24	0.39248147511636994
140	114	0.3724201158585243
140	62	0.3545251580405163
140	37	0.34903108171362496
140	40	0.3487061141591777
140	134	0.3351422449111544
140	130	0.3165156016802434
140	127	0.3155614749755217
140	146	0.29761429074814244
140	61	0.2972679098125085
140	30	0.2883081031666102
140	36	0.2863539550146052
141	39	0.5381089693424576
141	37	0.5244946051144858
141	35	0.5121869665662624
141	32	0.5105253092917315
141	114	0.503907649705644
141	36	0.45132263876142487
141	137	0.40193950225434716
141	134	0.38391211089586447
141	24	0.37553382227190185
141	144	0.32323021705063854
141	62	0.3198140869075813
141	61	0.3008464236782269
55	158	0.6317541214480874
55	64	0.5150140241429856
55	169	0.37496675873632745
55	82	0.3426482565098724
55	180	0.33836944775547634
55	92	0.3340055279158745
55	93	0.33211180567097776
55	173	0.3156875283396077
55	84	0.2809102219469787
158	169	0.47253570994998145
158	64	0.43529410393900736
158	82	0.3039809033338498
158	65	0.27979532530507206
158	180	0.27635375414806085
158	179	0.27430204328535024
158	173	0.26645128750766406
46	152	0.6246168363827641
46	52	0.36473789787942024
46	14	0.5996881132992273
46	18	0.5279293228943206
46	49	0.511382463426513
46	155	0.45093236162450223
46	136	0.4293748721783138
46	153	0.4095579791585499
46	47	0.39189760586883776
46	125	0.37870760298830336
46	33	0.3607866713491515
46	186	0.3591589874267287
46	120	0.34104977505602596
46	42	0.33815690903153245
46	156	0.32653967623391533
46	21	0.32015517863943577
46	48	0.31503913527833144
46	188	0.3114857867040382
46	53	0.28196913226691944
46	159	0.2677235573691064
46	150	0.26097091814145107
32	114	0.6255003236153119
32	35	0.6225695499073318
32	37	0.5857292731366698
32	36	0.5402297626049439
32	61	0.5164966959818093
32	40	0.4444799750613705
32	30	0.42360726625922546
32	144	0.39648384159323247
32	134	0.38901596201490213
32	146	0.3437069313047942
32	70	0.3426659082323496
32	0	0.3106638452396553
32	41	0.26867946725361674
114	36	0.5793408600914276
114	176	0.45680001892517724
114	37	0.43448323219853435
114	70	0.41218451988557225
114	134	0.3847132763390461
114	61	0.37052369797083606
114	167	0.364937283390656
114	35	0.3489871720821704
114	0	0.30661966490431364
114	144	0.2941195637660086
152	14	0.6024346229771048
152	18	0.48401927421331203
152	186	0.46036157255825033
152	49	0.39647541355418336
152	155	0.38130005932321276
152	120	0.34434171729792284
152	47	0.3389537512188499
152	153	0.3386881911166784
152	188	0.32600354815408994
152	136	0.3177388266836538
63	30	0.5996689017286015
63	61	0.5283403348273308
63	167	0.5204742583478855
63	31	0.4750793671794412
63	92	0.4424394843966284
63	93	0.3925237722008781
63	7	0.3859735115003062
63	185	0.36515396881179235
63	76	0.36242084699516713
63	134	0.3469216932529276
63	65	0.33246763908082305
63	74	0.3298857076537649
63	85	0.2922640662915359
63	37	0.2826041490699273
63	187	0.2820979962562669
84	76	0.6013185705875397
84	64	0.4792498453908185
84	82	0.4524447180707077
84	73	0.41305575161939406
84	92	0.3420038031393605
84	180	0.30582218367419123
84	184	0.30023694166022924
35	37	0.5092450802976053
35	144	0.46684620197510973
35	40	0.40699972544981505
35	146	0.3940369133332551
35	134	0.35519819435159095
35	62	0.348117446004113
35	30	0.34047525249231636
35	137	0.322522573940699
35	61	0.305849377608447
35	39	0.29452144895123616
35	42	0.2820611790120233
146	42	0.4938579803440038
146	144	0.47946550592969833
146	49	0.4401525546139788
146	150	0.37563689454835164
146	60	0.34488808642722213
146	40	0.33626024860112275
146	145	0.30834003091192624
146	43	0.305858442142305
146	47	0.29771454429641403
146	155	0.2965840336275555
146	62	0.285775509848053
146	153	0.28202436093699323
146	168	0.2814811978874387
146	169	0.27863355598159073
146	167	0.26122251183607403
92	65	0.5440567024533138
92	93	0.5383859823012556
92	64	0.5114046177259096
92	169	0.28385505098211156
92	180	0.2825581416751252
92	74	0.27310868335545657
92	185	0.2682340604003588
41	145	0.6173055770289206
41	40	0.48770907286355286
41	144	0.3642522976358906
41	130	0.2922732120819613
41	137	0.288363114921183
41	173	0.2853622071645606
41	62	0.282079587737999
41	52	0.2735528226887549
41	27	0.2681319718347987
145	173	0.4673387514576186
145	144	0.4195946856973709
145	40	0.3371025618660326
145	176	0.3336056697048865
145	179	0.31817030102261296
145	180	0.29935412278842105
145	155	0.2988168995725559
145	130	0.29837969683616705
145	53	0.29454884642263685
145	169	0.2876019501451588
145	52	0.26722218992249813
145	89	0.2618466835762493
145	156	0.26173490770689295
138	128	0.4493296244930359
138	33	0.4434522708601287
138	137	0.41683887322076874
138	21	0.3836392417055322
138	125	0.37994040583485433
138	75	0.3244207491050931
138	133	0.3159846100366469
138	136	0.3073533298780995
138	62	0.2978968066515759
138	29	0.2882530895087643
138	24	0.2857479596411269
138	27	0.2799980900273304
14	18	0.5736458282841381
14	186	0.4740954135537456
14	155	0.4401606172357773
14	49	0.41703715226576776
14	153	0.37082560807204634
14	47	0.35102296260404425
14	188	0.35048801056769036
14	120	0.3414562063886641
14	52	0.31878133073709936
14	48	0.31874539514036776
14	21	0.3075796959624443
14	136	0.3014011115870538
14	20	0.28938048871172184
95	197	0.614201352498997
95	106	0.4354724010510376
95	112	0.3654485974984764
95	85	0.3585839880271698
95	11	0.3383428823023114
95	93	0.33166688095141184
95	5	0.3142642802398613
95	97	0.3066377844808168
95	74	0.29842524463442793
95	70	0.2883997883667108
95	7	0.2835332198130508
197	101	0.23826134069266813
197	74	0.3306875272572262
197	85	0.3190508184956669
197	185	0.2936353366768272
197	7	0.28781291176385787
197	73	0.2691618617120198
197	112	0.26725933321750633
197	106	0.2661911470671429
197	93	0.26465739005852235
65	64	0.47180527831673663
65	93	0.43067084949308027
65	169	0.38682420731910877
65	60	0.346420196295453
73	184	0.6074687929348749
73	76	0.5072425242157456
73	74	0.48313820003278235
73	185	0.45273097719217986
73	75	0.44730813045571566
73	85	0.38019707015841436
73	64	0.34817017375734993
73	187	0.29468582651607095
73	93	0.2766492891556883
73	180	0.2691618617120198
73	7	0.26461089161995893
184	75	0.4454984952604997
184	76	0.44209359227218537
184	185	0.4086170877582691
184	74	0.3799489622552249
184	186	0.35071605090210356
184	188	0.29164202719705656
184	187	0.26511300960463324
182	183	0.6057623477314257
182	80	0.5045564521672699
182	177	0.3970736381998708
182	43	0.5316553854654911
182	179	0.3898134167571786
182	173	0.3865605619322688
182	187	0.38082992513079233
182	147	0.3797093579109057
182	176	0.36485059814955817
182	169	0.3403072670728473
182	60	0.339661647396208
182	155	0.3093622411746419
182	49	0.28706983607474273
182	112	0.26741718336050596
183	167	0.5479101267086837
183	80	0.49486293837642653
183	185	0.44674001016268816
183	176	0.4419648546461238
183	60	0.4413369980183528
183	31	0.34220688484288186
183	147	0.32232544453492323
183	187	0.3082676350122495
183	169	0.27036725671256917
183	177	0.26762143871151434
18	155	0.541093138343032
18	120	0.5021672498455336
18	49	0.4707940389327406
18	136	0.4231394359255199
18	47	0.4167810343584353
18	153	0.4055552822279817
18	42	0.38916022579177795
18	53	0.33969703211404734
18	186	0.32012825336098816
18	33	0.3168844791181298
18	48	0.3131012124050496
18	188	0.2962374201740541
18	51	0.29605496068804366
18	118	0.29122109608972624
18	24	0.28693219151235233
18	150	0.2847558378985133
18	52	0.27955566208600025
18	125	0.27584568124355896
18	29	0.2614088546580635
74	185	0.5733908191319339
74	76	0.4295053651673973
74	7	0.42838743861026646
74	75	0.40481139675062205
74	80	0.36335862279153797
74	85	0.3375013641805891
74	93	0.3211241439404199
74	187	0.2972952585222974
74	64	0.29641985804081467
185	167	0.5274025778265253
185	80	0.44143361949927457
185	187	0.4259675839977583
185	7	0.413022575673429
185	76	0.4121264109345448
185	93	0.3710153400313896
185	85	0.3325476885595662
185	31	0.30914519426284415
185	75	0.30616660329272205
185	147	0.2924926950106717
185	97	0.2738766007745104
185	160	0.26706432206122743
185	64	0.2619025688770374
76	77	0.46706514864398657
76	187	0.46430067120350205
76	75	0.4030289104290998
76	31	0.3731864215601787
76	80	0.301473842422801
76	7	0.28525197518107803
76	188	0.282079587737999
76	64	0.2753929045920509
30	134	0.5101777248784951
30	61	0.5090969313211143
30	31	0.43648480416662855
30	167	0.42403386183176883
30	37	0.4099074691706194
30	7	0.32355256752872635
30	36	0.3063478445945044
30	40	0.3044618514768364
30	62	0.2720533859745436
153	168	0.4249192669171884
153	155	0.5508216007760031
153	47	0.48486112353174954
153	82	0.38567561271215894
153	150	0.3803424872901284
153	179	0.37677865636246816
153	49	0.35116323998511006
153	120	0.32898532079083675
153	157	0.3176848831330398
153	53	0.31118777380247287
153	125	0.30966966912782157
153	51	0.3047521601367138
153	43	0.29797881762691464
153	144	0.29399166938506127
153	52	0.2901865910865993
153	188	0.2880146750053091
153	48	0.28352402369784446
153	89	0.26645128750766406
153	42	0.26460159178459053
153	20	0.2604862674421306
11	112	0.5932977957808012
11	70	0.417904156309913
11	109	0.37470031379513263
11	5	0.3512158399395096
11	106	0.2936353366768272
112	70	0.46992961575637493
112	176	0.39008475746083493
112	5	0.3226211281546688
112	109	0.31902387204049987
112	80	0.2961735618125896
112	106	0.26773284058522107
33	62	0.5928958894033712
33	136	0.5482809100826208
33	137	0.45982551912025155
33	24	0.4156814550420225
33	21	0.40840047641061067
33	125	0.40694131920027365
33	49	0.32946679028568415
33	39	0.3081409335958362
33	40	0.2970308672315633
33	42	0.29364447443288577
33	52	0.2843055071844843
33	128	0.282686959104026
62	137	0.5227235729224289
62	24	0.5429575268483067
62	136	0.4483074654674193
62	39	0.3947293720644883
62	40	0.3258069152835493
62	49	0.29378153433322074
62	134	0.2861336195373037
62	125	0.2824385163651009
62	42	0.2773694364448502
62	21	0.27541138766520834
93	64	0.509852175597611
93	85	0.39654283599524803
93	180	0.3266111441139826
93	97	0.31338981312145675
167	31	0.5525954241162051
167	134	0.4450896215418421
167	187	0.4213398840932075
167	147	0.3965006974708356
167	61	0.35661299048363815
167	7	0.33943162329652143
167	160	0.32697735836932473
167	80	0.32636992505459345
167	60	0.2653361270261431
49	42	0.5736659558516601
49	47	0.45277867797612265
49	155	0.38221411902947877
49	43	0.36751759555129465
49	136	0.3622123525929987
49	60	0.36056919349346017
49	82	0.3169654393893768
49	120	0.3001004568477561
49	150	0.2868312446356974
49	179	0.26456439195097986
49	48	0.26143680440118694
169	64	0.5130347810050577
169	173	0.3646858787651311
169	179	0.3632457812954611
169	180	0.30938936977296894
37	36	0.5480010935128553
37	61	0.5344114992542179
37	134	0.39865604022354056
37	7	0.32174285345734477
37	31	0.302237304264425
37	70	0.2746256776375551
37	60	0.26932881296216904
173	180	0.5163427007368472
173	179	0.465233620906999
173	89	0.3310704504601228
173	155	0.32030774544677737
36	61	0.5778840565639533
36	70	0.4553823738711036
36	7	0.3449057073498316
36	134	0.329547018553607
36	31	0.30545955021620014
36	176	0.2674357530221875
61	134	0.3365174329375722
61	31	0.33580783724203184
61	7	0.27695400483220045
61	70	0.27476435903427143
61	60	0.27274773438586086
61	40	0.2723496759959426
155	51	0.4565705017416239
155	72	0.24707008599124394
155	47	0.5293415893900084
155	150	0.44308265445047457
155	179	0.4171610565159816
155	120	0.4077086785568748
155	168	0.36088234917919965
155	43	0.33962626171684895
155	82	0.33681889547973143
155	53	0.2999730599359145
155	136	0.29514233934592315
155	144	0.2930595499159555
155	52	0.29293156841189494
155	42	0.29149562917849986
155	157	0.28186787485173725
155	89	0.2636248354722033
155	188	0.26247063634889023
155	186	0.26139953797960214
134	31	0.46483391168721966
134	7	0.37276458582805577
42	47	0.3865775732193879
42	136	0.36099541318510475
42	40	0.34310712263868176
42	60	0.3165785875357926
42	150	0.3094526678772533
42	120	0.2836435691275891
42	82	0.27984141038911103
70	176	0.5712726479862461
70	60	0.33878556942240035
70	5	0.27949113141908605
176	60	0.288133886722231
43	77	0.38082992513079233
43	60	0.378107837705287
43	47	0.369634765478602
43	82	0.3572587120734826
43	150	0.31683949919415055
43	147	0.31543541047321977
43	177	0.2992084538751426
43	80	0.2856193857639071
43	187	0.2698852001790424
39	24	0.5454912729695729
39	143	0.5185175281019127
39	130	0.4068995984132764
39	137	0.450254941132995
39	27	0.3339344507922283
39	52	0.29919934910488943
39	53	0.27011697503074433
39	156	0.26808556595040833
39	136	0.2628709680828002
180	179	0.4429460189404254
180	89	0.34583926814652804
180	64	0.31953576644870496
133	29	0.5430491960034958
133	26	0.43373660758971544
133	129	0.40767532706764775
133	131	0.37196353505377
133	16	0.32245089375622976
133	125	0.29147732846584734
133	128	0.27627986222638823
31	7	0.479380789050821
31	77	0.3865605619322688
31	187	0.3665744435131111
31	147	0.32829848507104653
31	160	0.3007827579375229
136	137	0.46211715726000974
136	125	0.3802227333713297
136	120	0.37186013326343204
136	24	0.3172712476106555
136	21	0.3122531134735445
136	52	0.27383035056082894
89	179	0.5471679137580826
89	47	0.40624018473519863
89	82	0.38265806518552176
89	51	0.30881956350713435
89	192	0.29388203725007556
89	168	0.2711086174398775
179	192	0.3049789243854889
179	47	0.42078867185934055
179	168	0.40430959829076013
179	82	0.3288604674289446
179	53	0.30780602723666084
179	150	0.30549581755157995
24	127	0.31710036290998583
24	137	0.42825679218422474
24	29	0.39169444686056804
24	27	0.3196704445266194
24	26	0.27471813317189875
29	26	0.4781783880976781
29	129	0.37082560807204634
29	16	0.33398775899103217
29	128	0.31370540388130597
29	125	0.2981883812443265
29	21	0.27184039565131807
131	143	0.45862606975931336
64	82	0.27031164171765765
7	85	0.3405017745194789
7	100	0.28154565040084806
120	188	0.30717221196095285
120	47	0.2961461931327829
188	186	0.47480057165532774
188	77	0.4416670791504945
188	187	0.30040070720833173
188	75	0.28290776525917816
188	150	0.267686424007594
47	82	0.4839809870196476
47	51	0.45527139903169117
47	150	0.35735466858554393
47	53	0.304162411418513
47	168	0.2962191751981418
47	144	0.27561468802871636
47	157	0.268336142941698
47	52	0.2670457484290652
128	129	0.32257633165170785
128	21	0.31290276586002946
128	125	0.3022918224324288
128	27	0.2918798948361973
128	137	0.2782922463737032
128	75	0.26798346862580386
40	144	0.5259284269280198
40	137	0.3570406010443483
40	51	0.31384965086703775
144	137	0.30655624463652764
144	20	0.28614280078655047
144	130	0.27761864564842603
144	168	0.2618466835762493
85	160	0.5250235834334614
160	80	0.29198052027900057
60	80	0.3334812448784638
137	130	0.3630113841366964
137	125	0.3306964336853666
137	27	0.32416124685638326
137	143	0.31551645321742705
109	106	0.325896297356517
109	0	0.30681896802068287
109	5	0.2817205801299899
143	130	0.3610215033718936
143	27	0.28397457199127896
150	157	0.2852703477024727
80	187	0.39035603043159006
80	147	0.3560455213613353
80	97	0.3553991598058847
80	177	0.2693937340774397
21	125	0.5009323114382096
21	122	0.2652524613218384
21	52	0.32416124685638326
21	156	0.2695977559259912
21	20	0.2690319995544087
21	186	0.2642760665516408
125	53	0.3319071586403137
125	52	0.3069186094906677
125	156	0.3042713056707034
125	48	0.29540705507100734
53	157	0.48790720409884814
53	130	0.43830434642581817
53	27	0.4046776076489776
53	52	0.3371380158624597
53	159	0.3089009779870475
53	51	0.28344125631456046
53	156	0.276926305707691
157	130	0.32425073590380055
75	186	0.4511474336352995
82	178	0.26867018911524987
82	168	0.3557311177045739
82	54	0.32621802457393606
82	159	0.32152768127754966
82	51	0.28323891826868774
27	130	0.4810273126965375
186	77	0.3092898957840229
26	129	0.4492897184520932
26	127	0.2781446312540426
147	187	0.47750703845203807
147	77	0.43694609352853375
187	77	0.403472726465676
54	159	0.4688926772868273
0	5	0.37173086804792105
0	106	0.27668622735374393
52	156	0.4592891303496238
51	20	0.2933520396286277
129	127	0.30737144044538245
5	106	0.43037757589318626
177	71	0.2823648964230515
59	151	0.38244465157257074
