19	121	0.9260900581215165
19	28	0.6846367255940484
19	128	0.6736686455828182
19	132	0.6667394624082691
19	125	0.6659443992675996
19	133	0.6632645670020926
19	23	0.6531771127295952
19	123	0.6488847754377725
19	126	0.6458582491394621
19	29	0.6409296825017126
19	120	0.6251227526438198
19	25	0.6122483759098171
19	16	0.6006797707015721
19	18	0.5924742185564503
19	17	0.587991071801306
19	117	0.5879256413043211
19	33	0.5784432669934644
19	21	0.563720464630955
19	26	0.533110018917774
19	20	0.5307509284468361
19	129	0.5277634059060778
19	22	0.5268465303044341
19	131	0.5267598328956821
19	15	0.490675760443672
19	136	0.485319935815081
19	118	0.46291109863746716
19	119	0.43410187892071944
19	124	0.43063012248514765
19	112	0.4209450173674503
121	133	0.706834883193019
121	120	0.67552681137913
121	28	0.7019427272938003
121	128	0.7008504362401131
121	123	0.6829649413351717
121	29	0.6826179740780396
121	132	0.6669060666255695
121	125	0.665911006849965
121	126	0.6623674875833575
121	23	0.6571666168621936
121	16	0.6323306228929411
121	25	0.6315257296724388
121	18	0.6246473281208413
121	17	0.6222877619366637
121	117	0.621956761452634
121	21	0.607891378593509
121	20	0.5937317816784348
121	26	0.5774909530701742
121	131	0.5715353120013983
121	33	0.5695455882489145
121	129	0.5593041540986108
121	15	0.5473360374226016
121	118	0.5444297160812817
121	22	0.5316266911532427
121	124	0.5279221099499412
121	136	0.5093857938761059
121	119	0.49248063405893405
121	109	0.45626966307832467
121	43	0.45115539825929846
121	112	0.44071676669431886
28	132	0.9194101118532194
28	125	0.7825827003127326
28	131	0.7301086457077354
28	128	0.7780065059806152
28	133	0.747480093633459
28	25	0.7251064248928759
28	126	0.7217364647778963
28	29	0.7187914227860779
28	23	0.7152396162720789
28	123	0.7097202682513346
28	21	0.7005195599221695
28	129	0.655578621015207
28	22	0.6012164142035799
28	26	0.6001745758606907
28	20	0.5757621252496802
28	33	0.5597849909704776
28	18	0.5228325783845995
28	117	0.5101037492357655
28	16	0.4956931078789038
28	118	0.48533522495787457
28	124	0.4526832738166919
28	136	0.45162518385237344
28	120	0.4480996959462323
28	53	0.4321521179756017
28	15	0.43211145486965674
28	112	0.4306627042318073
132	125	0.7694589167155094
132	128	0.768968944964352
132	133	0.74732560749504
132	126	0.7230561389179349
132	25	0.6932572834067348
132	29	0.6869884116554243
132	123	0.6793198687670952
132	23	0.6736467981718749
132	131	0.6536241054402636
132	21	0.6384483391554907
132	129	0.6277838398330658
132	22	0.5417787799310808
132	20	0.5261381807246764
132	26	0.5026158114718406
132	33	0.4882880844300736
132	117	0.469625685268737
132	18	0.4671433300068392
132	16	0.4524367650969543
132	118	0.43823163352068867
23	25	0.8916870902779401
23	22	0.7978614861880029
23	21	0.7794234723426979
23	128	0.76518234523498
23	125	0.7256749946987142
23	123	0.7223778333862552
23	126	0.7215016244722625
23	26	0.7064744230070172
23	133	0.7010132185001581
23	29	0.6912470519166326
23	131	0.6033830090400804
23	18	0.6020713669395055
23	16	0.5958191400858603
23	129	0.5915128943453133
23	33	0.5673728902837107
23	118	0.5602791730573649
23	117	0.5416939973290441
23	20	0.5153299012092583
23	124	0.49954525398429134
23	120	0.4946137111636478
23	43	0.4647633550865621
23	15	0.46088941470952777
23	53	0.4541608727955551
23	112	0.44434355037041645
23	127	0.44314694639231195
23	17	0.4378275684996328
23	116	0.42154548060793934
25	128	0.8038501988582903
25	21	0.7967686224583799
25	22	0.7597654342870223
25	125	0.7231181677636382
25	126	0.7100129609697909
25	133	0.6955924349808833
25	29	0.6919617578300483
25	123	0.6889109535952376
25	26	0.6766614645374562
25	18	0.594197769845509
25	129	0.5862348743430822
25	131	0.5785497216819754
25	16	0.5652467059342975
25	118	0.5353253112323842
25	20	0.5347543253747258
25	124	0.504459540848921
25	33	0.501284289948208
25	117	0.4858014012153235
25	53	0.48418771584949666
25	120	0.451290785871375
25	43	0.4352211543674209
25	15	0.4210602033194538
126	128	0.8816435423399845
126	123	0.8758818251685337
126	133	0.7584475518825365
126	125	0.7226598336210506
126	22	0.6850986574571544
126	29	0.6769107663818231
126	26	0.6734938333259067
126	129	0.6586921914862609
126	21	0.6446150337855774
126	33	0.5962897849694048
126	131	0.5819921586002642
126	18	0.563194927804731
126	118	0.5601213526556517
126	127	0.5523036083209698
126	117	0.5338039797378805
126	16	0.5194600671756128
126	120	0.49261696528068794
126	124	0.4758765054152269
126	20	0.47418068479573744
126	15	0.45170478372650835
126	136	0.4513465276742417
126	112	0.44645981818642916
128	133	0.8319077109975257
128	125	0.8037440257999667
128	129	0.7363046706204376
128	123	0.8272307564397037
128	29	0.7964763083855827
128	21	0.7506140075140735
128	26	0.6715769013090981
128	131	0.6480039055166047
128	22	0.6374105091565717
128	118	0.606925865198275
128	124	0.6042344648856074
128	20	0.5982196423940532
128	18	0.5695591004514546
128	117	0.5661578800940684
128	16	0.5609237554035577
128	33	0.5301616632908253
128	120	0.5226290876936853
128	127	0.5172295483847202
128	112	0.48395035593050106
128	53	0.47608533479729354
128	15	0.46640031223558887
128	17	0.4450014087481445
128	43	0.43725349215573156
128	11	0.42658948177692957
12	113	0.8763930674728229
12	111	0.7834338749852192
12	102	0.7528667056772025
12	3	0.7430880183375261
12	13	0.7737077293047196
12	108	0.7334252612610337
12	103	0.70517473260612
12	114	0.7000864206230739
12	1	0.660573253434969
12	6	0.6553961133991137
12	9	0.6533318925372442
12	112	0.6430752669761278
12	0	0.6162522851968566
12	11	0.6007372941348086
12	157	0.5264273912892773
12	124	0.5187222174592123
12	109	0.5032134729059171
12	70	0.49419059393634346
12	36	0.4923063978764113
12	51	0.48401927421331203
12	155	0.46655679178682957
12	53	0.4394750410654216
12	154	0.43823971301563536
12	143	0.4304020188318531
12	47	0.4260739898151129
12	50	0.4249028779055783
113	114	0.8032123919408986
113	111	0.7752683799545887
113	102	0.7411382027653798
113	13	0.730444666793836
113	103	0.6514594178093202
113	108	0.6317661390308432
113	1	0.6116916875023869
113	3	0.6035292523993395
113	124	0.6029376707550496
113	112	0.5897221766061577
113	157	0.583623184913879
113	11	0.5626279293676636
113	0	0.5476861532090009
113	9	0.5389609452709783
113	110	0.5055174215552404
113	129	0.46971921420334556
113	51	0.46597767162770226
113	155	0.4638298851762033
113	154	0.4620149129129474
113	109	0.46056644550942205
113	6	0.45748029852970296
113	53	0.4545973195780602
113	135	0.45152169326676206
113	148	0.44846725522158204
113	50	0.4479238531483978
113	186	0.42789742219747834
123	26	0.7778090762579374
123	22	0.7618040631770231
123	33	0.7366387254711876
123	125	0.7320173809161453
123	133	0.6938022505698352
123	129	0.6735976371922473
123	127	0.6719226152074206
123	136	0.6409237903725276
123	29	0.6369709581040196
123	21	0.6330442735530946
123	18	0.6270804985122969
123	138	0.5742828648712922
123	131	0.5631539577319342
123	118	0.5581486089095007
123	117	0.5344400748173367
123	120	0.5244656082897858
123	16	0.5131231909993627
123	124	0.5032806797200537
123	20	0.5022943697613221
123	34	0.4805275582389301
123	130	0.4635472877391001
123	112	0.44990407262960225
123	17	0.44875480454839306
98	198	0.8732958732852089
98	96	0.8527643934323283
98	199	0.827167608137782
98	81	0.7516729599354413
98	93	0.7337531724962438
98	95	0.7079140642680336
98	97	0.6882799502143303
98	61	0.6881378307151876
98	85	0.6613559979551408
98	66	0.6321325294296398
98	182	0.6299601068422663
98	185	0.6148299466066437
98	78	0.6124233884422594
98	195	0.5973584940329523
98	193	0.5914283732219389
98	183	0.5824284391391299
98	79	0.5754612232195868
98	197	0.5722419024647475
98	190	0.5564112241670864
98	55	0.5346614940062978
98	196	0.5312104864903915
98	74	0.5309520235233359
98	83	0.5279725989612679
98	158	0.5256245321168879
98	87	0.5199855866264164
98	176	0.5131010895214201
98	177	0.49765172888193965
98	70	0.48707624075536016
98	187	0.4848305265507189
98	80	0.47483929895676596
98	63	0.45801781524059704
98	180	0.45620631532660294
98	170	0.453819498852262
98	160	0.44921788306014543
98	191	0.4365333717555732
98	166	0.4204347449776696
98	194	0.4198747854288454
198	96	0.8689067486292169
198	199	0.8430427965737725
198	95	0.7606686632276651
198	97	0.7017549862716811
198	81	0.6892575610696885
198	190	0.685326765370939
198	197	0.6836899076050168
198	93	0.6552078222237996
198	185	0.6302435035369313
198	195	0.6259566714543238
198	61	0.622753237740944
198	183	0.6215887222819982
198	193	0.6128856326909183
198	85	0.6095531435868363
198	182	0.6070963803202427
198	196	0.604151921309747
198	83	0.5863595629008931
198	176	0.5762365647856351
198	177	0.5429716306376304
198	158	0.5286430273672174
198	55	0.5222073817861399
198	160	0.5205909056804042
198	79	0.5171343204148872
198	191	0.5101925191013202
198	74	0.5098891771922651
198	87	0.501366643953443
198	66	0.5000403906617868
198	166	0.47851770867207255
198	70	0.4761703980451794
198	170	0.47231043318459665
198	78	0.4712686978727137
198	187	0.44941741147144065
198	99	0.42052529659826293
9	108	0.871648226346554
9	109	0.8539601876132961
9	3	0.8340811369181099
9	112	0.8003552952206492
9	11	0.7495424214079383
9	103	0.7298517248135455
9	6	0.6538760541975672
9	106	0.6101435433929245
9	70	0.5912788040086465
9	0	0.5465160174530921
9	5	0.5142126856118279
9	143	0.478756689662631
9	102	0.4657506101556827
9	111	0.4520231113088377
9	155	0.4434362037159612
9	15	0.4362581217839913
9	131	0.43018200966266373
9	51	0.427987277385316
9	1	0.4228849071108008
9	117	0.42085450459455737
108	6	0.8027506052048986
108	103	0.7607150114996797
108	3	0.7593211857402532
108	109	0.7107807318802685
108	112	0.7019833071275442
108	111	0.6441589168051752
108	11	0.6166676698180106
108	102	0.6016121607071506
108	1	0.5807078169595754
108	0	0.5724974117893791
108	70	0.543232495487187
108	106	0.49206391667327753
108	13	0.4779778133538851
108	143	0.47466113814518573
108	114	0.46107841322749726
108	5	0.44846725522158204
108	155	0.4449693292272959
108	15	0.4227124464432022
108	51	0.42102729443299935
108	36	0.42078867185934055
96	81	0.7716526184582204
96	95	0.7555185230839521
96	93	0.7201949991587505
96	85	0.7031126367206918
96	83	0.692961111631331
96	190	0.6906199189972585
96	97	0.6761135397015167
96	199	0.6398383528225425
96	185	0.613072909611872
96	197	0.6000785986491746
96	74	0.5968372800601692
96	193	0.588795237594091
96	55	0.588625348346396
96	61	0.554745113435209
96	87	0.5540108886334556
96	78	0.5451469857294959
96	66	0.5297373627404474
96	195	0.5214214554354021
96	196	0.5209480172597658
96	158	0.5145583271493029
96	183	0.4943795145059317
96	182	0.4834907472972003
96	191	0.4805275582389301
96	99	0.4644261698612487
96	88	0.46320176276655267
96	160	0.45634884126485575
96	90	0.4412806307612654
96	70	0.4218003601087627
13	114	0.8660359291694482
13	1	0.737825594442451
13	102	0.738112497480396
13	111	0.726124410751988
13	10	0.6523219752210994
13	110	0.6409885996395508
13	32	0.6187147603425878
13	2	0.6122421243522803
13	0	0.6110717373320962
13	36	0.5804227510694805
13	157	0.5566252132801713
13	135	0.5503198530676369
13	6	0.5486025474401018
13	140	0.5186345007282256
13	8	0.5181591786926771
13	141	0.5053089454537429
13	7	0.49157872515734885
13	134	0.4604167354860937
13	103	0.4402009292801068
13	144	0.43403695222137645
13	148	0.4328106154120409
13	50	0.42761146305411507
13	146	0.4237549552355632
13	124	0.42027831790495945
114	110	0.7725814384934345
114	102	0.7279393897268384
114	111	0.6969320023282524
114	135	0.6897401849868624
114	2	0.6884851407017648
114	10	0.6729634731389816
114	1	0.6545967421462745
114	0	0.6039740911045116
114	32	0.6006158484807997
114	140	0.5911747318636814
114	141	0.5750530849287278
114	157	0.5743900868888331
114	7	0.5478821343154839
114	36	0.5468105043421397
114	104	0.5125851952211812
114	124	0.49617569925338717
114	148	0.4926699764493935
114	134	0.4698672801205402
114	103	0.46704169281092384
114	8	0.4641123882535283
114	144	0.457907177391616
114	147	0.4365333717555732
114	146	0.43006791071034617
114	100	0.42708834496364584
114	101	0.4245422491871786
109	106	0.6112283612346816
109	112	0.7949355361946585
109	11	0.7362314051206224
109	3	0.7107955752862873
109	103	0.6545453038365263
109	70	0.5569770992263718
109	0	0.5146391978416567
109	143	0.4661655381683988
109	131	0.46045613540052605
109	124	0.4576384264148077
109	5	0.45565182528536924
109	129	0.4548432207124043
109	6	0.4521424544820881
109	21	0.44315498256453867
109	155	0.44247165371939795
109	16	0.437585044545728
109	17	0.42884456005380184
109	15	0.4254353781648303
109	29	0.4210108395740957
109	118	0.4206981446111934
110	135	0.8537434379847161
110	104	0.6838815849391933
110	2	0.7747891836508614
110	10	0.7656379071808774
110	7	0.6551735787150618
110	8	0.6094588682228952
110	140	0.5270776698032528
110	107	0.5203430068746092
110	102	0.4781475336903719
110	141	0.44598729633152534
110	1	0.43150129747413357
110	111	0.4303857236095417
110	134	0.4303368362594405
135	7	0.7951195018055747
135	2	0.7869236049146205
135	10	0.711201049976648
135	104	0.6813609831386754
135	140	0.5373839241256466
135	134	0.5222801079331253
135	148	0.5140802680003992
135	129	0.5005277059479041
135	147	0.49806540413002354
135	141	0.4973657845738834
135	8	0.4936084252648567
135	20	0.46207783396479574
135	107	0.46176318219399026
135	100	0.4578360455688281
135	32	0.4331437530155092
135	102	0.420426512596806
199	182	0.6878270894575792
199	195	0.644907175330925
199	176	0.642576508396982
199	183	0.6259262615903132
199	61	0.6154763965207662
199	166	0.6046913945321886
199	97	0.5789620474636595
199	95	0.574289566824715
199	193	0.5617045713464591
199	79	0.5454140000133725
199	196	0.5402722503359204
199	177	0.539152488089975
199	93	0.5305569587231274
199	197	0.5292984001694446
199	185	0.5223673692823853
199	66	0.5078883923993358
199	81	0.5075543938652007
199	160	0.49129808449399315
199	145	0.4907516804480196
199	175	0.48186466119618565
199	170	0.480489102651725
199	190	0.4802121678805945
199	180	0.47991974394891707
199	158	0.47543546714712553
199	70	0.47028795470169005
199	187	0.4577807167648356
199	85	0.4503824952208869
199	191	0.43920873809689814
199	38	0.4378599002141973
199	167	0.4236975233104087
29	133	0.8408301432194738
29	21	0.7209161982566558
29	125	0.7028698511430059
29	129	0.659958440152854
29	131	0.6364417597202905
29	26	0.6298213621812134
29	124	0.5935698870084486
29	20	0.5864120550354794
29	118	0.5785297629289813
29	16	0.5751333970602353
29	120	0.5703220398447029
29	117	0.5671151612880257
29	17	0.5421178001032911
29	18	0.540873863922364
29	22	0.5148744059772181
29	43	0.5065143115348463
29	15	0.4954441520109329
29	119	0.47783120797167744
29	122	0.475775938792638
29	53	0.46504554606819826
29	33	0.4585628944712904
29	112	0.4508447246772624
29	48	0.4215290344811302
133	125	0.7239663133824643
133	21	0.7103400894799419
133	129	0.6892208146157889
133	131	0.6770624393385432
133	26	0.6476673263093623
133	118	0.6160723854463596
133	16	0.5742962687011609
133	117	0.5624091860521879
133	22	0.5620946045721356
133	20	0.5578180547130934
133	124	0.5528732180172322
133	18	0.5443452790111711
133	120	0.5305713287569139
133	127	0.48550338593825454
133	33	0.4687756481080082
133	17	0.45819164605172163
133	43	0.45199128372910896
133	15	0.4479238531483978
133	53	0.43946697241307936
133	122	0.42704746431341756
22	26	0.8366194855503551
22	33	0.7336562202392847
22	18	0.6493534773111704
22	21	0.6354829216176981
22	125	0.607569740188942
22	127	0.5476791527718848
22	34	0.5385918909014529
22	16	0.5336681058296782
22	118	0.5221855624608078
22	131	0.47861022585539376
22	117	0.4765723945821968
22	120	0.4543434134420609
22	129	0.45430373393755474
22	136	0.4505498820646041
26	33	0.7552394114103045
26	127	0.7300852977871557
26	18	0.6798096231844593
26	21	0.6949777065408842
26	125	0.6560288589107526
26	131	0.6175592756728474
26	129	0.6168101854285509
26	118	0.5971011674283405
26	130	0.5951543828247116
26	24	0.5928375235873027
26	27	0.5817606616598608
26	149	0.5745709793582527
26	136	0.5649472131561806
26	17	0.5538237312199229
26	44	0.5482739161638382
26	120	0.5465160174530921
26	34	0.5444367520058182
26	16	0.5418494236788787
26	138	0.5400881169418728
26	43	0.5250090962766046
26	117	0.5155501976729188
26	143	0.5044371748932966
26	48	0.4860229291293151
26	124	0.48533522495787457
26	53	0.4705838569180048
26	112	0.4681043631700577
26	14	0.4661342299969829
26	122	0.4501592635053771
26	20	0.4417556171696927
26	155	0.44153023074426573
26	15	0.4206323013496332
81	93	0.8354453961032065
81	74	0.7608329539227954
81	85	0.7581330550180317
81	78	0.7163708999559899
81	55	0.6799978290030088
81	185	0.7575030018141816
81	183	0.7557330379117513
81	61	0.7047823885769674
81	196	0.6659777890168415
81	170	0.6282985693739251
81	190	0.6250130804265137
81	193	0.6233405776920592
81	63	0.6208272376919838
81	66	0.6206428312898787
81	182	0.601924719318959
81	97	0.5993678302075524
81	158	0.5930515011290498
81	94	0.5815555427690109
81	83	0.5713602156655163
81	90	0.5543019111127176
81	187	0.548637498243615
81	160	0.5328880861979745
81	80	0.5276840400622828
81	84	0.5177128159130112
81	65	0.5094006042474801
81	195	0.5025410699808585
81	95	0.49275327232731947
81	194	0.4908503653140522
81	180	0.48306153858126333
81	86	0.4738550558391305
81	92	0.47094969486886884
81	88	0.4631939082889012
81	167	0.4631939082889012
81	73	0.4475480728809866
81	91	0.43849821945997836
81	175	0.43773056656125214
81	68	0.4370755369756758
81	75	0.4328268687707699
81	69	0.42859153779824255
93	66	0.7701921796911393
93	193	0.7385628063201362
93	196	0.7311761547481467
93	85	0.7311296132022221
93	195	0.7197615310655212
93	185	0.6864864396237752
93	74	0.6817732920923447
93	183	0.6792336954790107
93	182	0.6680095209608093
93	55	0.6532917696816883
93	180	0.6355067674697935
93	61	0.6341575756007533
93	170	0.6274141069456315
93	92	0.6233833770811816
93	190	0.6223000169429662
93	83	0.6169588542644243
93	97	0.6145064114467574
93	91	0.612998007108848
93	87	0.5921366479497184
93	194	0.5867269044210113
93	78	0.5828709870446435
93	94	0.5685380634297256
93	88	0.5640614781032788
93	158	0.5638023254015018
93	90	0.5550496325441555
93	160	0.5429434227526693
93	63	0.5265502689057382
93	69	0.5205180033745272
93	95	0.5141611927864568
93	175	0.5085262760922191
93	191	0.5074430271067426
93	65	0.5031910692816891
93	79	0.485679152194395
93	187	0.47238812180049383
93	80	0.46459085854670035
93	41	0.46261247506248926
93	68	0.44040246288255347
93	99	0.42903224277750973
93	86	0.4232871962129448
193	194	0.8351733637441744
193	182	0.8206810745588706
193	195	0.795303321199988
193	180	0.7828151297379954
193	185	0.7820006710444429
193	190	0.6986457213603066
193	158	0.6819873077881322
193	160	0.6639305363840493
193	196	0.7497176433274921
193	74	0.7023989876956458
193	91	0.6972301675251108
193	170	0.6882167925129961
193	183	0.6868563772510856
193	191	0.6646959385596904
193	66	0.6427760772347791
193	87	0.6397970084890937
193	187	0.6353159667071298
193	55	0.6310264926440341
193	88	0.6043169954948111
193	90	0.5981811130155903
193	175	0.5950704234653644
193	83	0.5799650223188291
193	85	0.5741957324719145
193	92	0.5512046122635975
193	179	0.5313181502236248
193	97	0.5218218063978599
193	189	0.512577822619214
193	162	0.48948283988637104
193	82	0.47831721832401636
193	94	0.4666663100990076
193	73	0.46371999738396097
193	80	0.43844975502625055
193	4	0.4344345574704353
193	63	0.42778304881516427
193	78	0.4251404913076188
194	91	0.7537101901576824
194	88	0.7154935066126152
194	90	0.7042333899011978
194	180	0.7008606122707948
194	185	0.6797396953510539
194	182	0.6777983188597694
194	74	0.6528559138660459
194	189	0.6462602482420965
194	94	0.610482403135808
194	73	0.6043296913607419
194	196	0.5923508995588365
194	195	0.5875918260868632
194	82	0.5634748158641694
194	158	0.5632836867972395
194	184	0.5557480798614708
194	191	0.5537058626470227
194	92	0.5511280285381469
194	87	0.5454210252107418
194	170	0.5341185292950821
194	190	0.5301616632908253
194	55	0.5251032573578165
194	187	0.52492216694652
194	80	0.5172661711172858
194	84	0.4985013980269789
194	160	0.49215485607531023
194	183	0.48754138410467157
194	66	0.48638182452494383
194	162	0.47731401865692435
194	175	0.4642928269182141
194	83	0.4605349297868648
194	60	0.4430746176372519
194	179	0.44102290752744266
194	85	0.43423983318371767
3	112	0.771490747609057
3	103	0.7528017195802871
3	11	0.6966541834765675
3	0	0.5894612239624832
3	6	0.5877882122162811
3	102	0.5648382697661324
3	106	0.5527343364213412
3	70	0.5259718295157534
3	111	0.5078512889881039
3	5	0.4859618242165855
3	143	0.47663422252504334
3	155	0.47547416428302264
3	1	0.46908768933713063
3	131	0.45339060794313
3	124	0.44126452519102766
3	51	0.43999935131513906
183	196	0.8328598341411332
183	170	0.8320923765367839
183	182	0.7696220396904334
183	167	0.714065365337593
183	175	0.813299895371143
183	185	0.7351900898839163
183	61	0.6893362915314395
183	187	0.6843071967761427
183	180	0.6594953366578594
183	65	0.6492262243206148
183	160	0.6347669822530633
183	195	0.6346236634112606
183	63	0.632828492605635
183	166	0.6083514160576781
183	74	0.6044883637908561
183	158	0.6023263095560933
183	145	0.5738739001499639
183	66	0.5588642022033952
183	92	0.5556236614837538
183	165	0.5512811867026844
183	190	0.5467404006817976
183	55	0.5378744829285719
183	85	0.5304060549562607
183	97	0.5043253349612146
183	69	0.49845630689698356
183	169	0.4899085508177763
183	60	0.4878233854790376
183	171	0.4708173891921258
183	78	0.46010935389988666
183	37	0.4354886081856387
196	170	0.7988044123466949
196	195	0.7327730440016091
196	175	0.7192020098866314
196	182	0.6971376592993664
196	185	0.6944603411685283
196	190	0.6700258317393629
196	160	0.6578932142792823
196	180	0.6456658619920872
196	74	0.605496398253358
196	66	0.579865467572902
196	145	0.549140577195714
196	158	0.5469366716116726
196	61	0.5467824637979465
196	191	0.5463406634376341
196	55	0.5392163233057927
196	85	0.5307724772072774
196	92	0.522156468963601
196	187	0.5155795653870292
196	97	0.5126957751807503
196	83	0.5055397547806337
196	65	0.5007225433119745
196	91	0.4714320419257603
196	167	0.47072398419704653
196	87	0.4697036267797172
196	166	0.42805262129909927
196	69	0.4254845171947827
170	175	0.8172233387718142
170	180	0.735318722150074
170	65	0.6808838789257887
170	195	0.6722735170604912
170	182	0.6512809455777845
170	185	0.6449013343459041
170	160	0.6291995342080627
170	187	0.6118105820059616
170	66	0.6110529392475376
170	92	0.6087229287157243
170	61	0.6054457258699742
170	167	0.5713198014298625
170	63	0.5623544879186905
170	158	0.5360526091997033
170	74	0.5313037960506294
170	145	0.5308514834576993
170	169	0.5134546315114609
170	69	0.5131305580074692
170	190	0.49394114729815286
170	171	0.4923897331483285
170	166	0.48227916878023175
170	91	0.4808120721490761
170	60	0.48011983500745503
170	165	0.47938849095449015
170	85	0.47400238023673025
170	191	0.47023343486020097
170	55	0.4620542391154623
170	97	0.45070130001344416
170	37	0.43378531867530434
170	84	0.4276359771927319
173	174	0.8276092077089316
173	156	0.6945172865500044
173	50	0.635250361024088
173	142	0.6104384894728012
173	164	0.6042344648856074
173	139	0.5675762820589264
173	38	0.563570357785044
173	67	0.5564181281941677
173	36	0.5542049186717309
173	145	0.5301185262020525
173	172	0.5284916978941757
173	64	0.5107470844910943
173	171	0.48077363023737774
173	179	0.47181305227785186
173	52	0.4666897764471224
173	157	0.46206996908770054
173	37	0.4606452297355495
173	165	0.4585549972343587
173	169	0.4576621431013107
173	153	0.4382073946109667
173	45	0.4356263574305771
173	137	0.43108616477223094
173	141	0.41988302244590553
174	50	0.626928782218779
174	164	0.5957481854850206
174	156	0.5631812714214428
174	67	0.5504035053100951
174	172	0.5209188721259249
174	157	0.5181445483197511
174	144	0.5046309906847901
174	142	0.49593444185953367
174	153	0.4871525127136491
174	47	0.48050448510834554
174	145	0.47763826559305267
174	36	0.47491674804293743
174	38	0.4679794132839611
174	139	0.4634059536437544
174	171	0.4446725395282461
174	179	0.4372858439652205
174	45	0.43311938110414355
174	169	0.4330950085594129
174	155	0.4327699807841605
174	137	0.4275706047587421
182	187	0.7213193890632039
182	185	0.7595455140490623
182	195	0.7459803819751518
182	180	0.7232803419244743
182	175	0.6979899107292619
182	158	0.634360798792808
182	74	0.6252019450084668
182	160	0.6087606947201003
182	66	0.6019566026909765
182	92	0.5804492748308681
182	63	0.539606292779797
182	190	0.5277273316648053
182	91	0.5189926086380584
182	55	0.5174931897765486
182	78	0.517156297236771
182	80	0.5068487847388049
182	167	0.5011944388564482
182	85	0.4920942310006742
182	147	0.4805583213782431
182	60	0.47714412312702076
182	145	0.4750948530241966
182	162	0.46339024839975584
182	4	0.45145800071337167
182	65	0.44654788796029826
182	169	0.43646051941816616
182	189	0.4313629401990906
182	191	0.4304264611393109
182	61	0.42450126012320055
182	166	0.4230737574609469
11	112	0.8201252792966128
11	103	0.6555843231445415
11	70	0.6047675108066861
11	106	0.558637228986903
11	124	0.520065839684612
11	0	0.4951045355248988
11	129	0.47017891142940654
11	102	0.4531045639628253
11	186	0.4377063144842502
11	21	0.4325505234075532
11	5	0.4292280461326394
112	103	0.7435757471154048
112	70	0.6197752011050208
112	106	0.6078220224681782
112	0	0.5338111302328227
112	129	0.5245163519345728
112	124	0.5063284271873958
112	102	0.49977035660462116
112	131	0.49331339170192645
112	21	0.4855645264803882
112	17	0.4493455864073616
112	5	0.4467640225417619
112	143	0.4441188059478558
112	117	0.442431441888019
112	125	0.4400638610899282
112	15	0.42756243289002244
112	1	0.42712922386794644
112	6	0.4263522262223999
112	127	0.42342672692255373
112	120	0.4229341759619586
44	149	0.8198304066533377
44	45	0.76493353344588
44	31	0.6651478204065034
44	154	0.6628386915215583
44	17	0.6619069967396132
44	24	0.6470457318522727
44	46	0.6258228538143914
44	33	0.6122358727181937
44	14	0.6108774572225352
44	130	0.5634884656329793
44	48	0.5624091860521879
44	42	0.5616908814331765
44	138	0.5571977883683236
44	152	0.5543988885012061
44	155	0.5210500156629421
44	27	0.5120910637947168
44	136	0.5117958982528518
44	119	0.5079922719256897
44	52	0.5028848186301902
44	143	0.502802632329684
44	43	0.502623285207737
44	164	0.4958137844417557
44	120	0.48760998840010805
44	146	0.4836899437934916
44	47	0.45372420791983803
44	127	0.45080488682754966
44	51	0.4507092686609109
44	49	0.44893048340906444
44	18	0.43431285954858934
44	142	0.43172099966248945
44	144	0.4291627828289983
149	24	0.7119859287424871
149	45	0.729042246062607
149	154	0.6791798276616139
149	143	0.671999400783648
149	130	0.660398488329747
149	31	0.6085907259747796
149	14	0.6061293888805185
149	17	0.603929624153793
149	127	0.5881022859883451
149	43	0.581892957171741
149	46	0.5769775166295497
149	138	0.5666333172740247
149	152	0.566049155805409
149	155	0.5550427133066963
149	48	0.5546481898080583
149	27	0.547896130665453
149	52	0.5394432427854051
149	144	0.534889978774441
149	146	0.5271715479570831
149	119	0.49844127592093757
149	42	0.49220789909968166
149	164	0.4910173417822086
149	136	0.4708796533256728
149	51	0.46887707434736353
149	124	0.46772945737474514
149	134	0.46502203376097406
149	18	0.4516013024880186
149	118	0.4502469683922178
149	157	0.44696410066770703
149	33	0.44127257801168124
149	47	0.4412001000673787
149	39	0.43438588020475194
149	120	0.43165590805623927
165	171	0.8185805822252497
165	175	0.7792271463231238
165	137	0.770761091488346
165	169	0.687373692621231
165	167	0.6481605026677744
165	60	0.6442349681438445
165	62	0.6236828682262275
165	145	0.6115852847813448
165	172	0.5962575620841057
165	65	0.5871136639004219
165	166	0.5831746258611209
165	37	0.5684703831350256
165	92	0.5226872339693823
165	67	0.5164307021096084
165	35	0.4928668430640066
165	164	0.49252608048549507
165	141	0.49036441053243124
165	63	0.48921665200188996
165	150	0.4859923772668809
165	180	0.47651056192469193
165	69	0.47422719263318447
165	187	0.4525958108979179
165	146	0.4349292989353874
165	140	0.43197318716659183
165	147	0.42663856180549153
171	172	0.7497570537791575
171	169	0.7417100711781343
171	175	0.7283199496920492
171	137	0.7186899062970309
171	67	0.6460272489466332
171	62	0.6361084735130332
171	65	0.6226001693119473
171	37	0.6118731469591377
171	167	0.6116353594064008
171	145	0.6011908720364072
171	69	0.586510464513722
171	150	0.5850390816321581
171	146	0.5654372147028722
171	166	0.558231219791651
171	180	0.5447251589471857
171	35	0.5319207499967722
171	141	0.5266658983334891
171	60	0.5075543938652007
171	164	0.5073464955346797
171	31	0.4897945439989187
171	92	0.48815860597652466
171	140	0.4868550100589087
171	30	0.4758300915969521
171	41	0.46964906849076116
171	63	0.44354866773999246
171	42	0.4299374950826985
35	37	0.8177209474343388
35	62	0.7636860443814609
35	30	0.6275232378967124
35	172	0.6735812488743831
35	32	0.6650139802329512
35	69	0.6649972472069425
35	140	0.649908337711252
35	150	0.64165383849761
35	67	0.6093897219999045
35	166	0.6048119068652139
35	42	0.5899960444144239
35	38	0.5770041998915217
35	141	0.5734042434373552
35	31	0.5728267202737909
35	36	0.566049155805409
35	137	0.5646339478309051
35	68	0.5395354064500831
35	61	0.5212029853677186
35	34	0.5142715300161358
35	40	0.5036091587245808
35	2	0.49597968345502996
35	41	0.4949459960287989
35	146	0.4916166417432165
35	10	0.4842183377466433
35	167	0.47024122362874277
35	142	0.4701088046017359
35	39	0.4657271175363645
35	181	0.452293599264027
35	145	0.4516570246648844
35	139	0.4454664334455484
35	147	0.4304020188318531
35	169	0.42037711685797813
37	69	0.798405959731229
37	67	0.7123949400549525
37	61	0.6887270186582651
37	62	0.6652091495405036
37	166	0.6362870492325949
37	172	0.6358285678253004
37	65	0.6344205536396913
37	30	0.625688999321085
37	68	0.6133474578414985
37	41	0.5972555781446646
37	63	0.5959803659552138
37	175	0.5888866948780938
37	32	0.5801906156206015
37	167	0.5692752795529185
37	140	0.5603477779381713
37	150	0.5602585900939578
37	92	0.5591460826285533
37	141	0.5546412661158008
37	36	0.5490427874306001
37	66	0.5417575853139949
37	38	0.5393368840318542
37	145	0.5382084232726163
37	169	0.5255376803769876
37	60	0.5211301468267905
37	40	0.5199928827383743
37	137	0.48117333576661775
37	79	0.46888487585367533
37	31	0.45560428110076384
37	39	0.44825153228309367
37	54	0.4365252773340853
37	2	0.43438588020475194
37	180	0.43249361868152525
37	181	0.43031239163764456
37	42	0.42705564058313294
37	147	0.421866124645959
175	65	0.7444329448784031
175	180	0.7668352612051261
175	92	0.7188639158030098
175	169	0.7066797300221609
175	145	0.6947501543378766
175	167	0.6894359934125598
175	60	0.6804760061126619
175	187	0.6453041855860346
175	63	0.6280261339569871
175	69	0.6092136715984982
175	195	0.6063191365205203
175	166	0.5940101281038508
175	61	0.5684230023500382
175	66	0.5568529270067493
175	160	0.5304491737489928
175	67	0.5219600560697246
175	185	0.5181957532983502
175	41	0.49911737310813364
175	158	0.4861756706225771
175	137	0.48477697897826477
175	4	0.45376391373618785
175	62	0.4528343256151212
175	91	0.44795582714437543
175	172	0.44142556810013744
45	164	0.8159238341600454
45	154	0.7157618389641255
45	31	0.6775657976462819
45	52	0.6819445139884758
45	142	0.6432335821182426
45	24	0.6387266759618381
45	46	0.6318442459164408
45	152	0.6313032428517935
45	49	0.6179612176229736
45	146	0.5909665285040773
45	14	0.5849009415152194
45	130	0.5742962687011609
45	157	0.5721948228346044
45	155	0.5607729565979942
45	47	0.5559001129665354
45	156	0.5532133481364336
45	42	0.5484487411254182
45	38	0.5336967131531031
45	36	0.5279798113725357
45	27	0.527294292282691
45	144	0.52390718230042
45	51	0.5176322942493289
45	139	0.5129684663650691
45	143	0.5072945117212554
45	50	0.5050184697051109
45	17	0.49889958585495253
45	48	0.4852740666058675
45	64	0.48199517759962646
45	43	0.4653589808029436
45	153	0.4322334389157218
45	119	0.427374460624089
164	142	0.7022925785124147
164	146	0.6883536210144088
164	49	0.6149792007727761
164	154	0.6088047515717823
164	157	0.6080363659760601
164	50	0.6049070286184823
164	52	0.5935051156851102
164	156	0.590471729860908
164	137	0.5825936093640501
164	31	0.5820186093895771
164	139	0.5683079190310578
164	36	0.5619030405240059
164	172	0.539556673152208
164	144	0.5384072861731798
164	47	0.5332102225574625
164	38	0.5211301468267905
164	153	0.484570404298993
164	32	0.4841188122440538
164	46	0.4703268952479772
164	24	0.4672136869884683
164	155	0.45149780909842735
164	152	0.45087659366389604
164	42	0.44434355037041645
164	141	0.442149909257174
164	64	0.428754785661481
164	147	0.4283547786825422
87	191	0.8094045546069956
87	89	0.7441653336249884
87	83	0.6880325229581535
87	192	0.5103182578053352
87	179	0.7156886783613565
87	88	0.6548709774491983
87	91	0.6491972981161737
87	97	0.6281653979686659
87	195	0.6108586520159427
87	190	0.6046343000765714
87	90	0.5239144374750527
87	82	0.5174858677306723
87	180	0.5170024451637752
87	66	0.5160566209584171
87	177	0.5136975905683071
87	55	0.4622980210119467
87	168	0.44805973471781013
87	95	0.4321602503859264
87	92	0.4311187307994047
87	94	0.42973368474293727
87	74	0.42907303846907524
87	185	0.4271864514006326
191	179	0.7053908403599901
191	195	0.6572915878405813
191	89	0.6372145443552478
191	190	0.6363108541783503
191	83	0.6357213255868558
191	97	0.5439018034085695
191	180	0.5320283004620754
191	91	0.5272509732684715
191	177	0.49756896664848754
191	88	0.48899602725787106
191	192	0.47260561087728514
191	168	0.46350017899420687
191	185	0.4419004790047388
191	82	0.43909573775351995
191	90	0.4318837090070019
51	155	0.8086791076345657
51	47	0.713285204288419
51	157	0.7031328614566735
51	154	0.7009623568881126
51	27	0.6378852332542476
51	53	0.6183319544779946
51	46	0.6110404068082709
51	50	0.6099928673661068
51	48	0.5722217259422262
51	130	0.5641841958790925
51	124	0.5598536512031406
51	52	0.5593934808554172
51	152	0.5570322788884243
51	49	0.5508564295949566
51	144	0.5449150151346496
51	14	0.5322003455038945
51	17	0.516041947095689
51	153	0.5157190454870973
51	24	0.5021971623668015
51	143	0.5015238400129809
51	102	0.47071619997109754
51	122	0.46801065250992147
51	36	0.4647006331527258
51	43	0.46106266494833825
51	156	0.4557706743735244
155	154	0.7426174401385376
155	157	0.697291826777151
155	27	0.6749392263144839
155	130	0.6611196368526622
155	47	0.6546481743955366
155	144	0.6236462056735301
155	46	0.6155571446041934
155	14	0.5837945987336239
155	124	0.5830360283448741
155	152	0.5780172511714031
155	48	0.5716632341121339
155	24	0.5707469687559477
155	143	0.5658928301346837
155	52	0.5611019241959372
155	153	0.5589810951332267
155	17	0.5437186931029042
155	122	0.5228616436205329
155	156	0.5225636673214064
155	50	0.5187733805096479
155	43	0.5062317487262066
155	53	0.5024364192725458
155	119	0.469625685268737
155	36	0.4643163595555521
155	102	0.4629503833939048
155	103	0.4550573361762146
155	49	0.4477479756909077
155	142	0.44537024114515644
155	148	0.4326724505023994
155	0	0.43154198692773593
155	139	0.42783206765672854
155	21	0.4271128725157434
155	186	0.4256810482241415
155	39	0.4231476454209596
155	131	0.4201301007895313
86	94	0.8084367438073445
86	84	0.7992744089799904
86	80	0.7315854269614671
86	63	0.6696895444504306
86	68	0.6484677377163406
86	82	0.6332899043148866
86	73	0.6315437645883307
86	76	0.6233283486091191
86	78	0.5990922331676501
86	65	0.5831350300343464
86	189	0.5774309645745618
86	88	0.5510792886051594
86	91	0.5432183973649009
86	60	0.5229343013914577
86	92	0.5126146848732327
86	40	0.48945242302886793
86	75	0.4693216434285305
86	69	0.45634092377137386
86	90	0.4518321285679952
86	74	0.4321683827259612
86	180	0.42620493464007847
86	184	0.42591846964550695
86	77	0.4243864814874144
94	88	0.7750288932200059
94	73	0.7231229387302927
94	90	0.7173140047872626
94	91	0.7081434640816914
94	84	0.7070549838829598
94	82	0.6614235055865038
94	80	0.6440126284275071
94	74	0.5770508926362434
94	78	0.5397409557311017
94	189	0.5291760158137819
94	76	0.5275036288775495
94	92	0.5200074747346557
94	180	0.517280819679904
94	63	0.5157777657736081
94	85	0.5142126856118279
94	184	0.5071831054029623
94	65	0.4909186782287384
94	55	0.4824096172404086
94	66	0.4712764768941974
94	68	0.469126686259435
94	185	0.46754194133158994
94	75	0.44411077832734175
150	172	0.806697578116818
150	140	0.7725814384934345
150	141	0.7095961719502968
150	137	0.6675718170723527
150	146	0.6601051732346268
150	62	0.658958187678687
150	166	0.6440477419347178
150	32	0.6217237018627009
150	42	0.5822566110733849
150	30	0.5595308812681213
150	167	0.544500071879093
150	145	0.5376541319714814
150	2	0.5373270241981521
150	134	0.5336394972848817
150	31	0.5226000127324163
150	181	0.515997923690136
150	69	0.5104143962126872
150	142	0.5025709674787731
150	144	0.4665802612011292
150	34	0.456507175958589
150	10	0.4553823738711036
150	67	0.43985418771701534
150	169	0.4392652330577969
150	138	0.42866500280069664
150	36	0.42462422209467465
172	146	0.7042888316927189
172	62	0.70972523118752
172	140	0.7079190528094949
172	137	0.6912104977220085
172	42	0.6655936457811797
172	166	0.6642212180480694
172	32	0.6583070543126912
172	145	0.6468771139889349
172	142	0.6371492044369105
172	141	0.6364239111229137
172	67	0.6336132234203385
172	31	0.6328105064212071
172	69	0.6228940186070846
172	38	0.58971565429015
172	30	0.5823821828554075
172	169	0.5730282465004252
172	181	0.5664160213419634
172	36	0.5337038647931185
172	167	0.5190802807781559
172	41	0.5071088251060794
172	68	0.47425044555945545
172	134	0.47376199518157897
172	139	0.46358654302483476
172	79	0.4559053503630996
172	40	0.45366861675029446
172	49	0.4462436102487797
172	144	0.4225892415039436
83	190	0.8038855784999588
83	55	0.5995151842784632
83	88	0.5552848409151436
83	97	0.551489978881417
83	85	0.5475741370135885
83	74	0.5399747783766398
83	195	0.5344043551725445
83	90	0.5312104864903915
83	185	0.5171855986051889
83	95	0.49094144785893146
83	89	0.46292681275827535
83	158	0.4271864514006326
83	179	0.42236743325131215
190	55	0.6601841624967775
190	195	0.6480155071850132
190	185	0.6433918422797548
190	74	0.6010886910827772
190	97	0.5771842796937023
190	85	0.556604507883265
190	158	0.5519490785202223
190	160	0.5364515720496508
190	90	0.5193432316678113
190	95	0.4725201756031166
190	88	0.43865974915403394
125	21	0.7772950398254896
125	131	0.644603344205709
125	129	0.6420536946079656
125	33	0.6018354356671388
125	18	0.5422166477611684
125	117	0.5340827924708937
125	20	0.5340613494602062
125	124	0.528621410927914
125	16	0.5262611100927737
125	118	0.5080961366774952
125	120	0.5034150750839917
125	17	0.4953234168263983
125	127	0.48712963190638203
125	136	0.46364934769683874
125	53	0.44983228695380706
125	15	0.4448249572521684
125	130	0.4392168090182935
125	122	0.4240830722967368
6	105	0.33040249046137793
6	111	0.6770678551664068
6	1	0.6472491519135496
6	103	0.5856832867659542
6	102	0.5764168836103315
6	36	0.48788434536746106
6	0	0.48690841629268766
6	52	0.4565625862717151
6	70	0.4462996691623947
95	197	0.8021096150592408
95	79	0.6121108239607624
95	176	0.6008523223418726
95	70	0.575267225979672
95	97	0.5414749245881313
95	61	0.5281961482952222
95	85	0.5117958982528518
95	99	0.5117442318548534
95	177	0.4618811902338755
95	195	0.4322740967497184
197	176	0.6190541004581986
197	79	0.5619988300841846
197	70	0.5301688525388182
197	166	0.49611539208564204
197	61	0.47383954646442755
197	99	0.4418039070081783
197	101	0.4372373158265986
197	177	0.4316965908370092
197	97	0.4245176559576004
84	80	0.6637739323273616
84	73	0.6532344449505353
84	63	0.6451524286757212
84	65	0.6284135514188285
84	82	0.5822896589731825
84	60	0.569423964573464
84	74	0.5611156273347713
84	76	0.5533521237783645
84	91	0.5515386871172137
84	189	0.5477071540602657
84	90	0.5433664123700659
84	78	0.5234426930111286
84	88	0.5024065163658057
84	92	0.4973958890660032
84	185	0.45304893346067754
84	180	0.4316640447528869
84	75	0.4286078638441708
84	55	0.42029478508925133
84	187	0.4200559838243852
69	61	0.7790699753209684
69	67	0.7779275525210765
69	68	0.7759855045351498
69	41	0.758043741603053
69	54	0.4624709851364913
69	62	0.665231448818639
69	65	0.6385253426472692
69	66	0.6100179831013471
69	145	0.6053633727771022
69	40	0.5974806811011053
69	166	0.576256602981869
69	30	0.5652194854724036
69	63	0.5644227424324756
69	167	0.5501873810865877
69	79	0.5496223213752893
69	92	0.5464669231580285
69	180	0.507836447095991
69	42	0.4805813929566117
69	85	0.4734361995537022
69	169	0.47259784440121505
69	38	0.46036157255825033
27	130	0.7982246133906088
27	24	0.7179929673685086
27	144	0.6893152983335086
27	157	0.6543452083488213
27	53	0.6479690987070436
27	143	0.6264490460792687
27	154	0.5952964382998661
27	39	0.5789753433686532
27	48	0.5587472870601802
27	124	0.5531994688830427
27	17	0.5142568193689641
27	47	0.4926926944024423
27	21	0.48423364825039655
27	14	0.47935768289675584
27	127	0.4745061840763299
27	49	0.472085094698431
27	46	0.47181305227785186
27	34	0.4681590228602805
27	52	0.4642300700136716
27	20	0.4634923272819737
27	122	0.45541407836932263
27	131	0.454525915941929
27	50	0.4491939366386316
27	129	0.44502546763933654
27	142	0.43958799475139737
27	18	0.43002715775444444
27	102	0.42593484137518856
27	40	0.4257219871350205
27	146	0.4233610679139973
130	144	0.7020390969573477
130	143	0.7111763394446351
130	24	0.7074847854235421
130	127	0.6139085723540171
130	154	0.5817805079494575
130	157	0.5703152924785128
130	131	0.5563214648235376
130	17	0.5449782881177883
130	124	0.5169804635686949
130	52	0.5133662623460926
130	138	0.5037957296847949
130	48	0.5023541833869593
130	53	0.500205363624329
130	46	0.49730557199609104
130	14	0.49505169268867116
130	21	0.49138911426988635
130	122	0.48246332509396167
130	39	0.48243263533611297
130	142	0.47866418930500293
130	129	0.47206955183841465
130	43	0.4611177826546875
130	47	0.45297740334452274
130	152	0.43849014223144483
130	156	0.4260658051706885
130	18	0.4245750391854778
130	119	0.4231394359255199
130	33	0.42274529845521125
60	92	0.7969511296163154
60	65	0.739103215832203
60	63	0.7288829174580952
60	80	0.6209071258042828
60	189	0.5528037810580002
60	169	0.5521228925861529
60	147	0.5150654555275952
60	187	0.5117589940605853
60	91	0.5103700262252673
60	180	0.5054280818797572
60	76	0.476247720538256
60	66	0.44936952874092223
60	73	0.4359179943654897
60	167	0.43276185364755165
60	82	0.43094774662748725
60	4	0.42671217713703247
92	65	0.7284373158322988
92	66	0.7134521800214328
92	63	0.6696233572220746
92	91	0.6561085992456357
92	180	0.6434621624826784
92	80	0.5734310911245022
92	195	0.5600527224047236
92	189	0.5288375444667578
92	41	0.5051674459250275
92	67	0.49845630689698356
92	187	0.4983510837713767
92	169	0.49548942277066477
92	4	0.48987815063758683
92	82	0.48115796617429213
92	61	0.4754819034894153
92	74	0.4646614295757847
92	185	0.4637984901202368
92	88	0.45793088669641585
92	73	0.42997010067195934
92	85	0.4229752314278766
21	131	0.6642603329414842
21	129	0.6027084932007626
21	118	0.6017971666387828
21	124	0.590588959164458
21	18	0.5852955375212914
21	16	0.5716228406578895
21	53	0.5632017558810084
21	117	0.5623476503059399
21	20	0.5590773432194172
21	120	0.545877498654234
21	43	0.5455825835991136
21	17	0.5400951999518774
21	33	0.5123787337974981
21	122	0.5116113584053794
21	15	0.5049663209175013
21	48	0.4938201741957293
21	14	0.48284684711431636
21	127	0.477244520252098
21	119	0.45811263639027944
21	186	0.4536289066102564
21	77	0.43949924659693107
21	116	0.4313629401990906
195	180	0.6665616777662402
195	66	0.6383772476630551
195	185	0.5859328817374602
195	179	0.5692820387710006
195	160	0.5606015491486126
195	145	0.5403076546742677
195	158	0.5009323114382096
195	97	0.49910986425217735
195	74	0.49781722616655044
195	91	0.4905238980830383
195	55	0.48863833011924085
195	85	0.4721472632034615
195	187	0.4554616329508773
195	89	0.4428656354977103
195	79	0.44045888434003905
195	61	0.42617220010788376
7	2	0.7087063555179232
7	10	0.6635557082213136
7	104	0.55253290356025
7	20	0.5120984413843604
7	140	0.4976818219931577
7	129	0.4871067504303499
7	32	0.473343091284656
7	30	0.4665411451456299
7	78	0.4600699380240162
7	148	0.4576621431013107
7	100	0.4529217647773585
7	1	0.45241290574390836
7	134	0.4449693292272959
7	8	0.44458428591518173
7	147	0.4434040685726536
24	143	0.7876839097772507
24	39	0.7339838909727362
24	144	0.6473885866995844
24	31	0.5934727271401159
24	127	0.5920717066855091
24	142	0.5686936989037015
24	34	0.5618072358917967
24	138	0.5386628789553627
24	154	0.5301472845661506
24	52	0.5275324978652552
24	134	0.5086819536806102
24	157	0.4996127918561988
24	36	0.49732062558972556
24	146	0.49215485607531023
24	42	0.46787006678298393
24	46	0.45896555750337875
24	38	0.4400557976164624
24	47	0.4345319043888972
24	152	0.43181049327976784
24	14	0.4305812477605339
143	39	0.6392591951073658
143	127	0.6317240761625491
143	144	0.6085718371100698
143	52	0.5290968142019545
143	154	0.5178226034024652
143	131	0.506930521655402
143	142	0.4869007870535991
143	124	0.46737001465283734
143	157	0.46709642206557767
143	36	0.45250833926993317
143	103	0.4396525334732136
143	152	0.4378275684996328
143	46	0.432347276421965
143	156	0.431012887104751
143	47	0.42810979355265255
143	122	0.4273989808418145
143	102	0.42436188429083027
143	43	0.42343493398587184
143	129	0.42175103379309775
70	176	0.7871899840051358
70	139	0.6296946471625671
70	177	0.5707739380561336
70	71	0.5644091137392738
70	103	0.5219236772353466
70	36	0.5192482885192917
70	38	0.48879817255710223
70	0	0.47065392352534097
70	156	0.4507730152546918
176	139	0.7245938653727564
176	38	0.6383476229930106
176	177	0.6368936968669342
176	71	0.5884554070901613
176	79	0.5131379249399712
176	156	0.5027054913439947
176	36	0.46039309466667133
176	166	0.43037757589318626
176	142	0.4232789878987052
2	10	0.7750688231466556
2	140	0.741557078104112
2	141	0.6465978833092598
2	32	0.6168659414007873
2	104	0.5967407036256615
2	134	0.5883834932097337
2	30	0.5466422426782698
2	1	0.5140214078615738
2	100	0.5062986813240117
2	0	0.49986788011474065
2	8	0.499507730320123
2	102	0.47453717724330635
2	147	0.4733275722113825
2	20	0.4719685160945476
2	146	0.45559635681727023
2	107	0.4406039521119393
2	36	0.4247635600609674
2	148	0.4205088332903019
166	167	0.7865806860253116
166	145	0.7255140004101743
166	61	0.6683361125399505
166	62	0.6467142504946132
166	181	0.6133536958521972
166	141	0.5785031501806085
166	30	0.565151428932618
166	137	0.5637136424001195
166	140	0.5382297328793331
166	79	0.5320067917421591
166	32	0.5164893636323079
166	38	0.4783943358989584
166	41	0.43927330348289634
166	169	0.43764163916510374
166	142	0.4357802883265924
166	63	0.43418303095349564
166	67	0.42946458803466675
167	63	0.6637403667405984
167	61	0.6126045881576598
167	187	0.5974099446004564
167	30	0.59273374675724
167	62	0.5850851207957607
167	65	0.5786827623299838
167	169	0.5426471659881416
167	145	0.5343614890790159
167	180	0.4832608429479264
167	137	0.48294653251638325
167	185	0.47298607826835143
167	141	0.43821547431835367
167	68	0.42557459890011756
140	141	0.7863899656205255
140	32	0.6908761238985189
140	146	0.6244704495271581
140	10	0.6202307423334041
140	134	0.6103569255700195
140	137	0.5435496222478094
140	36	0.5017408658552338
140	30	0.500280339333174
140	42	0.49701196707100026
140	31	0.49300310578334866
140	142	0.480012099874386
140	147	0.47877981309147233
140	62	0.47565988492275285
140	181	0.4653903178603671
140	144	0.4580573253197942
140	100	0.43673570932341865
140	139	0.43627431521972226
140	1	0.4267776082407036
141	134	0.6317481125428258
141	32	0.6815163191318447
141	142	0.6294531924978269
141	146	0.6140954728059104
141	181	0.6098672703047666
141	10	0.6016121607071506
141	137	0.5921431416531682
141	36	0.5871398751866741
141	144	0.5719189949761425
141	39	0.5440496623919671
141	30	0.5081183914877379
141	147	0.49537624082465676
141	0	0.49282141678421415
141	62	0.4895892895078628
141	31	0.47497095802645295
141	100	0.4739791202536728
141	145	0.4709107836333944
141	169	0.4467720265250843
141	1	0.4334767723168864
141	138	0.4303205399150372
111	102	0.7525156063498616
111	1	0.686348943629963
111	103	0.5841175064315931
111	157	0.477244520252098
111	50	0.47600799684020556
111	8	0.4495051897706154
111	0	0.42805262129909927
180	91	0.7602553997694455
180	187	0.6146122053118165
180	66	0.6064455966047382
180	189	0.6009992666241137
180	179	0.5979049048638457
180	158	0.5764970072969442
180	65	0.5755281038087025
180	185	0.5728065638409563
180	169	0.5692414823081452
180	82	0.5651242041626929
180	168	0.5396700839360262
180	63	0.5369285877343445
180	160	0.5188391561146042
180	80	0.48495290735392665
180	74	0.47945780476448774
180	55	0.4778929397986894
180	89	0.4691578824801087
180	145	0.4677607059562813
180	88	0.46726840499477723
180	61	0.44216599918404353
180	85	0.42721097643839445
180	97	0.4247143842526581
185	74	0.7761048307019827
185	162	0.566327722364847
185	187	0.6984869998010804
185	158	0.6525115115068658
185	55	0.6251105680606016
185	85	0.5989191112745792
185	160	0.5905368603285444
185	78	0.5826728739845417
185	63	0.5636044762461994
185	90	0.5295862764865329
185	66	0.5222655633114228
185	73	0.5216835293094341
185	80	0.507472726566865
185	97	0.5058597899002288
185	91	0.5042433082558327
185	88	0.46638466267463696
185	61	0.43863552150647633
185	65	0.424747168403357
88	90	0.7814562103934444
88	91	0.7763830424157556
88	73	0.6948432606936017
88	82	0.6744816230701765
88	189	0.6209071258042828
88	184	0.5865957387231456
88	74	0.5826266376362361
88	89	0.5388970852745744
88	80	0.5363803462578849
88	66	0.5351183853388766
88	55	0.5078438680797344
88	85	0.49941016002129185
90	73	0.6773980820008985
90	74	0.649804354100545
90	91	0.6367034608481438
90	55	0.5682131278345116
90	184	0.4925639504558681
90	85	0.48480757803612573
90	82	0.4709419127683702
90	189	0.45377979555826553
90	158	0.4425279472942201
90	66	0.42037711685797813
89	179	0.7805200736120926
89	72	0.41804445688083236
89	91	0.6108586520159427
89	168	0.5571495193420002
89	82	0.49299553626665404
89	192	0.4823482323946328
89	177	0.46007782134426845
89	97	0.4559528780816446
89	50	0.43243671050986277
179	168	0.5944241479102045
179	91	0.6095594279981806
179	177	0.50966713932642
179	192	0.49986037875621975
179	82	0.4597860901891648
179	97	0.4452419687499295
179	153	0.4323310147647022
61	68	0.6822225902279949
61	97	0.6142947573976725
61	63	0.6118981707967488
61	41	0.6036309629674629
61	79	0.6030776747381229
61	66	0.6000018044385825
61	85	0.5928569795513888
61	67	0.5553125066504523
61	65	0.5544889254549842
61	62	0.523921692573664
61	145	0.5182981521114898
61	78	0.5046235371715453
61	30	0.48842515583552176
61	187	0.4230491268904655
31	42	0.77863724968869
31	146	0.6424238380817864
31	30	0.6115978038970017
31	142	0.6092388253336182
31	32	0.603230363991532
31	62	0.5853809968057365
31	38	0.5852626651026268
31	134	0.5752070067763582
31	137	0.55814172416977
31	138	0.5581141844423124
31	34	0.5292048141139634
31	36	0.5218727436773297
31	181	0.4982533634354031
31	49	0.4853122911323811
31	39	0.475110338574665
31	52	0.43249361868152525
31	40	0.4303042432901254
31	144	0.4224495903561226
31	139	0.42032771862730695
42	146	0.6703012721327212
42	62	0.6103443761283602
42	30	0.5938418426055827
42	32	0.5876834815648513
42	49	0.5848088292486979
42	40	0.5823359228000944
42	34	0.5213195112410299
42	68	0.5155281710924408
42	142	0.47614719986123677
42	138	0.47051378437541863
42	38	0.4646222241771624
42	41	0.4546766500991548
42	181	0.44617953863036736
42	137	0.4439903554635953
42	134	0.4436852124212499
42	144	0.43165590805623927
67	64	0.5956449621907687
67	41	0.7535589779420528
67	62	0.6694633608344932
67	68	0.6025747603571582
67	145	0.5939130466593183
67	65	0.5681860418652476
67	38	0.548008090422527
67	169	0.4823559057594473
67	66	0.4767733181571735
67	137	0.4630525152491989
67	30	0.4629975227010095
67	79	0.46031428721885526
67	54	0.4476120466481401
67	36	0.4292525187160349
38	142	0.7772554555066459
38	36	0.7278688663901274
38	79	0.6448838109388146
38	139	0.726001474276864
38	156	0.6540248648827349
38	52	0.5980012726790155
38	32	0.5837945987336239
38	145	0.5814496460122313
38	41	0.5769241464105658
38	181	0.5312750867894589
38	62	0.5267381568307928
38	71	0.4936235521299698
38	64	0.47535806735586494
38	40	0.44668397877514493
38	177	0.4440866950379824
38	137	0.4345481278883838
38	39	0.4329731363359551
142	36	0.7247268282374142
142	139	0.7073998661135827
142	156	0.695700810892866
142	32	0.6432394445861215
142	181	0.6180848271308519
142	137	0.5939712976018923
142	52	0.5818532717510451
142	144	0.5574390770211678
142	145	0.5500548814065666
142	146	0.5433523171580523
142	39	0.5430844499247718
142	62	0.5042134781067392
142	134	0.47746843817906365
142	157	0.42819962874227746
91	82	0.7178088124154798
91	189	0.6987224974372429
91	66	0.607247902396493
91	73	0.6022753308583918
91	80	0.5582794043620706
91	74	0.5556996978943557
91	184	0.5308945738873212
91	168	0.5101555329781763
91	65	0.4785485489138516
91	55	0.47714412312702076
91	63	0.45896555750337875
91	158	0.4551841945900026
91	97	0.4378922307962408
91	85	0.4221373564374058
74	73	0.639489763208266
74	55	0.6360608418084265
74	85	0.6243301209432267
74	158	0.5989896491759765
74	78	0.5771709423735969
74	162	0.5516291352915272
74	66	0.5442749063589819
74	187	0.5387267616654334
74	63	0.5353181769260813
74	160	0.5202263182558764
74	80	0.4993426039307503
74	65	0.44953710700009475
74	75	0.44742011160347306
74	97	0.4411195622671486
68	40	0.6639529036397394
68	41	0.6463999900110915
68	65	0.554253416773768
68	63	0.5434650702762537
68	30	0.5281817279663104
68	62	0.5110648437735641
68	66	0.4780395339704619
68	78	0.46621249823633387
68	85	0.4585865857475195
68	79	0.44954508612811966
68	80	0.4453542080953796
10	8	0.6193870460169082
10	32	0.6362513395418823
10	134	0.5686057360290984
10	146	0.5556651370418237
10	104	0.5175956904615967
10	4	0.5131379249399712
10	1	0.5031761331564207
10	147	0.4904935220348311
10	102	0.47970420541999187
10	36	0.46055856668764245
10	181	0.45086862652500137
10	100	0.4452179156409751
10	157	0.44415091571686466
10	30	0.4378841482569062
10	0	0.43633099001935816
10	144	0.4316721813792883
36	139	0.7719760605104354
36	32	0.7526326870294502
36	156	0.6850455898387207
36	39	0.5984250857019947
36	52	0.5508703605853548
36	0	0.5273303893674379
36	144	0.5092376735654051
36	50	0.49830598365105105
36	157	0.49235943045748776
36	47	0.4833221572939436
36	71	0.469306048538252
36	181	0.4688146596631793
36	146	0.45894187665881436
36	64	0.45456558534994396
36	102	0.44701211276563124
36	134	0.43624192806567713
36	1	0.4329243830136882
36	49	0.4271619257342567
139	156	0.7522899835458197
139	71	0.6526837464043281
139	52	0.6377487996812771
139	177	0.5740348384800944
139	32	0.5023242771750572
139	50	0.46101541836823756
139	47	0.42789742219747834
137	62	0.7431686151918159
137	145	0.5908363614084958
137	146	0.5636249463999117
137	169	0.5237983455585336
137	138	0.4986141140511938
137	134	0.42103552175853326
66	85	0.6986354833341325
66	65	0.5927921236463978
66	63	0.5456598363234426
66	160	0.5341042347944517
66	97	0.5015462938902765
66	55	0.49914740778239913
66	41	0.4934495751494165
66	158	0.4891710106381895
66	4	0.48672529405030657
66	80	0.47810896402150305
66	79	0.45864186285701136
66	78	0.4489065292438269
66	187	0.42896696603041007
66	145	0.4280199499015776
71	177	0.7678631976242928
71	97	0.5044744511099193
71	156	0.45429579782032764
177	97	0.6544995758065205
177	156	0.42913014949658185
62	41	0.6398147279426207
62	145	0.6184431219108191
62	30	0.610200035527705
62	32	0.520065839684612
62	34	0.49473455876323247
62	146	0.48444796416337493
62	169	0.47175085853498305
62	181	0.4530409859580329
103	102	0.6627321555806589
103	0	0.5678405878341646
103	1	0.5473850651724455
103	106	0.5240885388592242
103	124	0.4586971364172818
103	15	0.44933760548606017
103	5	0.4320057225710203
103	186	0.42460782807005065
103	129	0.42117537569219643
85	160	0.6357451593166265
85	55	0.599662497718116
85	158	0.5777108575402641
85	78	0.5523453045826342
85	97	0.5301185262020525
85	99	0.5124893455003786
85	162	0.4731568430136882
85	63	0.45475597340663027
85	54	0.45408943346455666
85	65	0.4285099033703595
85	4	0.423951838825587
41	145	0.699872208467984
41	40	0.6163577137814062
41	79	0.5735653110862791
41	65	0.4779623824621757
41	30	0.4607870230520814
63	80	0.7567134462229328
63	65	0.7504655328997861
63	187	0.6634661477020011
63	78	0.6103569255700195
63	76	0.5587128960259539
63	73	0.49523285287829055
63	30	0.4630446593891412
63	169	0.448139655384033
63	55	0.43857091132904674
63	158	0.42768500358300676
63	82	0.4261312803731823
80	76	0.7368673229493283
80	78	0.6956801703032212
80	82	0.5989640001054419
80	73	0.597609269100764
80	187	0.5828313699744447
80	188	0.5758022337425626
80	189	0.5670066105762175
80	75	0.5190510579449272
80	184	0.4976592522720666
80	65	0.46356299007176305
80	147	0.4356344596920483
33	136	0.7150246384230767
33	34	0.6639025756437302
33	138	0.6363763115311056
33	18	0.6266434268160065
33	127	0.5374692648441203
33	120	0.5363589770303058
33	17	0.5140361233501355
33	117	0.4909262681799914
33	16	0.4555408848110859
33	118	0.43406941613470185
33	129	0.4321602503859264
33	131	0.4276032915348063
102	0	0.6507969810971245
102	1	0.7244038248098957
102	157	0.5288807629464664
102	124	0.48886666641493226
102	53	0.4836976041968216
102	32	0.4470201145315726
102	154	0.44415091571686466
102	100	0.44057171681754137
102	129	0.4344588951516924
102	50	0.43369601308162115
102	148	0.4228109991461093
32	181	0.6383239218953529
32	146	0.5818135835593212
32	30	0.5754679116249032
32	0	0.5440778221777332
32	134	0.5439158866719344
32	1	0.519131417816324
32	39	0.5099039773018744
32	40	0.4933058252456248
32	156	0.4888742764715538
32	144	0.4853428694179671
32	147	0.44631568535153826
32	145	0.4304834907352329
32	49	0.42683485679145944
32	157	0.42203051656806573
156	52	0.738948910073511
156	50	0.5507449706212091
156	157	0.4895208592833202
156	64	0.47962721333937575
156	154	0.47219388650033267
156	47	0.46543732125893755
156	152	0.444046554796364
156	122	0.44354866773999246
156	153	0.43544808981980127
65	169	0.593634650642982
65	187	0.47161090544941175
65	4	0.4395153832633326
65	145	0.43044275566026785
65	54	0.4219236649747642
82	189	0.7457097157480673
82	73	0.5914738862111818
82	184	0.5692144431270939
82	76	0.5585202707248127
82	168	0.5117220879796651
82	159	0.467315303294137
82	188	0.4619834506427129
189	159	0.5566459179855805
189	184	0.6071216370662981
189	147	0.5642046464187438
189	73	0.5529773590606518
189	50	0.5200220664274223
189	168	0.5120025268253773
189	188	0.46604029847771505
189	76	0.46294252658810675
189	4	0.4451056593036511
189	169	0.4347590077182815
189	153	0.4219072252276214
154	46	0.7337070084809134
154	157	0.7106273129476762
154	48	0.6876531750029254
154	14	0.7237473389966128
154	152	0.7056168592935266
154	47	0.6904001767381158
154	17	0.6497465749160819
154	52	0.6087606947201003
154	49	0.58745431459311
154	124	0.5837945987336239
154	50	0.5761363634122219
154	43	0.5712793844233791
154	119	0.5688898769125746
154	153	0.5549804367131329
154	144	0.5239797306257526
154	146	0.5049439703084765
154	53	0.4612043890043652
154	122	0.4401686797865992
169	145	0.5253639440319635
169	4	0.4783866244734737
169	160	0.46504554606819826
169	146	0.44995990191404367
169	158	0.4354399859349025
169	187	0.4279137601335785
52	46	0.5966634300286401
52	50	0.571777667185061
52	152	0.5657976554524193
52	47	0.5493849858298566
52	122	0.5303198091372143
52	14	0.5280302961189232
52	157	0.5279293228943206
52	49	0.4596125813557564
52	17	0.4378599002141973
52	153	0.4334118022329543
52	48	0.4314606062647381
1	0	0.607576048740721
1	157	0.46477903484128785
1	146	0.45608752582893747
1	100	0.43518873050110446
76	188	0.6507796868607967
76	75	0.6301349884650128
76	77	0.6245924416209736
76	73	0.6042535115616853
76	184	0.5733505443682791
76	78	0.4888894963615755
76	187	0.4820489134319237
129	124	0.6764933692109686
129	20	0.6622608329930152
129	131	0.6222203539491995
129	127	0.617602577238759
129	53	0.5080590438193946
129	18	0.5055993067365431
129	118	0.5048098524343301
129	136	0.47116756392144604
129	16	0.4624238165924286
129	43	0.45985706095976375
129	117	0.443098727863262
129	186	0.4409504097584993
129	17	0.4388535473774312
129	15	0.4387566533675482
129	148	0.43470223706830113
129	157	0.43072786435752003
129	104	0.4302960948724806
136	138	0.7348222772072058
136	127	0.5631061558142313
136	34	0.5447040603673681
136	18	0.5029968762054204
138	127	0.6743944017318279
138	34	0.6509468361924271
138	134	0.5588023087181428
138	144	0.525827143570625
138	146	0.4828698525487333
39	144	0.5452734799732087
39	34	0.4907440887828823
39	134	0.4447126519529974
39	30	0.44040246288255347
39	181	0.43051607753266063
39	146	0.42703928797386886
39	40	0.42699022847011586
46	152	0.7302253597431879
46	151	0.3513648611042551
46	14	0.6804760061126619
46	48	0.6452516601099088
46	17	0.6054140531375434
46	47	0.5786827623299838
46	119	0.5602105604885504
46	43	0.5282754546582595
46	157	0.5271137783081231
46	153	0.5075321218699619
46	50	0.47276868991643267
46	49	0.46716678299143194
46	120	0.4293504027465502
46	124	0.4246406158408491
14	152	0.7329072981314169
14	43	0.6865657419124205
14	119	0.6563420402533259
14	17	0.6520059000300803
14	48	0.6312611390561543
14	124	0.5822896589731825
14	15	0.5736860827264039
14	120	0.5674474753088534
14	116	0.5174931897765486
14	157	0.49465147809345067
14	115	0.4930636592299915
14	47	0.47400238023673025
14	186	0.44017674226644365
152	43	0.5947021406083987
152	48	0.535853037922274
152	119	0.5353895165518487
152	153	0.5022270736863347
152	17	0.49707220300420046
152	157	0.48955127346090205
152	115	0.48288518913472983
152	47	0.4786796067692826
152	50	0.47126091877790943
152	120	0.43892621118800146
152	124	0.43671143114772554
131	122	0.5429081611734621
131	118	0.5394432427854051
131	124	0.524204582120073
131	20	0.5042731372016181
131	127	0.4793037659528294
131	16	0.47070063129934947
131	43	0.4698828644688681
131	117	0.4687834505653494
131	15	0.46331171781321806
131	18	0.46281680780235585
131	186	0.434848211758446
131	53	0.4233364446390835
127	34	0.4898097458760942
127	18	0.4665959071123228
127	144	0.45847602088167067
127	118	0.4470921272057263
16	18	0.7286390856229741
16	117	0.6601615956259945
16	118	0.6590882960017105
16	120	0.6246168363827641
16	15	0.617237489685116
16	17	0.5650697509302722
16	119	0.49214727820203913
16	43	0.48522819472547984
16	20	0.44921788306014543
16	48	0.44763603562967097
16	124	0.4262131180987369
16	122	0.4247225803947658
18	118	0.672700770621708
18	120	0.6287160045649929
18	117	0.6267223717264533
18	17	0.6002641390016014
18	15	0.570908766085398
18	43	0.5112347507257254
18	48	0.5110131250326523
18	53	0.4835060718829579
18	119	0.4555250350166382
18	20	0.4279954456192608
17	48	0.7266062519176326
17	120	0.720002416024783
17	119	0.7023229843392012
17	43	0.6283046217449751
17	117	0.6058256490944635
17	15	0.582910601343942
17	124	0.5546412661158008
17	53	0.4753735479028428
17	118	0.45576275160649116
17	157	0.4503027760699418
17	186	0.4373343695574291
17	47	0.4205911470607733
48	119	0.5740013133176812
48	43	0.5564940674212532
48	157	0.533453511973701
48	53	0.5260079962463169
48	124	0.5256317692673597
48	120	0.5043551605977864
48	47	0.44757206358054347
48	117	0.42897512586882725
48	49	0.424738972470116
145	79	0.5743565821252165
145	181	0.5533868128899264
73	184	0.6938333675806809
73	75	0.5491615301893178
73	162	0.48353672016533444
73	78	0.4548432207124043
73	188	0.45307277553653824
15	115	0.7217364647778963
15	120	0.7181770218602613
15	116	0.6928727343884233
15	43	0.6709340846877007
15	118	0.6025811293553618
15	117	0.5767973723951182
15	119	0.5649267877706184
15	124	0.49812555620137877
15	186	0.4810580566139521
15	148	0.460030520334698
15	0	0.422753511284618
115	116	0.6380512722742085
115	120	0.5759693226334467
115	43	0.5455544894002414
115	119	0.4850982098926026
115	117	0.423910824714303
115	118	0.4231969009345698
187	158	0.5811715732709133
187	188	0.5137638378360226
187	78	0.49766677558731215
187	55	0.47643326447320694
120	117	0.706619652476678
120	119	0.6473479226956252
120	43	0.5852955375212914
120	116	0.5553470870912738
120	118	0.5437046055500575
120	124	0.4409181866807199
78	75	0.5831482289511446
78	55	0.4822254484905118
78	30	0.4546607845720061
78	188	0.44620356602332345
78	77	0.4423107957193907
78	158	0.43715642993727044
47	49	0.6456775241533816
47	153	0.599963403186099
47	50	0.6494113075619005
47	157	0.6443227038606971
47	53	0.5078290260368744
47	144	0.5038031915458298
47	146	0.4861756706225771
47	124	0.43159081195428545
157	50	0.6720213368662088
157	144	0.6950552493548354
157	124	0.6628891465497152
157	53	0.6329304014180384
157	49	0.6036182502207776
157	146	0.578596289411345
157	153	0.5335107437191858
157	148	0.5176542556125235
157	186	0.4471401324356904
157	134	0.44190852620884447
157	43	0.42735811346295594
117	118	0.5722957031380779
117	119	0.49565539252703317
117	106	0.44089401862646355
146	147	0.5804757973606286
146	144	0.6155136664727143
146	49	0.6149605464111418
146	134	0.6021861063160735
146	153	0.4862673012623821
146	181	0.473343091284656
146	30	0.45330321551973396
146	34	0.42285205982097973
119	43	0.5882527168491635
119	124	0.5226072815866959
119	116	0.5112864536074547
119	118	0.45160926301470444
144	134	0.5728401575108159
144	124	0.5141538363659548
144	50	0.45339060794313
144	153	0.4437976455171482
144	0	0.4380134603916382
144	100	0.4366304993010185
97	55	0.500370300281908
184	188	0.6200091798943795
184	75	0.462392369442215
116	43	0.6465222284972656
116	124	0.4538909602409392
116	118	0.45161722346948957
116	186	0.42050060153247565
43	148	0.6014079413000515
43	124	0.6162088670054992
43	118	0.584795669122112
43	186	0.5140876251773578
43	77	0.4860458422465901
43	53	0.434856320793511
20	53	0.685491131885441
20	124	0.6424179651279348
20	77	0.5972941739079887
20	40	0.5375403737009357
20	186	0.42973368474293727
20	118	0.42396004143919513
20	49	0.42116714954452106
53	49	0.5687410581416991
53	124	0.5675559459977433
53	77	0.5263767882305224
53	40	0.4798504700234277
53	50	0.45946270457710053
53	186	0.431257123884009
158	55	0.6561655476596111
158	160	0.5745173874398039
55	160	0.4421257738333047
124	148	0.5748522561037278
124	186	0.5296366423056403
124	118	0.4678934993820928
124	122	0.4564913437900753
124	0	0.44127257801168124
118	122	0.44560268826738897
118	148	0.43539946545179187
118	77	0.43316000060454074
50	49	0.5859328817374602
50	153	0.4963792005982652
40	30	0.48959689249391497
40	49	0.4731025126321679
40	34	0.4586971364172818
40	79	0.4348319934767438
160	4	0.49693666541821024
160	162	0.48683212055862424
34	30	0.5266225395815144
34	134	0.4257711115275418
0	101	0.5799185655927734
0	100	0.4969818473080376
0	5	0.45377979555826553
0	106	0.4450575451616328
0	99	0.42714557494078603
188	75	0.5342400202199503
188	186	0.4911918695221333
188	77	0.4639319110625737
79	181	0.5524217405513261
79	30	0.4229834423126823
181	30	0.5633041677957806
181	134	0.48884383579863133
181	101	0.4471481330569358
56	163	0.637505492723648
56	57	0.4913587722039771
56	58	0.39539607311530284
56	161	0.3753018756854664
56	162	0.5250525568344507
56	99	0.4332006183455016
163	162	0.5336180400747677
163	99	0.4700542729674904
134	100	0.5133368035379545
134	30	0.45332705068143414
75	77	0.5732364174894219
30	100	0.4469080832986659
30	99	0.446435797655788
30	101	0.44560268826738897
77	186	0.4926472578247877
77	148	0.42267959332021776
8	4	0.5720535613147764
8	107	0.5522897089529534
106	5	0.5517195704943703
148	186	0.5641841958790925
148	147	0.5229415667506288
153	168	0.4339882542377849
64	54	0.4388051016480173
101	99	0.5766839194570168
101	100	0.45970722688827587
4	107	0.44597928534248243
162	57	0.4754199877776071
186	122	0.4540576807763746
159	54	0.4252715632806839
59	151	0.5463406634376341
72	178	0.43185930439695375
