19	121	0.9609216014898118
19	20	0.8150193193154273
19	124	0.7887821048788789
19	25	0.7597189271870813
19	133	0.7240329288189948
19	27	0.7175129851098502
19	128	0.7114283044243576
19	23	0.7025965214823062
19	126	0.6937348214916735
19	123	0.6917427948582477
19	29	0.6732096026598074
19	28	0.6708735970038466
19	17	0.6610464508557137
19	132	0.6559946799972756
19	129	0.6339841689060361
19	53	0.5881546143823749
19	22	0.5663616850486622
19	130	0.5560313843621735
19	118	0.5341042347944517
19	39	0.5228979734558102
19	131	0.5131968576781949
19	18	0.5103478402124918
19	125	0.5060755489456301
19	117	0.5034001434684142
19	40	0.49539887855962483
19	21	0.4589892376958307
19	143	0.45318402998733015
19	26	0.4103316881416981
19	16	0.36807966623209815
19	120	0.3578430574776531
19	144	0.35015464608574937
19	157	0.3472031485059822
19	110	0.34638499608580525
19	41	0.33023322134037997
121	20	0.7982608942411189
121	124	0.7609045373101541
121	25	0.7230465949835208
121	133	0.7059280281284365
121	27	0.7004686291199205
121	128	0.6995200150101402
121	126	0.6616653199435598
121	123	0.6575641263626629
121	28	0.6473827777818002
121	132	0.6464931271061519
121	23	0.6428934299298206
121	17	0.6316579698530359
121	29	0.6244277450944553
121	129	0.6115164241707293
121	130	0.5795733404008047
121	53	0.5732162751427483
121	118	0.5685042242442889
121	125	0.52035759158593
121	22	0.5076212057814131
121	18	0.5003852927231226
121	117	0.4996728204214447
121	21	0.4802967969999807
121	39	0.4672996708198871
121	131	0.45947059348108465
121	40	0.4585076122918288
121	143	0.4184157444835767
121	16	0.3800088553772097
121	41	0.35937671907756047
121	120	0.35458635835548497
121	26	0.34399791391999984
121	110	0.34106744863649086
121	144	0.33419208729217853
121	150	0.33136424782889556
9	108	0.9200572861638292
9	11	0.7004380672135204
9	6	0.641512629470196
9	109	0.6580463247383955
9	106	0.6574392342249294
9	112	0.6517356197205613
9	3	0.6094840100054844
9	70	0.5687342927671339
9	12	0.5634884656329793
9	176	0.5274603231116735
9	197	0.522243745809152
9	105	0.5008948571591699
9	103	0.4918895861331059
9	0	0.438966577491133
9	8	0.3970736381998708
9	5	0.38445764813514316
9	13	0.3566740868606463
9	113	0.35464755563241734
9	95	0.35253887490599634
9	79	0.33979433512966595
9	52	0.33598527194216277
9	111	0.32498432708546227
108	109	0.6533720117230722
108	11	0.6509468361924271
108	106	0.6495211643467393
108	112	0.6125483606520701
108	6	0.6079418135864281
108	3	0.6037962007423963
108	103	0.5370282193212212
108	70	0.5206054852307812
108	12	0.5190437520470138
108	176	0.5136755067844189
108	105	0.5043924409512274
108	197	0.49004533688415014
108	0	0.4544545064636941
108	8	0.40264355787371375
108	5	0.3839803177201735
108	52	0.358941216672247
108	111	0.34981241659584295
108	13	0.3495754337749649
108	113	0.34382156870283004
108	79	0.34377747860846586
23	25	0.9153880493055248
23	39	0.6759832296434201
23	123	0.8357170196869798
23	126	0.833471503449326
23	22	0.8166245958401807
23	29	0.802002603262265
23	128	0.7759457167981365
23	133	0.7424783671321437
23	27	0.730817609254212
23	124	0.7244846055078457
23	129	0.7235043925508955
23	20	0.7061687460409485
23	26	0.6586865302030018
23	131	0.651954157046345
23	28	0.6392532815927486
23	143	0.6367985885489011
23	132	0.5976735515751179
23	40	0.5888344354193656
23	7	0.537625694238535
23	17	0.5256969001979264
23	18	0.5248134898824878
23	36	0.5021896843491461
23	53	0.47763054693931317
23	110	0.4652963031881511
23	118	0.45789927414525766
23	130	0.4525719558630656
23	21	0.4482994752274347
23	144	0.43672761666887333
23	10	0.4355939476787842
23	142	0.42099438443808296
23	32	0.41038158458753515
23	127	0.4036736373490833
23	13	0.3936736157883094
23	114	0.3773705485024662
23	125	0.3764268065125979
23	176	0.3653012923035347
23	113	0.35861884422813745
23	112	0.35861884422813745
23	117	0.35673518018692135
23	181	0.35288035731146744
23	157	0.347642797132485
23	15	0.3452052258324073
23	149	0.34328356602901133
23	12	0.3367302371906834
23	138	0.33335680843336196
23	155	0.3318359697391737
23	100	0.32506481939780174
25	128	0.8608970980278268
25	29	0.83082681472905
25	27	0.8237585728062984
25	124	0.8068721272068384
25	126	0.8411229016320433
25	123	0.8165246340729675
25	20	0.8010730082157311
25	133	0.7865806860253116
25	22	0.7315017550466528
25	129	0.7212954032812053
25	28	0.7121042467713756
25	132	0.6827407823160558
25	39	0.6459514982420772
25	40	0.641512629470196
25	131	0.6152713625785793
25	143	0.6073867588404979
25	17	0.585420435165816
25	53	0.5763768176101192
25	26	0.5667215712414229
25	130	0.5469787218483281
25	18	0.5329525258331633
25	21	0.532272017968469
25	118	0.519408954030407
25	144	0.4926851218260441
25	7	0.49102493076464593
25	125	0.47769229410464537
25	36	0.4573774998856566
25	110	0.44781992974868173
25	10	0.43828818849818035
25	15	0.40328015035368414
25	32	0.38854909555208567
25	117	0.380658918394551
25	157	0.3794354619828589
25	13	0.3703166286356107
25	127	0.36586441923987617
25	16	0.35722381692633154
25	155	0.3553292625037417
25	41	0.35432404990571426
25	142	0.35179429307495363
25	113	0.35148757105003187
25	150	0.34062553681470786
25	114	0.33608285086408446
25	115	0.33463617087495745
25	51	0.3343608565471615
25	138	0.33309011979913966
25	149	0.331114969340983
25	176	0.32999264447040655
25	112	0.3274952498628782
25	181	0.3240896514409763
126	128	0.9084184229795329
126	123	0.8793967619958467
126	129	0.8113270603301644
126	133	0.8048034547156693
126	29	0.7626839288801454
126	124	0.7413859945244485
126	27	0.7009318364980769
126	22	0.6943360664977046
126	20	0.6741544459803925
126	131	0.669010620976945
126	28	0.6639752697073968
126	132	0.63385855872911
126	130	0.6316219079938062
126	39	0.596985330344375
126	143	0.5920587175098178
126	26	0.5814430268106527
126	118	0.5700250829258117
126	17	0.5552295057574838
126	18	0.534075644877012
126	40	0.530801207820383
126	53	0.5049290695262603
126	125	0.49987538139826826
126	144	0.4925866715427551
126	21	0.44621157501136344
126	7	0.4377709852741481
126	110	0.41173616401661817
126	36	0.398142860741539
126	117	0.37640964032617713
126	127	0.374734697266768
126	149	0.3665744435131111
126	10	0.3655698939169812
126	15	0.35620269297240253
126	115	0.3474493705552348
126	157	0.3442800157960545
126	155	0.3286464063476491
126	32	0.32200280884032145
128	133	0.8115661483869094
128	130	0.6890055141739719
128	123	0.8203543239358742
128	129	0.7842821206188729
128	124	0.7807934760804387
128	29	0.7728231971500104
128	20	0.72142490595157
128	27	0.696381306085713
128	28	0.6920711916008
128	132	0.6700148102839752
128	131	0.6121045707190942
128	22	0.6047231109890976
128	118	0.5953803626841792
128	17	0.5756618418932593
128	125	0.5743699842615941
128	53	0.5559899332333592
128	39	0.5333891204208331
128	26	0.5066481191192168
128	18	0.5016585531412155
128	143	0.5015088703860725
128	40	0.49394870748223974
128	144	0.4789339523077833
128	21	0.4569661830689091
128	15	0.4194958078832447
128	115	0.41618592450934394
128	117	0.3948897558913367
128	16	0.38625431379195035
128	7	0.3660722753589835
128	157	0.35946380078513485
128	155	0.3570493262332877
128	149	0.3528978666969592
128	110	0.3391130613611669
128	10	0.3374836422043841
128	36	0.3341210201404204
128	120	0.3243491671532282
13	111	0.9077871678211682
13	12	0.8824427390947898
13	10	0.8230179006301492
13	114	0.817886545939919
13	1	0.8094735162958914
13	103	0.7306964507735858
13	113	0.8209094811090137
13	36	0.7772158650338983
13	110	0.7591263392815485
13	102	0.7247410710584784
13	2	0.6352921111560121
13	104	0.6262728212075239
13	7	0.6258106867469916
13	32	0.6198367851579983
13	181	0.5886122777885388
13	139	0.5865826204604588
13	39	0.5859394485255639
13	176	0.5855387336232943
13	143	0.5670473194014519
13	142	0.5630446906682154
13	0	0.5527343364213412
13	11	0.5508842912687895
13	79	0.5395495843279956
13	6	0.5387267616654334
13	112	0.5213486396722936
13	3	0.49450039916613814
13	105	0.487731936724826
13	101	0.4588392521305619
13	109	0.447476096917016
13	8	0.4363390861367035
13	70	0.4343939932585806
13	100	0.4257956727826279
13	78	0.42280278680279676
13	124	0.399311873380138
13	20	0.37241150279387475
13	40	0.3611606414894664
13	182	0.346772144726904
13	106	0.3431600581990078
13	29	0.3430365385012072
13	127	0.33385448448869726
111	12	0.8494571943655581
111	113	0.8119072318482164
111	10	0.8052257963097098
111	110	0.7974977790724809
111	1	0.7835111091553215
111	114	0.766299174302856
111	102	0.7575711838222663
111	103	0.7293700269152265
111	36	0.6746342151196788
111	104	0.6404344803314234
111	2	0.6070648076626365
111	105	0.5992076166531494
111	139	0.5756952716032103
111	7	0.5634338647118088
111	181	0.5607661012226399
111	143	0.5326804053259038
111	8	0.512024662087747
111	6	0.5085633452009836
111	176	0.5059416369915778
111	142	0.48638182452494383
111	0	0.48616803425327826
111	11	0.46750287019159786
111	3	0.4635158822003174
111	39	0.46123588004385874
111	79	0.45210267522278397
111	32	0.4477319851127095
111	112	0.4283466135257309
111	109	0.3674829978100235
111	101	0.35181181776715675
111	70	0.3496368780624327
111	4	0.3380063398934352
111	182	0.33778488325606404
111	100	0.333427916395926
111	78	0.32836986080466674
28	132	0.9058684687536261
28	133	0.8178534370723026
28	29	0.7636443628358767
28	131	0.7046867522324812
28	129	0.6733462768620854
28	124	0.6498910087988139
28	27	0.6406703573638906
28	53	0.6386260202335725
28	125	0.6301410177259832
28	17	0.592993151922309
28	123	0.5707199982243217
28	20	0.569842785594142
28	21	0.559180449450635
28	118	0.521981882458939
28	39	0.5108727269413925
28	130	0.4809427608232964
28	157	0.45761470907707574
28	26	0.43791647798953004
28	22	0.43372036999775604
28	18	0.4228438478249005
28	117	0.4175657023303176
28	143	0.3940960431459707
28	40	0.3845258214235617
28	115	0.38243611417903534
28	16	0.37024759734311874
28	120	0.3632978633104265
28	15	0.3618821623208546
28	32	0.35861013027164224
28	112	0.3565955338156345
28	149	0.34402436361008937
28	70	0.33300121174078723
28	176	0.32911907948794195
28	155	0.3289407316244796
132	133	0.8216581138364046
132	29	0.7214297013780252
132	131	0.6726679208754721
132	129	0.6528559138660459
132	125	0.6392532815927486
132	124	0.610068210894875
132	27	0.6092828414201641
132	53	0.5913698509839015
132	17	0.5520811815857382
132	21	0.5499432812453341
132	20	0.5464318535047425
132	118	0.5351469306604031
132	123	0.5247337824932508
132	130	0.4753348459834839
132	117	0.4399267723898381
132	157	0.4209697012144973
132	39	0.41014039567328553
132	16	0.39939592502635357
132	18	0.391330358112117
132	143	0.3855904839970599
132	115	0.3605082926664631
132	26	0.35462132860004614
132	22	0.35144374745552615
132	40	0.3461561709499805
132	120	0.3300906624460435
132	15	0.32601248534182004
20	124	0.8913793376806801
20	27	0.7688463106489329
20	123	0.7080237958656186
20	40	0.6894674727910001
20	17	0.6665950181645782
20	29	0.6540649206521748
20	133	0.6420478168996954
20	53	0.6396315941199433
20	22	0.636953129723384
20	129	0.5822433913746644
20	150	0.5618482968654281
20	144	0.5612526418073042
20	39	0.5442115644219967
20	130	0.5384001849590045
20	143	0.5354893791952178
20	18	0.529672615604328
20	118	0.5248786981743899
20	157	0.5029744660429842
20	42	0.47025680094607075
20	125	0.46290324146794815
20	21	0.4622429795930652
20	155	0.43646051941816616
20	7	0.4362095397813214
20	34	0.4359827901458749
20	41	0.4294890545244635
20	138	0.4232215277533938
20	131	0.42195654363669266
20	113	0.41910844060169183
20	117	0.4149615230981071
20	110	0.4067410439409976
20	26	0.4029116443356081
20	10	0.40227482617910165
20	36	0.39446764154185066
20	16	0.3860160619015255
20	115	0.383426016026484
20	127	0.3761692865813003
20	15	0.37453697823051946
20	32	0.3739006076534527
20	51	0.37160158841604524
20	120	0.35266146914233787
20	149	0.35224985489977345
20	112	0.34715917524395273
20	114	0.32317648467502025
20	176	0.32195799240925305
124	27	0.7536410744714803
124	123	0.7394387897962369
124	29	0.6994382983850751
124	133	0.683087640603618
124	40	0.6673555651125386
124	17	0.6492898553602168
124	53	0.6320604749483995
124	144	0.6191712733588135
124	22	0.6091948054926289
124	129	0.6050718654364703
124	39	0.5824284391391299
124	130	0.5637682180931476
124	157	0.5385208952004131
124	143	0.5359171923650966
124	118	0.5090672979050983
124	150	0.5037957296847949
124	125	0.500460250427982
124	131	0.48445561722799974
124	18	0.4662516296194487
124	21	0.4611020351016496
124	113	0.4537321492272376
124	36	0.4480757194240485
124	10	0.44146582438498766
124	155	0.4403944023903484
124	110	0.42586116639513966
124	7	0.4243536850861247
124	112	0.4224002969261259
124	32	0.4089502461170581
124	117	0.39741051768585733
124	26	0.3901695375416103
124	176	0.38371599293919434
124	115	0.38047078090869346
124	34	0.37762779681210484
124	42	0.3770875080802606
124	138	0.3756970157520333
124	15	0.3755424119831277
124	114	0.36865874996638826
124	41	0.36704178747263133
124	119	0.3653359539956714
124	51	0.34851285044589464
124	127	0.34001545129400773
124	16	0.3314265602248951
124	70	0.32817356851581647
124	12	0.3219848824410549
70	176	0.8875578221438383
70	112	0.7771366656241188
70	11	0.7202816253773899
70	197	0.6364001119328573
70	109	0.6349042885064182
70	12	0.6123108872749801
70	106	0.5578180547130934
70	32	0.5419341860713046
70	52	0.528534938314507
70	142	0.5182323260087915
70	95	0.5101407380005801
70	113	0.5044744511099193
70	38	0.5005726729183518
70	36	0.488805783283366
70	103	0.483988644606628
70	199	0.47866418930500293
70	39	0.4706305686490581
70	79	0.46935283233080916
70	114	0.4558182094591044
70	98	0.4470441194001617
70	0	0.44586712399339956
70	181	0.4230983874062034
70	6	0.42107665734699257
70	3	0.3931157570082906
70	101	0.38809901722095475
70	139	0.3672494364551393
70	96	0.3563423841525136
70	24	0.35337052665031204
70	5	0.3477219176604641
70	29	0.334591769200417
70	131	0.32600354815408994
176	112	0.8131983076037377
176	12	0.7107906275546179
176	11	0.7324950956315283
176	109	0.6610408206425973
176	113	0.6447377561771723
176	103	0.6309121358771415
176	114	0.6308760175173258
176	142	0.6236645372928558
176	32	0.6112346251952987
176	197	0.6079418135864281
176	106	0.5903023546463717
176	36	0.5521785029546523
176	0	0.5425554400910128
176	39	0.5089487521726763
176	181	0.5021672498455336
176	101	0.4912829118210657
176	139	0.4899237504610822
176	79	0.482547715820317
176	3	0.462132886069296
176	52	0.45332705068143414
176	95	0.4290077645224185
176	38	0.42237564927412335
176	6	0.4126741620669546
176	102	0.41175277334646754
176	1	0.41088872561318585
176	199	0.4107307908988224
176	2	0.38502846986593614
176	143	0.3761091902322021
176	10	0.37474329297362324
176	110	0.3666177238786694
176	100	0.3609867163305932
176	29	0.3528365827664739
176	7	0.3503827471624344
176	141	0.33726209731924484
176	78	0.3371380158624597
176	5	0.3300906624460435
176	131	0.3269505655322998
12	113	0.831198116530546
12	114	0.7444374030411206
12	103	0.7072849427685876
12	36	0.6938852235083739
12	10	0.6837005588215777
12	1	0.6810501269442886
12	112	0.6805887500049788
12	11	0.6629059635546573
12	110	0.656006073267392
12	6	0.6397970084890937
12	102	0.6207350430759948
12	2	0.6012611100401064
12	32	0.5745508829661643
12	181	0.5663209295972691
12	139	0.5444367520058182
12	142	0.5414678565007993
12	105	0.5314473240525815
12	0	0.5285637637378412
12	79	0.5252191302726466
12	3	0.5132189562075193
12	104	0.5097485610960916
12	7	0.49925251969756723
12	39	0.4968236989058928
12	109	0.49375968047517216
12	8	0.43805386671710456
12	106	0.4337934369430611
12	143	0.43259929614437626
12	101	0.4283711087863101
12	78	0.4097577024659392
12	100	0.37165330199854135
12	29	0.3254046238952326
123	22	0.8185475869413894
123	129	0.774269047812396
123	27	0.726559044152177
123	133	0.7248739741916825
123	29	0.6950449112471189
123	143	0.6565639773313027
123	39	0.6470457318522727
123	18	0.6416361897473375
123	130	0.6247083058832255
123	40	0.616903108609732
123	26	0.6168721361266775
123	17	0.5994895604022479
123	131	0.5650425224677842
123	118	0.5627441047229756
123	127	0.5590154711791843
123	138	0.5579007098620529
123	144	0.5570943501300701
123	7	0.5553055903318458
123	53	0.5009323114382096
123	42	0.4715175901903771
123	149	0.4649044623846462
123	125	0.4635943938636103
123	34	0.4553031075723634
123	36	0.45250833926993317
123	145	0.43093960375199913
123	110	0.423968243983252
123	21	0.4127903133606613
123	150	0.40671600678380065
123	41	0.4059395519732765
123	157	0.39413827672916985
123	117	0.38569263766726963
123	15	0.38115476616155375
123	155	0.3802569500778338
123	148	0.3773105155138979
123	10	0.37486362610468427
123	32	0.3747175056597912
123	136	0.3740210291160572
123	142	0.3525213604556746
123	104	0.34631459274026355
123	120	0.34593610793419416
10	110	0.8732246483318974
10	113	0.7502557926502504
10	7	0.744062685927888
10	36	0.7176439570150497
10	104	0.7007791960373136
10	1	0.6849022709478529
10	114	0.6753147267394549
10	181	0.6582107161224193
10	2	0.6389989289381962
10	102	0.5951672984961853
10	79	0.5719122658510257
10	143	0.5597300572493983
10	39	0.5484697168996385
10	139	0.5288159341983677
10	103	0.519898027364526
10	142	0.4307441536873298
10	32	0.4256073537929449
10	182	0.41988302244590553
10	8	0.4171197568219386
10	40	0.4048030354394442
10	22	0.39537076295672335
10	78	0.3953538891841017
10	100	0.38110348172612285
10	144	0.36691198827840815
10	27	0.3573982826882643
10	29	0.35546905313351007
10	112	0.34405081275422417
10	0	0.34221571375714815
10	11	0.34078464242167206
10	6	0.3361449427854358
10	127	0.33392556588473304
10	135	0.3306162737116202
10	4	0.328093258954237
110	104	0.7597781166924946
110	181	0.7023939213034387
110	7	0.7410255033451657
110	113	0.7284232341522672
110	36	0.6845251423166135
110	2	0.6663337803296634
110	114	0.6617271573330704
110	1	0.6319703914749435
110	143	0.6268438003181865
110	102	0.6126233292817842
110	39	0.5595377504816148
110	103	0.5039673334659539
110	79	0.5006401183095726
110	139	0.4829925369420713
110	22	0.4521106312185249
110	182	0.4200559838243852
110	100	0.409549656501847
110	142	0.39687145913035454
110	127	0.3923714949275955
110	27	0.39083059505737383
110	40	0.37755920296024964
110	32	0.37481205630913833
110	78	0.37347042809930436
110	144	0.35266146914233787
110	29	0.3416240429531981
98	199	0.8454841137990743
98	97	0.7954135426870135
98	35	0.7694997068742869
98	198	0.7078442172712301
98	177	0.7007944629718985
98	71	0.6848969618226982
98	96	0.6404108859799545
98	37	0.6350176851692513
98	72	0.5731558439461262
98	61	0.5004977264670746
98	178	0.4871067504303499
98	156	0.4665489685027294
98	85	0.41876215345836343
98	24	0.4161941923676964
98	140	0.4141333727892955
98	166	0.4038745093070975
98	141	0.3732552780559082
98	76	0.37173948617750197
98	197	0.3636276633363625
98	52	0.35189943752878594
98	60	0.3492330462768438
199	177	0.7720164626875494
199	71	0.6773277286668518
199	198	0.6448429203520766
199	35	0.6438955638039635
199	140	0.609791897359516
199	156	0.6094588682228952
199	97	0.6045074012601538
199	141	0.5784565749072424
199	72	0.5759359087042354
199	178	0.550264078767514
199	166	0.5394857814677906
199	37	0.5219746070718191
199	52	0.41955348781809787
199	96	0.4179866884721984
199	24	0.4105478883267256
199	197	0.39133882668448483
199	160	0.3240986010709495
199	183	0.3230331881530719
4	8	0.8447697137193279
4	107	0.7808715361991736
4	105	0.607304711790228
4	6	0.5716834298001771
4	1	0.44301032056766065
4	2	0.35514576317968266
8	107	0.8203216193747304
8	105	0.787911534607053
8	6	0.7006875809486403
8	1	0.5527760041246212
8	102	0.4113623817879426
8	2	0.3692980025941023
8	139	0.3560629858687041
8	114	0.3421892268330711
11	112	0.8389151737656424
11	109	0.6569336199615077
11	113	0.6195904031405777
11	103	0.5969982023609923
11	106	0.5566528194003837
11	32	0.535246829662025
11	0	0.5341757042436374
11	114	0.5330742282783999
11	3	0.5269982243931446
11	197	0.4862367589038595
11	142	0.4722560467867477
11	36	0.47105863657919433
11	79	0.47083295566526506
11	101	0.4559211932248707
11	6	0.45327937970975146
11	181	0.4033387642573638
11	95	0.3829397086358617
11	39	0.36459050447645236
11	52	0.35281907251599376
11	1	0.3469216932529276
11	139	0.3457600301123611
11	102	0.3391219113544714
11	78	0.3368543571232124
112	109	0.6762166718432308
112	113	0.6504855815158493
112	103	0.5867400192979051
112	106	0.570639079240825
112	0	0.5255521564277617
112	32	0.4885241368628662
112	114	0.4864886978277813
112	197	0.4769819168442819
112	3	0.4644496987834006
112	101	0.4609917940979892
112	79	0.44895443692908527
112	142	0.4324448404596196
112	36	0.42631131416132684
112	6	0.4065657710106616
112	181	0.4051039999880516
112	29	0.37565407235776604
112	78	0.3754651022596471
112	157	0.3606213917555346
112	131	0.3493647448187419
112	39	0.3430453617302725
112	52	0.3390068567600389
112	119	0.33138205166560736
112	95	0.3254314469882963
193	194	0.8375472866001785
193	160	0.7324950956315283
193	87	0.675651834563162
193	191	0.6508776786046354
193	170	0.6450706923255903
193	183	0.6403931894230542
193	190	0.6235484254518984
193	90	0.6139210345262985
193	88	0.6061293888805185
193	187	0.5851969144934247
193	76	0.5293127968811112
193	185	0.5181738087623718
193	60	0.49925251969756723
193	83	0.49832853404833405
193	64	0.4909566272397812
193	173	0.4448971461301127
193	165	0.43819123498375734
193	66	0.43778715226388626
193	196	0.4343290868544332
193	195	0.41886110507648505
193	85	0.41786288764182306
193	198	0.38287997203210455
193	177	0.3819408336561693
193	174	0.3776706658649956
193	81	0.35048801056769036
193	169	0.346420196295453
193	159	0.3329389725765801
193	184	0.32996591106012185
193	75	0.3277005661721341
194	170	0.736634151803615
194	87	0.7199060828498598
194	190	0.6822600085046191
194	160	0.6711154941753801
194	183	0.6654543763351927
194	90	0.6242202704574642
194	191	0.6046533322522356
194	185	0.5772776323126778
194	88	0.5651854581641251
194	64	0.5378815898007518
194	83	0.5374194840960538
194	66	0.5358958082384115
194	173	0.5235443266471494
194	60	0.5186491209416658
194	187	0.5043551605977864
194	174	0.49949272032962594
194	196	0.4924276098333269
194	195	0.4895360665209994
194	169	0.44849920973318264
194	85	0.4189600467478306
194	76	0.4160288221258266
194	165	0.39353840389928957
194	184	0.373556476869284
194	74	0.3643910607897256
194	81	0.3613171526515422
194	198	0.35016341997226524
194	177	0.34191549677968003
194	73	0.32206554941941096
95	197	0.8368893433387956
95	96	0.5635225887090078
95	106	0.5025634932169833
95	81	0.4860534798038602
95	61	0.46869761951130356
95	109	0.46240023133882885
95	99	0.45535066821785
95	5	0.45154557678805235
95	198	0.4408537371152863
95	101	0.35004935465520187
95	83	0.33455624679109636
95	79	0.3304381233582029
95	55	0.3285393631418877
95	93	0.32313170610350084
197	106	0.698973187154604
197	109	0.659274904271763
197	5	0.4905011161586304
197	52	0.4707551203679964
197	198	0.4506295789539732
197	96	0.4410309624798686
197	99	0.4032550290961546
197	101	0.38030827318592914
197	6	0.37802213101862914
197	156	0.36591638669263526
197	0	0.3649459515668142
197	166	0.3642956628592437
197	79	0.36390531899382234
197	3	0.3549185356164944
197	38	0.34024537223104157
197	103	0.33355234620218066
197	61	0.3280754117408598
68	92	0.8326759355681554
68	65	0.5987395183105263
68	69	0.5726856106960911
68	61	0.5246975488197537
68	91	0.5064102220990264
68	90	0.49041757669953046
68	76	0.48637419016060424
68	172	0.48283150978776224
68	86	0.47753791734335516
68	37	0.473793016576569
68	84	0.46236092112870625
68	60	0.4578360455688281
68	63	0.4005551517588786
68	93	0.36444309280135223
68	64	0.35817435278361287
68	82	0.35408792461566974
68	66	0.3504441518914075
68	67	0.34633219394240716
68	35	0.34539018742518185
68	62	0.329279572492046
68	175	0.3254761509795204
92	65	0.7026927166840502
92	69	0.6392769351975891
92	91	0.6158241423589585
92	86	0.5920652121361157
92	90	0.5433805072757283
92	84	0.5171196688214593
92	60	0.483230183996985
92	67	0.4823098644601942
92	94	0.475744992713476
92	93	0.4743434506478709
92	172	0.4652257852937656
92	63	0.4618969234038585
92	64	0.4582390483734332
92	66	0.45607168600107695
92	37	0.4104065318890412
92	62	0.4066241986469078
92	76	0.4037238589883045
92	61	0.40050477721404815
92	82	0.39364826485639026
92	175	0.39286208909916737
92	54	0.35220605812645334
92	45	0.3475900473631275
1	102	0.8322768577775314
1	103	0.6546424600004499
1	36	0.6310445464692229
1	114	0.6278323083947757
1	113	0.614929454278828
1	105	0.6048436160341492
1	6	0.5903805342836534
1	2	0.5747585122761899
1	104	0.5402085177065287
1	32	0.4947421111030318
1	7	0.48824238860656854
1	139	0.4802429431403846
1	143	0.4716186812442786
1	3	0.4635080306336551
1	39	0.4603300492888827
1	0	0.4579387896532555
1	142	0.447995793028041
1	181	0.4330950085594129
1	100	0.41410851767401685
1	107	0.36876243626603594
1	109	0.34823168668516913
1	101	0.33936083848069554
1	79	0.33836944775547634
102	103	0.7289297870109611
102	114	0.6242019596429518
102	113	0.6031858341923265
102	105	0.5723091525366988
102	0	0.5670337501008139
102	36	0.5625459098529093
102	104	0.560155664898187
102	2	0.5365797592183011
102	181	0.48111185562246467
102	3	0.47453717724330635
102	139	0.4732654929800592
102	100	0.4724269633561661
102	7	0.4435968623320966
102	101	0.4402009292801068
102	6	0.426548579833845
102	32	0.42329540445769526
102	142	0.42188256508670097
102	143	0.4212658587431358
102	79	0.38587989483666685
102	39	0.3646945487756108
102	109	0.35727615927306994
102	182	0.3548748331993371
113	114	0.6965872699335927
113	36	0.6820996192970495
113	103	0.6807765848875793
113	104	0.6041455712668234
113	181	0.5915193954318165
113	7	0.5703760160035537
113	79	0.5664703527111762
113	2	0.5512324585886385
113	139	0.5229996868884509
113	0	0.500235354808011
113	39	0.47945010352542944
113	32	0.47576820238326967
113	143	0.46265963313535285
113	109	0.46028276220813624
113	142	0.4244766658495943
113	3	0.41779685418595897
113	101	0.4149780790993897
113	100	0.390601813030468
113	6	0.38815847214634797
113	78	0.3784848701187841
113	106	0.3643303539005143
113	40	0.3357191109531846
113	29	0.3273434744479427
113	144	0.32391064666107794
29	133	0.8041330767710064
29	129	0.7606728770274596
29	131	0.7410390294805672
29	27	0.6714396321488515
29	39	0.6320544699148841
29	22	0.6276747677679014
29	26	0.5907061635462981
29	143	0.5694577514289121
29	53	0.5545304765944485
29	17	0.5266369928033009
29	118	0.4840728731711729
29	130	0.4689004786468189
29	40	0.4670495114949789
29	125	0.4526435190242282
29	21	0.4505658220170426
29	157	0.43581269158335934
29	36	0.40512071766758523
29	18	0.4020065756683699
29	32	0.3961972507790017
29	144	0.37231675484889765
29	142	0.3692548208475277
29	15	0.3579999980694586
29	117	0.35319548842779713
29	7	0.34868854595573817
29	115	0.34171236923679305
29	155	0.331462166010255
27	40	0.7253387104722836
27	53	0.7142074679968065
27	133	0.6983691942178991
27	130	0.6848916526248191
27	18	0.6660835056196985
27	22	0.6291995342080627
27	129	0.6139895710036342
27	144	0.5793541472208268
27	17	0.5787625719387373
27	21	0.571070519082597
27	143	0.5645317609011967
27	118	0.5566321149254744
27	39	0.5456247225983132
27	125	0.5436130289885481
27	41	0.531554950033407
27	42	0.47507162414670695
27	150	0.4736146274994178
27	131	0.4528343256151212
27	157	0.43818315506393624
27	7	0.42145502347895114
27	26	0.4120018804639229
27	155	0.4004040208613122
27	127	0.3880905233964623
27	138	0.38482403023966877
27	148	0.37491519358048564
27	149	0.36608959505396027
27	117	0.3638359111398348
27	36	0.3614127883407988
27	51	0.3542016202078719
27	145	0.3537642721835071
27	15	0.34137669725615827
27	16	0.33582558178478317
79	181	0.8220800042812773
79	36	0.5770575627204265
79	2	0.5483718240477508
79	78	0.5393439751508642
79	0	0.5311745947661662
79	114	0.5148670568959193
79	101	0.49978536104645677
79	7	0.49104010850593827
79	104	0.47641780409900214
79	100	0.4718596945040333
79	32	0.47144759681569376
79	38	0.4554061523530544
79	109	0.45488287569275987
79	103	0.4448329785240617
79	106	0.4287874318749256
79	182	0.42566467217182047
79	139	0.4085671046083554
79	52	0.40692463108919963
79	142	0.3877422198392053
79	99	0.3700663707445541
79	134	0.36718022419371993
79	39	0.36518863480859926
79	135	0.3364021496126385
79	3	0.3355860103497392
79	30	0.3283520172227929
181	2	0.6615753585797357
181	36	0.6491972981161737
181	7	0.6367094068973143
181	104	0.6196520100964981
181	114	0.6055153991315545
181	78	0.5938742092378213
181	182	0.5733572570213246
181	39	0.5086078256430979
181	100	0.5056216374780549
181	0	0.4880824321407461
181	139	0.47996592324148235
181	142	0.4749012588141691
181	101	0.4681199805899476
181	103	0.45562805351800356
181	32	0.43911188151040653
181	135	0.4211095645706619
181	38	0.40860042698060195
181	134	0.401956271012275
181	143	0.3887019101908194
181	30	0.3776363707521977
181	109	0.37382318719817803
181	22	0.3499265034725449
181	99	0.34886421696208614
181	186	0.326343120311993
181	106	0.3243939063085238
133	129	0.7972792761699289
133	131	0.7119760670813159
133	118	0.6372204838936448
133	125	0.6164321206579383
133	130	0.6066857862622084
133	53	0.6036945220966801
133	17	0.6016440628878915
133	22	0.554592798119501
133	21	0.5271571060016368
133	18	0.5256607171084334
133	39	0.5108283850388495
133	143	0.4972227718784727
133	26	0.4870228459634355
133	117	0.47400238023673025
133	40	0.4471961352818582
133	16	0.42267959332021776
133	157	0.39427341300904645
133	115	0.3878866518324713
133	120	0.37119641891995503
133	155	0.36570850319280374
133	144	0.3553816858529383
133	149	0.3510580334267878
133	15	0.34799440601425513
107	105	0.6320664799060045
107	6	0.43361481878370384
114	139	0.8198304066533377
114	36	0.7995992196179786
114	142	0.7775324165425952
114	32	0.744058222187481
114	104	0.6630460792517264
114	2	0.6529878632564311
114	143	0.6436554870516353
114	39	0.6171198624943359
114	7	0.5982453271098136
114	103	0.5904261339568296
114	127	0.49458349627480674
114	100	0.4717042101470058
114	0	0.4714320419257603
114	101	0.4630368034563308
114	78	0.42994564658515505
114	38	0.42625403434564874
114	135	0.4173923029619946
114	40	0.4169462792959205
114	138	0.4092000433720297
114	6	0.40500368822222615
114	109	0.40029485721907404
114	144	0.3982690755422302
114	182	0.3939439884656864
114	3	0.3925914440827685
114	134	0.38847268021606096
114	105	0.38714729928363606
114	141	0.35426283657482327
114	106	0.3520133339998934
114	146	0.3401481029514031
139	142	0.7955971283065256
139	36	0.7477138759554238
139	104	0.646009769144057
139	32	0.6168225761795975
139	2	0.6165375115575515
139	143	0.5872447080202481
139	127	0.5574183988251067
139	39	0.5339827192090004
139	38	0.5297013928714224
139	141	0.519262895991889
139	7	0.5130274130141228
139	138	0.48473872848711613
139	134	0.471735309365729
139	135	0.4171940950307859
139	100	0.4072750243681985
139	145	0.3783734872426344
139	103	0.37089460509450184
139	146	0.35824408767592464
139	78	0.35085636274763005
139	105	0.3469568785781968
139	6	0.3463937962296674
139	144	0.3402011598245912
139	140	0.33374785527538964
139	136	0.3281021824730936
139	182	0.325288384440659
22	26	0.7111664547397568
22	129	0.6447202264413423
22	7	0.6433156498055264
22	39	0.6359536527484133
22	34	0.6039994991025582
22	40	0.585236365782447
22	143	0.5744637905948103
22	18	0.5387551519926839
22	33	0.5114489242853598
22	42	0.5012019268602632
22	138	0.5008499095478581
22	17	0.49844127592093757
22	36	0.4980578847840404
22	131	0.49650730309433694
22	127	0.49598722345916885
22	144	0.4389181377147538
22	41	0.43864359745984477
22	145	0.42885272094223714
22	149	0.4286568403025535
22	2	0.4264258635367396
22	32	0.41388479384843985
22	130	0.407950444318492
22	136	0.38835380129472624
22	118	0.38679869601208566
22	104	0.3837330480490411
22	53	0.3788617769762622
22	150	0.3756798385879203
22	142	0.37409843625445754
22	135	0.3628116762370354
22	30	0.34903108171362496
22	38	0.34452680395542296
22	157	0.3442271264273495
22	78	0.3420126334431467
22	100	0.33301010281310933
22	24	0.3274595395206458
84	86	0.8130288844743
84	94	0.6352324669737128
84	69	0.6349401009347935
84	82	0.5904847565697929
84	91	0.5845060684524597
84	189	0.4766805903880322
84	45	0.4715642491400186
84	77	0.46328815721818406
84	90	0.4511792917001001
84	76	0.4149698011330996
84	54	0.37975214813865327
84	88	0.3646511980908543
84	65	0.36197775305835034
84	159	0.35511080782365567
84	43	0.3525038457583824
84	73	0.3324765337039406
86	94	0.5968437178743571
86	69	0.5659200201313962
86	91	0.5649540214641805
86	90	0.562908079151097
86	45	0.5377323294301966
86	77	0.5240740320831008
86	76	0.48377420415421407
86	65	0.4787643975460498
86	82	0.4500556010766903
86	60	0.42203873543581016
86	54	0.40787541968497637
86	88	0.3957756534270413
86	64	0.3893044704817305
86	189	0.35718019659002564
86	147	0.35718019659002564
86	43	0.3388298298895207
86	73	0.3347960045996905
86	67	0.3220207350086955
129	131	0.7681093158695135
129	26	0.7309899477257329
129	118	0.6295618621463328
129	130	0.6067868856247379
129	17	0.6024792161732707
129	143	0.5786960647012367
129	18	0.5690183722405968
129	149	0.5568322292164561
129	39	0.5480360772943441
129	125	0.5438525095739023
129	53	0.536850295264455
129	40	0.4913436007237467
129	144	0.45458145260826005
129	21	0.44962487346260704
129	157	0.44046694426425026
129	155	0.41014039567328553
129	127	0.40676608048718355
129	115	0.40031165236515726
129	117	0.3836477698821368
129	120	0.3824617261637364
129	15	0.37989762275773836
129	7	0.34760763086406765
129	51	0.3356392521994216
129	145	0.32911907948794195
96	198	0.8050499198057385
96	97	0.6972353061902171
96	81	0.6144005954756467
96	83	0.5504592673331544
96	85	0.533660953807982
96	61	0.5159685732386509
96	190	0.4790649474268453
96	55	0.45573105981618073
96	35	0.4244520709495984
96	75	0.38507105669991315
96	88	0.3536067890059112
96	90	0.3362691178617508
96	160	0.3267451363225565
198	97	0.7367896187030417
198	190	0.5899699676123263
198	81	0.5702883022441229
198	166	0.547378061438204
198	83	0.5268970987307711
198	160	0.4860916664765286
198	61	0.4783634897543348
198	177	0.4653589808029436
198	85	0.4650063585250272
198	183	0.44132089344312037
198	35	0.42960322314021976
198	55	0.4251978374902976
198	71	0.42489468329531593
198	75	0.3951429445134707
198	185	0.35935930198490107
198	37	0.35856655955171013
198	156	0.33901570747354476
198	74	0.332770023079435
36	39	0.8042743793109889
36	32	0.7474845063355711
36	100	0.5367648747506447
36	2	0.7399821836989458
36	104	0.7242089189022509
36	142	0.7209738268511435
36	7	0.7193178495220576
36	143	0.6545281563864613
36	38	0.5418635515098149
36	103	0.49661278303134576
36	127	0.4923063978764113
36	138	0.45424024298076954
36	78	0.4521265429941881
36	101	0.44262444245144394
36	134	0.43061383119088714
36	40	0.4292117307268927
36	0	0.4041171776385165
36	34	0.3909746182327281
36	182	0.39089837305372954
36	6	0.38297384240017857
36	30	0.38220557987316917
36	109	0.35796512413002707
36	135	0.3547437166429113
36	144	0.3487676009414363
36	99	0.33601188509081714
36	26	0.3322096692877389
39	143	0.7644352242496792
39	142	0.7043644202929539
39	32	0.6610182990457639
39	7	0.6252933048192256
39	26	0.5792810641986861
39	127	0.5455123458028487
39	40	0.5369855219039903
39	38	0.5339326769666726
39	131	0.5333962753431314
39	2	0.5106288128404899
39	104	0.5041463558718017
39	138	0.4616372889316337
39	144	0.42994564658515505
39	100	0.41616112052137205
39	34	0.41314697981803555
39	78	0.38438094817292934
39	141	0.3816503947431382
39	41	0.37747345481820943
39	145	0.3607605760773812
39	30	0.35142621758646575
39	130	0.3450554753759113
39	24	0.3346450510315723
39	103	0.3312663225090274
39	135	0.32451916822201426
39	17	0.3226569643164964
172	175	0.8025371475390454
172	180	0.6635501112459539
172	189	0.5965925861765936
172	171	0.5643273351185951
172	169	0.5420895551591903
172	165	0.5179982279132685
172	168	0.5007450212823495
172	159	0.4570848522199804
172	174	0.4462676359263426
172	69	0.44238318534191023
172	140	0.4274480193908846
172	82	0.4248127333627693
172	65	0.4113789972710577
172	91	0.40020247910881235
172	137	0.39788196904816847
172	195	0.38827737230434684
172	147	0.36308952162980235
172	167	0.35930704920478784
172	179	0.3588366728253805
172	67	0.3516277962008353
172	164	0.3503652024008793
172	170	0.34729988430812825
172	80	0.33687208758660003
172	146	0.32793262560306513
175	169	0.6946880704954778
175	165	0.670246198820876
175	174	0.6689885233940552
175	180	0.6235484254518984
175	171	0.617113670825373
175	189	0.5957481854850206
175	195	0.5748455606164024
175	170	0.5558724733493792
175	167	0.48850890983073864
175	159	0.4639005197927781
175	147	0.4517366216627718
175	196	0.4452900730401447
175	187	0.43754461769481295
175	65	0.4031964104648667
175	137	0.3897201277523584
175	45	0.3847132763390461
175	140	0.38220557987316917
175	141	0.37603191884785564
175	173	0.36653116156097604
175	164	0.36216022332745174
175	183	0.344861654587514
175	64	0.33588768580725675
175	168	0.32878911748852585
175	62	0.3285928857999775
72	178	0.8012162751153951
72	177	0.6970451278539602
72	71	0.6010184302750333
72	35	0.5194892730182908
72	156	0.44723613516826455
72	97	0.4317860867726689
72	140	0.41820123980401525
72	191	0.4179454232534041
72	192	0.3783820555452554
72	89	0.36655713092263903
72	173	0.36024725431107113
72	87	0.3592112465898101
72	179	0.33885638544996965
72	50	0.3219311018579985
178	177	0.7364557262039542
178	71	0.5841636210176818
178	140	0.5195403803223939
178	173	0.4971173768103678
178	156	0.4960400013938716
178	171	0.49162422483671225
178	191	0.48502938571259635
178	35	0.4449051667597225
178	179	0.44203727180145597
178	152	0.41010712373322317
178	192	0.4049786087571396
178	165	0.3940791492466409
178	87	0.3939946757555854
178	46	0.38481551110222795
178	137	0.35982077032303494
178	122	0.3519695288982967
178	174	0.346772144726904
178	45	0.3467545496232836
178	89	0.34130601837001334
178	97	0.3335612336008597
178	180	0.3314532646524257
136	138	0.7978978249934342
136	146	0.7192164920282288
136	127	0.6695847430929907
136	149	0.6513097362967146
136	135	0.626412591013518
136	33	0.5933431537377593
136	44	0.5839132393611943
136	42	0.5835242686584431
136	145	0.5620535602086052
136	150	0.556563095014971
136	154	0.5498525916518441
136	134	0.5302910580913384
136	49	0.4936311154505231
136	144	0.46687748357589326
136	18	0.45273892750280903
136	155	0.45231746185523486
136	40	0.4432594463217633
136	143	0.43943469709453287
136	152	0.43671143114772554
136	164	0.4358369932845581
136	34	0.41492013189263627
136	137	0.40336388348864693
136	7	0.4015872960701724
136	48	0.40022767394558517
136	41	0.39799979907527544
136	17	0.39443386519773066
136	157	0.39284517577869865
136	78	0.37480346111769836
136	119	0.36894386520926714
136	24	0.36743109929099715
136	14	0.36006449388527
136	32	0.347211942975184
136	120	0.33931659601895925
136	104	0.3338278279862278
136	31	0.330518293931956
136	51	0.32502904561814133
136	182	0.3220745121283636
138	127	0.7909260323467862
138	145	0.6373214444652017
138	146	0.6498852323445066
138	42	0.6250374541631164
138	143	0.5906866312133173
138	34	0.577364303377445
138	40	0.570483953544294
138	144	0.5602928946485692
138	135	0.5542326323336789
138	150	0.5528385004973019
138	104	0.527070447873888
138	134	0.5241102984532021
138	7	0.5195184776472243
138	33	0.5114563084475717
138	41	0.5014415033488262
138	32	0.47345947496806107
138	149	0.4591155210414702
138	18	0.4565625862717151
138	142	0.4372858439652205
138	137	0.4250667554858517
138	155	0.4124003237730512
138	24	0.4060481239435082
138	157	0.3841422921331416
138	154	0.3778678426535776
138	17	0.35116323998511006
138	141	0.34329238756266106
138	49	0.34139436637453074
138	48	0.3380949120707635
138	53	0.33606510977849036
138	130	0.33581670954320203
138	2	0.33211180567097776
142	38	0.6958658942578206
142	32	0.7449095919883801
142	143	0.6179364920544684
142	141	0.5897286988452386
142	127	0.5247772603917898
142	2	0.4952856831562741
142	52	0.49071372137722047
142	7	0.4752884012518801
142	100	0.43277810785042603
142	131	0.4285099033703595
142	104	0.4250094015016598
142	26	0.421948324075257
142	145	0.41516845336035896
142	78	0.4068328416230091
142	135	0.40229158954351424
142	103	0.4017298700347152
142	101	0.38701127214380526
142	134	0.37332413043959234
142	109	0.3638619395586177
142	6	0.35656934834675585
142	140	0.3565257046537012
142	106	0.35021606200096206
142	24	0.3403868418222026
142	0	0.33524876218791144
142	40	0.3339433356403842
142	182	0.3292260769374222
142	144	0.32552085351575977
97	35	0.6038406789727762
97	61	0.596302673585543
97	85	0.5567218293225623
97	177	0.5311387011354133
97	37	0.5260007630523912
97	71	0.5082074039438745
97	83	0.4831611970238437
97	81	0.46784663352606126
97	166	0.4402009292801068
97	55	0.43052422405665813
97	190	0.42164415154508467
97	60	0.3827092783779408
97	156	0.37457996352810136
97	90	0.3716188265331184
97	87	0.3616474982467961
97	76	0.36019503986758145
97	63	0.3577209785940691
97	74	0.35391298788107683
97	160	0.3503388847975157
97	66	0.3497334272946392
97	183	0.32366895341835267
195	196	0.7928279676352815
195	174	0.7308082910055743
195	170	0.6978360354875119
195	169	0.5683823872474693
195	166	0.5591735762399521
195	165	0.5449993777329448
195	167	0.542661276516064
195	156	0.5178957855878228
195	191	0.5167239612467266
195	183	0.5134399040733977
195	187	0.4472201354283654
195	87	0.42054175962929674
195	93	0.41535879126760183
195	66	0.4136775975695538
195	160	0.41225922646695096
195	62	0.39932868424643575
195	190	0.39011019217963633
195	171	0.3872748094231973
195	173	0.3869517549722689
195	185	0.3618126370041576
196	170	0.6474757114410682
196	183	0.5807608367708464
196	174	0.5515804340402578
196	187	0.5102442965036265
196	93	0.5093931990995145
196	66	0.49944768855875726
196	166	0.46822148669105174
196	191	0.4489464524941034
196	190	0.4407087089714917
196	87	0.43815083467655885
196	165	0.4182094908467393
196	160	0.4110133934968313
196	169	0.4067410439409976
196	156	0.39968165039970127
196	185	0.3726526443508082
196	83	0.3625163948099075
196	167	0.33001046644987364
196	60	0.32495749526825823
106	109	0.7915990582756497
106	5	0.6007309029493801
106	103	0.5467263790297902
106	0	0.5389893255031087
106	3	0.5307724772072774
106	101	0.4942283817854352
106	6	0.464630065402618
106	105	0.44184414658463234
106	52	0.4128981561133514
106	99	0.3317469782974954
106	32	0.32542250601546674
109	103	0.6097479247136625
109	0	0.5608277968329354
109	3	0.5319924522141157
109	6	0.48445561722799974
109	101	0.48227916878023175
109	5	0.48067367261739147
109	105	0.43599898838476353
109	32	0.4205582223833971
109	52	0.41493668858092303
109	99	0.32467125667270175
127	143	0.7724604750845695
127	7	0.5788623183613633
127	145	0.5783966868703825
127	104	0.5479101267086837
127	40	0.5391808600618703
127	144	0.5294999263942777
127	146	0.5212102688042373
127	150	0.5013067510322393
127	135	0.4895208592833202
127	42	0.4456668010412828
127	26	0.4428817127558847
127	32	0.42636859055844223
127	134	0.4083504826425699
127	149	0.40162923161028025
127	18	0.3986055746148004
127	41	0.38920265268213267
127	2	0.3688056361827547
127	34	0.3683130627181441
127	141	0.3524775732493937
127	130	0.3435217261751682
127	24	0.33034013062560985
105	6	0.7545167446041072
105	103	0.4945306173426149
105	3	0.42689210192132276
105	2	0.352696493843772
87	191	0.7864281217020396
87	83	0.6901331754750886
87	66	0.6437784690255802
87	190	0.6092010942712074
87	170	0.591811864723681
87	90	0.5830888314010467
87	88	0.5254942503988042
87	64	0.5184005360652354
87	60	0.5062317487262066
87	173	0.4825784011360939
87	160	0.4823328854429293
87	187	0.4485471393508735
87	50	0.4414819264013336
87	85	0.43862744548225957
87	177	0.4379003132647901
87	91	0.43774673425873006
87	183	0.42156192645743923
87	76	0.3813684260587885
87	192	0.37762779681210484
87	174	0.36136062436191224
87	165	0.35852298726944976
87	185	0.35782561838592186
87	169	0.3300906624460435
87	45	0.32440285396543345
191	170	0.6663449001673352
191	165	0.5720266505100943
191	174	0.5270271146989831
191	179	0.5176322942493289
191	173	0.5172734954364815
191	190	0.5169658087931663
191	187	0.5112716817331564
191	160	0.5038330382381069
191	83	0.498711787634943
191	66	0.49294254756003136
191	177	0.48829570014035273
191	167	0.4623766454308703
191	169	0.45921811259969747
191	192	0.45568351996424733
191	183	0.4547480414005127
191	64	0.42927699066914343
191	60	0.4229013303390026
191	185	0.41499463482585963
191	91	0.38276048921844213
191	89	0.3807615255616001
191	159	0.3655179112576862
191	82	0.3555389424860619
191	184	0.3489608255677287
191	171	0.3467545496232836
191	71	0.3416417086927604
191	180	0.3389714533059345
191	90	0.3376874304844783
191	76	0.32814679918900713
83	190	0.7793056950914967
83	81	0.5555614429614023
83	85	0.551907356005667
83	160	0.5276840400622828
83	55	0.5199928827383743
83	90	0.49275327232731947
83	66	0.46945418817536516
83	93	0.4454103225199855
83	88	0.4434522708601287
83	170	0.3695397909019191
83	183	0.35080374765130956
83	185	0.34697447087460714
83	74	0.34606815031285393
83	75	0.3444651113779965
83	187	0.3328589465312066
190	160	0.618659209965372
190	81	0.5691400790302401
190	55	0.5645998874441032
190	185	0.5640410227176744
190	170	0.5317916667821689
190	183	0.5308371193711471
190	187	0.47857167832037834
190	90	0.4649044623846462
190	75	0.4625495935596086
190	85	0.4499200242125751
190	166	0.4271128725157434
190	66	0.4211260177667804
190	74	0.41127099174393084
190	88	0.39999249861057906
190	184	0.35435028326088286
190	73	0.3373064092858561
190	93	0.3320317301203627
190	158	0.32739704417072063
190	60	0.327245257824305
71	177	0.778164339204748
71	35	0.5880564946042336
71	140	0.4614326727135388
71	156	0.43531031417874233
71	24	0.34121766433454903
71	37	0.33279670073645345
177	35	0.6812591779903252
177	140	0.5477981497742238
177	156	0.4819491154286508
177	37	0.3835795426371707
177	173	0.38080427578071513
177	160	0.37133436484094573
177	170	0.3512246063830579
177	165	0.3462177817703642
177	141	0.3391130613611669
177	171	0.33806834104635264
2	104	0.7779275525210765
2	30	0.5363661001825775
2	7	0.730547269433685
2	32	0.5385563940068127
2	134	0.5268320814975199
2	100	0.5178152847670539
2	78	0.48097350799420735
2	143	0.4440866950379824
2	38	0.4416831776121132
2	103	0.39446764154185066
2	182	0.3886509743534482
2	101	0.38167602473896534
2	34	0.381411153150195
2	135	0.380658918394551
2	6	0.36540527434076386
2	0	0.3614040945014142
104	7	0.7583413424184114
104	143	0.5677321688540488
104	134	0.5289095737424953
104	100	0.4902124870859101
104	182	0.4399348369987088
104	135	0.4307115747470571
104	103	0.41867968617933765
104	32	0.41182751194544914
104	144	0.39842051339807594
104	40	0.38128296698757363
104	78	0.3707652323191358
104	30	0.35327425868889334
104	150	0.32912799626491
104	101	0.3223433665455426
40	144	0.7735872884476419
40	143	0.6136654988253528
40	150	0.6109025297591621
40	42	0.5909600208799975
40	41	0.5651922637796393
40	18	0.5647633597619197
40	145	0.5611635858986653
40	53	0.5517404383144345
40	7	0.5502710508235853
40	146	0.5211228625551294
40	157	0.5132189562075193
40	17	0.5036166224651449
40	155	0.48847845487385366
40	26	0.45982551912025155
40	130	0.45854709992500037
40	149	0.45573105981618073
40	51	0.4374314131020105
40	135	0.42480453798653894
40	32	0.4186137073839295
40	118	0.40598966353748916
40	34	0.37404683207461736
40	21	0.36162142163127725
40	131	0.33734185778300724
40	119	0.3356215051544442
144	150	0.6735921744932191
144	145	0.6104949492073325
144	146	0.6088236319301769
144	143	0.599624072042286
144	135	0.5347614657146572
144	157	0.5301113364204566
144	149	0.5172954679394286
144	130	0.5009622735106091
144	155	0.4858014012153235
144	18	0.485327580423579
144	7	0.48372058496217324
144	42	0.4755670299022445
144	53	0.44240731393520033
144	41	0.4401122404403597
144	17	0.4344913444064972
144	118	0.3992530332335998
144	119	0.38861701580874014
144	51	0.36770786494393926
144	26	0.35577478969635806
144	154	0.3451699920118279
144	152	0.34474711029581245
144	15	0.3385199751351294
144	78	0.3363489385230587
144	182	0.33017976352005984
144	131	0.32991244265176856
144	125	0.32660221083320046
143	7	0.6431573631725672
143	26	0.5382084232726163
143	131	0.5157704260027882
143	32	0.4980278066510943
143	150	0.46324103406334177
143	145	0.4612752422092118
143	135	0.4129976929945636
143	130	0.39628155021264777
143	18	0.390305171910305
143	146	0.3798377237192153
143	100	0.34841620747410135
143	149	0.3481965368078804
143	182	0.3430365385012072
143	41	0.33763427137551477
143	78	0.3348315205894593
143	118	0.33431644566385504
143	17	0.32852152178692096
35	37	0.6731767940047676
35	60	0.4873736593696399
35	140	0.4812732309060841
35	76	0.46129885863692227
35	61	0.4526832738166919
35	24	0.44261640157982396
35	62	0.41604536038859974
35	85	0.3750183215719951
35	66	0.33989163087169333
35	65	0.3394139274529312
131	26	0.6733954683121227
131	17	0.5029445847743591
131	118	0.4783789129742079
131	157	0.4590129172361542
131	53	0.44750808695011557
131	149	0.4445602152497642
131	125	0.40430959829076013
131	155	0.4006810775274618
131	115	0.39573348451099727
131	130	0.39540450970139823
131	18	0.3830591722355883
131	21	0.36614155261713416
131	117	0.3553642116515932
131	32	0.34321299157953444
131	38	0.3255834346218306
131	15	0.3247070397509768
44	149	0.762307188479236
44	33	0.682308112466014
44	152	0.6535324517713121
44	164	0.6416891339598122
44	49	0.6320724847876991
44	31	0.6229123783552412
44	154	0.6214537057794618
44	135	0.5664024377302704
44	46	0.5310381888268113
44	67	0.5231958064480877
44	14	0.5208314294368394
44	119	0.5025335954185662
44	78	0.4957609908011538
44	48	0.4758378274173819
44	120	0.47276868991643267
44	45	0.4667758141017386
44	155	0.45558843246157094
44	171	0.44342013628680116
44	137	0.44030573229048847
44	157	0.43883739908441954
44	146	0.4310943063843187
44	17	0.41995715248664184
44	153	0.4162272631128942
44	15	0.40964120197598636
44	26	0.40676608048718355
44	24	0.4048782848029607
44	47	0.4012349710550774
44	51	0.40114267582714125
44	156	0.3962141112001679
44	145	0.3730056536983123
44	52	0.36777704618279744
44	115	0.36546592631827
44	18	0.35727615927306994
44	179	0.3393696867928806
44	42	0.3348315205894593
44	134	0.3292884882123194
149	154	0.6573824531267763
149	18	0.6547910099577409
149	17	0.6391172498889897
149	152	0.6269955432477474
149	118	0.6247144032404602
149	155	0.6132538784983086
149	135	0.5957288326161587
149	120	0.5904521892206809
149	15	0.5864120550354794
149	14	0.5722486278183126
149	157	0.5660151754260484
149	146	0.5618482968654281
149	119	0.5509678689231103
149	51	0.5354893791952178
149	33	0.5215525046740936
149	26	0.5155575397150035
149	115	0.5031537284048507
149	53	0.49860660017407626
149	150	0.49131325686875155
149	145	0.4852434856490669
149	49	0.4843484675757136
149	164	0.4827471491969407
149	78	0.4728152779808041
149	42	0.45583405390985693
149	148	0.4519276251170391
149	48	0.44853116309827795
149	116	0.4421901335407694
149	125	0.4420131333898508
149	21	0.4096245579579142
149	16	0.4040920766550098
149	130	0.3887867979734335
149	46	0.37363391526586265
149	186	0.361699649780326
149	31	0.35408792461566974
149	153	0.34832834379844435
149	117	0.34646419518569105
149	41	0.3455751221886566
149	43	0.32254945305629623
51	155	0.7608792746997323
51	53	0.6249277627507168
51	157	0.5955675318071362
51	17	0.5806813052065134
51	152	0.5694847795280167
51	154	0.5429152136424589
51	14	0.514734760492167
51	18	0.5010446630181901
51	21	0.46562530860020546
51	118	0.46263605442617645
51	48	0.4551921226274051
51	125	0.4487068861107092
51	119	0.44444787698863886
51	47	0.43191624750334645
51	15	0.4261803838455652
51	115	0.41884461383084337
51	49	0.4079421085201366
51	120	0.3998916930523604
51	42	0.39660182712222153
51	89	0.37266125561878427
51	146	0.3659770125035143
51	16	0.3614910300672852
51	150	0.32445653868774066
155	157	0.7082979753363664
155	53	0.6763957331131375
155	17	0.6158924214022415
155	154	0.6022307204679143
155	18	0.5534700589256941
155	125	0.5506195557937579
155	152	0.5476511502566194
155	118	0.5287510992791299
155	119	0.5262321875141959
155	14	0.51719292375787
155	146	0.49762915826227494
155	49	0.4953837868110757
155	21	0.4928441302599315
155	48	0.4923063978764113
155	42	0.4842183377466433
155	115	0.48310753634101977
155	47	0.4624867074028256
155	120	0.45879977789794324
155	130	0.4285752114724237
155	15	0.4198006491627197
155	150	0.41600401421563504
155	16	0.36955705958114626
155	145	0.35158397753583176
155	117	0.3280129446496929
155	33	0.32417019602223357
155	41	0.32251361411990886
179	180	0.7604368054976128
179	89	0.7471312816567153
179	192	0.5549804367131329
179	173	0.6090123975825779
179	171	0.5994575288287964
179	47	0.5713871569499331
179	189	0.5318992378440242
179	82	0.5193724423652893
179	152	0.5179031033894766
179	164	0.5114858443410852
179	153	0.4986667090929527
179	137	0.4915483905466123
179	174	0.48872206120239636
179	50	0.47716729279992876
179	168	0.4591549807825253
179	165	0.4571797758254923
179	46	0.4534779916499221
179	154	0.44862701631412694
179	45	0.41260778387281394
179	159	0.38575222294170763
179	91	0.3646078458252811
179	140	0.3526001735371034
179	67	0.3426482565098724
180	189	0.7278970775728516
180	162	0.38715580042041037
180	171	0.6600431000000127
180	164	0.6094022947300035
180	165	0.5747384223502133
180	89	0.5737867067084352
180	82	0.5734579375800534
180	173	0.5455896069572399
180	159	0.5304563599476142
180	174	0.529658226513494
180	153	0.5280519312963873
180	47	0.5247989983143656
180	168	0.5117589940605853
180	45	0.48775479991702275
180	137	0.4864047271723773
180	152	0.4780858213350125
180	169	0.4620856987692076
180	91	0.46017241552912885
180	46	0.42992934351014883
180	50	0.4187374139998075
180	147	0.4064489057612098
180	154	0.4036736373490833
180	192	0.3864159553723661
180	140	0.3820091612642221
180	67	0.36801050280688913
180	170	0.3397854897015118
180	49	0.32380323265933136
7	78	0.599790563334945
7	135	0.5834451231854803
7	134	0.5136166133664776
7	182	0.49459105010909865
7	26	0.4923367026560499
7	100	0.47719046180949737
7	32	0.44415894298085196
7	145	0.40682449671866977
7	103	0.38605861066026254
7	150	0.368287132066999
7	38	0.3544814416700092
7	18	0.3462617876709256
7	30	0.3436628372697911
7	34	0.34360110307498987
7	41	0.33828974977811477
7	42	0.33367676438789895
6	3	0.4650925687144864
6	103	0.44865896509279585
6	32	0.4010503724536638
6	5	0.3320317301203627
116	148	0.7487789825827662
116	15	0.7146187436235628
116	188	0.6989680727540195
116	186	0.6412006388025512
116	43	0.5490637436459453
116	115	0.5418282313583319
116	182	0.5092006387728691
116	14	0.5013891025602862
116	184	0.47478508021987975
116	147	0.46618119181627327
116	77	0.4423670992572416
116	120	0.3909492037692065
116	152	0.38826887986455133
116	75	0.36034297492827894
116	185	0.35523314722467353
116	118	0.3526789816165797
116	21	0.33074096494245053
116	17	0.32702201192960806
116	187	0.32493066292789713
116	154	0.32330185697613345
148	188	0.709347847229478
148	43	0.6777496628422881
148	186	0.6607986510570301
148	15	0.6139771105144896
148	182	0.5168045862619709
148	14	0.48306920505972867
148	147	0.47866418930500293
148	77	0.47373872836374026
148	184	0.39544669163110224
148	115	0.3836989375675731
148	130	0.38221411902947877
148	75	0.3774477291131668
148	150	0.3756025381552106
148	18	0.3743994144597482
148	118	0.37398662427055906
148	30	0.36473789787942024
148	152	0.36431300850626297
148	78	0.350189741263134
148	41	0.3462881904798811
148	17	0.33210290862394454
148	134	0.3260929174089817
32	38	0.6489426665359346
32	34	0.5303198091372143
32	141	0.46918907752992817
32	103	0.45339060794313
32	100	0.4473561240937671
32	52	0.43108616477223094
32	78	0.4228109991461093
32	24	0.420912104601595
32	101	0.4114786844279474
32	30	0.3867136540460807
32	134	0.3723425959672792
32	135	0.3625163948099075
32	0	0.3493647448187419
32	42	0.34856556167118347
32	26	0.34209210345902547
32	3	0.3302154023023031
32	146	0.3222806384974641
183	185	0.7473035314483395
183	170	0.6893992641792787
183	187	0.6771544984386476
183	60	0.671845815183524
183	166	0.5997137276514595
183	165	0.5900481943262593
183	74	0.5404138562119907
183	160	0.527395359323246
183	81	0.5224546196925355
183	167	0.5218800201277498
183	174	0.5093931990995145
183	76	0.5033478804461657
183	66	0.41260778387281394
183	169	0.40377407819450367
183	90	0.3943409747559419
183	64	0.39429874916363156
183	75	0.3926168199426316
183	62	0.3620472688136528
183	63	0.3601341201643449
183	184	0.34376866040769904
185	74	0.6729962990233342
185	187	0.5821310115045887
185	167	0.5705581491744414
185	184	0.5439651756807944
185	60	0.5342971847847241
185	170	0.5056290809080162
185	75	0.5039598732590891
185	73	0.4595337021031236
185	160	0.4557389828720838
185	166	0.44542635457005847
185	76	0.43764163916510374
185	63	0.42622948480677975
185	165	0.41977593582903794
185	81	0.41105494604238235
185	188	0.3881669654433852
185	90	0.32578009952583603
89	47	0.6276141615254118
89	82	0.5619988300841846
89	192	0.5271859896079971
89	50	0.5022121181767863
89	152	0.48687789889057104
89	154	0.4616687639909531
89	91	0.46018029790633586
89	153	0.457962498089486
89	46	0.4470201145315726
89	189	0.4351806243581392
89	67	0.416747982064654
89	168	0.416739718819023
89	171	0.4154167129786428
89	173	0.39462806461955213
89	164	0.3775506284373934
89	45	0.36137801260622454
89	49	0.3454870613622947
89	94	0.34024537223104157
89	48	0.33017976352005984
169	170	0.7445488355384077
169	165	0.6754887531326389
169	174	0.6699872553531877
169	171	0.5885142387952654
169	167	0.5584445800130994
169	189	0.5380237111890318
169	64	0.5184955935735246
169	159	0.4889732004364514
169	187	0.47696646693187733
169	66	0.4420694553543992
169	65	0.418605459723764
169	173	0.38747879483293907
169	147	0.3805135421944305
169	45	0.3389006435175782
170	174	0.7163173463354313
170	66	0.6539103996164121
170	165	0.6754126258416833
170	187	0.6562908078657694
170	160	0.5663005508329064
170	173	0.5392446925241591
170	64	0.5389609452709783
170	167	0.5164087027888837
170	60	0.47442094680071606
170	171	0.4535733093878556
170	166	0.41466346808932797
170	76	0.3647552370782496
170	189	0.3430453617302725
170	156	0.3319783437610572
170	159	0.3297876748006128
88	90	0.7351763047139265
88	85	0.6494170901738836
88	73	0.5172588467223171
88	76	0.476193595566354
88	81	0.45331910569956646
88	64	0.42654039923586046
88	66	0.42316406420340963
88	60	0.41812697731404347
88	77	0.4079087646466158
88	50	0.3962394013308937
88	160	0.36792404279837576
88	55	0.3673099938478632
88	75	0.35358928963738023
90	60	0.6665672346844972
90	76	0.6115289449708535
90	85	0.5820318343223986
90	91	0.5391170214041774
90	64	0.5346829177752621
90	81	0.5192409846692181
90	73	0.5184370981617248
90	66	0.4720384652379008
90	77	0.4678388222942418
90	74	0.4378922307962408
90	93	0.42819962874227746
90	55	0.41544980958685307
90	160	0.4052126600624126
90	94	0.384236055987644
90	63	0.37823638558303874
90	65	0.3515313931042198
90	61	0.339192709139933
160	158	0.5169145146923617
160	85	0.5085707587965197
160	187	0.49974784937945466
160	166	0.39242225640909106
160	55	0.3686501090272723
160	167	0.35123337276502675
160	66	0.33855539082461117
160	81	0.3324142701001417
160	76	0.32319439569844444
160	60	0.32250465424132524
53	125	0.7314971059608212
53	17	0.7241233138843894
53	157	0.7059932386741389
53	18	0.652097872563646
53	21	0.6400155008780692
53	130	0.6330203027482153
53	118	0.6118794030333785
53	42	0.48259374334975064
53	120	0.4715253668653299
53	16	0.4515137319492102
53	41	0.4502150767111713
53	117	0.4446805621558972
53	119	0.4228684836047912
53	150	0.41884461383084337
53	115	0.41865494464897046
53	15	0.41105494604238235
53	49	0.4060397726603879
53	14	0.35908930503897285
53	146	0.3430541848988026
53	154	0.33665930626027873
53	48	0.33589655757208253
125	21	0.68566072728828
125	130	0.6749664482478428
125	17	0.6436320581438825
125	118	0.64336253899024
125	18	0.5540108886334556
125	16	0.4741729332321996
125	120	0.46937622323900785
125	157	0.46747942663081604
125	117	0.4645594917504417
125	115	0.4511792917001001
125	15	0.3972589351657287
125	48	0.3447206755395229
125	42	0.3401481029514031
26	38	0.4880748143481708
26	18	0.43863552150647633
26	17	0.4278157283224832
26	24	0.4146137836007531
26	78	0.3815222359608931
26	145	0.3556874441592135
26	118	0.35546905313351007
26	135	0.3335345712269584
26	130	0.328762360293123
171	174	0.7308502209793735
171	164	0.6790612927045114
171	137	0.6442057191364163
171	173	0.6919461218376967
171	189	0.6278747143925141
171	165	0.5948701602596129
171	45	0.5630242009018328
171	140	0.5419624377523861
171	67	0.5385279951146327
171	153	0.5163206986895741
171	159	0.5045639063575248
171	46	0.4875642528721441
171	152	0.47377750602604635
171	50	0.45488287569275987
171	65	0.4504940899688327
171	147	0.4428093628512941
171	47	0.4210026120407276
171	154	0.4024173061779071
171	156	0.40138598203672726
171	167	0.3929212836277271
171	64	0.38843022494262447
171	134	0.3309546944723464
171	31	0.3263341852811562
171	33	0.3227823835979132
174	173	0.7150490745377577
174	165	0.7146187436235628
174	167	0.536465816291039
174	64	0.4944399592268431
174	45	0.4905011161586304
174	137	0.45673670991233073
174	65	0.4356101526958608
174	189	0.4285670482045571
174	66	0.42479634254067944
174	159	0.4207639834408808
174	50	0.4139676603561869
174	156	0.4103150554470878
174	164	0.4036736373490833
174	62	0.39847098785708196
174	60	0.3494174203710045
174	187	0.348908130883956
174	147	0.33137314977675003
103	3	0.7099881660098117
103	0	0.677825347415699
103	101	0.5097485610960916
103	5	0.3276202286924499
103	99	0.32687018386774924
189	159	0.5997585498108944
189	164	0.6329304014180384
189	45	0.580356436277636
189	82	0.5620125130766859
189	173	0.5119656332103004
189	165	0.5095486913632506
189	147	0.5034225407790298
189	46	0.49403942386562066
189	153	0.48961209824267643
189	152	0.4561112850289057
189	154	0.45059770106008246
189	50	0.4151105172158519
189	47	0.4106393437436586
189	64	0.39942113921108496
189	168	0.38625431379195035
189	91	0.37097222185067713
189	182	0.36720617926829524
189	80	0.36417423625330797
189	65	0.36169095801525464
189	67	0.36064749003953306
189	146	0.35446395468788505
189	192	0.3530817003207061
189	187	0.32636992505459345
152	154	0.7266770507038768
152	14	0.6947294608738942
152	164	0.6708076002570853
152	46	0.6489947621005603
152	122	0.3632371007389059
152	153	0.5790019342548912
152	119	0.5595720953960118
152	47	0.5328880861979745
152	157	0.5224618900662545
152	78	0.506194561314136
152	135	0.49745609445656475
152	15	0.49041757669953046
152	146	0.46031428721885526
152	115	0.45542200431339863
152	48	0.4476520279260864
152	186	0.433249357312074
152	33	0.4241322802574494
152	45	0.4227863619078397
152	137	0.4149118534454462
152	49	0.4129645151302629
152	17	0.39946316150949773
152	120	0.3985214599026328
152	192	0.39309884767531444
152	182	0.39168598107280533
152	67	0.38845569830458854
152	31	0.3855564306727065
152	147	0.3725923636779779
152	150	0.36308083993828744
152	134	0.3573284993757759
152	184	0.3332056914204111
152	173	0.3305093863259413
152	24	0.32720954093514754
154	48	0.5451469857294959
154	47	0.5861692376282375
154	164	0.583517673625681
154	153	0.5776042476604113
154	46	0.5755214160961957
154	49	0.5687207617871406
154	119	0.5451610418715197
154	157	0.5382155265513168
154	146	0.5368218229826371
154	14	0.5216689722316473
154	33	0.47936538502195325
154	135	0.45087659366389604
154	17	0.4448730838130812
154	150	0.4346697951456118
154	45	0.4204347449776696
154	18	0.408467130956798
154	120	0.40704144216201993
154	115	0.40648229718979584
154	42	0.3992530332335998
154	137	0.38546277861492306
154	186	0.36949661808710443
154	78	0.3686414680244464
154	15	0.3605865931651162
154	118	0.35148757105003187
154	82	0.343953829890035
154	184	0.3366149724884714
154	182	0.33444079239506286
154	67	0.3300728415253042
17	118	0.6851251885397892
17	120	0.6818803145335472
17	18	0.6795998026045298
17	157	0.6322766056004742
17	115	0.5951608406988831
17	117	0.592986668292644
17	21	0.5902241639323955
17	16	0.5734646490015042
17	15	0.5647497387611191
17	130	0.5478751360254728
17	119	0.5265502689057382
17	14	0.49459105010909865
17	48	0.4471641340847792
17	42	0.42536166491609856
17	49	0.4140090910374133
17	150	0.3939862280403475
17	33	0.36308083993828744
17	41	0.3561241096856359
60	76	0.7225403713496755
60	62	0.5995151842784632
60	74	0.5911291941087534
60	165	0.5551672478289481
60	64	0.5321430020391802
60	63	0.5315047267112806
60	61	0.46035369184974584
60	81	0.4590129172361542
60	167	0.45103592135380355
60	45	0.4471001282562518
60	66	0.44283348012695134
60	65	0.44027348648810066
60	37	0.429366715771101
60	187	0.42852623081568203
60	73	0.4171197568219386
60	91	0.4091084581642699
60	85	0.402132326691484
60	166	0.357703537755263
60	77	0.33431644566385504
60	80	0.331310834902896
76	77	0.599662497718116
76	80	0.4790572424221722
76	187	0.5248207355524697
76	73	0.4960701585681696
76	75	0.4885774291320992
76	64	0.46262033492310733
76	37	0.4400638610899282
76	63	0.42529613729008164
76	85	0.4129396310127053
76	61	0.3920838013911594
76	165	0.37593746894189606
76	81	0.3748722208450837
76	65	0.37186013326343204
76	147	0.3708687316908631
76	74	0.3695656938250346
76	45	0.34771312673521665
76	188	0.3474405777353355
76	91	0.34310712263868176
76	66	0.32811110593339377
76	167	0.3234451257093474
15	115	0.7201324218090626
15	14	0.6586242511647508
15	16	0.5781504149869008
15	120	0.5359171923650966
15	118	0.5194235581654641
15	43	0.46391621557330515
15	18	0.4407892830036392
15	186	0.4273989808418145
15	21	0.4209697012144973
15	78	0.4009328836539561
15	117	0.3859394699968228
15	157	0.38110348172612285
15	188	0.34244524431461243
15	182	0.34203912399209263
15	122	0.32422388979885447
15	130	0.32248673431078256
115	120	0.5727393707282727
115	118	0.5582174520798365
115	16	0.5473920688300126
115	14	0.5205690357855852
115	117	0.4730016038048774
115	21	0.44172342252183533
115	157	0.38082137541255157
115	119	0.37491519358048564
115	18	0.3521534999622811
115	130	0.34167703944763833
146	150	0.6829596057098424
146	135	0.5959545730442087
146	42	0.5657976554524193
146	145	0.5621082854114454
146	49	0.5212102688042373
146	164	0.507257378165485
146	157	0.4798504700234277
146	119	0.41082222979112404
146	41	0.40655742393398714
146	18	0.401008413682382
146	33	0.3864669951515157
146	14	0.37630663778021306
146	153	0.3725234676300712
146	134	0.37084285771147985
146	182	0.3663753333984323
146	69	0.3437333869983573
146	137	0.32256737217770437
137	140	0.7150881686870156
137	165	0.5501804081097665
137	24	0.5135209012396212
137	164	0.5067001488117171
137	33	0.4869618188860385
137	167	0.42431268801879823
137	49	0.4224167283470941
137	62	0.4179454232534041
137	157	0.4023586403036133
137	135	0.3949910385410758
137	168	0.38590542744228645
137	156	0.3712998798971669
137	141	0.36691198827840815
137	47	0.3609606253903275
137	31	0.35819178688138176
137	48	0.3465873839682195
137	153	0.34617377434621405
137	45	0.34405962901427395
137	119	0.3316935805981445
137	67	0.3257532832439551
140	141	0.6357570757269569
140	24	0.6274201704229724
140	156	0.4578439493941951
140	165	0.4559291145474111
140	37	0.3438303865398011
140	167	0.3421715685815634
140	52	0.33937853504500887
140	164	0.3358610701551929
140	62	0.3292171608061656
173	50	0.6840146386826154
173	164	0.5905368603285444
173	45	0.554620494578207
173	165	0.5173247635491875
173	64	0.5086152387861909
173	66	0.43752036073518935
173	192	0.39662710803114193
173	46	0.39537076295672335
173	159	0.3878356780094887
173	153	0.35333552098469617
173	156	0.35295039337044404
165	167	0.6567858007799865
165	187	0.6036182502207776
165	62	0.5778707354096501
165	45	0.5485675947191263
165	159	0.48245565276554625
165	147	0.4799813157479732
165	64	0.4421901335407694
165	65	0.39918578332452864
165	166	0.36805373042493345
165	80	0.3590109075671415
165	82	0.33018867330387885
165	184	0.32828956284070837
165	156	0.3247428218997426
165	164	0.32357942668008927
3	0	0.5910316005145412
3	5	0.38650102035597916
3	101	0.33696960086438804
188	186	0.7060985535036224
188	182	0.5990986440142047
188	77	0.5468455532974708
188	75	0.5367862309108182
188	43	0.529953141940038
188	184	0.5297373627404474
188	147	0.41664881857165437
188	187	0.334822641681202
188	30	0.3249396070994773
157	119	0.5994254953351308
157	49	0.5281817279663104
157	150	0.519686380708471
157	18	0.5044297194243228
157	14	0.48015830833103434
157	120	0.44126452519102766
157	118	0.4410712361762444
157	33	0.4281424618733965
157	42	0.4255827877278755
157	47	0.4181764862617731
157	164	0.4160370912916158
157	135	0.41144545646937086
157	48	0.378913163633331
157	21	0.37427903263962786
157	145	0.36839949408325906
157	41	0.3492418266089736
157	130	0.3465169918417859
157	16	0.34279828843832955
157	24	0.3395820282656261
157	117	0.3336856509564153
31	33	0.7072899402133386
31	67	0.5806547922218324
31	34	0.5060978652329744
31	135	0.5045415435610957
31	134	0.4811656510074315
31	78	0.4757217823811598
31	45	0.4638691273579666
31	164	0.45429579782032764
31	49	0.4423027520722132
31	38	0.4333630717132087
31	24	0.4236482932344237
31	65	0.38536911861493867
31	30	0.3682093366756635
33	49	0.697327789909298
33	34	0.6660278686376422
33	67	0.566545050303683
33	42	0.5532272270827002
33	24	0.5396133809920362
33	135	0.5153225568204814
33	164	0.4623687833161403
33	145	0.45384331996381416
33	41	0.4510837140562315
33	134	0.4055469269449661
33	45	0.4031545379880305
33	119	0.3972589351657287
33	62	0.39718313577539593
33	78	0.38724080816762285
33	150	0.38680719984688033
33	48	0.36245559253663473
33	47	0.3548748331993371
33	120	0.3506985108140414
33	14	0.32821818288916277
186	75	0.5754277800383234
186	184	0.5485466221661659
186	43	0.5558586530798676
186	182	0.5497479337015442
186	77	0.4886916145773395
186	14	0.47611626791836453
186	147	0.4248291239063404
186	78	0.4137604812250933
186	30	0.4103316881416981
186	100	0.38538614829653056
186	161	0.35395672438694503
186	99	0.3420214636865315
186	101	0.33130193254209506
186	134	0.3235973324913004
78	135	0.7056369429205773
78	182	0.6757985513362254
78	164	0.5526509927233095
78	134	0.5283547518047994
78	14	0.44877077678754645
78	38	0.42255638421523706
78	52	0.38690073768749705
78	46	0.3808812220726937
78	153	0.3588889458744027
78	43	0.35047046728162956
78	100	0.34824926125661404
78	24	0.3332856966780049
78	67	0.3293241505062343
135	164	0.6287220516888294
135	134	0.597776387552385
135	182	0.5667962375191484
135	145	0.5275324978652552
135	150	0.49986788011474065
135	153	0.41220112182714014
135	49	0.41084716623664835
135	119	0.3841337677534022
135	14	0.37410703672588297
135	24	0.37020445070857466
135	38	0.36803643956862603
135	42	0.34098791562576153
135	18	0.3379886247393971
65	64	0.6074056909352746
65	67	0.5834055462927772
65	54	0.4181599835552277
65	45	0.5041985625809592
65	62	0.49455328019043937
65	63	0.4450495258881278
65	66	0.41401737696783375
65	159	0.35380801395174327
65	91	0.34980364025241056
65	147	0.3472559144051098
65	167	0.3383871577579601
65	37	0.3341476707675934
38	52	0.7015671477305788
38	24	0.4868016001848528
38	156	0.47955021387290603
38	141	0.45460525295476545
38	34	0.38770823307326113
38	134	0.36196906330583273
38	145	0.323543614362398
38	166	0.3234451257093474
52	156	0.6860314578478959
52	24	0.3639660475510786
52	80	0.3241343990107193
49	42	0.5910316005145412
49	47	0.5474761067401647
49	67	0.5293919733467255
49	69	0.5254652955584836
49	150	0.4619441211697008
49	119	0.46029064356964755
49	41	0.4327537264406002
49	164	0.43117571864431137
49	48	0.4276441484324986
49	34	0.4127903133606613
49	120	0.402149092348478
49	45	0.399311873380138
49	168	0.38767424525314464
49	82	0.38567561271215894
49	18	0.3772762095251605
49	145	0.3632631422193805
49	94	0.35243378449968477
49	153	0.3439097443437569
49	14	0.32293466320098946
18	118	0.695101767282813
18	130	0.6050591875222979
18	42	0.6001873715166661
18	21	0.5144627408911946
18	41	0.4934268795879464
18	16	0.48120407406382126
18	120	0.47763054693931317
18	117	0.46232947165193805
18	150	0.418605459723764
18	145	0.3955647921599567
18	48	0.39018649276393924
18	119	0.3852413876359978
118	130	0.6245253497406795
118	16	0.5763501054037167
118	117	0.5681454106028195
118	21	0.5594347042077776
118	120	0.530635990134926
118	42	0.3929804749001458
118	41	0.36432168123498515
118	119	0.3383251717005888
118	48	0.32730776013033835
118	150	0.32490383006441187
14	119	0.4844632702184736
14	46	0.46068461912690595
14	164	0.4574644841494806
14	153	0.4518321285679952
14	120	0.43128154408685315
14	43	0.4175409328535113
14	47	0.3959696089435564
14	48	0.37940978082863064
14	182	0.37019582118998134
14	122	0.3603777805441987
14	147	0.33214739326813764
14	16	0.3228450889882959
63	74	0.6934182610510026
63	61	0.6528272239717648
63	167	0.5865760612136898
63	62	0.5111091711777876
63	37	0.4469801049864921
63	30	0.4287384621348319
63	34	0.3938341577841636
63	77	0.3931495748765627
63	81	0.38457694863747577
63	166	0.3781849681820272
63	93	0.332645520304294
74	81	0.5211082937840467
74	167	0.4873812840016407
74	61	0.46768258231002824
74	73	0.46172384254756454
74	55	0.3907882316572652
74	166	0.3862628218351382
74	77	0.36537927968624967
74	62	0.34330120903574374
74	75	0.33865277902458313
130	41	0.5184590345097972
130	21	0.4692982509833297
130	42	0.45075707903724727
130	145	0.41354496945699787
130	117	0.3763409729959465
130	120	0.35183810434305746
130	150	0.3493647448187419
130	16	0.34382156870283004
156	166	0.5766171720423194
156	141	0.4150525777042608
156	50	0.35022483545733496
21	16	0.4332249881455118
21	117	0.3956660107742728
21	120	0.3928198052996701
50	66	0.5688966405171765
50	67	0.5314114449121299
50	45	0.5109318452496612
50	164	0.4584918167315937
50	64	0.426614022105284
50	192	0.3893893113814798
50	94	0.38780169414282617
50	82	0.3720152324876498
150	145	0.5425554400910128
150	42	0.5035942310179231
150	41	0.4636807482857627
150	119	0.4083338175088013
150	69	0.3864414755577991
150	34	0.34062553681470786
150	164	0.34036031744741657
120	16	0.615134627019215
120	117	0.6051606022442623
120	119	0.4409342983616921
120	48	0.38821792384091847
164	45	0.6334575788694421
164	153	0.6065909877824737
164	182	0.5423366568861229
164	46	0.5313253271957245
164	147	0.49809548076493065
164	67	0.4948780404403998
164	47	0.4546687173716484
164	119	0.4007062608649629
164	134	0.3846621554173931
164	159	0.38060761129551157
164	80	0.32311379426973535
0	101	0.629507530400456
0	99	0.457369591791261
0	5	0.4207063747072805
0	100	0.36337598207560756
0	182	0.33463617087495745
43	77	0.5951608406988831
43	147	0.41314697981803555
43	75	0.3800516342278486
43	182	0.37934985586192543
43	184	0.34294830288137185
187	167	0.518612569839369
187	184	0.45176845844846714
187	147	0.4436932438199383
187	166	0.43009236164263737
187	75	0.4239846488627088
187	80	0.39156745308106194
187	66	0.3366770393511064
182	147	0.41707845540516775
182	134	0.3978314664462621
182	80	0.3796152136906802
182	162	0.3756283055468539
182	153	0.36288982677685366
182	46	0.33424538516233837
182	77	0.3305093863259413
37	61	0.6391882279419605
37	141	0.4330868842370916
37	24	0.41995715248664184
37	166	0.35550399830670476
37	85	0.3537292776547441
37	62	0.350189741263134
41	145	0.6674942011172014
41	42	0.6409120058875714
41	34	0.5174492563645746
41	69	0.37808212637975314
41	94	0.35855784522024003
41	93	0.3395200989103951
145	42	0.5058374663852696
145	34	0.437560788647451
145	134	0.4131386866880423
34	42	0.6035228948365552
34	24	0.5137270345546969
34	30	0.4916848869004719
34	69	0.4373101070796357
34	134	0.40864207841418104
34	61	0.3663580178892535
34	62	0.35032133942126553
34	67	0.3257354054315133
167	166	0.5565354848994644
167	62	0.5015986836429348
167	141	0.4379407245457329
167	147	0.4187374139998075
66	64	0.590198097899565
66	85	0.5232175940905486
66	93	0.43045090281553966
66	91	0.40529623694550554
66	55	0.3519344837068926
61	81	0.6168907198457885
61	166	0.543169051524498
61	93	0.4439341526374433
61	55	0.4192650542704194
61	85	0.4190672223322291
61	62	0.40542994586733966
85	55	0.5855847318452573
85	81	0.5327305410673837
85	158	0.4133459943784071
85	64	0.32774519605778146
46	151	0.3098504788663568
46	153	0.48817383985129986
46	45	0.44305854379715165
46	47	0.42637677262180596
46	192	0.3942649674909904
46	159	0.38243611417903534
46	48	0.3775249044803492
46	119	0.3599165247241191
46	67	0.3237226666796849
42	69	0.41225092600942986
42	48	0.3843894706530371
69	91	0.640328296230105
69	94	0.611171982143251
69	82	0.47463014968468414
69	67	0.42466520593800433
69	168	0.3789645479539231
69	47	0.3658470962485864
69	93	0.35875825903139397
91	82	0.6338705230439854
91	94	0.6347789235190283
91	93	0.4589892376958307
91	168	0.4507491108207733
91	62	0.37971791608644434
91	47	0.35015464608574937
91	159	0.34452680395542296
91	45	0.3423834516456458
141	166	0.6327865237796426
141	24	0.41012375983971044
94	82	0.47738351109094607
94	93	0.43705935753474573
94	45	0.3683130627181441
82	168	0.5586441081929368
82	159	0.5421813467488135
82	47	0.52387816084168
82	45	0.46004628762803434
82	192	0.37702746014453825
82	153	0.3454342219456121
82	67	0.33492030640161646
45	147	0.5557549912637778
45	80	0.4788491793924304
45	64	0.4685571496045331
45	67	0.4511952203012998
45	159	0.4442552645865417
45	62	0.4065240349485817
45	153	0.36673024540301535
45	47	0.363037430535084
45	192	0.33205842250237894
166	81	0.443098727863262
166	62	0.3397589530563871
101	99	0.5740616572244529
101	100	0.5258633179102766
101	30	0.37020445070857466
101	5	0.3546825241407902
47	153	0.586208620580577
47	168	0.5206565112661997
47	67	0.46916568135233244
47	48	0.419899496272511
47	119	0.3861862470804046
24	67	0.46533547724425334
24	62	0.3307231526163454
81	93	0.5481969779955836
81	75	0.5506056192781897
81	55	0.5362592448753581
81	73	0.4160370912916158
81	77	0.32672727145349595
16	117	0.5883181088763536
64	159	0.3893977951080867
153	168	0.3721961553307463
153	67	0.3633499430548873
153	119	0.3445444298595959
153	159	0.34402436361008937
153	48	0.32431337478416755
159	147	0.4448971461301127
159	54	0.4147545498973534
159	168	0.3719721514530058
77	73	0.5532064085481286
77	75	0.5481270261537463
77	30	0.42014657046510906
77	147	0.3685723377084056
77	184	0.34333649432238067
77	56	0.33204952510079416
62	93	0.34589209076241306
119	48	0.4387808778266555
134	100	0.4299374950826985
134	30	0.4166074975227714
55	158	0.5301185262020525
55	75	0.41047305502306364
67	54	0.40682449671866977
75	73	0.5647769804550178
75	184	0.5007375287005943
75	99	0.3426923853624175
75	30	0.3308033062280191
99	100	0.4333711936424917
99	30	0.3794868225373277
73	184	0.47080182242582513
147	184	0.4528661226820939
147	162	0.3642609708069348
147	80	0.33704937907864624
184	161	0.4496009380155602
184	162	0.3667735200558284
100	30	0.47759195256462117
100	56	0.3312930301223065
30	57	0.38200062054158895
59	151	0.48751851466822094
161	58	0.43910380966740714
162	163	0.3968798840273675
162	56	0.3557311177045739
162	57	0.34883786787358284
163	56	0.39574191842771345
56	57	0.3844150377002439
