19	121	0.9299067184624749
19	17	0.8857401031543595
19	20	0.6994229744815335
19	119	0.8603784934156736
19	120	0.7718952374404182
19	15	0.7609845203600625
19	124	0.7067698272372619
19	115	0.688116771482495
19	18	0.6520921248425194
19	154	0.6341994228348947
19	16	0.6232916595308133
19	14	0.6227838457081022
19	46	0.6093268537523158
19	116	0.6088928540104259
19	136	0.583860513271998
19	125	0.5678812398730917
19	149	0.5671897784762278
19	152	0.5664907257051343
19	118	0.5447321916538888
19	117	0.5292768045304277
19	186	0.5240522713487133
19	128	0.5061648100291105
19	47	0.5023990404513233
19	188	0.4899085508177763
19	51	0.4829081934582929
19	77	0.4808351364089204
19	150	0.4803814171774784
19	40	0.47859480706276986
19	43	0.47755335634664886
19	155	0.4747463503441138
19	22	0.46964906849076116
19	49	0.469103288325577
19	123	0.45524761686828136
19	138	0.44972858627139256
19	25	0.4435888300782287
19	127	0.4378437344984774
19	48	0.43501037905919765
19	23	0.4151850059260213
19	157	0.41430734130244706
19	27	0.41198527523808753
19	135	0.4094414557614399
19	139	0.4059562560992599
19	44	0.4015872960701724
19	34	0.4012349710550774
19	143	0.3932848357128539
19	137	0.39274369027487077
19	146	0.381658938140294
19	33	0.3792043105504209
19	147	0.3577732996131152
19	21	0.355582621312568
19	56	0.35511954675576407
19	168	0.35374677504291757
19	148	0.3520834189550917
19	176	0.35003180522335475
19	162	0.34900473611865
19	72	0.3472471202412728
19	75	0.3471855593843713
19	129	0.33389002566138254
19	53	0.32094475656485255
121	119	0.8914614855368806
121	124	0.7167358133778237
121	17	0.8768098928218424
121	120	0.7712882685073768
121	15	0.7105778085477141
121	115	0.6965048981655769
121	20	0.5990794112440985
121	154	0.5933755499717237
121	116	0.5923379169967976
121	14	0.5853875700581436
121	16	0.5688628217246143
121	18	0.5658724368293329
121	46	0.5651990693182244
121	117	0.5561142783227307
121	152	0.5480710591586478
121	186	0.5256896637321935
121	118	0.5251611962493099
121	136	0.5065663507173147
121	125	0.5050408180568722
121	149	0.49578361709583
121	128	0.4957081934962011
121	188	0.49119945679033805
121	51	0.45162518385237344
121	47	0.4512748589950923
121	77	0.43276185364755165
121	155	0.42665492125664944
121	48	0.41381849570320395
121	43	0.41003225787691777
121	150	0.4040084023147164
121	162	0.3934792433429237
121	49	0.3850029169784644
121	56	0.3832554060474512
121	123	0.37809069688640645
121	139	0.3778678426535776
121	40	0.3722047699989022
121	25	0.36169095801525464
121	157	0.35824408767592464
121	135	0.3509352812385468
121	127	0.34430645966104556
121	138	0.3431247680676418
121	147	0.3361449427854358
121	27	0.33490254971491024
121	72	0.3338633698708645
121	176	0.33058064552528654
121	44	0.32511847832297097
121	22	0.31969737859251746
121	148	0.3181163739336249
121	23	0.31699242512006937
121	143	0.3159576051688748
119	17	0.8833248001657944
119	120	0.7623490740611676
119	15	0.7584602943119301
119	115	0.753308222031015
119	154	0.6637851202621702
119	116	0.6566720593583742
119	124	0.651977154677681
119	14	0.6425354098682627
119	20	0.6164445207338729
119	18	0.6074687929348749
119	152	0.590562910361854
119	46	0.5781837011295359
119	16	0.5687072304993297
119	188	0.5420613089901596
119	117	0.5313396809111264
119	186	0.5284989048213401
119	149	0.523776576157661
119	118	0.5216252991757224
119	125	0.5130642522127911
119	136	0.5039673334659539
119	128	0.4791496976057873
119	77	0.4765028325110169
119	47	0.47424269465754826
119	48	0.45196741228904264
119	43	0.4441268334970657
119	51	0.44247969587217
119	150	0.41780510860935827
119	25	0.4064405577344096
119	49	0.40341412012741773
119	155	0.39797455088902167
119	139	0.3687537960915186
119	27	0.3674829978100235
119	147	0.3658817419776531
119	129	0.3640094231974908
119	40	0.36399207312838483
119	148	0.3619516836120727
119	23	0.3596988901222732
119	157	0.35664790307260885
119	127	0.35018096756095857
119	123	0.3479856169847363
119	168	0.34529330612674175
119	176	0.34343352386315656
119	135	0.33879442163578966
119	22	0.3312663225090274
119	162	0.3289407316244796
119	151	0.32695949653637657
119	44	0.32620015282132786
119	143	0.32533309308680897
119	21	0.32145594983659737
119	56	0.3200025952238723
119	75	0.31781074821836064
127	143	0.8889084746161608
127	137	0.7143495118035584
127	149	0.6677657934959819
127	138	0.6554474514048781
127	141	0.6371551448079742
127	136	0.617979760997201
127	24	0.5719189949761425
127	22	0.5647224958364135
127	146	0.5547243453538119
127	18	0.5376114749133857
127	135	0.5285709699032285
127	125	0.5277273316648053
127	139	0.5273881407438262
127	150	0.5269982243931446
127	140	0.524523600722517
127	144	0.49705714446999905
127	154	0.49655251057741023
127	155	0.4815037104452438
127	164	0.4793730870733085
127	15	0.4776228282118401
127	40	0.47755335634664886
127	123	0.4711909036253331
127	26	0.46690094400975163
127	130	0.46254173304451507
127	34	0.45651509193443474
127	44	0.45250833926993317
127	142	0.45157742047656363
127	7	0.4397896631831582
127	104	0.43806194776980345
127	32	0.43339555900796256
127	171	0.431371079424119
127	39	0.4245750391854778
127	134	0.41735101291705023
127	37	0.40848379391272893
127	129	0.4028111200109771
127	114	0.39903445532485493
127	43	0.398445750929249
127	118	0.39273523271771715
127	153	0.3899066977619745
127	152	0.38952504307819513
127	35	0.3874023047491798
127	148	0.3826751365109729
127	156	0.37160158841604524
127	112	0.362168911695712
127	2	0.3618213278888697
127	176	0.3610388965157874
127	47	0.35364178700042215
127	33	0.353221745737979
127	102	0.3503301121401239
127	11	0.3494964295581151
127	109	0.34903986345601373
127	120	0.3487324660048766
127	116	0.3462705886681948
127	77	0.33693414232694535
127	165	0.332770023079435
127	17	0.3273434744479427
127	16	0.3254672102976694
127	20	0.32308692608502043
127	147	0.3223792098735309
127	45	0.3222806384974641
127	36	0.32216413604237076
127	168	0.31530032900753824
127	122	0.31381359047848933
127	1	0.31338981312145675
127	62	0.31329963161305757
127	46	0.31122389983955184
143	149	0.73472105287622
143	141	0.7058778580250453
143	138	0.6761189683696268
143	137	0.6683582450218883
143	136	0.6612322061319627
143	24	0.6225021805068602
143	135	0.6019821080067783
143	26	0.5854072893536193
143	18	0.5588091860795096
143	22	0.557142623459449
143	125	0.5418564876326231
143	146	0.5370495669980353
143	154	0.5321430020391802
143	140	0.5314473240525815
143	144	0.5296798100354235
143	142	0.5192263767415226
143	39	0.5129537289468241
143	7	0.5070642533115977
143	139	0.5018007239407287
143	123	0.5003403144992604
143	40	0.4998378742307004
143	44	0.49919245754507485
143	150	0.4989897123632188
143	164	0.48252470105609374
143	155	0.4688302637731662
143	15	0.4661655381683988
143	114	0.4659306984258782
143	104	0.45862606975931336
143	130	0.45439102646780355
143	34	0.4539227189841704
143	156	0.4530330383833769
143	32	0.44984823982855493
143	43	0.4461635200110397
143	129	0.44551452573948097
143	148	0.4351076658966499
143	152	0.4328024886271556
143	2	0.41322161490423664
143	181	0.4082421544076825
143	37	0.4008321684700994
143	134	0.39578408700998446
143	118	0.3892705322720862
143	102	0.38195791594967027
143	112	0.3711015715935251
143	147	0.36651384833590955
143	171	0.36173441621184105
143	113	0.361464950057407
143	116	0.35942026071382094
143	176	0.35460384360177133
143	35	0.35141745255952744
143	122	0.34362756095071234
143	1	0.34356582505886746
143	131	0.34328356602901133
143	79	0.3428688856488062
143	77	0.34041336565528113
143	46	0.33910421130783946
143	47	0.3361538128213937
143	52	0.33326791814661283
143	120	0.3322096692877389
143	153	0.33006393097670034
143	0	0.3289318136151942
143	16	0.32747739480870536
9	108	0.8857616476929678
9	3	0.8712633228831199
9	109	0.8539060279643871
9	112	0.8326145951963779
9	103	0.8250400307788135
9	11	0.818217336878168
9	70	0.8011804669984608
9	12	0.7553983239663907
9	176	0.7330553744035355
9	139	0.7039106490701154
9	102	0.6875635518979003
9	106	0.6859096856430096
9	0	0.6339243587070059
9	5	0.6321145168340977
9	32	0.6178004795781137
9	36	0.6093897219999045
9	24	0.5640410227176744
9	6	0.5609648758920183
9	13	0.5560866482317484
9	113	0.5418211670983789
9	1	0.5333175669998683
9	114	0.4899237504610822
9	95	0.47066949307646694
9	150	0.4175161627561611
9	140	0.41144545646937086
9	111	0.403882878127105
9	79	0.39100850325669867
9	141	0.37209277431124554
9	35	0.36981605913275656
9	37	0.33717346890266847
108	103	0.8629792680758551
108	112	0.8274831407822693
108	3	0.8154888242037076
108	12	0.7965128680225904
108	102	0.7596132003206901
108	109	0.75602880226381
108	70	0.7558959607946066
108	11	0.7373513928123198
108	139	0.7211226545728083
108	32	0.6729142293418359
108	113	0.6550023207845722
108	176	0.6529935992874796
108	13	0.6487631796750926
108	6	0.6260053232775424
108	1	0.6041265206776878
108	24	0.5913568451960917
108	106	0.588664558173512
108	36	0.5790684060819508
108	114	0.5740415432816486
108	0	0.5730618274696904
108	5	0.5322576840859027
108	111	0.518919540178885
108	140	0.4781243921103453
108	150	0.44353260230589164
108	141	0.4128400883772345
108	104	0.3961382372007336
108	79	0.383408956205858
108	95	0.3805905084083995
108	35	0.37550805275113996
108	135	0.3370848345092605
108	2	0.33013521371843674
108	10	0.3252973262862414
108	7	0.32173388861313884
17	15	0.8032478740761544
17	120	0.7907387402896338
17	115	0.7522465743022648
17	14	0.7180511006913687
17	116	0.6880325229581535
17	18	0.6483634174139987
17	154	0.6440887042633598
17	20	0.6438253105556605
17	46	0.6420713272799239
17	124	0.6406172955700854
17	16	0.6376360634931177
17	152	0.6110216075750263
17	186	0.5826992930616575
17	48	0.5454561500480841
17	117	0.5423790077650019
17	118	0.5331887516082562
17	188	0.5311745947661662
17	149	0.5212830989935796
17	77	0.5137859188972504
17	49	0.5010072143677657
17	43	0.4997328441877397
17	128	0.4984713375733413
17	125	0.4975915390652436
17	47	0.48999214516984635
17	136	0.4824249627115745
17	25	0.4527866278548148
17	51	0.43823163352068867
17	75	0.4381669950118649
17	147	0.39953879741648896
17	27	0.39159285303057123
17	23	0.39121179113993704
17	155	0.3873938055217112
17	148	0.38399736877153784
17	44	0.36133454152418587
17	157	0.36128237415231
17	150	0.35430656069242644
17	129	0.353142972138132
17	123	0.35240751050907115
17	151	0.34561034481515224
17	40	0.3454518353278906
17	135	0.34384802203183223
17	22	0.3430012449796171
17	56	0.3399623868419345
17	139	0.33492030640161646
17	21	0.33175587770739556
17	168	0.33030449513883164
17	161	0.32090887632571935
17	72	0.31547143003879946
136	149	0.8854596766012124
136	44	0.7422135028699846
136	18	0.7331386367834184
136	154	0.7067347921552057
136	22	0.6533318925372442
136	152	0.6382942938212254
136	15	0.5926883382038696
136	120	0.590725695187019
136	40	0.5898917298212702
136	146	0.5893959665694859
136	125	0.5876180149051525
136	138	0.5796795857064821
136	46	0.5758958094488635
136	164	0.5652126801646067
136	123	0.5636249463999117
136	155	0.5605535464517474
136	137	0.5500548814065666
136	156	0.5439722166613701
136	135	0.5347543253747258
136	26	0.5146833052694018
136	47	0.5139625428816896
136	43	0.5103108620148359
136	150	0.5046757101845202
136	24	0.49403942386562066
136	144	0.49317718406708627
136	39	0.4909793957521289
136	116	0.4804429535079969
136	14	0.48041987793835617
136	34	0.47784664137091803
136	115	0.47395585960912096
136	52	0.47014775357178257
136	141	0.4687522402970726
136	130	0.46177891754393957
136	45	0.4587603018542061
136	33	0.4578834674354076
136	142	0.4504940899688327
136	148	0.44478484982229227
136	129	0.43393143671814544
136	171	0.40184726926677233
136	118	0.39552261490103974
136	157	0.3920753386550518
136	51	0.3908390675387203
136	7	0.38694325225597465
136	79	0.38650102035597916
136	139	0.3818810435737568
136	20	0.3810692907994812
136	134	0.3804194652182153
136	140	0.3703597711164837
136	16	0.3681920481106619
136	176	0.3632978633104265
136	62	0.3625250805970547
136	147	0.36083016221345793
136	168	0.36068228687305603
136	173	0.3586014162526484
136	124	0.3532392503022836
136	186	0.3521797793220161
136	153	0.35145251229764607
136	151	0.34468542834729005
136	77	0.33333014196953836
136	11	0.32622696036279014
136	178	0.32490383006441187
136	131	0.3194280146902821
136	109	0.31882624894426637
136	32	0.3154264054397968
136	181	0.3144445165015273
136	117	0.31439044800273713
136	48	0.31184693232995797
149	18	0.7922701689754608
149	154	0.7774928691336652
149	44	0.7761048307019827
149	164	0.713795698597247
149	156	0.6516032945305982
149	152	0.7373924582501563
149	15	0.6902640819366653
149	22	0.662636811204361
149	43	0.6620923763526732
149	46	0.6409885996395508
149	125	0.640941466533498
149	148	0.6300324794025541
149	116	0.5956514142231273
149	135	0.5940942513630704
149	40	0.5920457280265083
149	26	0.5919418010857268
149	52	0.5912788040086465
149	120	0.5908363614084958
149	155	0.587938728019245
149	45	0.5764168836103315
149	47	0.573135698828387
149	14	0.5583069367114927
149	147	0.5572598430124693
149	123	0.555077308725891
149	115	0.552984301182667
149	138	0.5509748332288131
149	137	0.5497897989531373
149	146	0.5371064907732497
149	129	0.5346329279119122
149	142	0.5254363395009564
149	130	0.49094903758661784
149	39	0.48751851466822094
149	118	0.48645053046206926
149	150	0.4834754224150681
149	16	0.47013996392426183
149	24	0.45769376433693093
149	77	0.45723514311918567
149	173	0.45457351901516624
149	186	0.45158538121894765
149	144	0.451139468939436
149	151	0.4460273502048916
149	7	0.44184414658463234
149	141	0.43787606564678705
149	171	0.43566686803200466
149	157	0.4350184866836295
149	131	0.4329243830136882
149	168	0.43180235784765963
149	20	0.4212165053911668
149	79	0.41482078599254146
149	122	0.40810881156409484
149	34	0.4070914999752853
149	27	0.3951345058595922
149	181	0.38069312182525306
149	153	0.3709808456147913
149	48	0.36613289318179415
149	51	0.3599513426266482
149	139	0.3584184074185261
149	188	0.35822665432754625
149	178	0.3569533457283495
149	124	0.35608045012733625
149	75	0.35387799756187394
149	117	0.3523899942066852
149	23	0.34418305028450435
149	33	0.33500020854787654
149	134	0.33424538516233837
149	72	0.3170823738487047
149	176	0.31591259591827464
88	90	0.8728203347121071
88	193	0.774589255355933
88	80	0.726001474276864
88	73	0.6912783812680087
88	194	0.6714725809506469
88	74	0.6680039832910183
88	87	0.6570984356412284
88	190	0.5998673879587503
88	85	0.590842870493978
88	78	0.5803962260764645
88	92	0.5740817704744707
88	196	0.5628056003247777
88	83	0.5529357047162454
88	93	0.5497060656880197
88	96	0.5444930366440692
88	185	0.5399039318274693
88	94	0.5305425883843725
88	66	0.5207658402465445
88	63	0.5138963139929371
88	98	0.5112790677080683
88	91	0.4827548187118155
88	184	0.46614988422863374
88	84	0.44479287145098667
88	158	0.4389423579218774
88	191	0.43226596532351586
88	81	0.43080930819992197
88	182	0.4204923697054199
88	97	0.41672319212114345
88	198	0.3887273772185897
88	86	0.3686846724014668
88	170	0.3557223831197835
88	55	0.3553292625037417
88	64	0.34643779603446445
88	76	0.3418801725448603
88	82	0.33589655757208253
88	89	0.328762360293123
88	195	0.3116753993852865
90	94	0.6603251784376142
90	85	0.6458116173603986
90	194	0.7373285763249745
90	193	0.71458938316163
90	80	0.7138545530398385
90	87	0.6926178834717556
90	93	0.6535209937148599
90	92	0.6365250441630567
90	74	0.6278686566210487
90	66	0.6242141669288255
90	196	0.6235728723365773
90	73	0.6232610832025823
90	83	0.6111782467930453
90	190	0.6041138199012915
90	96	0.5847035396163902
90	185	0.5327377030109359
90	98	0.5277345466653636
90	78	0.49451550840381003
90	97	0.48248634163501375
90	191	0.48227916878023175
90	81	0.47562119661896757
90	63	0.47397136677898755
90	91	0.4735525700134741
90	89	0.44179585887954415
90	184	0.4238205875494948
90	182	0.4193145060352123
90	198	0.40265193662162996
90	195	0.3991605635012026
90	82	0.3862713298125995
90	158	0.36858097922087374
90	170	0.3612041188538665
90	55	0.35996875120193994
90	197	0.34762521412052305
90	183	0.3355682625900305
90	84	0.31639862054387013
3	103	0.8570699660343076
3	112	0.7892350632681202
3	70	0.7679452622422656
3	109	0.7476212673838574
3	12	0.7411787643345108
3	11	0.7240900170168308
3	102	0.7052501339193633
3	176	0.688579806847006
3	139	0.6650920588600212
3	106	0.6627153316634727
3	0	0.658250387400233
3	32	0.6463010107364152
3	5	0.6231999248288062
3	13	0.6077463506624623
3	1	0.5827719391736973
3	24	0.5786428533687193
3	36	0.5778707354096501
3	113	0.5704974443515414
3	6	0.5551326574024565
3	114	0.500070388446075
3	95	0.4324448404596196
3	111	0.3997320644653662
3	140	0.39049164150769766
3	79	0.37873330011288786
3	141	0.37134298591682735
3	150	0.3595334616438157
3	35	0.32911907948794195
3	37	0.328887222688763
103	112	0.8074645415612468
103	102	0.7787553393104729
103	12	0.7766212690369726
103	70	0.7589567969285609
103	139	0.7198964480065001
103	109	0.7139967429863597
103	32	0.7021455808893787
103	176	0.6970194205535375
103	113	0.6961906873410616
103	11	0.6903373698234735
103	13	0.6701525572464794
103	0	0.6498447950620665
103	106	0.618492521715033
103	24	0.61764587506079
103	114	0.6100368190984414
103	1	0.5898917298212702
103	5	0.5875525405511239
103	36	0.5367791122671836
103	6	0.53562488312072
103	111	0.5129463601243063
103	140	0.4873355350948257
103	141	0.4518719200553881
103	150	0.4338096732672761
103	79	0.4254435681773768
103	35	0.36206464712331793
103	10	0.3573110529242252
103	95	0.35042660799051856
103	135	0.3286553262337298
103	104	0.3175140483236291
103	7	0.3147148283878035
32	114	0.8560313183587511
32	24	0.8545007676208565
32	102	0.8215606264257427
32	113	0.7785584926184229
32	13	0.7647675319869364
32	140	0.7407503414650238
32	1	0.7358877429353032
32	141	0.7319663202439043
32	139	0.7228843058619874
32	112	0.7222821855155837
32	0	0.6676106196098792
32	12	0.663824275694739
32	70	0.6595122882994963
32	111	0.6491452262157391
32	150	0.6213493495559641
32	176	0.6059142581180638
32	2	0.5839989087504148
32	7	0.5805619870764355
32	36	0.5706525665077209
32	35	0.5611019241959372
32	10	0.556563095014971
32	11	0.5439370109924793
32	135	0.5417787799310808
32	79	0.5416869316146373
32	104	0.5320139613917513
32	6	0.5103700262252673
32	109	0.48946002735490396
32	110	0.48168036633889155
32	37	0.46036945319419575
32	146	0.3883792764376682
32	100	0.38363071346349265
32	5	0.38257270463890125
32	134	0.36911662854383415
32	144	0.3621341578450839
32	138	0.32758452162510454
32	106	0.32606610724443513
32	30	0.31932025467099934
32	39	0.31433637746407406
114	140	0.7913001723163873
114	24	0.8230501621283868
114	102	0.8164579656821893
114	141	0.7702328569587067
114	113	0.7690098104979513
114	13	0.7157862223409647
114	111	0.6886218731576037
114	1	0.6645396192638378
114	110	0.6493708271750244
114	150	0.6477602010097735
114	135	0.6406998334943016
114	112	0.6363287070924505
114	0	0.6362751463053034
114	139	0.6319643853027436
114	10	0.6101686517743805
114	7	0.6077211242742958
114	104	0.5955288124646801
114	79	0.5596545153496338
114	2	0.5453648214860656
114	12	0.5131600252838486
114	176	0.5070345372751754
114	35	0.5039374921873366
114	70	0.49909484631539913
114	134	0.4334767723168864
114	100	0.4226138837415189
114	146	0.4075669272157045
114	144	0.4067410439409976
114	11	0.4009160984629074
114	37	0.39320875358666435
114	181	0.390135626303104
114	6	0.35771225820586006
114	36	0.3456983971206356
114	130	0.33986509639075796
114	138	0.33773172809646873
114	148	0.3221999839911726
114	109	0.31874539514036776
114	39	0.31857468854326837
24	150	0.684647350899637
24	102	0.7807544368776421
24	141	0.747228460548515
24	140	0.7426443500997332
24	113	0.7177506373436713
24	13	0.6886849639337153
24	0	0.6859891066565387
24	139	0.6764499783250563
24	135	0.6755920457139646
24	1	0.6574335564510688
24	112	0.6573029470466246
24	7	0.6312130158760483
24	111	0.6005135569551983
24	176	0.5801508115040379
24	70	0.562867089697083
24	104	0.5555407020712304
24	79	0.5362663690973763
24	12	0.5344400748173367
24	138	0.5192263767415226
24	110	0.5132115901066855
24	2	0.5026008637746626
24	10	0.4969743171801799
24	40	0.4878767256416306
24	146	0.48459335971097917
24	11	0.4802737172178295
24	35	0.47824009337138873
24	37	0.47484704419638996
24	144	0.4730326539967012
24	130	0.45169682406267087
24	100	0.44095846535033917
24	109	0.43985418771701534
24	125	0.43823163352068867
24	39	0.42256459864154783
24	134	0.4094581027790043
24	18	0.40381592567431146
24	36	0.39509231158989283
24	34	0.3823251221210881
24	148	0.36566518953629656
24	6	0.3643476990419893
24	22	0.3613954005991896
24	137	0.357869215647216
24	5	0.35362428812692814
24	181	0.34805592750805203
24	154	0.34452680395542296
24	26	0.34342470329871716
24	20	0.3349380628504414
24	156	0.3318181719232732
109	106	0.7327082112377167
109	11	0.787949451160801
109	70	0.7805591494034873
109	112	0.7658860723053742
109	176	0.736377918859653
109	139	0.6878955795393311
109	12	0.677830752907043
109	5	0.6491105082350433
109	36	0.6307676460309876
109	0	0.5205471652076678
109	102	0.5158951918095013
109	95	0.5104957341314494
109	6	0.46746379722497605
109	113	0.41115466518285826
109	13	0.39974886861655357
109	1	0.37100671652322065
109	150	0.36543993299358646
109	197	0.34121766433454903
109	18	0.3324765337039406
109	15	0.3177028645450895
96	198	0.8497075831003389
96	98	0.8332882166609686
96	97	0.7307383954577921
96	197	0.771490747609057
96	81	0.7544909011652532
96	74	0.7296226578459717
96	83	0.7242945016044913
96	95	0.7044097657869619
96	190	0.682703409978332
96	80	0.679793487089093
96	78	0.6789157695714807
96	93	0.6711539646475915
96	196	0.6702131512899387
96	87	0.6676383334877815
96	182	0.6561940190641927
96	199	0.6353219304054657
96	193	0.6219506297166287
96	183	0.617899401409826
96	185	0.601605780040683
96	85	0.5943853469304538
96	63	0.5842821840650602
96	92	0.5771842796937023
96	191	0.5695455882489145
96	195	0.5224255374379703
96	194	0.5140729107477967
96	60	0.48639709303083095
96	73	0.4760698677949434
96	187	0.4496408300685784
96	99	0.4379892157468055
96	38	0.43408564766862695
96	71	0.4311024479262108
96	66	0.42041004762741185
96	177	0.40682449671866977
96	91	0.40547172634830164
96	167	0.3966102541587067
96	184	0.35859270217115735
96	69	0.35690098954855126
96	89	0.3552418852877439
96	170	0.3522323363755633
96	106	0.3475460875412155
96	55	0.3186825056411533
198	197	0.8225656817182964
198	199	0.8156227716945306
198	182	0.7755873492083547
198	98	0.7344125771382649
198	190	0.7078442172712301
198	196	0.7026269016892481
198	83	0.685454022971286
198	95	0.6840678474402879
198	97	0.6772736022861047
198	81	0.670218659396341
198	74	0.6693253830424738
198	78	0.665649340583853
198	183	0.6567858007799865
198	185	0.6445858092707627
198	193	0.637077914079587
198	191	0.6348266855509204
198	195	0.6198183107436773
198	87	0.611816838845799
198	187	0.5751869323229747
198	93	0.574483889989012
198	80	0.5410648490021348
198	177	0.5297373627404474
198	194	0.5100593602273379
198	38	0.4920108637288498
198	99	0.4879376813664363
198	167	0.47199960533639795
198	63	0.4678310109893342
198	71	0.4571085840976849
198	60	0.4248455141713865
198	170	0.42060760898403654
198	85	0.41477110933325595
198	106	0.4142907741766327
198	175	0.40104198083402187
198	73	0.3992866565772312
198	184	0.3987485542360031
198	92	0.3870537824349334
198	145	0.33875015996905283
198	101	0.3326277332468042
198	166	0.3306251806109678
198	179	0.3205051601808348
70	112	0.8474120647009011
70	11	0.8260591253923419
70	176	0.8138746237686825
70	12	0.8013952296500844
70	139	0.791748359365421
70	36	0.7177700301477967
70	113	0.6503759629525969
70	102	0.6484967112565531
70	106	0.6070774369556847
70	13	0.5750330051638404
70	0	0.5723898424628323
70	5	0.5673389849217211
70	1	0.494840284719953
70	6	0.4903947916462977
70	150	0.3977388720808973
70	111	0.3961888204682166
70	141	0.3861437032498196
70	140	0.37581724867261657
70	95	0.37437361941767294
70	79	0.3680277940450161
112	11	0.7993466295180518
112	12	0.7858551500161038
112	139	0.7778485744896865
112	176	0.776779963492105
112	102	0.7479739063487603
112	113	0.7030671269051398
112	13	0.6369471867784251
112	0	0.6272988864194342
112	1	0.5875198004887211
112	36	0.5831878238542995
112	106	0.5670608883943161
112	6	0.5616498098478309
112	5	0.5342257283152302
112	140	0.522156468963601
112	141	0.5077251232952332
112	111	0.5012917770512827
112	150	0.496424415712933
112	79	0.4086087574034742
112	35	0.3941467232460668
112	135	0.3756454834853227
112	10	0.3722133846029298
112	7	0.36280299252865433
112	104	0.35977724308930886
112	2	0.32861964633763174
112	37	0.3133266866589843
23	25	0.8400960900380127
23	21	0.5462915557280833
23	20	0.6842646565545519
23	27	0.653744371791654
23	22	0.6208210919184199
23	16	0.594514672766724
23	15	0.5235733620926017
23	123	0.5169145146923617
23	43	0.4967182483022228
23	129	0.48980214497473606
23	118	0.4780858213350125
23	125	0.4473241286213199
23	120	0.4417073247712624
23	128	0.43739906638569565
23	26	0.43486442975805106
23	115	0.4327537264406002
23	18	0.4230737574609469
23	124	0.40193111777428164
23	77	0.4006810775274618
23	116	0.39329328894998833
23	53	0.39072892011582455
23	14	0.3886764425690972
23	138	0.38410819422124604
23	188	0.37566266116568087
23	154	0.37395221839568926
23	46	0.3714550540764372
23	152	0.36631472800617343
23	40	0.36319369701021753
23	34	0.3469128967690234
23	117	0.34197731186560587
23	29	0.3371646057322658
23	186	0.314606709755923
25	20	0.7493276313202604
25	27	0.7008657001791571
25	16	0.6273170809602391
25	15	0.5722688034171816
25	21	0.5426048325666711
25	128	0.5203211292384436
25	115	0.4969216041895114
25	43	0.4900225408819907
25	129	0.4854728138860678
25	22	0.4848840704886866
25	118	0.469204674615757
25	120	0.4662985848708872
25	188	0.45234927763613264
25	116	0.45095626110134074
25	77	0.4498083571034733
25	124	0.4471001282562518
25	14	0.4469801049864921
25	46	0.41846523893684784
25	123	0.4126409735176915
25	152	0.3979324692388433
25	18	0.38723230768914096
25	125	0.3839717920962811
25	53	0.3719463020629996
25	186	0.3695656938250346
25	154	0.3593157581579396
25	117	0.3426923853624175
25	147	0.3249217186981919
25	48	0.323454079512893
98	80	0.765513739085736
98	81	0.7624328260682536
98	78	0.7413319480995417
98	74	0.7176197067873706
98	97	0.681612703698242
98	63	0.6776144760907815
98	182	0.6685573841109067
98	92	0.6444747389336177
98	199	0.6322405906565924
98	60	0.5797924497513934
98	183	0.5709222471950827
98	196	0.5702950499181647
98	190	0.5702275697144232
98	185	0.5676033957299107
98	193	0.5634952904020134
98	93	0.5628534259304804
98	197	0.5573287853170984
98	85	0.5547104995821887
98	83	0.5502710508235853
98	73	0.5390035151602852
98	194	0.5057928173227572
98	187	0.47948090803857313
98	87	0.46567229887167694
98	95	0.4419809478452142
98	66	0.43455623953238015
98	184	0.43352549692284054
98	71	0.42306554734025487
98	91	0.39530326626518597
98	38	0.394695603982423
98	191	0.3942142929841757
98	167	0.376521215917539
98	177	0.36954842527344073
98	68	0.3655525666172435
98	158	0.3551282856258055
98	195	0.35379926572189896
98	69	0.34665777219123767
98	61	0.32208347477958327
98	55	0.3142642802398613
15	115	0.8313834898737626
15	116	0.8125537663398222
15	18	0.7994549170367877
15	14	0.7968416427738003
15	16	0.7158983633964107
15	77	0.6757985513362254
15	120	0.7598964579334889
15	154	0.7097698944431812
15	152	0.7058527703171458
15	46	0.6841848810850517
15	20	0.6733736061815297
15	43	0.6566891224764165
15	186	0.6269227125777066
15	188	0.608200215931607
15	118	0.6056610495977834
15	125	0.596566822470345
15	124	0.5931616993038369
15	27	0.5408667893294663
15	147	0.5405412753315066
15	75	0.5376683503792753
15	128	0.5363091128248862
15	47	0.535246829662025
15	22	0.5344900791130042
15	129	0.5279942359665917
15	117	0.5157704260027882
15	48	0.5146465492687836
15	44	0.4966730506963403
15	151	0.4896501113117246
15	148	0.48901885340956713
15	155	0.4744054481583557
15	123	0.46859617140018134
15	51	0.4550256186860688
15	40	0.4545576516125941
15	49	0.4488586189777705
15	156	0.4342317187908092
15	135	0.4281424618733965
15	157	0.4189682914380806
15	21	0.418927067295996
15	150	0.4048782848029607
15	52	0.3982690755422302
15	164	0.3945689641787173
15	168	0.39241379632816553
15	26	0.39121179113993704
15	138	0.3859394699968228
15	122	0.3808812220726937
15	139	0.3737457615332472
15	137	0.37038565583807426
15	131	0.3526351999677765
15	45	0.3503037937991528
15	72	0.34674575197995455
15	34	0.3358788139828324
15	7	0.3356836187694456
15	176	0.33240537506304324
15	53	0.3237763778544736
15	161	0.32168009833653904
15	126	0.3182422006051183
15	153	0.3151562280267496
15	146	0.31391275436834937
115	186	0.6487805525270622
115	116	0.8048739016553974
115	14	0.7678631976242928
115	120	0.7228126823541472
115	152	0.6813609831386754
115	18	0.6668061120941042
115	46	0.6575187152203229
115	154	0.6556755470462091
115	16	0.6254211797653019
115	118	0.6150102898459242
115	124	0.6070079720487921
115	188	0.6026448151158202
115	77	0.5838868769323177
115	43	0.5824482621061585
115	128	0.5767640061933093
115	117	0.5692482419110149
115	20	0.5641705618013892
115	125	0.5176396147795148
115	75	0.511094395678449
115	51	0.4982909496782894
115	48	0.4856103787699159
115	129	0.48018908565985596
115	27	0.4706928468535513
115	47	0.46886147111526266
115	151	0.4638534307036913
115	147	0.4542878616309934
115	49	0.4467720265250843
115	155	0.43333870550299125
115	148	0.42659766195617393
115	21	0.4228109991461093
115	123	0.42123295678568423
115	156	0.41662402614891036
115	157	0.41021525354690747
115	44	0.4072917067734003
115	72	0.39570818236034044
115	122	0.3885830562082661
115	168	0.3882943569860923
115	52	0.38360512834477245
115	22	0.3791957484770448
115	187	0.358331250670436
115	40	0.3520483769709585
115	161	0.34083767328693154
115	53	0.32660221083320046
115	126	0.32472493094155325
115	150	0.32461758031263044
115	178	0.3132906131513947
115	135	0.31116067868444786
140	141	0.8294902226609341
140	35	0.6129418229994374
140	150	0.6828422035129924
140	102	0.6683582450218883
140	146	0.6438721472607472
140	135	0.6132413999516498
140	113	0.5995856436014415
140	139	0.5970818629766692
140	137	0.5864711028001048
140	111	0.5778840565639533
140	13	0.569200923074825
140	104	0.5661035204117069
140	134	0.5624296965833457
140	37	0.5566252132801713
140	2	0.5541148407843738
140	7	0.5482809100826208
140	1	0.5461722785108651
140	110	0.5093117374927261
140	138	0.48558745295913147
140	144	0.48403458857190496
140	10	0.47132314948333925
140	0	0.4579150805655954
140	176	0.4307767315049669
140	12	0.4110632563465355
140	130	0.38722380714482557
140	34	0.3855479171774948
140	100	0.38069312182525306
140	30	0.3730917371652944
140	79	0.36427831695946483
140	11	0.3453725731911399
140	172	0.34385683968689007
140	6	0.34220688484288186
140	40	0.3302154023023031
140	39	0.3298144117387658
141	37	0.6424473291426158
141	137	0.6616934289638173
141	139	0.6533490869233758
141	150	0.6383890970015599
141	146	0.6215089442660198
141	102	0.6140892439001563
141	135	0.5904065917012774
141	113	0.576330070440628
141	39	0.5751200124747669
141	144	0.5743967876106252
141	138	0.5734243793181774
141	134	0.5517334824511693
141	35	0.535753229822335
141	7	0.5276623932329927
141	142	0.5267020285336083
141	181	0.5124008574984147
141	104	0.5117885175654927
141	2	0.5041687306269464
141	79	0.4982533634354031
141	0	0.49788491915432137
141	1	0.4852434856490669
141	13	0.47790837201795017
141	176	0.4690330905726274
141	40	0.46344521548011974
141	130	0.4575909910881307
141	111	0.45175254019944294
141	100	0.4352211543674209
141	34	0.4193392309845298
141	36	0.40522937598094283
141	110	0.40435142413263236
141	10	0.3887443549071176
141	125	0.36746569855795574
141	155	0.3567700892892192
141	12	0.353221745737979
141	148	0.3513035016037785
141	156	0.33957318139512327
141	22	0.33506235133074497
141	18	0.3267987295287664
141	11	0.3197602227370658
141	154	0.3121357839723538
95	197	0.8288339939834483
95	106	0.65946708243116
95	199	0.5952770692894465
95	83	0.520065839684612
95	5	0.5197812646861898
95	81	0.5146097913764818
95	38	0.5025335954185662
95	93	0.502346706946657
95	99	0.50095478310508
95	87	0.4930636592299915
95	196	0.480250636770592
95	97	0.47627864747343135
95	195	0.4744364451489639
95	190	0.46156646579809896
95	191	0.45360507966155317
95	183	0.45248448185998325
95	36	0.4463477168720347
95	182	0.43357421899405757
95	101	0.40685787592862754
95	74	0.39537076295672335
95	78	0.3821885013647271
95	89	0.366583099713153
95	11	0.35115447311053544
95	179	0.3473350591310754
95	193	0.3402718989528659
95	176	0.3266290105004839
95	145	0.32495749526825823
95	185	0.32407175200700167
197	38	0.6058572968999294
197	99	0.5447181261638646
197	199	0.7144474387664344
197	81	0.6522128112447793
197	196	0.6263822096986905
197	83	0.6203783956698795
197	195	0.6095405745343051
197	190	0.6066352292199975
197	93	0.6057433558269518
197	183	0.6036373192256997
197	182	0.5850522360636985
197	106	0.5634816407870314
197	87	0.562648432515981
197	97	0.5626279293676636
197	191	0.5564595507432194
197	74	0.4985915721950519
197	78	0.48818145667713714
197	193	0.47341292347816855
197	145	0.43795688856258885
197	185	0.4373828926030753
197	187	0.42086273337478564
197	194	0.39897559967572843
197	170	0.3975704979314263
197	101	0.39466183483409173
197	167	0.3877847018141149
197	89	0.3718859845762708
197	63	0.3692202743021957
197	175	0.36751759555129465
197	92	0.36640996365551
197	5	0.36407882094761385
197	60	0.3617257246982799
197	80	0.36154318839004757
197	85	0.3607605760773812
197	179	0.3567788164091171
197	177	0.3547437166429113
197	36	0.3440772613523737
197	71	0.3251900203000531
197	166	0.3149220329384329
102	113	0.8283638585240479
102	1	0.7836655048955081
102	0	0.6995557602821665
102	13	0.8072904707907046
102	111	0.7629765918430466
102	139	0.726988382048252
102	12	0.7175226884729272
102	176	0.5911161826294083
102	104	0.5876442024923489
102	11	0.5708143896974587
102	10	0.5672711684268343
102	6	0.5632973408731792
102	135	0.5547381908182152
102	7	0.5427953112551175
102	110	0.5402297626049439
102	150	0.5381373862802704
102	2	0.5037957296847949
102	36	0.47569083424083725
102	79	0.4658758930375833
102	35	0.42672035626930965
102	5	0.39767152563496616
102	100	0.38994061614363784
102	106	0.3820774846961191
102	134	0.3133988309614457
113	111	0.8248483505469288
113	13	0.8090248660126117
113	12	0.722745819732831
113	139	0.7042938714296401
113	10	0.6903321354441806
113	1	0.6766506218054722
113	110	0.618245473809063
113	104	0.5811119685892071
113	7	0.5790684060819508
113	176	0.5661918523950964
113	0	0.5358245228502239
113	135	0.5271787688206067
113	2	0.4891862247237888
113	6	0.48634365196061496
113	11	0.47714412312702076
113	79	0.4690954888679408
113	150	0.4559766409657839
113	36	0.40608987934179047
113	35	0.3328233778607829
113	100	0.3297609373334036
11	12	0.7190330053874597
11	176	0.7069949700013022
11	139	0.6441355138305822
11	36	0.5851969144934247
11	106	0.5818400426616959
11	5	0.54250604386347
11	6	0.5203211292384436
11	0	0.4973958890660032
11	13	0.470708415671865
11	1	0.4524924344019357
11	150	0.3426835597128827
11	111	0.3265575435540221
11	79	0.3148139299600902
83	87	0.8256457675119735
83	190	0.8252953093903852
83	191	0.7765418848268419
83	193	0.6811037403652259
83	196	0.6669560348931087
83	97	0.6539676359924025
83	74	0.6498621257764631
83	93	0.6466618889860516
83	81	0.5908884319386949
83	182	0.5852297907600061
83	195	0.5758222869497845
83	185	0.5722688034171816
83	194	0.5652194854724036
83	183	0.5460319240127521
83	80	0.5321071598942837
83	85	0.5213850485029742
83	89	0.5137196736715428
83	78	0.4946665843423065
83	170	0.4680887454577419
83	92	0.4619991819231857
83	179	0.44931366229182107
83	187	0.4448570419115652
83	63	0.4426324832518827
83	199	0.4144978435141978
83	66	0.40905017237633845
83	73	0.4047194186046382
83	177	0.3937412153459308
83	60	0.3746143506068916
83	71	0.3737543646421504
83	99	0.3717567222444414
83	167	0.36502396230504947
83	82	0.3519520064259369
83	91	0.3287980364363632
83	184	0.3263609901987129
83	145	0.3221910220905945
87	191	0.8232758439697265
87	89	0.6918418652982105
87	190	0.7259636383306806
87	193	0.6811305443371324
87	74	0.6608324504254804
87	97	0.6455783861815229
87	194	0.6134846764006118
87	196	0.6133911223094399
87	93	0.6106141216068387
87	179	0.548958955665627
87	185	0.5347971662688028
87	195	0.5313396809111264
87	80	0.5311745947661662
87	182	0.5162546884580824
87	82	0.4829005254244967
87	81	0.47681195159632633
87	73	0.47234150951166126
87	94	0.45935225230977006
87	78	0.4529456103095962
87	66	0.4386678248948535
87	85	0.4361609552355529
87	92	0.42518145321498885
87	170	0.4135532592282981
87	183	0.41047305502306364
87	187	0.4081171460020603
87	184	0.40381592567431146
87	177	0.39865604022354056
87	145	0.3885660760121355
87	99	0.3871302968126159
87	91	0.3685204872959175
87	60	0.36371443767296396
87	63	0.35619396174488677
87	71	0.35485735179821004
87	50	0.35451641489039676
87	178	0.34879395150053777
87	159	0.34364519923147696
87	199	0.3375633892131828
87	76	0.327522032005579
87	192	0.32686125227972596
87	180	0.32567283125363633
190	193	0.800031573863891
190	191	0.7417055724830641
190	196	0.7240852600459138
190	194	0.6627882304732045
190	185	0.6572007034403798
190	74	0.6560516433583011
190	182	0.655818046079209
190	93	0.6110842690055762
190	81	0.6027084932007626
190	195	0.5811649508364017
190	170	0.5789155093713386
190	97	0.5716565020621819
190	183	0.5667012060953672
190	78	0.566606159591151
190	80	0.5487423391492089
190	73	0.47329653318335857
190	63	0.4672058698382389
190	85	0.4582390483734332
190	187	0.44395021094422693
190	199	0.4414577732701859
190	167	0.42779121879684573
190	184	0.4069496631539457
190	92	0.40589779047167196
190	179	0.35410541692662395
190	177	0.35395672438694503
190	66	0.343080654041171
190	89	0.3382454710269395
190	71	0.32527944253690283
190	158	0.32524367434016505
190	169	0.3157415477994138
111	13	0.7901384096830795
111	10	0.6885482540724716
111	110	0.6776631485983038
111	1	0.6717580260352504
111	12	0.6044883637908561
111	104	0.5860707681272784
111	7	0.5811252146128562
111	2	0.5558033689289479
111	6	0.5182323260087915
111	139	0.5059788372034878
111	8	0.47824009337138873
111	135	0.47330429305054783
111	150	0.42071460473411876
111	0	0.3985382833814602
111	35	0.3648332603422257
111	176	0.33013521371843674
191	179	0.6544252575438889
191	193	0.6391586550763907
191	196	0.6366202082092614
191	194	0.6156378797653395
191	89	0.6004751925648694
191	182	0.6001233901648924
191	195	0.5990858222442814
191	97	0.590562910361854
191	74	0.55187953946078
191	185	0.5374265958608146
191	170	0.5344186432595338
191	93	0.5153959973019262
191	177	0.515072802565518
191	187	0.5127842269035202
191	183	0.4968086354319729
191	145	0.4725434770133073
191	199	0.43373660758971544
191	81	0.41729320395903957
191	71	0.4088336530850468
191	80	0.3957587860608866
191	175	0.390305171910305
191	99	0.383426016026484
191	192	0.38234219854053075
191	82	0.37514721850899435
191	184	0.3750183215719951
191	178	0.3748894101325665
191	159	0.3662281434827388
191	78	0.35933317587648683
191	180	0.35013709812838534
191	60	0.3476691711919825
191	122	0.33635780718714425
191	73	0.32678979747367304
191	66	0.32535097613801844
191	167	0.32415229763251324
191	72	0.32049618738765384
199	182	0.6779550589835955
199	38	0.5997521468756732
199	183	0.5770909119866418
199	81	0.5440074204152227
199	78	0.5235007711987271
199	196	0.5228398448075577
199	195	0.5114710765453961
199	187	0.5093783885772546
199	97	0.4837895232563802
199	36	0.47719046180949737
199	175	0.46232947165193805
199	106	0.45851550996331175
199	167	0.44946529161970883
199	74	0.44215795425618026
199	166	0.4333630717132087
199	177	0.43248548915366786
199	60	0.42758694828653854
199	185	0.4154001642620612
199	93	0.4123422272779084
199	145	0.3969388564339596
199	99	0.3745713665973901
199	63	0.36266404462594765
199	71	0.3560193241339194
199	80	0.35231116779063193
199	170	0.35207465855158715
199	193	0.33300121174078723
199	147	0.32944004647233327
199	194	0.3261107905605975
199	139	0.3186106284919797
199	181	0.3127313582184141
199	101	0.31197331202028716
39	142	0.8148177746764624
39	181	0.656199713120922
39	44	0.599726534366748
39	37	0.5806547922218324
39	164	0.5607592457703997
39	40	0.5487702938094068
39	79	0.5452805067032139
39	144	0.5317916667821689
39	41	0.5254725343826775
39	156	0.5136828681213425
39	26	0.512599940198371
39	137	0.5041314389923608
39	52	0.5006551053489471
39	22	0.4871982723218411
39	34	0.48537344651629993
39	146	0.46530413814519755
39	173	0.45890240713544383
39	145	0.43071971958736993
39	130	0.4257137994922675
39	138	0.4255090857689377
39	155	0.42312301672621455
39	62	0.4068912540521554
39	38	0.40353970108445847
39	33	0.4031629126184526
39	174	0.38843022494262447
39	67	0.38492625477445325
39	45	0.36903888819916314
39	50	0.3670677455965794
39	123	0.34585687592874864
39	47	0.34136786260649343
39	148	0.33606510977849036
39	171	0.333374585779601
39	125	0.3213573130812297
39	131	0.31537237404632085
39	134	0.31122389983955184
142	181	0.755900246975172
142	164	0.6476499101599386
142	156	0.6112095688933823
142	52	0.6026066045806144
142	44	0.5686057360290984
142	145	0.5465861456445071
142	38	0.520678378428553
142	79	0.5191021971067225
142	173	0.5033180142084074
142	137	0.49997289125955696
142	148	0.4982608808338054
142	26	0.4752109874791877
142	40	0.4741419262429335
142	41	0.4706072131132746
142	144	0.46290324146794815
142	155	0.43897465053913315
142	174	0.42721097643839445
142	50	0.41952876826084423
142	45	0.41669013789893666
142	131	0.4038996155643186
142	130	0.3959864729713771
142	22	0.3823763505959303
142	165	0.376624199076879
142	147	0.37160158841604524
142	146	0.3627943087572636
142	138	0.3501283240575392
142	47	0.331132776480598
142	18	0.3305093863259413
142	37	0.32641459845915444
142	125	0.31360622567815144
142	139	0.3107632255204086
147	148	0.8143130501761575
147	77	0.6725912611551066
147	43	0.6663393402855472
147	186	0.5914153688185302
147	188	0.5609374625405952
147	116	0.5520881336110466
147	187	0.5316912516395942
147	135	0.5268104077162359
147	164	0.5220328080421065
147	52	0.5063284271873958
147	18	0.472496873532293
147	75	0.46694004327236915
147	156	0.4467079926560325
147	45	0.44415894298085196
147	152	0.4292035729189766
147	14	0.4256728602328352
147	154	0.42255638421523706
147	181	0.4212905344835648
147	16	0.41266586503235547
147	46	0.41028178923890957
147	161	0.39270985964766825
147	125	0.377730679819082
147	151	0.36755219227535835
147	120	0.36471188860685544
147	122	0.35703187579310386
147	131	0.3562812712208465
147	20	0.3455310925361694
147	118	0.33099031276041413
147	189	0.32660221083320046
147	129	0.3250558760400984
147	177	0.31900590745049817
147	47	0.3183051097367146
148	164	0.6404344803314234
148	43	0.6373333207413484
148	135	0.6288973852041593
148	156	0.5959803659552138
148	52	0.5573839336281261
148	77	0.5550357939924275
148	116	0.52035759158593
148	154	0.5184005360652354
148	186	0.5170170991816839
148	18	0.5130642522127911
148	181	0.4869007870535991
148	152	0.4852740666058675
148	122	0.4564438455499974
148	45	0.45578651969093326
148	75	0.4536447908824448
148	7	0.4524447180707077
148	125	0.44740411515545797
148	14	0.4459712742819847
148	188	0.4384739875618703
148	46	0.42665492125664944
148	79	0.41616112052137205
148	40	0.41260778387281394
148	131	0.40238378322584883
148	150	0.3975704979314263
148	47	0.39143197660575946
148	157	0.3876147640315185
148	44	0.3860245717846751
148	16	0.37631522168105463
148	130	0.37377157066702976
148	155	0.36996280003993776
148	26	0.3661502119890627
148	118	0.35511954675576407
148	173	0.3538167621196839
148	120	0.3525126031378993
148	187	0.34901351804494196
148	161	0.34582166012072724
148	139	0.34536376598286567
148	189	0.3372266466699088
148	123	0.32899423844808573
148	168	0.3228450889882959
148	0	0.3217607829726935
148	129	0.31861961333602684
148	178	0.3182062512714436
148	100	0.31539938999868083
148	22	0.31156705232006254
176	139	0.7829312626031382
176	12	0.6063570777664858
176	0	0.6056357219964792
176	106	0.582137622700957
176	36	0.5706727968308305
176	5	0.5367079216275926
176	150	0.4952404002851274
176	13	0.49496109644853936
176	1	0.41819298869227906
176	79	0.389092339332933
176	40	0.3739006076534527
176	125	0.362368726794083
176	18	0.3508212862628676
176	6	0.3462089804074169
176	20	0.34605934791403853
176	135	0.3452668826770522
176	154	0.34124417117836936
176	35	0.3202628745807801
176	37	0.31667755966859357
176	144	0.3143544012035974
116	14	0.6994127581885691
116	120	0.6877902051090853
116	18	0.6513039783029384
116	77	0.6475860451550324
116	152	0.6377547324081262
116	186	0.6255185857529719
116	154	0.6216194027014592
116	188	0.5952706127989048
116	46	0.5727192112934992
116	16	0.5610402562651643
116	43	0.5535324861963279
116	20	0.5463617084490796
116	75	0.5358958082384115
116	118	0.5216252991757224
116	125	0.500362803948773
116	124	0.48952846293938174
116	151	0.48856220314140475
116	129	0.46841665600121984
116	117	0.4546607845720061
116	48	0.44921788306014543
116	128	0.4465398819747104
116	47	0.4353022090941567
116	27	0.4277993887086265
116	135	0.4064155132468534
116	156	0.39730104359621765
116	44	0.3842616265724805
116	49	0.3771303975221337
116	123	0.3761778715156844
116	150	0.3760490907186301
116	155	0.3638792915221198
116	51	0.35914156720516344
116	22	0.3582876699539159
116	52	0.3487763845224071
116	157	0.3430894769675492
116	40	0.33367676438789895
116	164	0.32811110593339377
116	168	0.324340219148028
116	59	0.3233824474627958
116	122	0.3153633686152636
116	7	0.31533635198129795
13	12	0.7858169038423167
13	10	0.7008860510994283
13	1	0.7632271971215768
13	139	0.60303313204553
13	0	0.5849996164905086
13	7	0.5802038830436378
13	6	0.5697347310712565
13	110	0.5427741497130298
13	104	0.5359813406195532
13	2	0.49782474790919895
13	135	0.48079669560618826
13	150	0.4429620947744949
13	79	0.36671293509751135
13	36	0.35464755563241734
13	8	0.34758125552097846
13	100	0.323427217928493
13	35	0.3142011921947704
74	80	0.8064529727187404
74	78	0.7178330490710363
74	73	0.7132557295739812
74	185	0.704394651261106
74	193	0.6978257748469571
74	182	0.6688835437240239
74	184	0.6142262621549455
74	196	0.6135220932163976
74	63	0.61044476308301
74	187	0.5861364163850816
74	97	0.5817606616598608
74	194	0.5781370999909882
74	81	0.5627304381877102
74	92	0.5336323449578451
74	85	0.5216107408828996
74	93	0.5077177011055575
74	76	0.4988319838914509
74	183	0.4516013024880186
74	60	0.44282544110626326
74	158	0.3859735115003062
74	94	0.35660426218076197
74	66	0.35059326511886396
74	195	0.3470360419892136
74	167	0.33759883077294345
74	91	0.33691641269979866
74	99	0.3288247929279678
74	82	0.32527944253690283
74	170	0.32435811510038287
74	89	0.32150974876323263
74	177	0.3144355052267318
80	73	0.7372783741307118
80	78	0.7394206600489673
80	92	0.7239615546202416
80	63	0.7230227339398343
80	182	0.6810233174951525
80	193	0.6633821674442942
80	81	0.6241348141223687
80	194	0.621515081494198
80	185	0.6146246501955808
80	196	0.5992268448144582
80	60	0.5772176216468157
80	85	0.5534284372899321
80	97	0.5311817732635344
80	184	0.5308586653865988
80	93	0.5258416135347508
80	76	0.492086652530703
80	94	0.4884860687246525
80	183	0.4555250350166382
80	158	0.4426887668618178
80	91	0.4364362340337354
80	66	0.4316152235193351
80	187	0.42848541167763743
80	84	0.40918339212926813
80	69	0.4005803381233273
80	86	0.35526809910445684
80	82	0.3312485171385919
80	55	0.32881587415608543
80	167	0.3121989625794948
61	68	0.8026794754927945
61	166	0.6728540343780189
61	42	0.7716121601127337
61	62	0.6573938099436658
61	172	0.581158328324915
61	81	0.5708683209091678
61	60	0.5309879270675889
61	65	0.5285709699032285
61	69	0.5158878532501315
61	67	0.4978924402229476
61	35	0.4941376878102496
61	167	0.4812117584532345
61	31	0.4738317916668404
61	63	0.4641908445811184
61	183	0.46140118893690785
61	91	0.4539147794064793
61	92	0.45112353933211735
61	175	0.43809427127259504
61	169	0.4295298306063876
61	33	0.4241650841732576
61	30	0.4110715665823677
61	165	0.36310688482369774
61	36	0.34478235578696015
61	38	0.34017463165872625
61	37	0.33918385962685577
61	41	0.32480543842321535
61	93	0.31926637156420856
61	86	0.31713634034802196
68	42	0.7990214552022646
68	65	0.706394270925296
68	91	0.696546086344614
68	69	0.6374698761565406
68	92	0.5968244042012526
68	81	0.5708952846678506
68	172	0.5562247863944804
68	63	0.5309232993153555
68	166	0.5282970820668164
68	169	0.5172075738359221
68	86	0.5067075813236483
68	62	0.4949006929758385
68	60	0.47975809548158477
68	31	0.47080182242582513
68	183	0.43952345149015
68	93	0.4387485784061278
68	67	0.4341262252704097
68	35	0.3988410601330592
68	66	0.3930312076846461
68	175	0.36660906793249004
68	167	0.36384458734256503
68	180	0.3366770393511064
68	33	0.31079936211989884
152	154	0.8020739501821028
152	46	0.7672880391461957
152	14	0.742370653730401
152	18	0.6861690671177793
152	120	0.6113911993243949
152	47	0.6028039959368334
152	44	0.594611646963689
152	125	0.5921950885122428
152	43	0.5707604535599706
152	16	0.5494687614429281
152	186	0.5477071540602657
152	129	0.5449220457726013
152	118	0.531676905398782
152	155	0.5285781759924367
152	156	0.5152197274297702
152	22	0.5116335056799872
152	164	0.5042209357568216
152	27	0.47978119011427744
152	157	0.4789339523077833
152	48	0.4742581963878457
152	26	0.47238812180049383
152	123	0.4689238822878262
152	188	0.46638466267463696
152	117	0.4537321492272376
152	128	0.45298535142324
152	40	0.4448409997245926
152	20	0.43957992709198446
152	51	0.43892621118800146
152	168	0.4387082025361713
152	52	0.43070342983658255
152	124	0.41846523893684784
152	49	0.41662402614891036
152	75	0.41499463482585963
152	77	0.4126575679292781
152	122	0.4124086229985544
152	151	0.3991437499500877
152	45	0.3886849318423311
152	131	0.3830079751187243
152	21	0.362742204805773
152	130	0.3555738856715117
152	150	0.3515313931042198
152	135	0.34274533798930706
152	72	0.330429215222301
152	138	0.329208244616202
152	161	0.32793262560306513
152	173	0.32628950925225186
152	171	0.3239733009728763
152	137	0.3124155539804931
152	153	0.3107270880225131
154	18	0.7622233981554813
154	46	0.7128280626507831
154	14	0.6820247485325241
154	47	0.673515688979368
154	125	0.6519426577808645
154	120	0.6358285678253004
154	155	0.6241592317421124
154	44	0.6078409386949116
154	43	0.604297951120483
154	40	0.5645385739016442
154	118	0.5613279866573029
154	22	0.5562938439517979
154	156	0.5422307676301837
154	16	0.5412274959893864
154	157	0.5399818626107737
154	51	0.5371562950638837
154	168	0.5339183784960567
154	164	0.5292552082055956
154	150	0.5063432996672629
154	186	0.5044148082607289
154	129	0.5005801671508289
154	20	0.4908807273546621
154	123	0.4866031887841719
154	26	0.480481411312547
154	130	0.4672136869884683
154	124	0.46382203652142306
154	117	0.459928025856052
154	52	0.4593759218488322
154	27	0.45587366377281263
154	146	0.4547163126546326
154	188	0.4514261527113234
154	135	0.45115539825929846
154	77	0.4504622071913334
154	49	0.4419568079398878
154	122	0.43846591012083086
154	151	0.43595039282063724
154	153	0.42997010067195934
154	138	0.42414048134075416
154	48	0.41910844060169183
154	128	0.4188116305106869
154	137	0.40649899249690813
154	45	0.40152858348473797
154	131	0.4008489550069798
154	75	0.39245609606880266
154	173	0.38258124098749996
154	21	0.37934985586192543
154	144	0.37278180663093835
154	171	0.36282904346476413
154	72	0.36069098592455917
154	178	0.34041336565528113
154	139	0.33858195196225105
154	7	0.33789118711133087
154	161	0.337793742239866
154	33	0.3377140092311899
154	34	0.32825387333355044
12	139	0.657308626537651
12	6	0.6497176825080494
12	1	0.6199660868210035
12	36	0.5713198014298625
12	0	0.4851364429515694
12	106	0.47033468313746446
12	5	0.4545417839215135
12	10	0.42601669583953916
12	105	0.4208462757450665
12	7	0.3502599286682807
12	79	0.35016341997226524
12	2	0.33817462190983283
12	104	0.3208191716980078
12	150	0.3129388490827533
193	194	0.7958539029087917
193	185	0.7613840888095079
193	196	0.7325368034659839
193	182	0.6517988916593013
193	78	0.6197875185263405
193	73	0.6176335046365206
193	184	0.5637750397086521
193	93	0.5491754984681744
193	85	0.5462634924934244
193	195	0.5216471360454138
193	97	0.5092524869543688
193	170	0.5046384441228099
193	81	0.49414524605235605
193	63	0.4750871101386045
193	183	0.46254173304451507
193	158	0.4558895072124118
193	92	0.42622948480677975
193	187	0.4096578457213376
193	66	0.3869602576227608
193	167	0.34665777219123767
193	177	0.3310971619655181
193	94	0.3171633228275491
193	99	0.3164166182682371
18	151	0.514595087689898
18	46	0.703031726399918
18	14	0.6885955822566107
18	44	0.6687066755351309
18	120	0.6513442826842933
18	125	0.6485430650128727
18	43	0.6431456360495972
18	16	0.6147304193548385
18	22	0.6136717329336516
18	47	0.6113724129557843
18	118	0.5659608028184119
18	40	0.5555130464755591
18	155	0.541722259421183
18	77	0.5356819291549428
18	156	0.5265358138572277
18	129	0.5194600671756128
18	20	0.5123934830070155
18	135	0.5088820617129846
18	186	0.49939514808151003
18	123	0.4944852896296023
18	26	0.49405454221719075
18	48	0.4895056517478676
18	52	0.48424895845759824
18	75	0.48395035593050106
18	164	0.4814422557439754
18	49	0.4730248915589
18	27	0.4707551203679964
18	51	0.4607082518907324
18	138	0.451290785871375
18	150	0.44481693590891364
18	124	0.43821547431835367
18	130	0.43680044801500084
18	168	0.4342722900506289
18	146	0.4302064576503009
18	45	0.4235826492398753
18	157	0.42285205982097973
18	117	0.41611151068738444
18	188	0.4135532592282981
18	7	0.4107307908988224
18	34	0.4055552822279817
18	137	0.4042426734263354
18	122	0.39790721944492163
18	128	0.39567444522497947
18	139	0.38416786487940857
18	21	0.37090322943443343
18	131	0.3591589874267287
18	72	0.34521403413552093
18	33	0.3433805995677802
18	161	0.34130601837001334
18	153	0.3383871577579601
18	144	0.3316490808917387
18	171	0.3312129056899656
18	178	0.31583157568405873
18	59	0.31468779949531606
18	0	0.31466977995013085
42	172	0.6052366503987945
42	166	0.5815025968537907
42	62	0.5774176329509787
42	69	0.5740549526538276
42	33	0.5360098489684404
42	65	0.5081777343313747
42	35	0.49235943045748776
42	30	0.466259455677138
42	91	0.4574249469328829
42	37	0.45389890003486305
42	169	0.4358045908750772
42	31	0.4351400925850317
42	67	0.43310313281136253
42	167	0.39823541973634674
42	51	0.3830762374182579
42	146	0.3693066387520616
42	86	0.36905616427762994
42	92	0.3497509809024518
42	175	0.3347960045996905
42	81	0.33449408028708316
42	34	0.33195164978383235
42	153	0.3240449024209875
42	183	0.3130561133175187
14	75	0.6069069156234265
14	48	0.568673400933103
14	46	0.7314785089373255
14	120	0.6587431396795163
14	16	0.6385668007712328
14	186	0.6146122053118165
14	47	0.5603271972811751
14	49	0.5536087777472762
14	43	0.5517404383144345
14	188	0.5328594443759709
14	118	0.5282538265641781
14	77	0.526239418272993
14	20	0.5224109958548776
14	124	0.49899722241841354
14	117	0.4949837465175956
14	125	0.48248634163501375
14	128	0.4779855286891066
14	44	0.4697971469284167
14	51	0.4574091315398394
14	27	0.44751608427944767
14	155	0.43972513410878566
14	129	0.43855475807624733
14	157	0.41697932497677914
14	151	0.4050705638162966
14	156	0.40046279657723943
14	22	0.3935045982661688
14	161	0.3834771939184606
14	21	0.37279041693608683
14	72	0.3625250805970547
14	123	0.3620733361837707
14	52	0.35708422636597176
14	168	0.3534580364847703
14	122	0.34895204327366003
14	164	0.3449761886091732
14	131	0.3414032008432362
14	40	0.34062553681470786
14	53	0.3212048607429678
14	126	0.3182961228895381
14	45	0.3125418839672527
14	135	0.3115760815516493
194	196	0.750893283625167
194	170	0.6047104246364842
194	182	0.6544595598518872
194	185	0.6332899043148866
194	93	0.5889128227610493
194	195	0.5881546143823749
194	94	0.5786561566637254
194	73	0.5408950872418832
194	184	0.5289167762510284
194	97	0.5226290876936853
194	183	0.49080482001761916
194	180	0.4788491793924304
194	92	0.4750638810404027
194	66	0.47380077174159974
194	78	0.4706072131132746
194	81	0.45208676301548595
194	63	0.417103236461952
194	89	0.4009580609358006
194	187	0.3930396629161119
194	60	0.3828373010688964
194	179	0.3690820779171427
194	85	0.35588832960328776
194	145	0.353230498051047
194	175	0.3457160068512448
194	91	0.33621590140328916
194	82	0.3288337116411961
139	36	0.7125623472728738
139	0	0.6160227466147051
139	150	0.5917468850066435
139	1	0.5519004019845836
139	106	0.540711128924274
139	135	0.5013441846709897
139	5	0.4910552859491183
139	104	0.4549621802420075
139	7	0.45115539825929846
139	79	0.42344314097968716
139	6	0.3964332723564987
139	35	0.38690924073279026
139	10	0.3836818819341846
139	40	0.3755510016298377
139	125	0.3701095224901298
139	155	0.3597075962580414
139	137	0.35765993456649464
139	20	0.355582621312568
139	110	0.34856556167118347
139	138	0.3378646119555833
139	100	0.336473094390708
139	156	0.3329567554909761
139	146	0.33269888005670634
139	37	0.33167578089269417
139	144	0.3314532646524257
139	130	0.33009957281817665
139	124	0.32822710558812074
120	117	0.5996817095191572
120	124	0.6237378569106732
120	46	0.6144379448132512
120	16	0.6006478105510547
120	20	0.5931552176734057
120	118	0.5623886748288998
120	128	0.5251756802115386
120	125	0.5186637408517987
120	123	0.49570065072494224
120	48	0.4851364429515694
120	43	0.48088126293240535
120	186	0.47953481309335166
120	27	0.46636118778580143
120	47	0.4577570033347154
120	44	0.45378773636120306
120	188	0.450446265371714
120	129	0.4383447400055456
120	22	0.43284312184810575
120	77	0.4283711087863101
120	51	0.42517326097283886
120	49	0.415954396537616
120	155	0.39934549484421317
120	40	0.37126539392903235
120	72	0.3667821747959346
120	138	0.36621948468155885
120	151	0.3559494621250231
120	75	0.350680970479926
120	156	0.34827562265475714
120	157	0.3431159453834339
120	135	0.34064321617913795
120	126	0.33635780718714425
120	52	0.33486703562789105
120	21	0.32827171820428797
165	175	0.7881389443207019
165	167	0.6485314770247117
165	166	0.6101121561925928
165	137	0.6006478105510547
165	171	0.5758891259702071
165	183	0.5695996352120549
165	174	0.561971463176393
165	145	0.518919540178885
165	172	0.5150801495277563
165	164	0.48479227865553715
165	179	0.4223345684660359
165	180	0.4026770724605306
165	146	0.3835965998410019
165	169	0.3813684260587885
165	62	0.36451246527718734
165	153	0.3408907019832454
165	60	0.3405371363794909
165	195	0.3319694458277256
165	182	0.3299035310445666
165	155	0.32209243737306864
175	183	0.7206086773182159
175	167	0.6745197764865595
175	166	0.656694810033031
175	172	0.6425706374049481
175	174	0.632774532003573
175	145	0.6113160497150918
175	180	0.5671083774456154
175	182	0.5392659686348095
175	195	0.5352753694842293
175	170	0.5309520235233359
175	169	0.5248859431598843
175	179	0.5098151721163748
175	196	0.5091413791822361
175	60	0.49028085632390994
175	93	0.4487627907038086
175	81	0.44433552474666305
175	171	0.41121283013761867
175	41	0.39847940003227994
175	63	0.37204108033917205
175	38	0.3553904228604619
175	137	0.33116839005223975
175	92	0.33050047866104537
175	91	0.3263341852811562
175	69	0.31876336305328307
167	183	0.7865425539436056
167	166	0.771490747609057
167	182	0.558877955465739
167	81	0.5496223213752893
167	172	0.5487073940981854
167	63	0.5479801023237204
167	169	0.5255811076163667
167	196	0.45328732505177594
167	60	0.4080504685936159
167	170	0.4027776097429988
167	187	0.39443386519773066
167	92	0.3674137992761227
167	93	0.3591851172898301
167	195	0.330170853677404
167	78	0.32827171820428797
183	81	0.7676989927544061
183	182	0.750290759851076
183	196	0.70039731400888
183	166	0.6976718308673644
183	93	0.6434856001372342
183	63	0.6068184751500777
183	60	0.6041582712759431
183	195	0.6023263095560933
183	92	0.5785696797421538
183	170	0.5290320060255395
183	169	0.5184590345097972
183	97	0.48505997497891223
183	180	0.4693450352150255
183	145	0.458183745411367
183	174	0.4572825979786807
183	172	0.4500476265412413
183	185	0.4469560984010129
183	187	0.4437574924436979
183	78	0.41807746588212846
183	179	0.41340403285523947
183	66	0.3998328853419183
183	91	0.38119750139929276
183	99	0.3744424049088551
183	38	0.3639833979991013
183	85	0.3623166043265419
183	69	0.3304470314352333
7	135	0.7858933901791727
7	10	0.7245701163258423
7	2	0.6648075595812467
7	110	0.6895356691766366
7	104	0.6401335617960586
7	1	0.5723696710204131
7	150	0.4734361995537022
7	134	0.45949425975807057
7	8	0.44790786572074126
7	100	0.42846091935524727
7	79	0.4194958078832447
7	0	0.4153670660039767
7	125	0.3855308899901299
7	138	0.379495382402359
7	146	0.3761864563854796
7	77	0.3682093366756635
7	181	0.3573023296049415
7	40	0.3493384062144441
7	75	0.3404575708398666
7	130	0.3230331881530719
7	122	0.3203795358428791
7	156	0.31941903500416446
7	137	0.31752304014336974
7	144	0.3118198495318716
135	100	0.49782474790919895
135	104	0.6135096212505401
135	110	0.6096536849747504
135	150	0.5913568451960917
135	146	0.5226654296858209
135	10	0.5189999150668599
135	125	0.513984617816448
135	1	0.49784731268780424
135	77	0.4874346543446145
135	134	0.4836669621388705
135	2	0.47901871629146897
135	138	0.4760698677949434
135	181	0.4649985207977161
135	0	0.45753564658151963
135	40	0.45702156403083993
135	79	0.4360799753416832
135	43	0.4256564840410982
135	130	0.42260566973175295
135	156	0.41178599118549397
135	137	0.39272677509413145
135	144	0.39148278227294214
135	122	0.38563304917532065
135	155	0.38110348172612285
135	124	0.37097222185067713
135	118	0.3702821135005857
135	186	0.354175383692722
135	26	0.34918914369629944
135	164	0.347044837618545
135	20	0.34340706198808707
135	123	0.3421715685815634
135	75	0.339192709139933
135	16	0.3329567554909761
135	129	0.3309814082768129
135	22	0.32821818288916277
81	93	0.7846667204112098
81	63	0.7474403763457909
81	92	0.744838365947912
81	60	0.7375384245581535
81	182	0.6673167387403525
81	196	0.6635389170724002
81	97	0.6389811781868557
81	78	0.635250361024088
81	38	0.6020394904764811
81	91	0.5703895092736346
81	195	0.5314544996518643
81	85	0.5160346100507385
81	66	0.48023524943628093
81	166	0.4487068861107092
81	69	0.4460033180952434
81	170	0.44058783460676515
81	185	0.4338989680142659
81	55	0.4021910053110563
81	99	0.38102655067538893
81	187	0.37984628091974804
81	169	0.36070838383930487
81	145	0.34818774918556483
81	73	0.3406608953026755
81	65	0.3372266466699088
81	71	0.3258694833462663
93	196	0.7616361501915299
93	195	0.7036431591089676
93	92	0.6723776329407813
93	91	0.6281653979686659
93	63	0.6037834919859686
93	97	0.5967535814826178
93	182	0.5809794914181671
93	60	0.5695928796110197
93	66	0.5689439835946355
93	38	0.548322871984774
93	170	0.5326302658453986
93	78	0.5295431028121881
93	145	0.5029296436891775
93	85	0.47702826481285787
93	89	0.4697893539853986
93	180	0.45929702084833074
93	41	0.4494732713933586
93	185	0.4325423943719442
93	174	0.4295624502109113
93	94	0.4079421085201366
93	179	0.4006978664864015
93	99	0.38992365708506194
93	69	0.37934985586192543
93	50	0.33249432277274
93	55	0.3269862891981938
93	166	0.31394881226687454
93	73	0.3137955599447185
93	169	0.31375048262017496
1	6	0.6521553456521064
1	10	0.6365309924838755
1	2	0.5834583148673107
1	0	0.5673050776360937
1	104	0.5632290674170045
1	110	0.4915104706056821
1	150	0.4469961090191352
1	36	0.398445750929249
1	35	0.390432313746651
1	79	0.3374216134037389
1	8	0.3227107168248173
44	164	0.6672390751133588
44	22	0.6351310544720089
44	47	0.6146246501955808
44	45	0.6076769751437849
44	46	0.5998865923866471
44	52	0.5855913027119974
44	155	0.5600595857757662
44	156	0.556694226275698
44	40	0.5509748332288131
44	33	0.5488471627970304
44	67	0.5348614224550525
44	26	0.5203430068746092
44	62	0.515763086156255
44	34	0.499470204781572
44	43	0.4926699764493935
44	123	0.48716013950078835
44	125	0.4814806654870589
44	146	0.46758882428833454
44	171	0.46555481826992917
44	137	0.4622822952557538
44	173	0.447188135089916
44	41	0.42722732611432923
44	144	0.4146551875129095
44	138	0.41437360706010984
44	168	0.40578084924945357
44	51	0.4045354377439835
44	130	0.39821017717826596
44	151	0.36143017583104375
44	49	0.35957699764564494
44	129	0.3573023296049415
44	157	0.35722381692633154
44	131	0.35718892078193604
44	181	0.35330051432956666
44	50	0.35085636274763005
44	153	0.3490925526229363
44	79	0.3474933337381942
44	72	0.3465785851658714
44	178	0.3332501393782187
44	118	0.31644361442767843
182	196	0.7714097747108976
182	187	0.6540305873600697
182	78	0.6795836579521286
182	185	0.6586752074127413
182	60	0.6250983831727114
182	63	0.6127607431437335
182	195	0.5745709793582527
182	97	0.5691130352317684
182	170	0.5622655929545393
182	92	0.5147568115954366
182	73	0.4686273875201804
182	184	0.46447322704988164
182	177	0.41554081958750494
182	180	0.4059061429076061
182	145	0.3932763824092286
182	99	0.3913134207685409
182	38	0.3763581402161704
182	169	0.37090322943443343
182	71	0.3605430935154415
182	179	0.3503037937991528
182	166	0.3222627156781419
182	91	0.3170284052959292
166	172	0.6956285638031665
166	169	0.4588313574289311
166	63	0.40349784245443
166	174	0.3972926220439515
166	69	0.3863223762970565
166	137	0.3856415620140057
166	37	0.33130193254209506
166	92	0.3197602227370658
166	35	0.3192573908456965
166	180	0.3138947250795064
196	195	0.7213625591110484
196	185	0.6559889832501073
196	78	0.5806813052065134
196	170	0.5737397510054687
196	97	0.5472029431634129
196	63	0.5351968820325113
196	92	0.5305641437781418
196	145	0.4966881168642933
196	180	0.4698361105451713
196	60	0.459928025856052
196	73	0.45904448894213706
196	99	0.4275706047587421
196	66	0.42634404394972286
196	91	0.41567318291835775
196	85	0.4096828108279989
196	187	0.4063904681485816
196	184	0.4036736373490833
196	94	0.4027357203895745
196	179	0.3977388720808973
196	89	0.38106074290495195
196	38	0.3805990598845022
196	174	0.3623947871779464
196	169	0.3403868418222026
46	47	0.5958191400858603
46	16	0.5730551114297847
46	43	0.5538445292526054
46	186	0.5436412077707875
46	125	0.5223891829104822
46	48	0.5201460835612207
46	75	0.49677850758608755
46	155	0.49633398279025587
46	118	0.4924351849465155
46	52	0.4866337168834195
46	117	0.47820924132469395
46	151	0.46585240391973126
46	22	0.4606452297355495
46	156	0.4569503592861419
46	164	0.45326348880961476
46	128	0.4396041298574367
46	161	0.43860321698452615
46	168	0.4377386504453772
46	40	0.4376092998071723
46	27	0.43471845760657857
46	49	0.4344588951516924
46	51	0.4328593746440428
46	20	0.4297499911819906
46	124	0.42644222661684283
46	123	0.41721887319327144
46	188	0.41107987674987817
46	129	0.40692463108919963
46	77	0.4014195370697055
46	45	0.39381725975794224
46	26	0.38769123929497074
46	21	0.3862713298125995
46	122	0.3802483959987874
46	72	0.3689525039816379
46	157	0.3678202823899123
46	131	0.3542278561654467
46	178	0.33550614355508956
46	59	0.32070254707698165
185	184	0.6943723175555894
185	73	0.644603344205709
185	78	0.5891413892302281
185	187	0.5118401807904933
185	97	0.48238659847844556
185	85	0.4610705391242231
185	195	0.4431228374482879
185	63	0.4191496571436983
185	177	0.39917737678386717
185	58	0.39072892011582455
185	99	0.3860501010399193
185	161	0.37845916735085583
185	163	0.3688142759749175
185	158	0.3445356169378731
185	92	0.34274533798930706
185	170	0.3406962528270361
185	71	0.31388571035019425
10	110	0.7562814576014003
10	8	0.6323306228929411
10	2	0.6036627434912785
10	104	0.5967728976916911
10	0	0.3906611315241333
10	100	0.3443681598882082
10	160	0.334396384184685
10	6	0.3250558760400984
10	79	0.32216413604237076
10	150	0.32185939118202733
110	104	0.6695019863409399
110	8	0.540385537485292
110	2	0.529449550439219
110	150	0.41176938240276173
110	100	0.3911694426448871
110	134	0.357494228227321
110	0	0.3492857273496656
110	107	0.34343352386315656
181	79	0.651764380817405
181	156	0.5456387683182794
181	52	0.5312750867894589
181	164	0.46604812650563504
181	145	0.4208133596544919
181	144	0.41053957378827677
181	101	0.403054037156209
181	134	0.3995135860518282
181	26	0.3934454358474375
181	40	0.38794611829391007
181	38	0.38288850602869945
181	131	0.3724976305533495
181	146	0.37072210486253837
181	0	0.3690993533580146
181	100	0.3690820779171427
181	137	0.35718892078193604
181	173	0.32616440861654433
181	195	0.3254046238952326
181	130	0.3119462315872665
20	16	0.6162646897063887
20	27	0.5828709870446435
20	124	0.5810324859813979
20	77	0.5138300789776404
20	43	0.479912047141585
20	118	0.477916088016954
20	125	0.477669139470664
20	188	0.4744519432030953
20	150	0.4741031658523806
20	22	0.4642928269182141
20	21	0.45361302204984294
20	53	0.43945083489564035
20	186	0.4295298306063876
20	128	0.4247553642669744
20	123	0.40221615227948965
20	40	0.4005971286966596
20	49	0.39821017717826596
20	138	0.38886319133447633
20	129	0.3744939913229491
20	48	0.3730486962346365
20	157	0.35942896885328374
20	117	0.35740700532176484
20	47	0.3553904228604619
20	51	0.3423746238797008
20	34	0.31550744869533914
63	92	0.7213385764431427
63	60	0.7070599845800997
63	78	0.6275777941281186
63	91	0.5863333149867587
63	65	0.5034822636332708
63	69	0.49038719647956835
63	169	0.46576627153717737
63	73	0.4651709339597685
63	85	0.4551683382986741
63	31	0.4444799750613705
63	97	0.42761146305411507
63	66	0.42712922386794644
63	187	0.4075669272157045
63	76	0.38803955906505794
63	55	0.3664792211243148
63	158	0.3662281434827388
63	86	0.3539042403941486
63	170	0.35062834800135045
92	66	0.6977744673479626
92	60	0.6894517334273327
92	91	0.6139895710036342
92	85	0.5868514833242207
92	69	0.5795268518828185
92	65	0.5752070067763582
92	94	0.5235080306301493
92	78	0.5186929797621336
92	55	0.49964280673867867
92	73	0.48404990263399345
92	97	0.47915740172454546
92	86	0.44668397877514493
92	82	0.4430183579506127
92	170	0.42187434490100895
92	84	0.39815969025277453
92	169	0.3802569500778338
92	76	0.36088234917919965
92	64	0.34404199643350947
92	180	0.3254940321686228
92	38	0.31921248639301053
92	158	0.31870047435583665
92	89	0.31185595981671366
137	146	0.74445077713102
137	138	0.6106203930724892
137	33	0.5936476024472386
137	37	0.5769575033747805
137	34	0.5675627247617514
137	144	0.5506962011427072
137	155	0.5442819439689407
137	134	0.5349470877474064
137	164	0.533567970579479
137	62	0.5324081746318666
137	22	0.5165700153109498
137	171	0.5051897897619467
137	150	0.45846022474206427
137	172	0.4518560036761898
137	40	0.4415946325537278
137	153	0.43462113014632664
137	35	0.4324448404596196
137	125	0.4154911788002626
137	130	0.4080504685936159
137	123	0.3790673095848353
137	47	0.3735994988436208
137	30	0.3616040369065975
137	26	0.33794433580649896
137	168	0.33609172131744564
137	174	0.3207474038514751
146	144	0.6735812488743831
146	150	0.6348744427317607
146	37	0.6035546818830885
146	155	0.6020012361875772
146	134	0.5839527806955582
146	40	0.5811119685892071
146	34	0.57890221208072
146	130	0.5754277800383234
146	138	0.5622655929545393
146	33	0.548735350292406
146	125	0.5449993777329448
146	172	0.5442678686724145
146	153	0.5330312769926493
146	35	0.513417812349174
146	22	0.5092821128270523
146	30	0.467229321069791
146	171	0.45693453521414473
146	47	0.44125647229930526
146	157	0.43775481800130994
146	62	0.4257465496449993
146	164	0.4145226889513706
146	51	0.41411680278106316
146	123	0.4078170633839835
146	168	0.3816333077531916
146	100	0.3571540236403649
146	2	0.3475636716533282
146	26	0.33498245293171075
146	132	0.3145075938382447
73	184	0.741530071316525
73	78	0.5810854756182076
73	84	0.5044446302870546
73	76	0.5013516711735412
73	94	0.4899161506766621
73	85	0.4322740967497184
73	158	0.3874447998987222
73	82	0.38258977727078197
73	97	0.37908443561449073
73	86	0.37824495492299226
73	187	0.36833034950055954
73	161	0.36163880610449134
73	58	0.3543327944194067
73	189	0.35167161332507973
73	66	0.33588768580725675
184	161	0.5275830156621469
184	187	0.5008948571591699
184	78	0.4798889562763341
184	76	0.4460273502048916
184	189	0.41600401421563504
184	58	0.38825189478711947
184	94	0.3436628372697911
184	84	0.33905996014089473
184	97	0.3343608565471615
184	186	0.3115399642877213
78	97	0.4992825489747266
78	187	0.4916469736698357
78	60	0.44711613014266705
78	85	0.43534273381143584
78	195	0.3837927388719181
78	91	0.3775249044803492
78	38	0.3695138874044674
78	99	0.36673024540301535
78	69	0.36020374243156744
78	158	0.34039568316008667
78	31	0.33319680165111815
78	76	0.3277719732870841
78	84	0.319410055260681
60	91	0.5411567848827838
60	97	0.5209844469690019
60	65	0.48309987023290113
60	38	0.44892249875900847
60	66	0.43933786433115773
60	69	0.41865494464897046
60	187	0.4129313361698415
60	45	0.3928113483404441
60	62	0.38701127214380526
60	179	0.38576073486109747
60	170	0.3824617261637364
60	169	0.36912526604109663
60	195	0.3588279604316952
60	145	0.35869726702398613
60	180	0.34427120105300024
60	89	0.32924390902380934
60	67	0.3168844791181298
60	82	0.31539938999868083
60	71	0.31118777380247287
33	62	0.7356308943468983
33	34	0.677208640950707
33	37	0.5982517480966859
33	22	0.577164273598074
33	67	0.5572598430124693
33	47	0.4744054481583557
33	51	0.4727764547773809
33	155	0.4583101469687365
33	138	0.45748820561129405
33	41	0.4520708505204374
33	40	0.43419926051447416
33	144	0.4289424860951232
33	49	0.41865494464897046
33	30	0.40813381467390536
33	35	0.39967324782033464
33	171	0.37571419265801187
33	153	0.36914254084432246
33	123	0.3689525039816379
33	134	0.33963510822682713
33	174	0.3277808989131633
33	172	0.32518107775646615
33	125	0.3238658918416381
62	67	0.7283340358857935
62	34	0.5367719935471256
62	41	0.5200147706189785
62	30	0.5035345171842884
62	45	0.4813884789969285
62	35	0.4506455174699752
62	172	0.4222277502453479
62	37	0.4199159698224247
62	174	0.40949971913006533
62	22	0.3876657481334082
62	54	0.3873003096735812
62	171	0.37676149547627114
62	91	0.36242953347498186
62	155	0.3542715815222692
62	51	0.35282782767212434
62	47	0.34925060687977444
62	38	0.34293065503109715
62	65	0.3282449508103158
62	144	0.32650394089358037
62	153	0.32138421470619044
106	5	0.6784033195017952
106	36	0.5745173874398039
106	0	0.47755335634664886
106	101	0.38513919222330967
106	99	0.37603191884785564
106	38	0.3746659292928019
56	163	0.7321844310862758
56	162	0.6795782762550372
56	57	0.6451349149864434
56	58	0.5719257240242893
56	99	0.4839963021194852
56	100	0.4105063149517977
56	161	0.38077007573565064
56	51	0.32185042708785266
56	49	0.31882624894426637
56	117	0.3157955652125161
163	99	0.5296150574118684
163	162	0.5885926713747344
163	57	0.49874183849757314
163	58	0.442753086716242
163	161	0.3929466517146357
163	100	0.34766037989994414
163	117	0.3352842660424856
97	177	0.5533035557972824
97	71	0.5263044916775593
97	195	0.5169145146923617
97	187	0.46101541836823756
97	85	0.43783565153444537
97	89	0.4338989680142659
97	66	0.4295624502109113
97	38	0.4131303934895245
97	179	0.387121795478372
97	99	0.3812573279953375
97	91	0.34493213827792946
97	170	0.33914846097423385
97	50	0.3255476743390474
97	145	0.32197591915484
97	94	0.3219042107873248
67	54	0.4808351364089204
67	41	0.5714073621050842
67	174	0.44925779232839125
67	45	0.4197265072943408
67	50	0.4196935535547331
67	171	0.41388479384843985
67	65	0.4096911323938517
67	38	0.3760233328156097
67	30	0.36794133530910145
67	47	0.35063711856821383
67	173	0.3465873839682195
67	91	0.3230331881530719
67	145	0.3136963879638271
67	66	0.31073612248120797
125	155	0.7248549913324237
125	40	0.6983435793000586
125	129	0.5923379169967976
125	122	0.5557826361048003
125	130	0.6472433411905864
125	123	0.6375767176841594
125	51	0.6178684904383714
125	124	0.5973006062662666
125	22	0.5970432519985465
125	47	0.595289982039927
125	118	0.5907777761779052
125	150	0.5873167691668488
125	43	0.5849798828807289
125	16	0.5784964968010665
125	128	0.5748321694108179
125	138	0.5637545746313891
125	157	0.5624091860521879
125	144	0.5511558782400284
125	27	0.5504662372407378
125	26	0.5472239598865639
125	21	0.5301113364204566
125	126	0.5101999160995156
125	168	0.500235354808011
125	132	0.498696761754016
125	131	0.46842446182301956
125	156	0.45680793222645605
125	117	0.45325554325150363
125	77	0.4522856449230497
125	153	0.44620356602332345
125	52	0.44217404404076327
125	186	0.4304183137736272
125	28	0.4235252070950159
125	164	0.40549679382374343
125	53	0.39689673362077305
125	29	0.3939946757555854
125	34	0.3930227523867166
125	178	0.3869602576227608
125	188	0.37807355580829244
125	72	0.37134298591682735
125	0	0.3596118253200077
125	133	0.34214508075114014
125	75	0.3275309592695254
125	49	0.32723632868967284
125	100	0.3121899372332404
155	51	0.7222391349571773
155	47	0.6927375289173974
155	168	0.621435291577413
155	157	0.5876376557109646
155	153	0.5708346144790901
155	178	0.4631703444193693
155	40	0.6532688406879811
155	144	0.5876049206498948
155	130	0.5864251772996109
155	22	0.5326947302050058
155	150	0.5279653864738408
155	123	0.5216180200672803
155	164	0.5028175759696665
155	122	0.4999053857824369
155	43	0.49693666541821024
155	179	0.4764873734626811
155	138	0.4723725846644571
155	26	0.46638466267463696
155	118	0.45598456178269553
155	156	0.4532952703217703
155	72	0.44790786572074126
155	124	0.44710812923523224
155	52	0.4436932438199383
155	16	0.43735054418893654
155	171	0.4343534272846026
155	41	0.42632767919506104
155	128	0.4217263696990771
155	34	0.4104481093597524
155	131	0.4033806293051015
155	129	0.394518304059493
155	37	0.3864584886860247
155	173	0.3849603275209507
155	89	0.3731605993142483
155	27	0.3696865665381005
155	21	0.36623680222049704
155	117	0.3613171526515422
155	186	0.3611345543170933
155	53	0.3597424201747735
155	126	0.3529941638989572
155	132	0.352696493843772
155	45	0.3517417175187483
155	174	0.3499265034725449
155	28	0.34633219394240716
155	172	0.3411204679311668
155	192	0.34076696498464065
155	49	0.3308567393177597
155	50	0.3193022938647976
155	77	0.31535436312740656
155	134	0.31425526783191715
51	72	0.47006985380062083
51	47	0.6541049727539122
51	157	0.5720535613147764
51	53	0.5718382403947384
51	40	0.5430350938989206
51	49	0.5273303893674379
51	124	0.5084076422764415
51	128	0.49954525398429134
51	168	0.4975764908622833
51	89	0.49411501263575214
51	16	0.4587603018542061
51	123	0.44985621615828447
51	43	0.4494333718077868
51	41	0.44782792428598556
51	118	0.44742810972012487
51	22	0.44696410066770703
51	144	0.4382639510755837
51	150	0.43797305229628153
51	130	0.43781140221766873
51	179	0.417994941308985
51	69	0.41532569163470984
51	117	0.40885863842991693
51	34	0.4015956833129264
51	178	0.3957503522776769
51	27	0.38346013488279296
51	132	0.38023984185468723
51	153	0.37328970476178797
51	122	0.373246671218809
51	21	0.3729712185132576
51	188	0.355582621312568
51	138	0.35400045934475743
51	50	0.33319680165111815
51	186	0.3328678385508255
51	37	0.3282003373155319
51	126	0.32389274490724934
51	77	0.3204782416287479
51	129	0.3189699775828033
51	82	0.3122711633206822
195	145	0.6935687904000608
195	174	0.593096879539345
195	170	0.5251104999854762
195	38	0.5237330353034765
195	179	0.4969667869774765
195	50	0.45879977789794324
195	180	0.41707019491509484
195	89	0.4075419102338339
195	41	0.4031210387910944
195	99	0.3977388720808973
195	66	0.3951851367825068
195	187	0.3274327561500404
195	101	0.31082646397988867
36	5	0.4698361105451713
36	38	0.4369299118248983
36	0	0.4289424860951232
36	6	0.3761778715156844
36	79	0.35597566084466487
36	35	0.34868854595573817
124	128	0.6677657934959819
124	118	0.6090186885832606
124	16	0.5866678836659881
124	117	0.5600321318303316
124	126	0.5373483622442525
124	123	0.5251901638695057
124	132	0.5045415435610957
124	188	0.4833374851396211
124	186	0.47168088496279126
124	122	0.46082640591066243
124	77	0.459691453357943
124	27	0.43526978805018557
124	43	0.42808529157783387
124	40	0.42185790432155174
124	21	0.4195864462598015
124	157	0.4133625771430951
124	129	0.4071165279649369
124	150	0.4030707879700398
124	138	0.3823251221210881
124	47	0.3713516069286817
124	72	0.36890067039126384
124	53	0.36163880610449134
124	49	0.3450995214519032
124	178	0.3403691589658664
124	22	0.33662383936222684
124	187	0.31402092534699755
124	168	0.3128937449132118
16	118	0.6191897718232239
16	43	0.5913308326975333
16	128	0.5744369903248615
16	117	0.5557826361048003
16	21	0.5322075130936705
16	27	0.5223237399751155
16	186	0.5202700787645694
16	77	0.5132263222327451
16	48	0.48231753819512924
16	129	0.48194143814114915
16	22	0.48050448510834554
16	123	0.46908768933713063
16	188	0.46220366211299574
16	75	0.46075551545859106
16	47	0.45175254019944294
16	49	0.40414227801340624
16	157	0.4022580625449477
16	40	0.39967324782033464
16	26	0.39402001850189494
16	126	0.3863904345952417
16	122	0.38026550409182547
16	131	0.37978637915090235
16	72	0.35073359074410404
16	161	0.3484425653829788
16	132	0.34697447087460714
16	53	0.3456983971206356
16	138	0.34274533798930706
16	52	0.3386616321375541
16	156	0.3372177838581335
16	29	0.336473094390708
16	151	0.32522578989278533
16	168	0.3131282711798012
45	164	0.7150783955690241
45	43	0.5686192696255301
45	47	0.49675591091589605
45	52	0.4795887145293428
45	173	0.39600333673208293
45	50	0.39441697662598457
45	41	0.39354685514127696
45	22	0.38322128091257424
45	171	0.3735822902467512
45	38	0.3553904228604619
45	168	0.3506897406777398
45	156	0.3504529237496308
45	40	0.3485919164570609
45	178	0.3451083304847059
45	72	0.33777602421241343
164	171	0.6005007691322566
164	156	0.5982196423940532
164	52	0.5886972309137181
164	173	0.5752136981068625
164	43	0.5238636496561883
164	47	0.49416792033049184
164	22	0.48450918660411885
164	40	0.47623998862034617
164	168	0.4649044623846462
164	26	0.4325098775262822
164	122	0.4259102836760695
164	130	0.41953700818240114
164	145	0.4078170633839835
164	131	0.4065657710106616
164	157	0.4006978664864015
164	50	0.3751558111224035
164	153	0.3654485974984764
164	79	0.3638966432330629
164	144	0.3587843975254114
164	178	0.3451347572183024
164	123	0.33557713649966353
164	72	0.32149181601829496
164	41	0.3121177324346183
164	77	0.3116573421038203
43	77	0.7126017254201388
43	186	0.576523712729129
43	188	0.5635225887090078
43	52	0.5448587672726429
43	47	0.5443241680199109
43	22	0.5435003016047438
43	118	0.5219091251699443
43	157	0.5193213228482402
43	40	0.4968387620804601
43	123	0.49260939195812553
43	26	0.48649633107811496
43	75	0.4616923695225787
43	49	0.4613539610929347
43	27	0.4607870230520814
43	156	0.4571797758254923
43	129	0.45412118499927495
43	21	0.45177641746511005
43	168	0.4397735313402248
43	131	0.43716451884446667
43	122	0.4327537264406002
43	161	0.4297907560532754
43	128	0.42462422209467465
43	151	0.42400925566024006
43	178	0.4235252070950159
43	48	0.4141333727892955
43	72	0.4068328416230091
43	189	0.40525444935070665
43	117	0.39825224777332346
43	53	0.3841763889971773
43	76	0.3804622284563054
43	138	0.3763323892889224
43	187	0.3716188265331184
43	130	0.3508475937187365
77	188	0.6426997818010051
77	76	0.5627099378080126
77	186	0.6364834037969944
77	75	0.5161740009556938
77	118	0.45969934015936487
77	187	0.45257990761332567
77	47	0.421948324075257
77	49	0.41880338450797056
77	151	0.3986896826215166
77	31	0.3939355403510663
77	128	0.391389636726751
77	27	0.3860245717846751
77	22	0.3796836829943377
77	150	0.3621949764228913
77	53	0.36027336068639354
77	168	0.34780103323644884
77	157	0.3442183113201515
77	129	0.3391219113544714
77	123	0.3371202889837687
77	161	0.3363755443363322
77	117	0.3341121364792995
77	189	0.33395222042919953
77	40	0.329930265689769
77	122	0.3264860728733716
77	21	0.32118692407899463
77	48	0.3136873719897828
22	34	0.7105084905674324
22	123	0.7040720558429036
22	26	0.6147988464437664
22	138	0.6645619541539063
22	40	0.6554987833541142
22	47	0.5441130201863517
22	27	0.5415243990562306
22	144	0.5056662969287371
22	130	0.48838708286240623
22	157	0.4509403281886304
22	129	0.4478918780066465
22	118	0.4415543819560138
22	37	0.44045888434003905
22	150	0.40442670638610745
22	49	0.3899575749376948
22	156	0.3836392417055322
22	53	0.38108638639309905
22	153	0.37952106160763915
22	168	0.3786904712475185
22	171	0.36823526904573106
22	52	0.3678202823899123
22	21	0.3572674357044429
22	128	0.34527569055443846
22	131	0.32231648344296165
22	29	0.3210075447665683
34	138	0.665576935894564
34	37	0.636447709101291
34	40	0.5125851952211812
34	123	0.5115522956826966
34	144	0.49402430521528523
34	30	0.44945731177432624
34	134	0.4375041890750041
34	35	0.4076086208260149
34	47	0.40585602727494274
34	49	0.3967535035509868
34	26	0.365344619260421
34	2	0.3605430935154415
34	150	0.3527840512736833
34	53	0.3167855214041725
34	130	0.3159396016392753
65	86	0.6349281637618428
65	91	0.6646512818403936
65	169	0.5245598435215908
65	69	0.5220400828216026
65	31	0.4763559596559557
65	84	0.47260561087728514
65	66	0.40930826980639157
65	35	0.36957432800510487
65	64	0.36796727359799386
65	180	0.35016341997226524
65	172	0.3243312710847837
65	82	0.31991283251783664
65	55	0.3151292074747288
123	138	0.6801698245158504
123	40	0.590914465357807
123	26	0.5769641745366836
123	118	0.5665722107564027
123	130	0.5249294114756782
123	128	0.5231885437486088
123	129	0.5122164725421947
123	27	0.4940696602699922
123	144	0.49248820864988124
123	126	0.45881556780832894
123	157	0.43423983318371767
123	21	0.4204759058436232
123	47	0.4175409328535113
123	131	0.40851711900780513
123	156	0.3936736157883094
123	132	0.391067799498155
123	117	0.38999149173222214
123	52	0.3861181761629003
123	122	0.38525841928623467
123	28	0.3844917353035938
123	29	0.3823165838134343
123	186	0.3610910744403413
123	150	0.34813502216661496
123	178	0.33325902879204045
123	72	0.325037989150267
123	168	0.3125238375030343
40	144	0.7030721838357366
40	130	0.6729142293418359
40	47	0.5637068200923676
40	138	0.5619372528114304
40	150	0.5565838017948641
40	26	0.5377963022887688
40	157	0.5236532032967754
40	156	0.46563314049445775
40	122	0.4591944387118084
40	168	0.45779652535640325
40	52	0.45512076769254456
40	37	0.45293766187085344
40	27	0.4309966024065519
40	153	0.43018200966266373
40	41	0.42205517296317824
40	118	0.4050872820376198
40	0	0.36924618430686434
40	129	0.36549191907297923
40	131	0.3586014162526484
40	128	0.3515927413920865
40	134	0.3507686696898836
40	21	0.3446413679902044
40	178	0.3366149724884714
40	79	0.3363400697993135
40	49	0.33624250990092447
40	53	0.3353463954964782
40	100	0.3342542679328728
40	173	0.3204333762250339
40	72	0.314102048231353
144	130	0.6449188570749547
144	138	0.5848483077814008
144	150	0.5797327009694154
144	37	0.5593178975221378
144	134	0.4530568808913104
144	157	0.4149863569969767
144	26	0.41159497366902803
144	153	0.4051290764057631
144	172	0.3787589966535378
144	47	0.37404683207461736
144	35	0.36498929149856324
144	41	0.3524950883171251
144	168	0.3505143250356288
144	30	0.33854653699216286
144	0	0.33527539016811714
144	171	0.32153664744822236
144	122	0.3213214434410768
144	156	0.32015517863943577
52	156	0.7024243185891093
52	131	0.5458494173308319
52	50	0.5191898555949312
52	122	0.5040866865492145
52	173	0.481987500756137
52	26	0.47993513734195037
52	178	0.4376173847527987
52	47	0.4292035729189766
52	79	0.4103649527119284
52	145	0.4037405989940491
52	72	0.40131047927300534
52	38	0.38350278198133203
52	75	0.353493038686537
52	186	0.35000548061486914
52	41	0.34649939320033635
52	129	0.3351955046206563
52	130	0.3343342101953563
52	118	0.31876336305328307
52	157	0.3183230832594332
52	168	0.31250579081321644
156	26	0.5236096546892051
156	131	0.5202336118637108
156	173	0.5172368730827773
156	79	0.5143965582990692
156	122	0.4730481786519908
156	130	0.4125662952760883
156	47	0.3925914440827685
156	129	0.36985922013875927
156	157	0.36806237575762885
156	186	0.36328918313226677
156	50	0.35797384270851645
156	171	0.3451435660078934
156	118	0.3439361958534734
156	75	0.33619816210665404
156	168	0.32673620391721175
156	0	0.32332872099284804
27	128	0.5885665284125577
27	129	0.5793209288199886
27	21	0.501329211440687
27	53	0.4617317106221678
27	118	0.442592278537882
27	157	0.4399751589786827
27	26	0.4182094908467393
27	47	0.3904407893396431
27	130	0.3804878856182317
27	126	0.3718170464602903
27	29	0.36284641044044136
27	122	0.36260324984732983
27	188	0.3577645795992568
27	133	0.3548398701489451
27	117	0.3525826599512474
27	49	0.34097024096039896
27	138	0.326530742486345
27	186	0.32525261647660403
0	79	0.5367862309108182
0	5	0.5294135653279569
0	100	0.4804275698688112
0	150	0.47241919519182446
0	101	0.42616401630044826
0	104	0.3964332723564987
0	2	0.32496643926545643
0	37	0.3249396070994773
66	85	0.5873822712208505
66	94	0.47097304073056717
66	91	0.45158538121894765
66	89	0.39484755195404203
66	170	0.39185528422625976
66	55	0.3834516052668359
66	50	0.3709204779223687
66	64	0.3358433260891734
66	82	0.323991201682892
66	180	0.3168484952929646
91	180	0.5788423704624652
91	86	0.5916234023561634
91	69	0.54187767903454
91	169	0.43242858048979177
91	172	0.3927014018247925
91	94	0.38814997878337554
91	64	0.37609201926550073
91	89	0.3729884362342243
91	82	0.3722306136185966
91	84	0.3696951998246093
91	170	0.368693313085733
91	179	0.35523314722467353
91	54	0.3255387341228258
91	41	0.32090887632571935
172	169	0.5744168893141401
172	180	0.48894276363278616
172	35	0.45154557678805235
172	69	0.4466679691636602
172	153	0.44137725821261253
172	31	0.41389308080791515
172	37	0.4115285243149402
172	171	0.39515138310065995
172	30	0.37581724867261657
172	174	0.3678635170067409
172	150	0.3191136915516504
145	174	0.6789966223437152
145	41	0.673958012633502
145	50	0.6046533322522356
145	38	0.5907126741701227
145	179	0.5585890723925897
145	89	0.47753791734335516
145	170	0.4586497592972112
145	173	0.4434040685726536
145	180	0.3978314664462621
145	99	0.36903888819916314
145	101	0.3184399055783401
145	178	0.31689347493189207
47	168	0.6006733788250471
47	157	0.5278788306843589
47	49	0.5149258474273471
47	153	0.49301067522540765
47	130	0.43818315506393624
47	118	0.4175409328535113
47	41	0.41166972396179874
47	72	0.4111629746671061
47	186	0.40849212528859746
47	150	0.38811600467215285
47	128	0.3803681471851051
47	117	0.37651263356748527
47	26	0.3756025381552106
47	178	0.3733843729017505
47	122	0.3714205727184125
47	188	0.37016130247669343
47	75	0.36127367937043636
47	138	0.35708422636597176
47	129	0.3569795229772892
47	53	0.3569446198541129
47	50	0.3557049137637781
47	173	0.35232868520401894
47	179	0.35169790286000474
47	89	0.32687911539738346
47	161	0.3204782416287479
47	131	0.3174960645128469
47	151	0.3160116143924365
89	179	0.6781603493226566
89	82	0.4939865072823689
89	94	0.5477001538531915
89	50	0.5205325844428944
89	41	0.4781706746065026
89	178	0.43667905925721956
89	192	0.43430474578995015
89	72	0.41490357492955915
89	180	0.3895420083508412
89	157	0.368917948509691
89	174	0.35369428213568
89	99	0.3531867358674143
89	128	0.324205992105414
89	54	0.3161826300875371
89	122	0.31446253888110504
89	168	0.31069998430956236
150	130	0.5917728778163467
150	35	0.5158364812144599
150	157	0.5130789873630495
150	153	0.469890656533191
150	37	0.46924366604964224
150	138	0.46580542371437145
150	134	0.43243671050986277
150	53	0.42036888399257316
150	104	0.4145392522328582
150	168	0.40118462921332315
150	2	0.3567439075558997
150	118	0.33846684980256786
150	100	0.3353020176126657
150	122	0.3227465506739693
138	37	0.5143818502241393
138	26	0.48940679550943716
138	130	0.46443401290815056
138	118	0.4371240736012658
138	134	0.4112543744838222
138	104	0.3501458721377891
138	100	0.3404575708398666
138	129	0.33738616705915103
138	2	0.32660221083320046
138	126	0.31383162078593246
138	157	0.31358819254234344
162	57	0.6109777400171607
162	58	0.40591449527573464
162	100	0.40400003450880145
162	186	0.3389980059865238
162	117	0.3315600770515169
162	161	0.32405385234099754
174	41	0.5692212030377927
174	50	0.5237548060726398
174	173	0.5180494435046253
174	179	0.5034673333707261
174	180	0.4428977897292488
174	38	0.41320502980923296
174	170	0.39940432982173557
174	171	0.37437361941767294
5	101	0.3706789758070813
5	99	0.36117803262366505
5	79	0.3179545803158421
179	192	0.44144167082732866
179	180	0.5490986691373707
179	168	0.46190478987984473
179	72	0.4476760158337889
179	50	0.4232871962129448
179	41	0.41988302244590553
179	178	0.4184899852314905
179	170	0.40512071766758523
179	122	0.3970989078746209
179	171	0.3964164154096364
179	159	0.3912541379782963
179	82	0.38536911861493867
179	177	0.37275597533032356
179	173	0.37054095208675747
179	99	0.3415357106345204
179	187	0.34150920976224775
179	153	0.3241254496127977
179	157	0.3229077915445647
84	86	0.6748412121405518
84	189	0.5130937222108992
84	64	0.3948897558913367
84	82	0.38726630920805866
84	49	0.3682698446478996
84	76	0.33759883077294345
84	94	0.33492918465576477
84	55	0.32357942668008927
84	31	0.3130110128181113
84	69	0.3122350634009605
86	69	0.5955997958120923
86	189	0.4831688625393834
86	31	0.4704748526206191
86	49	0.44713213174289673
86	94	0.42654039923586046
86	76	0.4000764958505781
86	82	0.3968377588735885
86	53	0.34257764720070566
86	180	0.3347072104636639
41	50	0.5956578661786233
41	38	0.5573701470114283
41	180	0.35040029167809605
41	130	0.3135250747857529
130	157	0.5586097113941678
130	26	0.49713243414693403
130	153	0.4376578084194882
130	168	0.4137687692134424
130	122	0.4102734725162536
130	37	0.4031210387910944
130	129	0.37337576702851716
130	134	0.37227368503544994
130	131	0.37166192070474047
130	132	0.3635755957050838
130	53	0.3520834189550917
130	28	0.3363755443363322
130	128	0.3302510401430809
130	171	0.32442969658784077
130	29	0.3213931817992367
130	173	0.3149220329384329
104	134	0.6113285754156941
104	2	0.647284014671735
104	8	0.40558034767040313
104	100	0.34457086826038735
104	6	0.3180894096171202
128	132	0.5594072222803497
128	126	0.5408455650916022
128	129	0.5865235844693208
128	118	0.5521159409446568
128	117	0.5237910891675931
128	21	0.47349826585601124
128	157	0.47117534389605625
128	188	0.43663859280375034
128	53	0.42708834496364584
128	122	0.42482092866937016
128	28	0.42418148571374364
128	131	0.405396520262928
128	186	0.389262047554531
128	72	0.3804622284563054
128	133	0.37518158857580036
128	49	0.36858097922087374
128	29	0.3311950996117938
2	30	0.5808403572506361
2	134	0.5270632258683934
2	8	0.5138374387263229
2	35	0.4622980210119467
2	31	0.4516490645696117
2	37	0.4007902009504018
2	6	0.3930819380764547
2	79	0.34903108171362496
2	100	0.3350978601836477
94	82	0.4824940136672982
94	53	0.464339891537304
94	76	0.44366914941006813
94	180	0.43664668623580377
94	69	0.38507105669991315
28	132	0.6590713275876628
28	131	0.5274964114402625
28	29	0.5102147098694703
28	26	0.43640385253190933
28	21	0.4099823442361554
28	133	0.40128531047302096
28	126	0.3959949048851198
28	122	0.3493208468382042
28	129	0.34154454413793417
132	133	0.4461635200110397
132	126	0.4985840580931462
132	122	0.41769779572544097
132	29	0.4152098342590889
132	131	0.4046023436649443
132	21	0.3812573279953375
132	129	0.37658129055826195
132	118	0.37584301122401653
132	157	0.34329238756266106
132	117	0.3271738231110253
187	76	0.5056811828101124
187	186	0.46284823924455576
187	188	0.4539703549366422
187	177	0.43830434642581817
187	75	0.37054095208675747
187	189	0.3550321546418394
187	71	0.3347072104636639
187	99	0.3319694458277256
187	170	0.33093688497466195
6	105	0.5797526179228768
79	100	0.375447921611495
79	134	0.3402542145318224
186	188	0.6084081047236405
186	75	0.590028638686251
186	118	0.513417812349174
186	161	0.43609617188552346
186	48	0.4139676603561869
186	117	0.4078920923018075
186	49	0.3747175056597912
186	168	0.3612910688713585
186	151	0.3523199265281841
186	21	0.35156644963844874
186	76	0.34880273489769553
186	129	0.3435129062166335
186	122	0.33988278610483835
186	157	0.33100812155077813
85	55	0.600718120348159
85	158	0.47550512066701167
85	160	0.40618173524931556
85	64	0.3166325731901605
57	99	0.4005719427357701
57	58	0.37779069059957676
188	118	0.4482035867598236
188	76	0.44354063505857044
188	157	0.44353260230589164
188	75	0.36692929566325727
188	117	0.35351053941623894
188	53	0.35309045362292857
188	49	0.35175924295074057
188	129	0.3474054058447507
188	151	0.3385376830997657
188	168	0.3361449427854358
188	48	0.3144535277196521
37	35	0.5854927316304533
37	30	0.4676747695434675
37	134	0.45910762887585294
37	153	0.3491101151881088
37	157	0.3292171608061656
69	76	0.4765028325110169
69	31	0.4695867117678349
69	53	0.43368789396872676
69	82	0.3760490907186301
69	169	0.36307215818372923
69	35	0.3521009395770369
69	49	0.31508417208603823
59	151	0.6369353006613852
151	118	0.3530116716777571
151	129	0.33309011979913966
151	161	0.3275309592695254
151	75	0.32173388861313884
8	107	0.544556351001192
8	4	0.36341069988679037
168	153	0.5196644825851016
168	157	0.49661278303134576
168	122	0.3861862470804046
168	173	0.37143781352550165
168	171	0.3704633065513361
168	178	0.3512947357144864
168	118	0.3356481256325624
168	53	0.3152102675979465
168	72	0.31452561542435215
118	21	0.5272509732684715
118	117	0.5063209908345054
118	129	0.48670240076138716
118	122	0.4297907560532754
118	126	0.3721961553307463
118	26	0.36377517595301545
118	75	0.3589673512269053
118	72	0.35588832960328776
118	131	0.35111063781412327
118	49	0.345249266739816
118	157	0.3400685135809971
118	178	0.33377451337954206
118	48	0.32738811602973583
26	29	0.514300950402654
26	129	0.5242408416474763
26	131	0.5007150505051103
26	122	0.3862032641526185
26	157	0.35494475632229233
26	133	0.3415003760174835
26	21	0.3389360488917561
26	173	0.32381218414501095
49	53	0.6146059827552011
49	76	0.4378841482569062
49	48	0.42914646630283493
49	157	0.41544980958685307
49	161	0.3641048440617361
49	75	0.3407139312278407
53	157	0.5773309698921353
53	76	0.45760680315311697
53	82	0.3296094150275044
53	21	0.31084453160575415
35	30	0.5063804795490868
35	31	0.430866314714501
35	153	0.3622992296670771
35	134	0.3554166335104238
134	30	0.47500193354149883
134	100	0.39882424148272705
50	173	0.6074877220398722
50	38	0.5031985372315887
50	72	0.3352665142342311
50	178	0.3327433448897597
173	171	0.5117442318548534
173	157	0.338741307455774
75	48	0.41960292506579594
75	161	0.4037991868851624
75	189	0.3891687113019419
75	117	0.34979486384757796
75	21	0.33891834632466256
75	122	0.3379886247393971
75	126	0.3173881568522517
75	72	0.31197331202028716
38	99	0.35627254055318336
38	170	0.31982306406836897
170	180	0.4798735619967925
170	169	0.4680496998976162
170	171	0.3669033344907281
170	189	0.32656647712655607
4	107	0.6024155104559381
55	158	0.33610946204529024
171	153	0.4903264324640641
171	122	0.3810692907994812
171	180	0.3673618977060177
171	169	0.3150661575332286
117	21	0.39633212666601386
117	48	0.3638879674091618
117	72	0.3635582393231547
117	122	0.35586212901865566
117	178	0.3498738492805722
117	161	0.33905110972745256
117	126	0.3323786895969406
117	157	0.33179147475649956
117	129	0.32694163446982294
129	126	0.4740954135537456
129	29	0.43193251632991175
129	133	0.4247225803947658
129	21	0.41004057657828313
129	122	0.3910169743470795
129	131	0.38924507792125385
129	157	0.3668946806395458
157	122	0.39570818236034044
157	72	0.34477354450530934
157	126	0.33605623914625954
157	153	0.3298411481478305
157	178	0.327923700971868
157	21	0.3261733447551831
157	131	0.32599461090808857
30	31	0.557645820943446
71	177	0.5798389167154987
177	178	0.32976984988125535
180	169	0.4900301396238492
180	189	0.37538778731111133
180	82	0.3614214821173423
58	161	0.5181738087623718
58	99	0.3145075938382447
153	122	0.31987692582719174
48	161	0.3344319108717959
76	82	0.3731519917704574
76	189	0.3374570587915107
122	21	0.44945731177432624
122	131	0.43520494257537296
122	178	0.42868948987524796
122	126	0.36262062009902135
122	72	0.3439185615743107
21	131	0.3696174979481477
21	29	0.36779434085646956
21	126	0.3410762853363063
131	29	0.4249766262641404
131	72	0.33760769101332566
99	101	0.518363972073316
126	133	0.31434538936216416
161	189	0.3665917558497308
161	178	0.3156875283396077
101	100	0.3357279838501816
29	133	0.42266316634212525
189	159	0.4074418361892218
189	82	0.3787504312048711
82	159	0.3315600770515169
54	64	0.361464950057407
158	160	0.3152012611446855
72	178	0.429570604936895
