28	132	0.9659600116806053
28	131	0.9372945894087326
28	126	0.9162749311924123
28	129	0.9025860597801842
28	128	0.8958904311024294
28	29	0.894619929629304
28	133	0.8910089466171681
28	123	0.8851136488088568
28	23	0.8766942399227522
28	25	0.8662607374783334
28	26	0.8638953784333137
28	143	0.8581807714512955
28	125	0.8208442488751666
28	104	0.7471224456277235
28	124	0.7403845780495107
28	24	0.7354840286795258
28	116	0.7330368686681938
28	21	0.7279534925462007
28	127	0.7251870324700955
28	7	0.7127985488193355
28	138	0.6946363260525542
28	39	0.6567061849221625
28	22	0.6548938226108766
28	134	0.6489079327786303
28	102	0.6397261238726707
28	135	0.6359179176078092
28	114	0.6308037725942994
28	186	0.6250130804265137
28	188	0.6226124165400265
28	2	0.6159110413539572
28	11	0.61261708231695
28	27	0.6066668279464595
28	118	0.5998353790428784
28	13	0.5848943625678531
28	117	0.5659811931232924
28	75	0.5652875343192477
28	103	0.5645862627509132
28	0	0.5596270432617155
28	110	0.5577216097194002
28	20	0.5525606912417101
28	16	0.5523314061358111
28	141	0.5520533727168854
28	148	0.5513299110560707
28	130	0.5127031465733783
132	131	0.9406887952653943
132	126	0.921653500311451
132	133	0.9046773091308881
132	128	0.9069922749550148
132	129	0.8902853322582187
132	123	0.882862494952932
132	29	0.8805250979929072
132	23	0.864755377328027
132	25	0.8594143578479141
132	143	0.8410351258062942
132	26	0.8388559195583365
132	125	0.7905887999743422
132	124	0.725210736798969
132	24	0.7200313105677549
132	104	0.7152542689264092
132	127	0.6943360664977046
132	138	0.688968743402463
132	21	0.681468117979878
132	116	0.6692812203953042
132	7	0.6620979926523398
132	39	0.6602349335984383
132	22	0.6421300979473004
132	134	0.6352861470787879
132	114	0.6197382470088657
132	102	0.6127919684006099
132	27	0.6026193417327051
132	135	0.5973842199314193
132	186	0.5895460470725217
132	11	0.5887102994712542
132	2	0.5833659666292516
132	141	0.5628944163073918
132	20	0.5571495193420002
132	188	0.5563767028792326
132	13	0.5492034341053721
132	103	0.5454140000133725
132	117	0.5399676940659994
132	75	0.5392021382376847
132	118	0.5385279951146327
132	110	0.5369357047730475
132	0	0.5271065567594104
132	32	0.5123713590793804
126	128	0.947228957977253
126	123	0.9212459891962973
126	129	0.9079629306652655
126	23	0.8911942906895646
126	25	0.8851786037077755
126	131	0.8841351759157174
126	133	0.8734856241319859
126	29	0.8624166138316015
126	26	0.8390632223188289
126	143	0.8359882349771459
126	125	0.8072904707907046
126	124	0.7672880391461957
126	24	0.7434505344189176
126	127	0.7154886258872741
126	138	0.7139035907068093
126	21	0.7070549838829598
126	104	0.7001679921258271
126	22	0.6733954683121227
126	116	0.6657607079471218
126	39	0.6631077154446846
126	7	0.6550422869892335
126	27	0.6145810917638499
126	134	0.6139023411531156
126	114	0.6108711888969208
126	102	0.6034275221860226
126	135	0.5924158077549564
126	186	0.5900873035293357
126	2	0.5834385272291143
126	11	0.5759359087042354
126	20	0.5625117317866358
126	188	0.556604507883265
126	13	0.5427459332515422
126	117	0.54127698921004
126	118	0.5395921161258268
126	141	0.5383859823012556
126	110	0.5369143534276567
126	75	0.5308658472392469
126	103	0.5250670430785793
126	121	0.5132115901066855
126	32	0.5102590893678227
126	0	0.5064845732022581
128	123	0.9292681468215015
128	129	0.9131064660249258
128	25	0.9004324087282269
128	125	0.8480310738231956
128	124	0.8025727380953344
128	133	0.8874304096401384
128	29	0.8749472316658176
128	23	0.8727011903945877
128	131	0.8716242013155459
128	143	0.8606898704014198
128	26	0.8442534738546132
128	24	0.7704767890063848
128	138	0.7579075902814687
128	127	0.7386128000062753
128	22	0.7327221050926237
128	21	0.7173722550471598
128	104	0.6826019527689074
128	39	0.676401157964566
128	116	0.651551504310347
128	27	0.6280503566754769
128	134	0.6196951304231026
128	7	0.6194240262237938
128	121	0.6125608561891032
128	114	0.6062305962107265
128	102	0.6013568741641347
128	135	0.5965217330256551
128	20	0.591883333529668
128	186	0.5773109688771891
128	19	0.5755682284671856
128	2	0.571225490771233
128	118	0.5665518405322728
128	117	0.5544681488484321
128	188	0.5483718240477508
128	11	0.548287903924711
128	13	0.5435566677475948
128	110	0.5292480092782492
128	75	0.5248786981743899
128	103	0.5179396912607727
128	141	0.514300950402654
128	16	0.5064845732022581
128	130	0.5046608039855153
128	40	0.5041388974696822
19	121	0.9466192897516729
19	119	0.7904387647961494
19	17	0.6879535231184746
19	20	0.6458116173603986
19	117	0.5879518144264049
19	125	0.5787027157713941
19	124	0.5745240866990305
19	120	0.5740817704744707
19	40	0.5445704200155744
19	29	0.5434580237807846
19	22	0.5425624963886725
19	25	0.5397763887598748
19	129	0.5379881837090202
19	133	0.5350470166886796
19	136	0.5250960146540941
19	27	0.5189487684726168
19	123	0.5032284082796152
121	119	0.8006067562798326
121	17	0.6767969739267401
121	120	0.6317661390308432
121	124	0.6233100044129962
121	20	0.6107081855497917
121	125	0.6020331149535791
121	117	0.5908689060667422
121	129	0.5634543406341007
121	29	0.5630105406730297
121	25	0.5605672618924121
121	133	0.5511071404559081
121	136	0.5332603187676531
121	40	0.5251104999854762
121	123	0.5246830548180111
121	22	0.523043273800293
131	129	0.8852002476757794
131	133	0.8829727231930595
131	29	0.8645534791871904
131	123	0.85653819306341
131	23	0.8556567751997242
131	25	0.8398310750317506
131	26	0.8390336225444242
131	143	0.833135337603563
131	125	0.7667528558315212
131	124	0.7051697052847038
131	104	0.6993872162056869
131	24	0.6913932333232224
131	127	0.6831463092353194
131	116	0.6817679402040752
131	21	0.6808195060092298
131	7	0.6660556880551035
131	138	0.6570245605170607
131	134	0.653085365596533
131	39	0.6510390295042013
131	114	0.6389279218494647
131	102	0.6264308188889421
131	135	0.621742105308596
131	22	0.6202492014047201
131	11	0.6086725697517748
131	2	0.6008139823705148
131	27	0.5783501029752973
131	186	0.5739208450763252
131	188	0.5734445145062272
131	103	0.5724369064678054
131	118	0.5723898424628323
131	141	0.5716093755573914
131	117	0.5678067090189639
131	20	0.5648586981518344
131	13	0.5549112332012174
131	32	0.550305909952989
131	110	0.5496153421838921
131	0	0.5483508450523507
131	75	0.5236967491679078
131	16	0.5224037249493797
9	108	0.9321965719477152
9	3	0.7866569321944166
9	109	0.747510981162935
9	12	0.730342031172645
9	6	0.7033148328912685
9	112	0.6843231481584819
9	105	0.6808087761671248
9	103	0.6489195109982603
9	11	0.6147179770716368
9	1	0.601395174976735
9	0	0.5930255689172178
9	106	0.5728065638409563
9	32	0.5589535929129014
9	102	0.5581279544597482
9	70	0.554495850836899
9	36	0.5536434526534908
9	5	0.5382155265513168
9	113	0.5158878532501315
108	6	0.7085570031778233
108	3	0.7508365773840842
108	12	0.7493364013508453
108	105	0.7036431591089676
108	112	0.6869091964546921
108	109	0.6643441383220793
108	103	0.621060720544347
108	1	0.5788490198390771
108	113	0.5559761155758286
108	32	0.5321860100954652
108	0	0.5246758077030671
108	70	0.5184078486361687
108	11	0.5169731362188112
108	36	0.5101259427210798
108	102	0.506313554406311
108	106	0.5043551605977864
123	138	0.7929393682795961
123	129	0.9041676543523045
123	23	0.9000152958708258
123	25	0.8821325433383543
123	143	0.8805924828562081
123	26	0.8705871544899972
123	29	0.8502072130317232
123	133	0.8343548091971549
123	24	0.8248803104304767
123	125	0.8230824183164953
123	22	0.785395799036761
123	127	0.7599556096724658
123	124	0.7498314812332663
123	21	0.743114886351396
123	104	0.6966953550177851
123	39	0.6966850625627264
123	116	0.6737669443620842
123	27	0.661299733409842
123	134	0.6555729188111079
123	7	0.6504913501634072
123	114	0.6170207866204607
123	2	0.6114287699942106
123	135	0.6034847478483216
123	102	0.5959481246243108
123	186	0.5863661246870471
123	118	0.5612389417440808
123	117	0.5598605168035953
123	188	0.5544473715506705
123	141	0.5497130438820735
123	20	0.5469717136672165
123	130	0.5415031961720238
123	13	0.5402297626049439
123	110	0.5390957404748795
123	75	0.5338111302328227
123	16	0.5281961482952222
123	11	0.523028745133638
123	40	0.5216762508085111
123	32	0.5092450802976053
123	103	0.5079403340092737
129	26	0.9035085808427195
129	143	0.8897656967131179
129	104	0.7560802080538699
129	29	0.9031774326090539
129	133	0.883192887890346
129	23	0.8795779635467377
129	25	0.8793287456533845
129	125	0.8430427965737725
129	127	0.7950091399902816
129	24	0.7911131763283454
129	124	0.768150313528196
129	21	0.7555528563496275
129	116	0.7375977036935355
129	22	0.7287000609076411
129	138	0.7278030307139265
129	7	0.7162686539017362
129	39	0.7058427347381415
129	134	0.6841582856228384
129	135	0.6687895919248119
129	114	0.649203083507296
129	102	0.6432922034032128
129	118	0.6401335617960586
129	27	0.6279655718362229
129	2	0.6276444655976359
129	186	0.6243667322857339
129	13	0.6096851001363256
129	117	0.6091948054926289
129	188	0.6081056934344244
129	11	0.5970368165665718
129	110	0.5845521512528031
129	103	0.5837682307632391
129	16	0.5825870034787017
129	141	0.5535602296535059
129	148	0.5525884776948471
129	20	0.5522619092957343
129	0	0.5509957256854646
129	75	0.5483438519004966
129	32	0.5271787688206067
129	130	0.526152644144775
129	111	0.5183932234184848
23	25	0.9130565813869157
23	26	0.8749941169291262
23	29	0.8641488441560801
23	133	0.8369193024541499
23	143	0.8293966155787413
23	24	0.7969146398186783
23	125	0.7932732523570101
23	21	0.7759855045351498
23	22	0.7709639769532516
23	127	0.717192617867023
23	124	0.7153568199008613
23	138	0.7020745950902583
23	116	0.6928207380485181
23	104	0.6856289338183228
23	39	0.6789427223254172
23	7	0.6689222235492452
23	27	0.6577684173845361
23	186	0.6412948470152566
23	134	0.6371373234676875
23	135	0.6295135675651431
23	102	0.611816838845799
23	2	0.6116729121594676
23	114	0.5830888314010467
23	11	0.5804161199366916
23	118	0.5776442286747562
23	188	0.5745642806378674
23	75	0.5744905896331247
23	110	0.5519907982714248
23	117	0.5419412491064071
23	103	0.5375474841661803
23	16	0.5321143284758427
23	0	0.5285205251457722
23	148	0.5282898730068006
23	13	0.5275397149218196
23	141	0.526687576681911
23	130	0.5246830548180111
23	20	0.5181591786926771
25	27	0.7158447353248182
25	20	0.6903949432260241
25	29	0.8876002628320296
25	133	0.8756721119840807
25	26	0.8472710585712042
25	125	0.8199942785182761
25	143	0.8154218176804671
25	21	0.7798940308605187
25	22	0.7759457167981365
25	24	0.7750688231466556
25	124	0.7740286316882281
25	138	0.7079888849741197
25	116	0.6956801703032212
25	127	0.6945328155986047
25	39	0.6743834977409393
25	104	0.6480677109714951
25	186	0.6394070084019021
25	118	0.6207288961577759
25	188	0.6098735508855895
25	102	0.6093520019707748
25	134	0.6003856649031386
25	7	0.5971719445008812
25	117	0.5896047631481928
25	40	0.5814959782680051
25	114	0.5805752458780659
25	75	0.5634202137123799
25	135	0.5632427227235337
25	16	0.5597712580014517
25	2	0.5519004019845836
25	11	0.544500071879093
25	103	0.52836916847758
25	109	0.5259139587900427
25	141	0.5168558883173409
25	130	0.5142715300161358
25	77	0.5136313371747173
25	148	0.5047502366658563
25	119	0.5044968159372835
25	13	0.5040941454777392
29	133	0.9069567955169382
29	116	0.7380077860193649
29	26	0.8758818251685337
29	143	0.832307586743129
29	125	0.8183495017711292
29	124	0.7784797110175421
29	24	0.7403258344078102
29	21	0.7328887837129588
29	22	0.7233470963411139
29	127	0.7227840286019303
29	104	0.7018209604447095
29	138	0.6911791627396318
29	39	0.6878060131219154
29	7	0.6841370079429492
29	102	0.6614628800896518
29	27	0.646248601137726
29	135	0.6450940470750355
29	134	0.6447435992717571
29	114	0.639448387657194
29	118	0.633750866244194
29	186	0.622177453152528
29	11	0.6205690494980599
29	188	0.6054330570071091
29	103	0.6041582712759431
29	117	0.6023008208213327
29	2	0.5999506021542009
29	20	0.5976156976939607
29	13	0.5971140366785709
29	16	0.5926688762418165
29	0	0.5748790372832507
29	109	0.572557910876229
29	75	0.5620809234252253
29	110	0.555913932314178
29	141	0.5533104943106427
29	130	0.5388261224574971
29	148	0.5351041122198488
29	32	0.5263261814425514
29	3	0.5261598757406761
29	111	0.5076434750636188
29	119	0.5062614973004671
133	26	0.8289904462391453
133	143	0.8043802965686855
133	125	0.795817238334427
133	124	0.7576649070986198
133	21	0.7125771146042273
133	116	0.6959019964452068
133	127	0.6881957376275342
133	104	0.6679486025239151
133	24	0.6652816178555968
133	138	0.6460505542961299
133	22	0.6444864318291184
133	7	0.634701299870491
133	39	0.626376133207355
133	27	0.6190232609026213
133	135	0.6175221570650536
133	186	0.611941959565079
133	102	0.6117542670021864
133	118	0.6099237927743405
133	20	0.6043487345842089
133	117	0.6007436852434489
133	114	0.5905759349169941
133	75	0.5884227201167539
133	134	0.5854598707554302
133	188	0.5735384695571218
133	11	0.5672779504225764
133	13	0.563508939709339
133	16	0.5597025885438902
133	103	0.5432677394526665
133	77	0.5423084214355893
133	109	0.541460788336924
133	110	0.5200512489024026
133	2	0.518736835852775
133	0	0.5183347195150944
133	148	0.5164307021096084
133	111	0.5064102220990264
26	143	0.8793740938689953
26	24	0.8166579055468639
26	127	0.8107110142065744
26	125	0.80974913985025
26	22	0.7685599438298344
26	21	0.7582223399987279
26	116	0.7368856034724406
26	39	0.7179978121947111
26	138	0.711280111869991
26	104	0.7099236908746827
26	124	0.690457740601808
26	7	0.6834448492213777
26	135	0.6755485573326034
26	134	0.6713242904348178
26	118	0.662272061056077
26	27	0.6495789728174707
26	186	0.6271108360634865
26	188	0.6116541361274735
26	2	0.6078535491294721
26	102	0.6019438495724722
26	114	0.5884227201167539
26	16	0.5833989498746078
26	117	0.578636201605747
26	75	0.5661714692452908
26	13	0.5650357151598423
26	148	0.5609580226694941
26	110	0.5484906919835956
26	11	0.5438877198388049
26	103	0.5429857341206391
26	15	0.5413688952411853
26	130	0.540880938438733
26	43	0.5101629303537597
26	0	0.5088227761757819
26	141	0.5027727441480688
143	24	0.8650828665646364
143	127	0.8561114608895887
143	39	0.8078470028162288
143	125	0.7981883267475829
143	22	0.7636443628358767
143	138	0.761846025437114
143	104	0.7431775690669177
143	134	0.7255708309943606
143	21	0.7118971636808313
143	135	0.70039731400888
143	7	0.6997497449661875
143	116	0.6913566932770504
143	2	0.6822065527296439
143	124	0.6767807152209473
143	114	0.6711979264755442
143	102	0.6642491576288178
143	13	0.6398855989546314
143	27	0.6160537714578613
143	110	0.6121483418031644
143	103	0.5977056899309663
143	118	0.5934273799477776
143	188	0.5929088587388668
143	186	0.5917013946287167
143	11	0.5763634616608773
143	141	0.568517760149323
143	130	0.5657772589158235
143	0	0.5610608129340902
143	32	0.54502749614708
143	75	0.5442326790904594
143	111	0.5372416651343862
143	117	0.5282538265641781
143	148	0.5216398571647893
143	40	0.5133147086379134
143	30	0.512776856342359
143	36	0.508867240781199
143	3	0.5080293681760115
3	103	0.8840259751553465
3	12	0.8004990217606297
3	5	0.6187764757284933
3	102	0.8092320526759558
3	1	0.7971699462965391
3	112	0.7898000559986279
3	0	0.7788340350767731
3	114	0.7633524137208783
3	11	0.7425366958654622
3	13	0.7373650818972113
3	32	0.7269978116689935
3	109	0.7213433731151238
3	110	0.6960257486728917
3	36	0.67397438572037
3	2	0.65235069808628
3	113	0.6458291048422313
3	111	0.6285708507807131
3	141	0.6116416183899896
3	106	0.5775109478497376
3	6	0.566653684728305
3	39	0.5564733576449257
3	30	0.5426965514958647
3	70	0.5405271188758723
3	104	0.536109618562794
3	134	0.5261815700717839
3	105	0.5170830385119712
3	142	0.5138079992777925
3	10	0.5026008637746626
103	102	0.8821990783813353
103	112	0.8547434265326568
103	0	0.8254546874362759
103	114	0.8241118165725855
103	11	0.8230501621283868
103	13	0.8047329850939143
103	12	0.7785191048846316
103	1	0.7680683119122106
103	110	0.7638110508256928
103	2	0.7392755834586805
103	109	0.7236282700078037
103	113	0.7222343512163082
103	36	0.7131869454289425
103	32	0.7067297868604963
103	104	0.6932676711494857
103	141	0.6824310179733016
103	7	0.675271208386873
103	134	0.6628723288758909
103	111	0.630833875974832
103	135	0.6265705431738342
103	39	0.6244521480845724
103	106	0.6075129597732971
103	70	0.5971076020918773
103	142	0.5933949867894188
103	10	0.5879976144278304
103	5	0.587120216837405
103	30	0.5798787425397367
103	124	0.5647565492999821
103	24	0.5634884656329793
103	127	0.5133220736802063
103	100	0.508155481330417
102	13	0.8518616397151058
102	114	0.8440235297412673
102	110	0.8276407114014835
102	1	0.8174557080157586
102	104	0.7523073454145903
102	0	0.7982246133906088
102	2	0.7767006285903469
102	11	0.7568629912759698
102	112	0.7509587001480432
102	111	0.7386809601239238
102	7	0.7293700269152265
102	12	0.7209882324417874
102	32	0.6954685380201776
102	134	0.6930442711940492
102	141	0.678057717377002
102	113	0.6777496628422881
102	135	0.6606127066189634
102	10	0.660533796602165
102	109	0.6525057691821232
102	36	0.6469527091313311
102	24	0.6377843949072959
102	39	0.6339183772700139
102	124	0.6293867711444602
102	127	0.5824152234429221
102	5	0.5753140588270071
102	30	0.5748924274111448
102	100	0.5484557331268539
102	106	0.5480850513675538
102	125	0.5443804624644054
102	138	0.543810254728259
102	142	0.5315979956205953
102	116	0.5302479292355167
102	70	0.5194600671756128
102	21	0.512120573699926
6	105	0.8679480004026008
6	4	0.5914608828845224
6	1	0.5406332848323033
6	8	0.5355535687027219
105	4	0.6654710911156905
105	8	0.5891675051117162
105	1	0.5539277144720949
105	107	0.5208970124784585
24	22	0.8350523291356802
24	127	0.7893104729669008
24	39	0.7829699614369604
24	138	0.765265231744924
24	134	0.7203153072857129
24	2	0.7203008725980488
24	125	0.7051345120494846
24	104	0.6848013851335938
24	135	0.6612490889561407
24	114	0.6611196368526622
24	21	0.6459864616866688
24	27	0.6415891230914638
24	7	0.639111334559775
24	141	0.6078283279537419
24	116	0.6015164426488829
24	13	0.6005647051753062
24	124	0.593323715074694
24	110	0.5930450181914327
24	130	0.5890434437118744
24	32	0.5470628140416689
24	186	0.5382581446178222
24	188	0.5323221841541651
24	30	0.5198615411140428
24	40	0.5127621149932685
24	36	0.5038255766778176
127	125	0.7485372515360375
127	138	0.7328795260966499
127	22	0.7020289539928068
127	135	0.6981796014630572
127	21	0.6799870767977297
127	104	0.6686735043213363
127	39	0.6679873698377387
127	116	0.651954157046345
127	7	0.6517183621626857
127	134	0.6360012953605568
127	124	0.6079292052981018
127	118	0.6033066920413129
127	2	0.5976285546498461
127	114	0.5704434792754225
127	27	0.5696671869896397
127	13	0.5679354382825071
127	188	0.5638841750960079
127	186	0.5575700228689967
127	75	0.5363376071150211
127	130	0.5332889434943575
127	110	0.5282754546582595
127	148	0.5259211928970766
127	52	0.5176176529615959
127	11	0.5142421084191874
127	43	0.5119508752353826
127	117	0.5072350971278561
127	0	0.5051227562194394
127	16	0.5033329474776131
112	11	0.8385890294646956
112	113	0.7910383364995404
112	12	0.7778485744896865
112	0	0.7579246128087831
112	70	0.7304819806603995
112	114	0.7236854284993707
112	109	0.7066496925230329
112	36	0.6740398714470587
112	13	0.6728759244867901
112	110	0.6563989580300029
112	142	0.6468771139889349
112	1	0.6458582491394621
112	32	0.6284196023448875
112	141	0.6235728723365773
112	106	0.613072909611872
112	139	0.6111657174168804
112	2	0.603446598097453
112	7	0.5945405342438635
112	135	0.5839000583006861
112	104	0.5712659114721459
112	5	0.5554784752525899
112	134	0.5449712580928215
112	124	0.5257764962994322
112	39	0.5156456383149821
112	111	0.5067224461215448
112	176	0.5065143115348463
13	111	0.8272623227558956
13	114	0.8274200760157597
13	110	0.8064529727187404
13	1	0.7981520343113795
13	12	0.7515424341771615
13	10	0.7453277022159507
13	7	0.7299405026288548
13	104	0.7239472779201496
13	2	0.7226550559588759
13	113	0.7181237532581048
13	0	0.7123653891849115
13	135	0.6466211591543348
13	11	0.634462377521526
13	134	0.6295920437893335
13	32	0.6207227491632452
13	141	0.5795069270775772
13	36	0.5763167134136705
13	39	0.5753675774623884
13	124	0.5650289077749725
13	125	0.5081999866538338
13	109	0.5070791108777812
13	138	0.5068190599638057
32	114	0.8509262060564111
32	36	0.7817285896860793
32	37	0.615134627019215
32	141	0.7538915395380571
32	1	0.7006570374497556
32	2	0.6946052759360077
32	110	0.6665616777662402
32	30	0.643544188995172
32	39	0.639170484449445
32	134	0.6165623062059387
32	0	0.5928440089855608
32	11	0.5870612376344666
32	34	0.5777774787077727
32	140	0.5723226016274348
32	109	0.5596270432617155
32	63	0.5543226932488643
32	20	0.5534908687069763
32	111	0.5473500457344973
32	5	0.5354751140199474
32	79	0.531949431799128
32	12	0.5301041465626326
32	31	0.5256462433400598
32	104	0.5129832034809241
32	124	0.5085040337221052
114	141	0.7558230858103074
114	110	0.8260273601363143
114	2	0.7995270798647651
114	1	0.7833566166081782
114	36	0.7530875486417207
114	111	0.734255921050609
114	134	0.7282917754578386
114	11	0.7149317652513143
114	0	0.712370314505348
114	104	0.7091788857714024
114	10	0.7054008886934754
114	7	0.6830983082833824
114	113	0.6637683382485621
114	39	0.6625526659728672
114	12	0.6531197730185471
114	135	0.6383950215573462
114	124	0.6270198177024853
114	30	0.6121420890208119
114	109	0.6109965408585843
114	138	0.5597781245244018
114	140	0.5532411057218419
114	142	0.5517265265111476
114	125	0.5386273858843105
114	70	0.5379881837090202
114	5	0.5309089367538442
114	79	0.5287222817786533
114	106	0.5282898730068006
114	20	0.5188172315954492
114	22	0.5083557339123344
7	104	0.8500963162455751
7	135	0.8169574481832885
7	2	0.7432581419658032
7	134	0.7402896788538235
7	110	0.7354932098093441
7	11	0.7163368213557828
7	0	0.6817411796680881
7	10	0.6532975017428778
7	125	0.6514479056467886
7	124	0.6484967112565531
7	21	0.6395784126304541
7	116	0.6219690246958259
7	148	0.5942042390971716
7	39	0.5845060684524597
7	141	0.5654576227793685
7	142	0.5505010856276485
7	188	0.5500339578724769
7	113	0.5488821001778317
7	186	0.5383859823012556
7	111	0.5341685576422922
7	100	0.5328164793536109
7	1	0.5295287109777227
7	30	0.5259862964362586
7	36	0.5248424721060955
7	138	0.5165113604535851
7	52	0.5040344719439805
7	156	0.5031014480207897
104	100	0.5540940517364976
104	110	0.7519599094593848
104	2	0.7387945267589676
104	134	0.7346888382712479
104	135	0.7056620458601176
104	11	0.6780901303222068
104	125	0.6692260104355866
104	124	0.6593766563839012
104	0	0.6582560544272044
104	10	0.6318081981789567
104	21	0.6196581703721894
104	39	0.6161220193852768
104	138	0.5932783555030251
104	116	0.5884031070094624
104	141	0.5813900704269502
104	111	0.5672440396744155
104	1	0.5504662372407378
104	113	0.546158244440723
104	30	0.5309520235233359
104	36	0.5174712234115757
125	21	0.8129271644570548
125	124	0.7672469090839741
125	138	0.6922691337720316
125	22	0.6909910982613086
125	116	0.6832476251963455
125	118	0.6357928231397536
125	27	0.6339183772700139
125	16	0.625688999321085
125	135	0.6157372283786082
125	134	0.6018099232886474
125	188	0.5989255241951523
125	186	0.5864579816132912
125	130	0.573531758982395
125	2	0.5664431876420825
125	39	0.565818051296608
125	117	0.564497694745107
125	40	0.5610471085650285
125	17	0.560882632147149
125	119	0.5573632535878146
125	20	0.5513647118631643
125	152	0.5252263716832649
125	14	0.5207366875217049
125	148	0.5142935954195034
125	15	0.513859517518566
125	75	0.5111239463750538
125	110	0.5101037492357655
125	122	0.509474651577697
125	11	0.5069008001949007
11	0	0.8312290249304503
11	70	0.7311063398770159
11	109	0.7456963979395396
11	142	0.6888426452572933
11	36	0.6883010004631859
11	135	0.675439815812681
11	110	0.67302912225679
11	2	0.6677713343474323
11	106	0.6487747616515458
11	12	0.6455958826990751
11	124	0.6257133392429484
11	113	0.6145748688247885
11	134	0.6103757491580429
11	141	0.5875263486550896
11	1	0.5871398751866741
11	39	0.5782502676413215
11	5	0.5677389456174191
11	38	0.5370424511821942
11	101	0.5361594977442448
11	30	0.5276046650043332
11	10	0.5116335056799872
22	33	0.6246290333065484
22	136	0.5807873448290576
22	138	0.7357180631278638
22	27	0.7139084940884353
22	21	0.652672266175927
22	39	0.6464290974229613
22	40	0.5873036678327048
22	130	0.5661986466244904
22	116	0.5654236089338853
22	134	0.5636112997076854
22	20	0.5580659869604135
22	124	0.5504801768257036
22	2	0.5435214394827488
22	118	0.5174712234115757
22	186	0.5151903448789483
61	81	0.8320000668134153
61	96	0.6498216863917036
61	98	0.6405937105865155
61	38	0.6228450559239772
61	63	0.583517673625681
61	37	0.5734445145062272
61	41	0.5675017131155903
61	93	0.5638364307869322
61	92	0.5385776923730096
61	74	0.5055174215552404
61	95	0.5035121232563115
81	96	0.7228126823541472
81	93	0.6584770102892995
81	98	0.6674942011172014
81	38	0.6418773305267215
81	181	0.5901003393149734
81	41	0.575929225687455
81	198	0.5676372860873261
81	95	0.5617524836207198
81	80	0.5363304836571036
81	78	0.5254652955584836
81	74	0.513866876964711
0	110	0.7151028278398638
0	2	0.6832156335239299
0	12	0.6770407752937088
0	109	0.6717799750916387
0	1	0.6417891230107389
0	113	0.6100556544061091
0	135	0.6045645095251504
0	134	0.5925780446013389
0	36	0.5904847565697929
0	106	0.5861561093618342
0	141	0.5794936434891911
0	124	0.5679218891418494
0	70	0.5646748177565607
0	10	0.5585271512374552
0	5	0.551378631648755
0	111	0.5304491737489928
0	142	0.52635510006374
0	39	0.5130642522127911
0	100	0.5074578769875161
10	110	0.8301752525944839
10	2	0.7068448907405022
10	1	0.6719555250805581
10	111	0.6644502678290809
10	113	0.6148548253602526
10	134	0.57265200817437
10	12	0.559283538386807
10	135	0.5166653191148781
110	2	0.8029283295888314
110	1	0.7483789197627719
110	111	0.6719171299705725
110	134	0.6715659214723109
110	113	0.664176510858648
110	12	0.6554303394092494
110	135	0.6318142063250036
110	141	0.6045581644692524
110	36	0.5911031708424079
110	124	0.5687072304993297
110	39	0.5672576042045148
110	109	0.5492174014637112
110	30	0.54431009364269
110	100	0.5248714531128404
111	8	0.6092451135758447
111	1	0.763268942359885
111	113	0.668817227024772
111	12	0.6614572553838642
111	2	0.5544335196348257
111	135	0.512629429245764
137	150	0.8180850854452024
137	165	0.742024814032384
137	146	0.5707806801887674
137	171	0.6707305906224965
137	140	0.6450473363708769
137	167	0.6405583308448382
137	141	0.5370637984004258
137	166	0.5347114817314383
137	172	0.5239144374750527
137	139	0.5183566590474835
150	172	0.7382353742733351
150	166	0.6901069887614888
150	171	0.7027787643049713
150	140	0.6734883692285419
150	167	0.632312617811891
150	165	0.6215396296440422
150	139	0.5917923716160961
150	141	0.5862283110178848
150	146	0.5417929092930516
150	68	0.5296366423056403
150	175	0.5089265226982432
1	12	0.7105877099905579
1	2	0.6786191684916505
1	113	0.6556812479045997
1	36	0.6084018062895393
1	141	0.595961021387248
1	109	0.5502152722265864
1	30	0.5353823829330007
1	8	0.5322505170301784
1	134	0.5291184155559079
1	39	0.52331926071165
1	135	0.5127989677990731
135	134	0.6985689291899007
135	142	0.6928415374490939
135	2	0.6728321430909081
135	39	0.624872907789409
135	148	0.6203906981301579
135	116	0.6123921406057757
135	124	0.6011333976686021
135	21	0.5886384185965102
135	52	0.5808933647457626
135	186	0.5720064665983952
135	38	0.5596064383886168
135	36	0.5520394678218888
135	188	0.5462985713451188
135	138	0.5333748103472539
135	156	0.5324726602799534
135	75	0.5169218426483271
135	118	0.5130716198257212
135	70	0.5123271091836671
135	30	0.5113676935159313
135	79	0.5075172734963379
135	109	0.5043253349612146
21	122	0.5396984335720532
21	124	0.6879745913367062
21	116	0.6587318183808425
21	27	0.6445039706071835
21	16	0.6055533988170301
21	138	0.603274890030254
21	40	0.5890565041144382
21	118	0.5825870034787017
21	186	0.5781038111540597
21	130	0.5590017209913953
21	117	0.5580728725455291
21	43	0.5559484793388835
21	188	0.5554300723141464
21	134	0.5447954825663679
21	17	0.5405271188758723
21	15	0.5365797592183011
21	18	0.5329954821558034
21	14	0.5286502326946229
21	155	0.5200877252888185
21	152	0.5185613951114942
21	2	0.5179543258786979
21	75	0.5122017197053588
21	148	0.5103108620148359
21	20	0.5061127423814027
39	36	0.7029305628987014
39	134	0.6581597048219141
39	2	0.6550537052316885
39	30	0.6251593045654573
39	138	0.6173365227649746
39	141	0.5945405342438635
39	142	0.5821177888809355
39	124	0.5303413716211586
39	27	0.5127400024027173
2	134	0.7612621765564319
2	30	0.688737531615328
2	141	0.6701801011010279
2	36	0.6034974638180243
2	138	0.5674000131882792
2	124	0.5550842275792992
2	113	0.5285277317682284
2	109	0.5265574963158252
2	12	0.5137638378360226
2	130	0.506306117902813
124	20	0.6220855102899828
124	116	0.6053380307559945
124	134	0.5789088607645189
124	138	0.5729342095490034
124	109	0.5710300849894684
124	119	0.5630242009018328
124	118	0.5549458359172801
124	27	0.5359314480675557
124	16	0.5333104112379782
124	117	0.5184590345097972
124	188	0.5181006553816078
124	40	0.5151829990520183
124	186	0.5133736268590923
124	106	0.5097781667485967
124	17	0.508978390415993
119	17	0.6983487024267339
119	120	0.6573994882401235
119	20	0.576483654118973
119	152	0.5677457223038415
119	117	0.5277850495370113
119	115	0.510968791738249
12	113	0.7800506881019958
12	109	0.6294048869711681
12	36	0.5793342164112599
12	70	0.5216471360454138
96	198	0.7985146980598077
96	98	0.7849739659876644
96	95	0.7376615300500249
96	38	0.7122225243648858
96	197	0.7231038544496723
96	78	0.5667215712414229
96	181	0.5592285597731385
96	190	0.533818280651425
96	199	0.5037211069393066
198	190	0.563140300425715
198	98	0.7323374830665973
198	197	0.6937918776571594
198	199	0.6785328429553759
198	95	0.6393242387782911
198	38	0.5624843879493373
198	182	0.5308586653865988
198	78	0.5066183862093322
138	27	0.6075318872684417
138	134	0.5716901615422534
138	116	0.5617045713464591
138	130	0.5301113364204566
113	70	0.5572115788271341
113	109	0.5360597356375033
113	36	0.5358459092688577
116	188	0.7876839097772507
116	15	0.7770574415910063
116	186	0.7393299952247887
116	118	0.6819552128761502
116	43	0.7415930834160288
116	148	0.722917724850492
116	75	0.6565469092828097
116	14	0.6057939993716343
116	16	0.6041773207141686
116	77	0.5859197479303894
116	152	0.5501037003006928
116	18	0.5320784848051545
116	117	0.5313970927220691
116	27	0.5215015440047296
116	17	0.5166873104824471
116	134	0.5130937222108992
116	115	0.5113086108524578
188	148	0.7296273343196225
188	186	0.7040720558429036
188	43	0.6769378550556877
188	15	0.6530624258170699
188	75	0.591083652585052
188	118	0.5597025885438902
188	14	0.5533729374756525
188	77	0.5524356370022014
188	17	0.503907649705644
98	199	0.6967725392884623
98	80	0.6916697789207634
98	97	0.5514760615518497
98	74	0.541870615310454
98	38	0.6396906774829683
98	78	0.608464787181771
98	197	0.5449642279912312
98	182	0.5355535687027219
98	95	0.5321573383631063
79	181	0.7845898487209275
79	36	0.747480093633459
79	38	0.6430048870411937
79	142	0.5710368241974054
79	31	0.5587954312799142
79	70	0.536316236512036
79	197	0.5132557855775616
181	38	0.6443811849177639
181	197	0.6050465093012863
181	95	0.5622929466354425
181	142	0.5131379249399712
181	36	0.5069825313109824
44	149	0.7825827003127326
44	45	0.6461845366818041
44	164	0.5596819862075896
44	18	0.5148450091979653
149	164	0.6660278686376422
149	18	0.6509237848635738
149	45	0.6590600149388444
149	120	0.586254563856959
149	154	0.5721410129247614
149	14	0.5626005907598958
149	152	0.5358815517719594
149	46	0.5289167762510284
149	17	0.5260947886380275
149	155	0.5181226021918083
36	142	0.6715494511640954
36	70	0.6676327908602203
36	141	0.6662837373923343
36	38	0.634091808154633
36	134	0.6148361664097699
36	109	0.597557837589079
36	139	0.5957481854850206
36	30	0.5822962683222274
36	37	0.5771375977261824
36	106	0.5358102648558158
36	5	0.5278355486771444
34	42	0.7779275525210765
34	33	0.6858090622290947
34	49	0.6121921091361797
34	62	0.6062495703995653
34	20	0.5524773245123898
34	68	0.5391383016451119
34	31	0.5384356902652137
34	67	0.5179104211153328
34	35	0.5069156610758141
42	49	0.6893625314008718
42	62	0.6578138022529478
42	67	0.6432746178096067
42	33	0.6433977027114219
42	68	0.6134035971830203
42	20	0.5722217259422262
15	43	0.7448606259093206
15	18	0.7049786145274003
15	14	0.6941858460001374
15	148	0.6238050569191755
15	152	0.6087418120627585
15	118	0.6073110235617665
15	16	0.6005071630821233
15	115	0.5735183376020163
15	17	0.5597712580014517
15	186	0.5552571739508186
15	156	0.5204742583478855
51	53	0.7767402991223566
51	155	0.6766343571572324
51	47	0.6023008208213327
51	49	0.5988870455194588
51	20	0.5923638818132697
51	157	0.5840516219095144
51	40	0.5678812398730917
51	89	0.5607592457703997
51	46	0.5516500061050454
51	17	0.5343757780822841
51	154	0.528203358345428
51	67	0.5128358187151179
53	157	0.6589468720474201
53	20	0.5985726994880242
53	40	0.59489600482433
53	47	0.5515734764116333
53	84	0.54643886758871
53	49	0.526152644144775
53	94	0.5044669960170287
139	166	0.7763433163944823
139	176	0.7274312778753158
139	141	0.698973187154604
139	70	0.6940718452692172
139	142	0.5976285546498461
139	140	0.586746576620928
139	37	0.5719795536385471
139	167	0.5322505170301784
166	167	0.6684246353676228
166	172	0.6812645368131416
166	175	0.6698384268232659
166	140	0.5485466221661659
166	176	0.5385350949523826
166	199	0.534590076479433
166	37	0.5340684972067827
166	141	0.5209042991035262
70	176	0.7715312246887882
70	142	0.7500240289042769
70	38	0.6527813162450264
70	197	0.6002193593126595
70	109	0.565369182780698
70	106	0.5478051489077534
70	199	0.5442045260459617
70	95	0.5272365329879766
176	199	0.6851092701083296
176	142	0.5385776923730096
176	177	0.5365726383584724
165	171	0.7706392851249643
165	174	0.587631108852637
165	164	0.6194116997935749
165	167	0.5997969658093447
165	179	0.5385279951146327
165	169	0.5367292796219019
171	169	0.583504483329256
171	179	0.5745508829661643
171	172	0.5735787313890072
171	174	0.5496083629157767
171	146	0.5182688968239662
171	164	0.5075618177128931
171	170	0.5043924409512274
58	161	0.7670823257101175
58	56	0.6074751027132008
58	163	0.5440707823461971
161	56	0.6868510949316337
161	46	0.5054429725783126
161	163	0.6516665854400021
56	163	0.766134009455205
56	57	0.7218370597896052
56	162	0.628885295290517
163	57	0.6102878998493871
163	162	0.5718920780138566
134	141	0.7018209604447095
134	30	0.6112659438497683
134	140	0.5681521826722683
134	142	0.5517821718821424
134	130	0.5297229750214848
140	141	0.7611402104633027
140	167	0.5165480203075192
141	37	0.6035419672946917
141	142	0.5709829083788543
141	30	0.5574252916339711
141	130	0.509370983202961
45	164	0.7571063665497108
45	189	0.5691265572849177
45	173	0.5036987186495969
164	189	0.6015866375806397
164	173	0.5587472870601802
164	179	0.5280735657883924
164	157	0.5199491049284637
164	155	0.513955184418825
164	156	0.5054727530722618
76	77	0.7565852016853785
76	84	0.6253785585150823
76	187	0.49901975213429944
76	75	0.6469120056346206
76	73	0.6298937557156753
76	186	0.5718988073698826
77	75	0.7331802597334537
77	186	0.6103945720567113
77	73	0.598957587645768
77	43	0.559544619618237
77	148	0.5445493163790791
77	78	0.5138815956300955
77	184	0.5040270124138713
142	38	0.7218131113623263
142	197	0.5649335963093994
142	109	0.5185248394597323
109	106	0.6721858198972813
109	5	0.5384782941092437
109	101	0.5158658371177165
43	148	0.6704884661730872
43	186	0.6099865882407872
43	75	0.5771976167058878
43	18	0.568673400933103
43	14	0.5562040676291479
43	118	0.5322576840859027
186	75	0.6932884457708254
186	148	0.6100430976109333
186	118	0.5356747986680386
186	184	0.5284556621157125
186	27	0.5173467344608685
95	197	0.7383491054139208
95	99	0.4971625479218132
95	38	0.6603533760395475
197	38	0.6848226264342564
197	106	0.5352396945155212
197	78	0.5137711982653965
172	175	0.698563809139622
172	158	0.515072802565518
172	68	0.5836034030481894
172	167	0.5120320403574222
75	73	0.682292078468625
75	184	0.664327378582081
75	148	0.5444086078480019
173	174	0.7307383954577921
173	195	0.7125180414905239
173	179	0.6987276152701991
173	50	0.5541494876615884
173	170	0.5144553875724825
174	195	0.6450648534499065
174	179	0.6433918422797548
174	175	0.5416516018943783
174	170	0.528621410927914
174	157	0.5217999749960325
174	50	0.5034524028075026
148	14	0.5367079216275926
148	118	0.5360882406246663
57	162	0.6721913015226696
38	78	0.6538817786211941
38	80	0.5044669960170287
27	130	0.6215887222819982
27	40	0.6597213033965742
27	20	0.6161592416286593
27	117	0.5276912555197463
195	50	0.6587657813819385
195	179	0.5332173793878868
152	154	0.7118379743333069
152	17	0.7046061964975227
152	14	0.6775820244541311
152	115	0.6135532717919912
152	120	0.6853532808235626
152	46	0.6081687103486811
152	18	0.6076769751437849
152	16	0.5725780758530152
152	118	0.5638364307869322
152	155	0.5529495898048213
152	117	0.5367862309108182
154	46	0.6816715937360202
154	155	0.6425177950813123
154	17	0.6543737990308042
154	120	0.6001297886456591
154	18	0.5501106741215184
154	14	0.5358387805390439
154	153	0.5199272149991724
18	156	0.5842294924558803
18	14	0.6027148605871079
18	17	0.6025110661535005
18	118	0.5917468850066435
18	16	0.5635567098621781
18	155	0.5571288314638262
18	120	0.5145289173548778
18	122	0.507019678804942
18	52	0.5041985625809592
17	120	0.7040468408282561
17	48	0.5072053880228422
17	14	0.6497927988643458
17	16	0.6016568232227781
17	46	0.588161155085401
17	155	0.5680370470263555
17	118	0.554952756230068
17	115	0.5429152136424589
17	40	0.5367791122671836
17	117	0.527799478243534
17	49	0.5122607292391166
120	14	0.6243911383235329
120	136	0.511973012084427
120	115	0.5078661305787209
179	180	0.6133536958521972
179	168	0.4524367650969543
179	89	0.5541356291410899
179	169	0.553719730689798
179	189	0.5223964539679146
179	155	0.5067893339835756
179	157	0.5033852115521705
175	170	0.656956356892788
175	145	0.6226614024022873
175	183	0.5751668571767852
175	167	0.5605123982845582
175	180	0.5325013185841898
175	199	0.5260875563572454
175	196	0.5116851800101311
199	182	0.6845198280269406
199	147	0.5078290260368744
199	80	0.5982902724045597
199	183	0.5470487994427836
14	115	0.5637886827089105
14	16	0.5413194089855953
14	155	0.5343543444628482
14	118	0.5189122329158582
80	182	0.6493476938730006
80	78	0.5875983734068506
80	183	0.5602585900939578
20	40	0.6597890701676085
20	49	0.5654236089338853
20	86	0.5411426417430292
20	33	0.5084298875872226
35	37	0.6900755623196263
35	62	0.5664567703305079
35	68	0.5211082937840467
37	63	0.632342625900809
49	33	0.674999112142606
49	67	0.6384246432016286
49	86	0.582322704948691
49	47	0.5672033442374425
49	40	0.552984301182667
49	46	0.5070791108777812
30	31	0.610200035527705
33	136	0.5729006212672613
33	67	0.5629012477676985
33	31	0.5518447670526038
33	40	0.5492104178228968
88	90	0.6850296681353174
90	92	0.613060426626664
90	194	0.5757821798425276
182	183	0.5818797290060673
182	78	0.5088968823430888
182	147	0.5037808057371695
73	184	0.5778973774103369
73	185	0.5384782941092437
118	16	0.6471038612729285
118	117	0.5467614325848493
46	151	0.3781335484475283
46	155	0.6166180896933594
46	189	0.518239640323449
46	157	0.5125483314555389
155	89	0.5796264655169472
155	153	0.5638637137107662
155	157	0.6248363343872827
155	189	0.5694509942117394
155	146	0.5485256489229289
155	47	0.5166726496464839
155	16	0.5139919759767543
162	160	0.5084447174174102
106	101	0.5820186093895771
106	5	0.6143072100836992
184	185	0.5211884182669113
40	130	0.5734512260816277
157	189	0.6391409104497378
157	89	0.5474901119850629
157	47	0.5073019382063647
50	94	0.5826398484063178
50	89	0.5262177257682964
93	196	0.6550137400741728
93	41	0.6346057454859568
93	92	0.5276263136611926
62	68	0.6376419976577845
62	67	0.5804161199366916
62	63	0.5368431773086377
62	41	0.5192190726639012
170	169	0.5904912698088557
170	180	0.5428164721080331
196	183	0.5915714013550907
196	194	0.5348971176633617
193	194	0.65354390952824
193	185	0.6063444309912335
193	87	0.5290248047360765
194	180	0.5249801210501767
16	117	0.6387089147745048
67	68	0.636215627124625
67	86	0.5545166265218341
67	47	0.5442467551530646
67	69	0.5363518538016224
67	82	0.5281312544158914
67	91	0.5187660717299355
189	159	0.6137714682607119
189	54	0.34879395150053777
189	146	0.5674474753088534
68	69	0.6357153669650139
68	65	0.4692982509833297
68	63	0.5976221262103214
68	91	0.5565147765061004
68	86	0.5493011991700415
68	41	0.5267237057402732
69	92	0.6037707829226037
69	91	0.6004687982310419
69	63	0.6138462569021469
69	84	0.5442960189590329
69	86	0.5233410444781885
41	63	0.5341899972172761
41	145	0.509171009581018
8	107	0.6333677606113414
63	92	0.5521020374313764
84	86	0.6159420730777492
84	82	0.5559761155758286
84	91	0.5453156392037817
52	156	0.6246412299255947
156	122	0.5241610681781477
86	91	0.5435918940976369
86	82	0.5042060203814518
180	169	0.515469430213575
92	91	0.5030566333320834
83	190	0.608181312811786
83	191	0.5094302240849056
190	191	0.5480640629391627
47	82	0.5180274944202883
47	89	0.5059862770200068
91	82	0.5233628275607176
91	87	0.5153005231999825
183	60	0.5229270359563001
183	66	0.485816681006834
169	64	0.4920790739861463
71	177	0.5902567447426849
177	97	0.5708818029424404
177	178	0.4760157309672595
101	100	0.5273448276683699
89	87	0.5348542831842799
146	144	0.48506762211002546
191	192	0.462392369442215
191	87	0.5185248394597323
85	160	0.5333247226854329
178	72	0.41443158599423346
178	59	0.19710621332448916
65	55	0.39600333673208293
