19	121	0.9363647443364863
19	20	0.858365128707345
19	124	0.8216581138364046
19	119	0.6895566502203756
19	118	0.5426401106093237
19	133	0.5267526076168381
19	117	0.5235152899855643
19	17	0.5177713713629128
19	15	0.5148303103542845
19	129	0.5077399674484797
19	132	0.4903947916462977
19	16	0.4798581674217556
19	28	0.472279355683296
19	25	0.471984060862209
19	14	0.4689316833551712
19	144	0.46888487585367533
19	125	0.4683620132010707
19	23	0.4681668310950182
19	116	0.46800284281308024
19	115	0.4497445410118581
19	120	0.4441268334970657
19	131	0.4267939653185468
19	29	0.4219318847442921
19	123	0.3779278461788856
19	48	0.3704633065513361
19	152	0.3588889458744027
19	21	0.35775585952300387
19	18	0.35759016622067963
19	150	0.3573023296049415
121	119	0.6915341403729767
121	20	0.8399783550570118
121	124	0.7978251415834422
121	118	0.5638023254015018
121	117	0.5497409558910902
121	23	0.5448587672726429
121	25	0.5392021382376847
121	133	0.5358031357440167
121	16	0.526203263717993
121	28	0.5231958064480877
121	15	0.5204378020718684
121	132	0.5181957532983502
121	129	0.5055695313607413
121	115	0.5001828694489585
121	17	0.4797888881774393
121	116	0.47538902815546186
121	120	0.47194519839280347
121	125	0.4698750723313176
121	144	0.42419788697594285
121	131	0.42390262168340287
121	14	0.4225235258157872
121	21	0.41797843556642006
121	123	0.4109053488856806
121	29	0.41015703123394187
121	27	0.40881699584796616
121	150	0.37443380694780687
121	130	0.3584358380184792
88	90	0.9061014173079366
88	193	0.6902850227783535
88	194	0.7493320163684112
88	78	0.6774467808972636
88	87	0.6680095209608093
88	73	0.6663226601956066
88	86	0.6103882978337498
88	96	0.5633860848678254
88	94	0.5588091860795096
88	80	0.5518725851326616
88	93	0.5352254239933717
88	85	0.5350541538973911
88	158	0.5273231701027642
88	84	0.5195622823148146
88	190	0.5177054961407136
88	76	0.5136092513489205
88	189	0.503900188897243
88	198	0.5030865100918257
88	191	0.4994551940413349
88	81	0.47547416428302264
88	74	0.47325773274560146
88	92	0.46481823295277064
88	64	0.4565625862717151
88	184	0.4438859760061787
88	97	0.42639313653921534
88	98	0.4189765360592456
88	63	0.41517672967755126
88	83	0.40341412012741773
88	54	0.3738748014139234
88	91	0.3648939415608801
88	75	0.3615518812238481
90	194	0.7857786516571593
90	78	0.7462375083922179
90	73	0.6794652437187101
90	93	0.6622215324299378
90	87	0.6124483853336303
90	96	0.594353010666503
90	158	0.5914543811058268
90	85	0.5771242593283566
90	81	0.5754679116249032
90	193	0.5620535602086052
90	94	0.5606632613660874
90	198	0.5385492943984729
90	190	0.5168705453656414
90	80	0.49941016002129185
90	74	0.4993876419991647
90	86	0.48424895845759824
90	92	0.46029064356964755
90	98	0.4544148320071377
90	191	0.4401283663227298
90	196	0.4359746909204969
90	184	0.4239354333897198
90	76	0.4151105172158519
90	63	0.41303916378344113
90	75	0.4115451370636792
90	97	0.39882424148272705
90	64	0.3887952863886886
90	83	0.3873088096253618
126	128	0.8927070052188913
126	123	0.8136043613811508
126	125	0.7137024917744228
126	130	0.7124343372855082
126	129	0.6626592471079322
126	133	0.5429786824174242
126	124	0.5303341842027455
126	27	0.5300250530955787
126	143	0.4907668635547577
126	132	0.482141023564698
126	117	0.4256237308211471
126	23	0.3937327656341078
126	118	0.3886509743534482
126	120	0.3704460512847196
126	131	0.36676486525223534
126	22	0.3661848488426431
126	28	0.36394869685045494
126	21	0.35434153887112985
128	125	0.7283434263396479
128	130	0.7182012320791437
128	123	0.7129018361850176
128	129	0.7128182249874712
128	133	0.6337448826078775
128	124	0.5727393707282727
128	132	0.5217199206749273
128	27	0.4980503653631556
128	143	0.42027008420900036
128	28	0.39199917104395404
128	117	0.38206894449553225
128	118	0.3723856632150161
128	29	0.3648332603422257
128	131	0.35898477395063433
13	111	0.8921777851440168
13	114	0.7811835329442752
13	0	0.6660056117695783
13	12	0.8590217415699893
13	113	0.8138746237686825
13	102	0.8100931674900005
13	32	0.7540166899616114
13	3	0.7494985995075958
13	1	0.7490161248924709
13	103	0.7322169028390721
13	6	0.7191006173960837
13	108	0.6964379575842883
13	10	0.6952154532731323
13	105	0.6933455700386053
13	8	0.6756409645243071
13	9	0.6506643746939372
13	139	0.642799550187834
13	104	0.6401571703524636
13	112	0.6264308188889421
13	110	0.6194301893243752
13	36	0.5883246476559124
13	109	0.5626142602175906
13	11	0.5455474656589324
13	100	0.5330384357310681
13	2	0.5288303411201484
13	106	0.4928819845602498
13	70	0.4902428741587491
13	107	0.4770668860933821
13	141	0.4447768281222395
13	134	0.43823971301563536
13	135	0.4258202334102374
13	101	0.41787114151340415
13	37	0.4081171460020603
13	140	0.40303728607231676
13	197	0.4021742403282991
13	144	0.3928790021538542
13	7	0.358575273820687
111	102	0.8786238053343439
111	12	0.8770408946120366
111	105	0.7813783329846784
111	8	0.7696628047445313
111	110	0.7236520872523846
111	104	0.713250816876299
111	113	0.8712874108065671
111	1	0.7553682662410006
111	6	0.7534163333491315
111	108	0.7505703463757805
111	103	0.7267053658971216
111	114	0.7152298474865134
111	3	0.7097103421676245
111	32	0.6666505795688734
111	10	0.6442115690886446
111	107	0.6208333833892387
111	9	0.6184986963468491
111	112	0.605319023434769
111	139	0.5857095651538117
111	0	0.5854927316304533
111	109	0.5578662715615271
111	11	0.5075469699421479
111	2	0.47442094680071606
111	100	0.46502203376097406
111	106	0.4628560969232607
111	36	0.43102102934856806
111	70	0.42036888399257316
111	135	0.40979098586540713
111	144	0.38432128897772905
111	141	0.3773962759552686
111	140	0.36187347187639984
12	113	0.8906166872181909
12	3	0.8329517145303333
12	108	0.8179858400529356
12	112	0.8030704063892763
12	102	0.8065228881616634
12	103	0.805085106435584
12	9	0.7809885806698397
12	109	0.7313436479678356
12	11	0.7192840670928964
12	6	0.7016483871766536
12	10	0.6999130204941858
12	1	0.69700399531317
12	105	0.6877902051090853
12	114	0.6779928835741575
12	0	0.6530108069311586
12	8	0.6398501648090308
12	70	0.6315317413870006
12	110	0.6302314475224433
12	104	0.607948117615616
12	32	0.5902632606739769
12	139	0.5663752695836195
12	106	0.5600939014778147
12	107	0.5279076838327094
12	100	0.4571639559477923
12	2	0.4302716491987994
12	36	0.4215208113137365
12	101	0.4062735829489652
12	197	0.3788789061215473
12	144	0.3779278461788856
12	150	0.37549946278186097
12	135	0.37548228264977174
113	10	0.7072749476670065
113	102	0.7681913048888893
113	114	0.7679042330841676
113	112	0.7517208046329995
113	108	0.7395475457600127
113	103	0.7141045719501449
113	3	0.7068899212027598
113	139	0.6851145763248562
113	110	0.674530676800931
113	109	0.665231448818639
113	8	0.6620867599786361
113	32	0.643684771489856
113	104	0.6430048870411937
113	11	0.6348804120382826
113	105	0.6328644629257462
113	1	0.6216991628669133
113	0	0.6213002331157269
113	9	0.6154577605125112
113	6	0.6133474578414985
113	70	0.6068184751500777
113	106	0.5636112997076854
113	107	0.5502780228029265
113	36	0.5062466231639379
113	2	0.46492013951569383
113	100	0.4316640447528869
113	140	0.42663038197521763
113	135	0.42401745778697314
113	101	0.38518177479339405
113	4	0.36549191907297923
113	144	0.3647639065827972
113	197	0.36190823327682625
102	1	0.7942720480487456
102	103	0.7653895139460661
102	108	0.7450519931431285
102	105	0.7290797236689831
102	3	0.7177991172661193
102	6	0.7087760315465206
102	8	0.6888268800572034
102	110	0.6640088165813719
102	114	0.6627489788288733
102	104	0.635160883951885
102	9	0.6346893566336859
102	10	0.6313212861965304
102	0	0.6259323437153941
102	112	0.6244704495271581
102	32	0.5987908367314445
102	107	0.534075644877012
102	109	0.5300250530955787
102	11	0.5297229750214848
102	139	0.5106657748075416
102	100	0.5017109350104074
102	2	0.4573774998856566
102	106	0.44115177823995894
102	70	0.42551727515427007
102	144	0.416739718819023
102	135	0.41146207058537954
102	101	0.4062485343904018
102	150	0.3930734831773207
102	134	0.3828629038428651
102	7	0.3627074675780511
81	93	0.8716242013155459
81	98	0.7818841012154889
81	78	0.749121459917733
81	74	0.6626255928065593
81	92	0.6580576640898476
81	198	0.6993361268805544
81	97	0.6783439404879437
81	96	0.6657217327432314
81	85	0.6399977891332417
81	63	0.6347789235190283
81	196	0.5809264919285066
81	158	0.5426542212903885
81	194	0.5423225393139833
81	61	0.5353823829330007
81	73	0.47323445160151706
81	65	0.457725384414745
81	190	0.4456748148165924
81	75	0.4408456805999443
81	68	0.4374637586863874
81	167	0.4319894550093556
81	57	0.4318186286416172
81	185	0.43070342983658255
81	54	0.4260985433299132
81	87	0.42033595183878975
81	80	0.4112543744838222
81	183	0.4067827711785124
81	182	0.3936905160769279
81	184	0.38903293521446886
81	83	0.37749060496455084
81	166	0.36382723487397
93	85	0.6542193871215092
93	78	0.6798580275216727
93	98	0.6524023945219655
93	196	0.6338465941108837
93	92	0.6319343533030253
93	96	0.6060787778533652
93	194	0.6027785302291144
93	74	0.6007884208538761
93	198	0.6000210040280233
93	97	0.5673050776360937
93	158	0.5589123372764935
93	87	0.5356106208482457
93	63	0.5203430068746092
93	190	0.48535815811554206
93	73	0.473924844387418
93	54	0.44010417739271523
93	94	0.43925716256179603
93	83	0.4254435681773768
93	91	0.4215865947117209
93	65	0.40959959141946883
93	75	0.40922501972514763
93	61	0.40606482630628754
93	68	0.4010335891470719
93	57	0.3821970406515849
93	191	0.3722995271159353
93	184	0.35399171247704597
6	105	0.8687841948644398
6	1	0.7282307228361726
6	3	0.6839933531412792
6	8	0.6799870767977297
6	9	0.6699762328639371
6	108	0.6424943076423608
6	103	0.5886710928754237
6	109	0.5344329310410936
6	114	0.5312248426462477
6	32	0.5094450335509515
6	110	0.5080887182566438
6	10	0.49112358075419943
6	0	0.4797734919772473
6	139	0.4639554537503575
6	107	0.44571488262167025
6	11	0.44415894298085196
6	104	0.44241535665730425
6	112	0.4291138324102452
6	106	0.421611262342022
6	140	0.35382551022571973
105	8	0.744522095521995
105	1	0.662294516289892
105	108	0.6323366244348247
105	3	0.6084710848494792
105	107	0.5781104690754051
105	9	0.5772576294502109
105	103	0.5610334038884115
105	110	0.5390957404748795
105	10	0.4989596713929511
105	114	0.4883718531525025
105	109	0.47759195256462117
105	32	0.47422719263318447
105	104	0.4661342299969829
105	0	0.4383851318146806
105	139	0.4193309894038763
105	112	0.40342249266411834
105	106	0.3703166286356107
105	11	0.3636797286957031
20	124	0.7838969170837511
20	119	0.5929153432912714
20	150	0.5197447723659748
20	144	0.47797009794490786
20	133	0.4750561378605287
20	25	0.46964127415663076
20	118	0.4452499863101243
20	29	0.4342154897935806
20	116	0.43390708529590044
20	129	0.4337690819284951
20	28	0.4333630717132087
20	15	0.43141177449594303
20	23	0.4146883094065439
20	16	0.40912511063340345
20	132	0.40601471840411407
20	188	0.4058476744321913
20	17	0.39802504665860994
20	117	0.397334729136098
20	69	0.39224458076742724
20	115	0.3880140760093945
20	53	0.37196353505377
96	198	0.8567511209723352
96	98	0.7967686224583799
96	78	0.6962988884111103
96	97	0.6530796307640273
96	190	0.6485720336681188
96	85	0.6087229287157243
96	158	0.5971719445008812
96	73	0.5831548282940912
96	197	0.5725915187860119
96	87	0.5708480972820176
96	95	0.5572529483593749
96	194	0.5371776386133728
96	83	0.5237548060726398
96	184	0.5220764555797669
96	75	0.5217199206749273
96	74	0.5198615411140428
96	191	0.4978773980108021
96	80	0.4560241647837155
96	185	0.4557072902151779
96	193	0.44132089344312037
96	196	0.43548050465362775
96	99	0.42824862618805415
96	54	0.40821715395120184
96	182	0.36632338610965764
198	190	0.6867190133609448
198	98	0.795486994460349
198	97	0.7239044440989254
198	78	0.6433918422797548
198	194	0.625701169434312
198	158	0.6206674227784031
198	85	0.6018800793738808
198	185	0.6004240357440572
198	196	0.5620535602086052
198	184	0.5609580226694941
198	87	0.5608483606524153
198	191	0.5512672647681246
198	74	0.5495525260090284
198	73	0.5363732232584373
198	197	0.5348400044136253
198	83	0.5319924522141157
198	75	0.5143450787128321
198	182	0.4931696162671127
198	193	0.4918516829691762
198	95	0.44791585947037466
198	199	0.4303938712557642
198	54	0.42641768189202217
198	80	0.40324665520857167
198	99	0.3935637574256941
198	167	0.3658470962485864
198	177	0.35700569966555035
198	183	0.3562550790312274
23	25	0.8524640396311178
23	22	0.661434755816604
23	27	0.6751732749011091
23	123	0.5219455047638251
23	26	0.4950139455632853
23	21	0.4942586107200848
23	16	0.4597308866399385
23	120	0.4561271241343291
23	119	0.44172342252183533
23	17	0.4347752272693516
23	24	0.43181049327976784
23	124	0.4308174521982362
23	130	0.4207639834408808
23	39	0.37797927524522024
23	125	0.3731003451587349
23	132	0.3717911936094032
23	129	0.367733808385525
23	118	0.36655713092263903
23	28	0.3643737162802279
23	53	0.36331522347753625
23	117	0.3580348710101147
25	27	0.739846425655116
25	21	0.5572529483593749
25	26	0.5008873660782271
25	119	0.47953481309335166
25	53	0.4712686978727137
25	16	0.46177891754393957
25	17	0.46145628478332706
25	124	0.4595810305247245
25	125	0.43798113405693995
25	22	0.4335092556691524
25	120	0.42586935278294624
25	118	0.4126326762091839
25	130	0.4094581027790043
25	144	0.40169632497123
25	123	0.40046279657723943
25	51	0.3942227389017925
25	129	0.37755920296024964
25	132	0.37497535270340104
25	28	0.3730917371652944
25	150	0.3646945487756108
25	117	0.360116713970666
25	24	0.3550758514745725
25	29	0.3539042403941486
103	108	0.843822073753786
103	3	0.7881389443207019
103	9	0.779109277256297
103	112	0.7716121601127337
103	109	0.7114579353455653
103	11	0.6683637779574714
103	1	0.6388450664831056
103	0	0.6095845648774201
103	114	0.5836561531507016
103	106	0.5650016774662154
103	70	0.5642591778066353
103	10	0.5209115856526819
103	32	0.4936840566036287
103	110	0.48906450370374155
103	8	0.4733508507111062
103	139	0.4544703757414858
103	100	0.4504940899688327
103	104	0.45031872047454063
103	101	0.438724353096722
103	197	0.3881244982988566
103	95	0.37690735476449766
108	9	0.8124858040207593
108	109	0.7749889571035072
108	112	0.7630183753269552
108	3	0.73125525975786
108	11	0.6849288154827726
108	1	0.6106956446863752
108	106	0.5805288387252715
108	114	0.572060288823521
108	0	0.5566804242912616
108	10	0.5543919620440819
108	110	0.5258777871135158
108	70	0.5240087478272359
108	8	0.5151389225009725
108	32	0.49191990732190477
108	104	0.4743124501280585
108	139	0.47112088253421425
108	100	0.4198665483426146
108	101	0.38701977433365287
108	95	0.36390531899382234
114	139	0.8420855166741691
114	32	0.8288026879677619
114	140	0.6572631885188455
114	36	0.6890475335698698
114	10	0.6882746874710068
114	104	0.6713792191168458
114	110	0.6257559311745516
114	141	0.6064519188037809
114	134	0.6023963972439379
114	2	0.597776387552385
114	112	0.5832604073135619
114	8	0.5726385666268745
114	1	0.5691941629332545
114	11	0.5526579384537259
114	0	0.546803494321085
114	142	0.543133802198137
114	3	0.53562488312072
114	9	0.4995902799070415
114	109	0.48377420415421407
114	100	0.48342178299370736
114	37	0.47721363015571366
114	135	0.4642692936253048
114	70	0.45420055878941196
114	127	0.4506295789539732
114	106	0.4125662952760883
114	39	0.40706647137430546
114	146	0.4064322096397495
114	107	0.39334400697643584
114	138	0.39165211725857485
114	144	0.37797070389614773
114	79	0.3637057605233259
139	142	0.7240186552194228
139	32	0.7364648787284113
139	36	0.6921180820519539
139	141	0.5856110148504794
139	10	0.5807873448290576
139	140	0.5704569710062343
139	104	0.5538167983887801
139	138	0.501059641952999
139	2	0.4861069406258694
139	70	0.48459335971097917
139	112	0.48458570798114237
139	134	0.4766574067880616
139	37	0.4644183267414959
139	11	0.4642065349726458
139	3	0.46391621557330515
139	109	0.4635472877391001
139	1	0.4631703444193693
139	8	0.4515137319492102
139	0	0.43554533093344827
139	146	0.4312164221417422
139	127	0.4256237308211471
139	110	0.4173344964165485
139	9	0.40918339212926813
139	176	0.4062819323328016
139	145	0.40306241259688247
139	137	0.4001772836670501
139	39	0.39439164326877857
139	136	0.3839717920962811
139	106	0.3783820555452554
3	9	0.8339898214743914
3	112	0.7221099496979784
3	109	0.7146725645982219
3	11	0.671313303813366
3	1	0.6706040433933308
3	70	0.6559320116676388
3	0	0.6543223344562042
3	106	0.5990794112440985
3	10	0.5181299176435961
3	8	0.4961229307434188
3	32	0.48732791001690384
3	95	0.4410953995414428
3	100	0.4341343405793842
3	104	0.43357421899405757
3	197	0.42541080770907325
3	110	0.4236647035378504
3	101	0.4113125336982138
3	36	0.3710757027968275
3	107	0.353633037594616
9	109	0.7965859698265251
9	11	0.7686417943698818
9	112	0.7445666608887844
9	1	0.6227654811565476
9	70	0.6119982538979603
9	106	0.606869014403575
9	0	0.5884161824912608
9	10	0.4846928254502062
9	95	0.48259374334975064
9	32	0.45058176168220354
9	8	0.4353670477950046
9	197	0.4231969009345698
9	100	0.4167892972596906
9	110	0.41067259821059193
9	104	0.39228688714711246
9	101	0.3838609530280519
9	157	0.3537292776547441
95	197	0.830361645159008
95	5	0.4194958078832447
95	106	0.6325586281292567
95	70	0.5330098003194911
95	101	0.4990573001617568
95	98	0.4714398194073931
95	109	0.4694619842664179
95	99	0.4645516498692256
95	0	0.4316396344522086
95	79	0.42939118478261007
95	112	0.4131635658724451
95	100	0.38351984036281533
95	75	0.36471188860685544
95	11	0.36404412257782914
197	106	0.6427702088079132
197	101	0.5204888403270207
197	79	0.47451393247837576
197	99	0.4669556824662355
197	70	0.5695861239330251
197	98	0.4964470222602376
197	0	0.48097350799420735
197	112	0.4672449548589283
197	109	0.4619441211697008
197	100	0.4486749390521173
197	181	0.41942988380962204
197	176	0.41874566055505696
197	75	0.3856160233009804
197	184	0.36732729538812875
84	86	0.8288652948100668
84	76	0.6679042925831176
84	189	0.639347888754187
84	94	0.5519560320039896
84	77	0.5314473240525815
84	91	0.5277273316648053
84	180	0.49004533688415014
84	187	0.4884860687246525
84	92	0.45832594586010245
84	68	0.42903224277750973
84	45	0.4164752585983421
84	80	0.40206526136674986
84	60	0.3937074160994091
84	69	0.381411153150195
84	65	0.3613171526515422
86	76	0.6854964328681842
86	94	0.6612096946577791
86	189	0.6455317254879878
86	91	0.6405229483835216
86	92	0.5506683311810447
86	77	0.5060978652329744
86	187	0.4921927443228164
86	180	0.4851899661180796
86	68	0.4803429545689728
86	80	0.46113352991726886
86	69	0.45140226595497807
86	60	0.44674001016268816
86	64	0.43695418427429467
86	65	0.4167892972596906
86	73	0.41570627100038704
86	63	0.4140836619411674
86	45	0.3639400214054204
86	182	0.3620559579999449
86	40	0.36202120087727147
86	78	0.35940284424710284
32	36	0.7651408924653712
32	141	0.6568654019977986
32	37	0.5963542249759324
32	2	0.616456920504053
32	140	0.612998007108848
32	134	0.6012419551422727
32	104	0.5975899828601562
32	10	0.5655256447004744
32	1	0.5520811815857382
32	8	0.5411850702438632
32	110	0.5140287656436755
32	0	0.4967107155549884
32	112	0.450183183881455
32	11	0.4322903593912235
32	100	0.41567318291835775
32	144	0.40730004787408336
32	39	0.39493195816207394
32	142	0.38825189478711947
32	135	0.374476796109152
32	146	0.3700145865419261
32	109	0.36763003118499643
32	107	0.3633933411073612
32	127	0.36114325010402626
32	138	0.35718019659002564
124	129	0.6636284621418589
124	144	0.5974485292988426
124	133	0.6531369757183422
124	119	0.6453391991808113
124	118	0.5821177888809355
124	125	0.5677592754458408
124	29	0.5359171923650966
124	117	0.5333962753431314
124	132	0.5328451230070965
124	123	0.5195476810623956
124	15	0.5167532804946274
124	28	0.5004002848642601
124	14	0.4813039653574894
124	17	0.4638063389934392
124	116	0.4619441211697008
124	150	0.457472391375765
124	130	0.45430373393755474
124	115	0.45176845844846714
124	131	0.44237514233515635
124	120	0.4396363992183501
124	16	0.4040418728622376
124	21	0.3684513498457441
124	152	0.36834763602828696
124	188	0.3623339787342035
123	130	0.7872280142042181
123	125	0.6766506218054722
123	22	0.6191034397762534
123	27	0.6143881450844921
123	143	0.5848943625678531
123	129	0.5732297034508381
123	120	0.5196790814098806
123	42	0.45475597340663027
123	24	0.4547083802878131
123	136	0.45156149877610174
123	132	0.44681204536890173
123	17	0.42325436253905857
123	33	0.4153670660039767
123	127	0.41110480684247086
123	133	0.4067911164223359
123	117	0.4045438012209461
123	26	0.381188954482063
123	118	0.3778764147801209
123	21	0.3776449446275342
123	53	0.37646113811001974
123	138	0.3750183215719951
123	51	0.3746659292928019
123	34	0.3689956968872857
63	68	0.8129271644570548
63	92	0.7655965241530651
63	65	0.7254476855539485
63	61	0.6141639857200829
63	167	0.5959416761275537
63	91	0.5483508450523507
63	98	0.5295143188384187
63	97	0.5275180635236916
63	67	0.5158071240997509
63	78	0.5096745416827633
63	77	0.41596266632261725
63	54	0.41499463482585963
63	172	0.37311756095291715
63	166	0.369634765478602
63	194	0.3629592896380059
63	35	0.3578866541148898
68	65	0.7994910013354529
68	92	0.7783220742033111
68	91	0.7010437320447468
68	61	0.6885850653892925
68	67	0.6774305485916013
68	172	0.6012866488289759
68	35	0.5528037810580002
68	167	0.5256824271903775
68	166	0.4621800707526404
68	98	0.4354724010510376
68	69	0.4340937633299026
68	97	0.3912541379782963
68	77	0.38394621483177405
8	107	0.8127235755245286
8	1	0.6694247317077064
8	4	0.6378081235445575
8	104	0.617280819064622
8	110	0.5706525665077209
8	10	0.5557273451936275
8	2	0.46658808419322695
8	135	0.39543825537860083
8	112	0.39002540746858516
107	4	0.691940909695987
107	104	0.6415597039778828
107	110	0.5173467344608685
107	1	0.48184162666975805
107	10	0.42639313653921534
107	2	0.3998244839716892
35	61	0.8077427625902975
35	30	0.5007000646662757
35	166	0.6999997308759334
35	67	0.6727555143062343
35	172	0.6042789060556337
35	137	0.5802569496566964
35	62	0.5691197962968213
35	140	0.5324511657506208
35	34	0.5293847758672372
35	65	0.5256462433400598
35	171	0.525327743444754
35	41	0.5206929561572696
35	37	0.48901124476674945
35	165	0.46300537899757443
35	42	0.4541608727955551
35	167	0.44102290752744266
35	145	0.3802483959987874
35	138	0.3652492978660285
35	146	0.35658680538825704
61	166	0.7788733737673915
61	67	0.6902640819366653
61	65	0.6572631885188455
61	167	0.556639016493944
61	98	0.5547520359753976
61	92	0.5484906919835956
61	172	0.5038031915458298
61	41	0.49303338310376743
61	97	0.46544515490347643
61	30	0.46469279258307533
61	183	0.4169049706447715
61	199	0.40830048642467154
61	62	0.40183888404535495
61	91	0.39753681988790135
61	42	0.39638270071402837
61	38	0.3793755383802436
137	171	0.8067324992013722
137	165	0.766299174302856
137	145	0.7320127393766283
137	138	0.6410298371422488
137	140	0.6336132234203385
137	62	0.6186345189230947
137	146	0.6087418120627585
137	166	0.5724032897062541
137	34	0.5174126431039755
137	169	0.5160639577761944
137	164	0.46206996908770054
137	67	0.4419004790047388
137	183	0.4152512134396791
137	49	0.4072583416912215
137	172	0.4058226154971407
137	47	0.39795771842990924
137	175	0.382734884092194
137	134	0.3778678426535776
137	33	0.3758344237714323
137	174	0.3689784199162718
137	142	0.3650586320990965
171	146	0.6146059827552011
171	165	0.711546812931848
171	67	0.6401512683267091
171	169	0.6040439601450301
171	62	0.5408880128785727
171	172	0.52916881604824
171	145	0.5009323114382096
171	166	0.4998003651883353
171	140	0.480827448396238
171	49	0.4692358679092316
171	47	0.4609445435971739
171	170	0.4297744503149961
171	167	0.42390262168340287
171	168	0.4149780790993897
171	164	0.40947474952392043
171	138	0.39505011565309733
171	179	0.38831134140403767
171	183	0.38288850602869945
171	175	0.3545076716782851
171	174	0.3537642721835071
11	112	0.8056824129112206
11	109	0.7387445626075172
11	70	0.6307917307103699
11	10	0.5370495669980353
11	106	0.5266369928033009
11	0	0.5150581084139878
11	1	0.44328355163310623
11	157	0.4397735313402248
11	110	0.43949924659693107
11	104	0.43045090281553966
11	36	0.3763924738812937
11	100	0.3674137992761227
11	144	0.36020374243156744
112	70	0.7648920426033036
112	109	0.7605548663988846
112	0	0.5799982033852529
112	10	0.5702005754779738
112	106	0.5641705618013892
112	176	0.5450204666584831
112	1	0.5104143962126872
112	110	0.4756521474092099
112	101	0.4094581027790043
112	104	0.4048866455048546
112	100	0.39273523271771715
112	36	0.3679499814690262
112	157	0.3596988901222732
131	132	0.802999379397812
131	28	0.7551319877720379
131	129	0.5600801754276283
131	125	0.47328877324271446
131	133	0.46914228451612655
131	143	0.44628365268732784
131	29	0.3849092180077298
131	117	0.37809069688640645
132	28	0.792493447598083
132	129	0.6473653505771725
132	125	0.6337029950300596
132	133	0.5892915387393477
132	143	0.4182424943274976
132	29	0.41738404509087285
132	117	0.4165248502605992
132	130	0.4119686697386055
132	118	0.40397493068538703
132	27	0.40389124687951233
132	21	0.40177179984803346
65	67	0.7174790211459008
65	92	0.7639359999942685
65	91	0.64023979077893
65	172	0.5859525818709084
65	167	0.5824680843804483
65	166	0.56147864844543
65	183	0.4714864827571999
65	60	0.45894187665881436
65	62	0.45829434778773653
65	174	0.43252613608975715
65	165	0.4101653489119233
65	41	0.39052554162928743
98	97	0.7344171834861006
98	78	0.6855229366917746
98	85	0.5962382274306687
98	158	0.5257909673287785
98	92	0.5085929991306885
98	199	0.48491466539279854
98	74	0.4796811085713501
98	80	0.4654608219737867
98	190	0.4643634228634547
98	87	0.4632174715035637
98	75	0.4627853751963745
98	194	0.4619519872096529
98	54	0.4553665211888536
98	73	0.43698654655027813
98	99	0.4361609552355529
98	184	0.4346535737612113
98	185	0.42359085498250953
98	83	0.41609497352554725
98	196	0.3997404665745464
98	191	0.3928113483404441
98	38	0.3779535610036199
98	57	0.35901961864754994
109	106	0.6859202760557896
109	70	0.647313064901741
109	0	0.5253929031324378
109	10	0.480012099874386
109	1	0.44688407478183256
109	101	0.390567915291919
109	110	0.35471749165695965
1	104	0.5586716242484702
1	0	0.5580659869604135
1	110	0.5057704917752224
1	2	0.5020101893938449
1	10	0.49906480954239196
1	100	0.4436209586661295
1	70	0.3904238380874757
1	135	0.3883792764376682
1	7	0.381000905819225
1	150	0.366366675675562
1	106	0.36290719287028417
28	133	0.642271116756966
28	129	0.6059459005549975
28	125	0.5653487717038955
28	29	0.534032757710431
28	21	0.48741178178642264
28	117	0.4445361439422866
28	16	0.4283629437694022
28	118	0.4120932043142932
28	119	0.3775249044803492
28	15	0.3657431529775442
28	143	0.3547349750429463
130	143	0.6795675126414153
130	27	0.6768349083394314
130	125	0.6961597669378973
130	129	0.5283619601792758
130	26	0.5165186925758588
130	53	0.5045862684769568
130	127	0.4829081934582929
130	120	0.48118102045185024
130	51	0.4745294290618645
130	33	0.4664863796020008
130	22	0.4530568808913104
130	136	0.4515137319492102
130	17	0.44798779999453836
130	39	0.4394266280876052
130	133	0.42947274360131743
130	24	0.403983298694136
130	144	0.403882878127105
130	138	0.394619621899329
130	21	0.3623513528900532
130	118	0.35629000182629855
194	193	0.6586752074127413
194	158	0.6311889524633518
194	87	0.6152092146399626
194	190	0.5901459621416234
194	85	0.5783367925981702
194	78	0.5494408374660009
194	191	0.5334964362407971
194	73	0.5225418591631205
194	196	0.5062466231639379
194	97	0.48459335971097917
194	74	0.4499439510487674
194	83	0.42910567376204717
194	184	0.41963588184803896
194	54	0.3721961553307463
166	167	0.6572745484715348
166	183	0.6445741189373662
166	172	0.594482344190567
166	140	0.5417999738592104
166	67	0.5076880115931782
166	165	0.504526634654038
166	199	0.5000478902203628
166	41	0.41172785924911237
166	30	0.40672435257075495
166	42	0.38073587464878184
166	181	0.3732724915373534
166	145	0.37133436484094573
166	62	0.362855093833758
166	34	0.35946380078513485
166	174	0.35382551022571973
92	91	0.6916906420602132
92	78	0.6172065378358433
92	60	0.5150874964143092
92	80	0.49872681321612994
92	67	0.4912601522526143
92	77	0.4783866244734737
92	94	0.4741109180775081
92	167	0.4433880005735239
92	97	0.43846591012083086
92	182	0.4332818485487599
92	196	0.3786819052798103
92	74	0.3764525553075942
92	172	0.37614353139062373
92	73	0.37436502094155194
92	76	0.37191183531229155
92	183	0.37008363163442315
92	64	0.3625598231158723
92	69	0.35364178700042215
45	164	0.7768592737473876
45	31	0.6706810767909582
45	60	0.5981361585783788
45	149	0.5555683564378242
45	62	0.51231973393655
45	50	0.4466519592661337
45	187	0.4377709852741481
45	44	0.4276441484324986
45	189	0.42622948480677975
45	49	0.4142493551609699
45	33	0.40104198083402187
45	175	0.39986649015100006
45	173	0.3848666249433476
45	40	0.371670539346875
45	122	0.3636884060346945
164	173	0.6146930915874014
164	149	0.533238849421224
164	62	0.5157924450881076
164	60	0.5116335056799872
164	145	0.5008274347291262
164	165	0.5007225433119745
164	50	0.4892622906862471
164	170	0.4673387514576186
164	175	0.4632096171714404
164	169	0.458665551960309
164	153	0.45853920254321595
164	156	0.44377355388690604
164	142	0.43980579474230924
164	47	0.42812612785288606
164	180	0.4261312803731823
164	187	0.41654964516223436
164	49	0.395725050527529
164	189	0.3952442031579961
164	31	0.38185541827413316
164	157	0.37153263338552944
164	179	0.3713085012291475
83	190	0.7701921796911393
83	87	0.6771111791492124
83	191	0.6435910546524072
83	158	0.54540697473937
83	97	0.49597968345502996
83	74	0.4843178507200826
83	85	0.4731878873301948
83	54	0.4244438725104056
83	89	0.40175502812485053
83	75	0.3932763824092286
83	193	0.39046621572151113
83	184	0.37672717292801183
83	192	0.3715153939873851
83	185	0.35691844185764715
190	87	0.7224113036123382
190	158	0.6533490869233758
190	191	0.6949777065408842
190	85	0.607210026017415
190	193	0.5536226479401253
190	74	0.550981797457773
190	97	0.5483578381275112
190	75	0.469571121855018
190	185	0.43706744729056834
190	54	0.43339555900796256
190	184	0.42485370919946097
190	73	0.4173179796403283
190	196	0.4109967720003931
190	78	0.38282876668021476
190	89	0.36960886408718363
190	192	0.3586275581221331
165	183	0.7149708728201741
165	169	0.6298153288926973
165	174	0.6947915378155378
165	62	0.5926364381004329
165	170	0.587401920336622
165	175	0.5373696996024062
165	145	0.504041931398893
165	60	0.480250636770592
165	167	0.4647006331527258
165	172	0.4632960108226328
165	67	0.45492252886931933
165	195	0.4231312263606046
165	140	0.4150360229396862
165	199	0.3673791984836247
165	182	0.3535455401332362
174	183	0.7654723370449639
174	170	0.6722515945382552
174	195	0.6340559311349867
174	182	0.6211098607892279
174	196	0.5685109922352827
174	60	0.49339661779410326
174	169	0.46606378234258117
174	175	0.4655234873380477
174	199	0.4374314131020105
174	145	0.3887443549071176
174	185	0.38311036699912343
174	62	0.38161622050240424
183	182	0.6304122558284609
183	199	0.5645521996717685
183	167	0.6207719229827695
183	196	0.6183875412879118
183	195	0.5696536772497991
183	170	0.5167606101172222
183	185	0.5055695313607413
183	169	0.4729239731849157
183	181	0.3830847699115349
183	60	0.3700750012214277
183	175	0.35459510100962904
183	172	0.35439400428005635
36	141	0.6332479763834812
36	37	0.5576113684259404
36	39	0.5398189058698479
36	2	0.5328666049459403
36	142	0.5270560037867692
36	10	0.5248786981743899
36	134	0.4909186782287384
36	140	0.47426594714271847
36	0	0.444439852292127
36	24	0.44007998782395347
36	138	0.4365333717555732
36	104	0.43272121690938264
36	127	0.42521422148694654
36	38	0.40142792565958435
36	30	0.3887952863886886
36	110	0.36433902650284933
36	136	0.3588366728253805
36	100	0.3556525042044413
70	176	0.7617201194745462
70	106	0.5802171501587654
70	0	0.5393865202586144
70	10	0.4527071258283707
70	101	0.4459552519466264
70	71	0.42971737802358456
70	156	0.39306502821171857
70	177	0.38114621891853345
70	79	0.35523314722467353
176	177	0.6256342300422132
176	71	0.5446618611390559
176	156	0.5198396484532726
176	179	0.3893384076344075
176	79	0.37586877319446244
176	142	0.35925479417165096
87	191	0.7611317970236274
87	193	0.5801972493706081
87	158	0.5735384695571218
87	85	0.5603066159322527
87	97	0.5596270432617155
87	74	0.523203069071571
87	54	0.46035369184974584
87	89	0.4576621431013107
87	73	0.44786789589844345
87	184	0.4338015551403853
87	82	0.40136920411617255
87	78	0.3877847018141149
87	159	0.3760662623311078
87	192	0.371765340181798
191	159	0.49010612294641015
191	192	0.4637042979630799
191	193	0.5856964261137945
191	97	0.5352539647321479
191	158	0.49468169029226305
191	89	0.44937750937532583
191	74	0.44609143268638124
191	82	0.4377224826063555
191	185	0.4294808990979167
191	85	0.4283139521989863
191	54	0.4227945743900401
191	184	0.38155641307064053
191	177	0.37702746014453825
191	73	0.3745885603944082
58	161	0.7544047394687469
58	56	0.6890580376950411
58	162	0.5041612724504343
58	163	0.46580542371437145
58	57	0.4345400161738894
58	184	0.39895878317212585
58	99	0.39202456084486004
58	73	0.3642869899409488
161	162	0.6052049650101122
161	184	0.46421438005915683
161	57	0.4482675135510952
161	56	0.6635445141963162
161	163	0.5297949105676273
161	99	0.3817699963685827
161	75	0.3604821913710513
161	185	0.35940284424710284
15	115	0.7541892214482653
15	14	0.7010793279358927
15	116	0.6890212719902938
15	152	0.6324686391541392
15	119	0.626321441359735
15	118	0.5752203893603884
15	18	0.5474410922860875
15	16	0.512806338133464
15	43	0.4873202848646634
15	117	0.4815882029291753
15	120	0.4767192282478414
15	17	0.47094969486886884
15	186	0.4649593310678077
15	133	0.43823163352068867
15	125	0.37959809571492686
15	75	0.36713696446540206
15	44	0.35446395468788505
115	119	0.6476673263093623
115	116	0.6847376542491898
115	14	0.6574449119241349
115	152	0.6427467343460315
115	118	0.6259019323285913
115	120	0.5989255241951523
115	186	0.5484906919835956
115	16	0.5346686353389838
115	18	0.5278139066454414
115	117	0.514896452767054
115	17	0.5112642956827194
115	125	0.4254189979306777
115	75	0.4191001970859927
115	133	0.4174335912835602
115	21	0.3741930379007391
115	154	0.3649112784825833
115	43	0.3642609708069348
115	188	0.35367678400480695
26	39	0.7502339360180859
26	143	0.6678045779021482
26	127	0.6501739630919114
26	24	0.5784898433445448
26	27	0.5471048559982926
26	22	0.5156162733262931
26	33	0.48590071455252654
26	44	0.470988604271863
26	149	0.4501592635053771
26	120	0.44953710700009475
26	17	0.44577097454854686
26	119	0.4332249881455118
26	51	0.4262867660874779
26	53	0.42348417490619406
26	138	0.4165248502605992
26	125	0.4163760678384816
26	136	0.4147628296496458
26	154	0.4051792274125322
26	29	0.39018649276393924
26	155	0.3802826119246408
26	18	0.37807355580829244
26	129	0.3779449894601665
39	143	0.7159617311379489
39	24	0.6066036285765871
39	127	0.6205198555315201
39	2	0.5227599099760025
39	138	0.5063284271873958
39	141	0.49705714446999905
39	33	0.4843331592961858
39	142	0.47024122362874277
39	136	0.469828317968267
39	104	0.455810287125394
39	22	0.4451056593036511
39	27	0.3935637574256941
39	34	0.37975214813865327
39	44	0.3633846616230244
39	149	0.36198644274795827
39	134	0.3543852602001708
78	73	0.6964122079790979
78	80	0.6509641239013141
78	75	0.6130417015748829
78	158	0.526152644144775
78	74	0.5202700787645694
78	182	0.5196790814098806
78	77	0.5175371204603781
78	184	0.5029147023034202
78	85	0.4926926944024423
78	94	0.49093385805672257
78	76	0.477661421111864
78	97	0.46854934502598894
78	196	0.45099609212573366
78	185	0.4234677615441082
78	7	0.4086087574034742
78	116	0.3537817690765037
76	77	0.7423661648389521
76	188	0.5082741561616487
76	187	0.5856898564783521
76	80	0.5724032897062541
76	73	0.5568943205127549
76	94	0.5544681488484321
76	189	0.5137932790997299
76	69	0.45322376029878814
76	182	0.44349243747366984
76	40	0.4036150423618358
76	116	0.3858203164579841
76	180	0.37285068727456705
77	69	0.5207658402465445
77	116	0.5225273200110677
77	43	0.5149846331153322
77	80	0.5028549337546926
77	187	0.49521775784035293
77	147	0.49123739201330086
77	188	0.454890806472378
77	31	0.45262761660337403
77	73	0.4367033382811241
77	75	0.4286486777344317
77	148	0.4052628070051494
77	182	0.3899490955737317
77	7	0.38106074290495195
77	94	0.3554865258443328
27	125	0.6003920602352756
27	22	0.5952512428660739
27	53	0.5671558627266631
27	21	0.5580108995128008
27	51	0.5407535854353239
27	120	0.5208022794446812
27	17	0.5008574010040178
27	143	0.4860458422465901
27	16	0.45765423761150265
27	24	0.45411324722373475
27	118	0.4118690309955005
27	129	0.3867901921115053
27	119	0.3819322924115513
27	117	0.3651453021543554
27	133	0.36084755811979696
17	120	0.7350568077670184
17	119	0.7155276697344547
17	154	0.6097793341294604
17	48	0.48774717892729974
17	152	0.6148797028901458
17	18	0.6061357149138136
17	118	0.5679693097875348
17	14	0.5647020628351695
17	16	0.5533104943106427
17	125	0.540774812657752
17	51	0.5398189058698479
17	44	0.5307724772072774
17	53	0.5253132626773735
17	155	0.5025933898133814
17	117	0.438377053594505
17	21	0.43428040409117247
17	46	0.4054884380663595
17	144	0.40122658091643343
17	143	0.3897286089015256
120	18	0.6356259785460149
120	119	0.7104787786397436
120	118	0.5824218313295115
120	44	0.566327722364847
120	16	0.5587060175885253
120	152	0.5452313179839482
120	154	0.5439722166613701
120	125	0.5253856634714278
120	117	0.5192848066319065
120	53	0.48847845487385366
120	51	0.4843484675757136
120	14	0.4760930681880157
120	22	0.443428170037005
120	21	0.435196836573516
120	143	0.43287562715857525
120	116	0.3912880142560895
120	48	0.38904142171520645
120	155	0.38680719984688033
120	33	0.35821793755967946
120	133	0.35620269297240253
97	54	0.5018082058635187
97	72	0.34735264617603506
97	85	0.548679436676756
97	74	0.5478821343154839
97	158	0.5220473575251449
97	177	0.508489205098345
97	185	0.42553365371585167
97	167	0.40688290962312923
97	184	0.3854883208729367
97	57	0.37241150279387475
97	73	0.365951030393467
60	62	0.7328656391633238
60	66	0.5297373627404474
60	187	0.4459712742819847
60	80	0.4449372485644747
60	91	0.44251186377155677
60	67	0.4422062227561934
60	50	0.41411680278106316
60	182	0.4089585736799643
60	175	0.3893468917574187
60	64	0.37689877532370225
60	189	0.36027336068639354
62	67	0.6242202704574642
62	41	0.5638978156349138
62	145	0.5872381565452462
62	175	0.4683932380970553
62	34	0.43809427127259504
62	169	0.41689670870787277
62	31	0.3693066387520616
62	66	0.3691770896855477
44	149	0.732717473875523
44	33	0.6835727249970103
44	18	0.6111343926363823
44	152	0.5057630497754866
44	154	0.4972001884561558
44	43	0.4612673699213899
44	136	0.4605743242586276
44	31	0.4496966759294222
44	22	0.4373828926030753
44	49	0.4332006183455016
44	143	0.4290404020558501
44	155	0.42147969443690836
44	119	0.412143013834121
44	51	0.4042426734263354
44	34	0.3992278150210903
44	46	0.3781506886182912
44	16	0.36612423368304386
149	156	0.5477421539454219
149	153	0.6012291848264859
149	33	0.5969080917896691
149	155	0.5600527224047236
149	154	0.553088423799557
149	136	0.5132926130573635
149	49	0.49677850758608755
149	142	0.4918441021126704
149	152	0.49100216359375415
149	173	0.4557389828720838
149	47	0.44763603562967097
149	138	0.4471001282562518
149	127	0.44458428591518173
149	18	0.43640385253190933
149	31	0.4148704601790592
149	148	0.40003449807062347
149	43	0.38876133233164833
149	122	0.3708169831563791
149	157	0.3586536994291121
145	138	0.5891152721178353
145	142	0.5778174477132392
145	41	0.5312894415725734
145	146	0.4807428753772903
145	34	0.4750329078794927
145	49	0.4574644841494806
145	140	0.4428977897292488
145	33	0.431493159372715
145	47	0.41447299745911453
145	175	0.4015118078540894
145	170	0.37370274502413425
145	169	0.3546650400106248
33	34	0.7306638233160074
33	138	0.6704279127334491
33	136	0.6514594178093202
33	22	0.5699845772562152
33	49	0.5195622823148146
33	24	0.4879986323326126
33	143	0.4818032343124979
33	42	0.4372373158265986
33	142	0.41854772416923286
33	127	0.40730838890682003
33	146	0.37710466405109716
34	22	0.6304845600048654
34	42	0.557680271539775
34	138	0.6377962593772671
34	24	0.6042789060556337
34	41	0.4977720941379947
34	30	0.46335883703843656
34	136	0.44148997730287676
34	141	0.3748292464987231
34	143	0.37072210486253837
34	134	0.36933254684321026
34	146	0.3645298077640072
34	49	0.36289850985507954
125	129	0.7171780485110899
125	21	0.5589329654405842
125	133	0.6921128722902914
125	118	0.5773976349382538
125	143	0.5601213526556517
125	117	0.5540663319308641
125	51	0.5488331873077863
125	119	0.5067596067981363
125	29	0.4955422352550512
125	53	0.49549696763559975
125	16	0.47438994922188715
125	154	0.42902408342915715
125	14	0.38810751097951857
125	127	0.38243611417903534
125	152	0.3668946806395458
125	155	0.36117803262366505
125	144	0.36020374243156744
125	18	0.3571627480192391
142	138	0.5589673441767924
142	156	0.5433170777877402
142	127	0.5046235371715453
142	38	0.44046694426425026
142	136	0.39336936509195974
142	141	0.3707652323191358
142	181	0.36701582877701383
110	104	0.7099980842050567
110	10	0.6329603704249466
110	135	0.5163060302793818
110	2	0.5042731372016181
110	7	0.45626966307832467
110	0	0.36775975125470023
110	4	0.362855093833758
129	133	0.7227314902677368
129	29	0.6352384317329515
129	118	0.5034747985395837
129	127	0.4716497836903023
129	143	0.4607712694005142
129	117	0.44272092735854474
129	119	0.4322415706231165
129	144	0.4286976520934699
129	21	0.3994799699588603
133	29	0.5956320578954623
133	118	0.5447321916538888
133	117	0.5009922343822432
133	119	0.4911918695221333
133	21	0.44678003043688796
133	16	0.4247225803947658
133	116	0.4002696639957216
133	18	0.3626727293423584
50	66	0.7179154406871827
50	173	0.6968651391188077
50	94	0.4435245694819568
50	180	0.4163843341137638
50	89	0.38537763348854887
50	189	0.3832980609947154
50	179	0.36459050447645236
66	94	0.4681277891902314
66	91	0.4627853751963745
66	82	0.3997152600454904
66	180	0.39038145879888414
66	67	0.3801542968359433
66	41	0.3634714536276165
67	91	0.5585753126739068
67	172	0.5310166485303959
67	41	0.5018605772205236
67	167	0.47321893047153996
67	42	0.3960876515286375
67	30	0.3812573279953375
67	169	0.37333273669839917
143	127	0.667743629350174
143	138	0.48775479991702275
143	22	0.4666193754315931
143	24	0.4627617999781784
143	136	0.46114140343963705
143	141	0.42354982557418086
143	51	0.4116198910486741
143	53	0.3611171625548067
119	118	0.6672834561055769
119	16	0.6059838689484807
119	117	0.5713198014298625
119	152	0.630014387288354
119	18	0.6162398803815485
119	14	0.6059269153229146
119	154	0.5720401060663759
119	116	0.5196790814098806
119	144	0.47016333264708726
119	29	0.4486429908467973
119	48	0.44816363018718214
119	53	0.4448089144942981
119	51	0.42882823806694587
119	21	0.4054633703876296
119	155	0.3661155741208843
2	104	0.7135847207030659
2	10	0.5972427122754945
2	135	0.46589155208472344
2	141	0.46090516618328004
2	37	0.4561667206335756
2	134	0.44582706297495134
2	7	0.40514579367893694
2	127	0.39739367625439165
2	0	0.3771303975221337
2	136	0.35937671907756047
104	10	0.6202307423334041
104	141	0.46530413814519755
104	135	0.4597860901891648
104	134	0.4286731652288608
104	144	0.417994941308985
104	0	0.4075669272157045
104	4	0.39923622115904756
104	127	0.3847217962632187
104	100	0.3728334674988612
104	150	0.3600906042100275
10	0	0.5307293790001623
10	100	0.4415382812192736
10	4	0.43612856412561557
10	134	0.41632646874122065
10	135	0.4020484943614115
10	140	0.39849622418155123
10	79	0.38191520972658466
10	141	0.3553554744577739
136	138	0.7047773557236494
136	127	0.5525815311967186
136	146	0.5478471420985875
136	141	0.5135356270140592
136	134	0.46935283233080916
136	154	0.4094497793043026
136	153	0.4030037830943753
136	155	0.3906865527426027
136	42	0.37975214813865327
136	24	0.3672148308327449
136	49	0.36595969116020594
136	22	0.36341069988679037
136	144	0.3583399666263516
138	141	0.6368520893627108
138	127	0.6190664357458869
138	146	0.5958191400858603
138	140	0.5113676935159313
138	134	0.510222106641229
138	24	0.5011345321238256
138	22	0.42735811346295594
138	49	0.4077837154302942
138	42	0.36606361541639
14	152	0.6904472750951207
14	59	0.3432571010646707
14	186	0.5350684280856879
14	118	0.5086078256430979
14	116	0.4983586001958914
14	18	0.47936538502195325
14	75	0.4572984156865271
14	144	0.43434531387835984
14	16	0.42964399431794764
14	117	0.4103732686838582
14	154	0.3981681049078811
14	46	0.38008585613779955
14	43	0.37136884876030435
91	94	0.5794670753886771
91	180	0.43865974915403394
91	41	0.4278075585505059
173	179	0.530801207820383
173	122	0.38394621483177405
173	153	0.46859617140018134
173	180	0.41782987146570594
173	170	0.41535879126760183
173	157	0.41159497366902803
173	156	0.40035363905378324
173	47	0.37513862583111496
73	184	0.6783331433514936
73	75	0.5715151112334267
73	74	0.49493844570681894
73	158	0.4879529195541105
73	182	0.48012752981995077
73	185	0.4769819168442819
73	80	0.46618119181627327
73	193	0.4634687717085695
73	94	0.44956104416895104
73	196	0.41088041387448254
152	46	0.5392517846375308
152	18	0.5844665659077821
152	154	0.5827521275213259
152	118	0.5309879270675889
152	116	0.5219455047638251
152	186	0.5043327914831744
152	16	0.48955127346090205
152	43	0.4895132555528152
152	155	0.44793984028961087
152	48	0.4146137836007531
152	117	0.403188036104556
152	51	0.3840911448723697
152	148	0.3580784607813025
193	189	0.5686936989037015
193	184	0.4709030011664076
193	187	0.4500874985006863
193	158	0.4226713798658876
193	80	0.4116614186472249
193	185	0.38389505853511235
193	182	0.3636189855555833
56	163	0.6159172478516219
56	162	0.5927661791312977
56	57	0.44376552320093965
116	186	0.5266369928033009
116	43	0.5154547442368435
116	75	0.49088831767851754
116	118	0.4879605385364162
116	188	0.4657506101556827
116	18	0.46134608953139333
116	148	0.44577097454854686
116	16	0.4263522262223999
116	117	0.4145144072076377
106	0	0.542922266034878
106	101	0.5152123819056003
106	100	0.4159792056862244
51	53	0.6845304565335314
51	155	0.6544995758065205
51	154	0.5895917156698719
51	21	0.5125262122891935
51	157	0.420426512596806
51	16	0.41834149814402255
51	49	0.4165909686211921
51	18	0.4060314213094481
51	118	0.4033722564306483
51	153	0.3930312076846461
51	47	0.38828586467819415
51	48	0.38828586467819415
51	179	0.3547087498709401
53	157	0.612998007108848
53	155	0.5614854958242567
53	154	0.510399606518829
53	150	0.5023242771750572
53	40	0.47928836044715434
53	21	0.4564359289237042
53	49	0.42340210531558997
53	18	0.40126014106703717
53	118	0.37364251921068864
53	144	0.36374046874315463
7	135	0.6836845818875034
7	75	0.4256564840410982
7	148	0.39846257561484355
7	186	0.3609519282846656
7	43	0.35812204899166256
135	148	0.5321430020391802
135	147	0.4754819034894153
184	185	0.5989383498058483
184	75	0.5216689722316473
184	182	0.4568554105158749
184	158	0.4258529799376074
184	74	0.4053213086894629
184	147	0.37371134845456633
184	186	0.36827848838928223
184	80	0.35779945928031304
184	162	0.3558795961372382
195	196	0.6779766734749576
195	170	0.6015164426488829
195	179	0.39005932214672484
195	169	0.3709291020703703
195	185	0.36893522637315174
196	182	0.5541079111785436
196	74	0.5107323015917761
196	185	0.5093635777532254
196	181	0.48516702806330364
196	199	0.416128047573972
196	158	0.39387640168508187
196	85	0.3708342329237468
170	169	0.5676237301752023
170	179	0.44817162164497293
154	155	0.6715549413405723
154	153	0.5614238666466548
154	48	0.47850228810844453
154	118	0.4687912529495375
154	46	0.4545179818439493
154	47	0.4535971372012091
154	18	0.45343032889047313
154	49	0.4387808778266555
154	157	0.4009664532284845
154	179	0.3926760279575993
154	21	0.36222972851135354
155	157	0.6304243072842657
155	153	0.6041963694618522
155	47	0.5303198091372143
155	49	0.5190364460732583
155	179	0.4510757487854727
155	156	0.39442542094516403
155	146	0.3911186222641569
155	18	0.36964339914809013
155	127	0.368148825584203
155	48	0.3645818337071994
31	148	0.4520549377376432
31	43	0.44210163776917316
31	175	0.4064489057612098
31	147	0.38514770886853467
43	148	0.6678433586824275
43	18	0.46596201418559313
43	186	0.4173344964165485
43	156	0.3897455710015391
43	75	0.37914437467320267
43	16	0.3561677676891412
148	147	0.5201387890427611
148	156	0.45360507966155317
148	175	0.4501114208149758
148	186	0.38528396626947237
127	141	0.5317629782670059
127	144	0.4357802883265924
127	24	0.4135532592282981
127	134	0.38873586609585276
118	16	0.5634952904020134
118	117	0.5460950873309711
118	18	0.5342042898855116
118	29	0.4468760717998318
118	21	0.4297907560532754
118	48	0.3964164154096364
118	186	0.3538867452345461
0	100	0.5568529270067493
0	101	0.519211768510431
74	185	0.5226945019119479
74	85	0.508051625021623
74	158	0.46265963313535285
74	75	0.4315826746254554
74	182	0.41014039567328553
74	80	0.40391635273112464
74	57	0.3934623397282003
47	49	0.6614910025024451
47	153	0.5928180669311506
47	179	0.5203502992682154
47	146	0.47159535363964866
47	168	0.45537444756607315
47	157	0.4538750804368631
47	169	0.40052996478911107
47	156	0.3607866713491515
49	146	0.5380592367576322
49	153	0.5162546884580824
49	157	0.4992375046092114
49	179	0.40360667137907363
49	42	0.3567962704620933
22	24	0.5996753056622821
22	42	0.49654497618395593
94	80	0.433866498183316
94	189	0.4251404913076188
94	188	0.42117537569219643
94	69	0.39967324782033464
94	180	0.3637317917828794
94	40	0.3626379900987622
144	150	0.6603533760395475
144	141	0.40024447016731685
144	29	0.3765297982029641
150	40	0.5117737559641327
150	157	0.5089709809682998
150	69	0.46339024839975584
167	172	0.6376360634931177
167	182	0.3869942675666836
167	175	0.3665744435131111
140	146	0.6113849372780956
140	134	0.6034847478483216
140	141	0.5803630681032164
140	37	0.5460810515745639
140	172	0.4733741285497058
140	175	0.39776412589324606
140	24	0.35521567091229034
180	189	0.6570188772924519
180	179	0.43492119053507255
180	187	0.4041171776385165
180	175	0.36621948468155885
180	82	0.3547437166429113
189	187	0.6421888610674787
189	80	0.49100216359375415
189	64	0.407950444318492
141	134	0.6401925809201561
141	37	0.5650969781619097
141	24	0.5548835496458249
141	146	0.42427168921187747
85	158	0.5562316924959368
85	54	0.4056722490739324
158	55	0.38082992513079233
158	54	0.4193145060352123
158	75	0.4124003237730512
158	185	0.37743915374868164
80	64	0.47886459331407727
80	182	0.6151905687671682
80	187	0.5566114097590665
80	147	0.41792066329426686
80	75	0.41703715226576776
80	185	0.3756970157520333
187	147	0.6124046399700062
187	182	0.6173241446997944
187	175	0.4483474155927093
187	185	0.3634540957313889
134	146	0.5679693097875348
134	30	0.4310780230899482
134	37	0.40681615174643193
134	100	0.39567444522497947
134	24	0.3724976305533495
172	175	0.637760665059303
172	146	0.4157807151616271
175	147	0.5227744442655721
175	182	0.42312301672621455
175	169	0.3711015715935251
18	16	0.523115912574102
29	21	0.37297982740585023
29	117	0.3558097261711194
157	153	0.4695633267887997
157	40	0.4446324253197656
157	146	0.37940978082863064
157	179	0.3612388996147107
182	185	0.6293082613232069
182	147	0.5802967463834514
182	199	0.5159538975585805
182	64	0.36001227154351345
169	160	0.5347614657146572
185	75	0.5841240944604978
185	199	0.42117537569219643
185	186	0.4049702488000194
185	147	0.37870760298830336
177	71	0.5685245279864105
163	162	0.4601645330793764
163	57	0.3783477819457315
146	42	0.43063826802704624
146	153	0.4187126739196834
75	186	0.5505219937389859
75	99	0.38018851562401224
147	199	0.35992522929374204
24	37	0.43430474578995015
16	117	0.5504035053100951
16	21	0.4683542067942627
162	57	0.38751278871338674
153	179	0.4877700416734392
153	156	0.44371733758838544
153	168	0.3954888718927688
40	69	0.6007309029493801
69	188	0.4020065756683699
117	21	0.41305575161939406
181	199	0.5661374957902083
181	79	0.4697893539853986
181	38	0.4263522262223999
199	38	0.5538861232446043
168	179	0.5656684656933879
168	82	0.465343311836732
168	159	0.44791585947037466
179	89	0.526853754593708
179	82	0.43824779243976714
179	192	0.4148042273808564
179	156	0.3779021307710438
179	159	0.3645471499979546
41	38	0.41456409664013194
41	42	0.36264667500414854
21	48	0.3555651499683319
42	30	0.4662281510085113
100	101	0.5064027865745029
38	52	0.4223510009974787
38	79	0.4080588035077557
156	79	0.44074899687538865
156	52	0.3847729144315497
156	122	0.3814196983729249
46	151	0.26487126702295766
46	48	0.4159295867698314
89	192	0.440757054243093
89	82	0.3870707860906946
101	79	0.39377501352781685
159	82	0.45960469375675367
79	52	0.4447768281222395
72	178	0.3220745121283636
