20	121	0.9263600613947255
20	124	0.8212353211390557
20	17	0.7289953929066249
20	19	0.9111915184669467
20	14	0.6636004813502279
20	120	0.6182084060820433
20	16	0.5806282780055314
20	51	0.5497200219994075
20	117	0.5271137783081231
20	15	0.5252770594276985
20	25	0.511146108604561
20	53	0.5030043461092724
20	18	0.4981556304393431
20	115	0.4949837465175956
20	136	0.4914270401749548
20	155	0.4834984096271262
20	118	0.4770668860933821
20	150	0.4764409945498231
20	157	0.47359911356877504
20	154	0.46404961794777855
20	119	0.4554537073677705
121	19	0.9168187318275368
121	124	0.7795019599167922
121	17	0.6927115222808289
121	120	0.6031285760676764
121	14	0.5985277778552371
121	16	0.5649199791549104
121	117	0.510170327653866
121	51	0.5086597160611607
121	15	0.489155796254896
121	155	0.4773371834650386
121	136	0.47105863657919433
121	25	0.45857868872787133
121	150	0.4540497424241049
121	115	0.45389890003486305
19	17	0.7184722677567775
19	124	0.6958401048276824
19	14	0.6246900133544294
19	120	0.6078283279537419
19	16	0.5325013185841898
19	51	0.5126810321687363
19	154	0.49740341500186447
19	136	0.4863360172249622
19	155	0.485709716231051
19	18	0.47244249946465633
19	117	0.4696568627516799
19	15	0.4671355121992268
19	150	0.45209471915510413
182	185	0.8623140834338275
182	198	0.7734667916746796
182	195	0.6914976139675995
182	194	0.7560930580439669
182	96	0.7172945858053511
182	190	0.6936829446932273
182	74	0.665142244585646
182	80	0.6458990479934174
182	184	0.6293022215740761
182	75	0.6230714674299442
182	193	0.6095719965910278
182	183	0.5976156976939607
182	187	0.588233097740706
182	81	0.5803100113432201
182	186	0.5793607906700584
182	73	0.5772776323126778
182	199	0.5447321916538888
182	60	0.5429786824174242
182	87	0.5383930836683632
182	147	0.5286790532424269
182	97	0.5194527655252977
182	90	0.5109761808094316
182	191	0.49523285287829055
182	83	0.49214727820203913
182	135	0.4832685075004631
182	99	0.47721363015571366
182	76	0.47438994922188715
182	93	0.467229321069791
182	197	0.4661029206580403
185	194	0.7770574415910063
185	74	0.7255282089839709
185	184	0.7014757315506396
185	193	0.6685407928474209
185	73	0.6585279839907339
185	80	0.6439072716232479
185	75	0.6333677606113414
185	190	0.633146135931049
185	186	0.5959223301761281
185	198	0.5937253068142773
185	96	0.5863989324635422
185	187	0.5757086429483373
185	60	0.5612320915971327
185	90	0.5442256409442457
185	195	0.5379313357653247
185	87	0.5233918706067291
185	183	0.520065839684612
185	191	0.5018755397895598
185	76	0.47425044555945545
185	81	0.4742194415107292
185	88	0.46901749026708933
185	147	0.46838543198274724
9	108	0.860741704067584
9	109	0.8593097591114203
9	11	0.800067565932374
9	3	0.6810286795310457
9	12	0.664103851542323
9	103	0.6210484347201158
9	105	0.598566282342379
9	70	0.5792146170048813
9	1	0.5467614325848493
9	106	0.5382794526188323
9	5	0.5212830989935796
9	112	0.5100297660456002
108	3	0.7195735203971677
108	109	0.8560580371096522
108	11	0.7676579257761829
108	12	0.7137907936052289
108	103	0.7050037638985438
108	105	0.6120545420298172
108	1	0.5762031662523199
108	112	0.5706255916660713
108	70	0.5244148609190007
108	106	0.5240957921332449
108	102	0.47380077174159974
109	106	0.6337568498046682
109	11	0.7507798600718693
109	3	0.6697667494394215
109	103	0.6525057691821232
109	12	0.6312851988235944
109	70	0.5818400426616959
109	105	0.5520186099036843
109	112	0.5479451154747719
109	5	0.5466983348058455
109	1	0.5274964114402625
109	95	0.45382743929485103
109	157	0.4530568808913104
36	139	0.8484798138440285
36	176	0.7166871809149409
36	32	0.6711924315052273
36	142	0.6876479036355679
36	38	0.6835407599862455
36	79	0.6400981466944937
36	141	0.5991755681813846
36	98	0.5973391988022846
36	7	0.5876049206498948
36	114	0.5665178886199257
36	199	0.5513090296508254
36	71	0.5244801068542184
36	156	0.5178884677103714
36	102	0.4920260220858857
36	70	0.4853658023530234
36	0	0.46772164504665764
36	1	0.46650985098725073
36	113	0.46502987126960876
36	140	0.4624552625793109
36	177	0.4529297133601072
139	142	0.7111219700880087
139	176	0.7101220378808628
139	114	0.6064961720499984
139	141	0.5867596910361259
139	32	0.5623886748288998
139	7	0.5482179620526749
139	71	0.5373554747734093
139	177	0.5256390063417504
139	79	0.5252408542763
139	156	0.5251032573578165
139	199	0.5165846782678445
139	38	0.5091932315880573
139	102	0.5021074211978876
139	98	0.49104010850593827
139	140	0.4867787091244958
139	113	0.4861451246998742
139	1	0.45814424112361674
139	143	0.4562617448622509
96	198	0.8472146226579921
96	75	0.7159617311379489
96	190	0.7070649852065242
96	95	0.6639473119371958
96	80	0.6397851951421738
96	87	0.6381164856600366
96	74	0.6335234347448521
96	197	0.6152900054689722
96	81	0.6095782807725307
96	83	0.6006733788250471
96	90	0.5984058287337809
96	73	0.5887887043539421
96	97	0.5729342095490034
96	88	0.565804454144083
96	194	0.5329954821558034
96	55	0.5173394108994173
96	99	0.49590427930002845
96	199	0.4927684160623273
96	85	0.49035681506773726
96	98	0.47349826585601124
96	191	0.4657036242605681
198	190	0.7620976647607814
198	197	0.7436204533018422
198	99	0.6042662089621099
198	95	0.6553219478090219
198	81	0.6496656714428908
198	97	0.6167606193672163
198	199	0.6014972969643188
198	195	0.5922275527998132
198	75	0.5713063294022376
198	183	0.5666197385864687
198	194	0.5467894740489883
198	83	0.5277056862062224
198	74	0.4983360506975977
198	187	0.4972227718784727
198	80	0.4840652163995741
198	191	0.4722715861245002
198	87	0.47049042554234466
198	61	0.4565309236693009
198	55	0.4530012473646533
198	181	0.45281842664966054
137	140	0.8401549278632433
137	146	0.8015382900576409
137	165	0.75835833863918
137	33	0.7093379105758759
137	34	0.6930858440600669
137	171	0.6783169470975059
137	31	0.6226552794363824
137	145	0.6115539856522946
137	62	0.5849009415152194
137	166	0.5823160959075324
137	138	0.5587197743865214
137	173	0.5558793833689019
137	167	0.5534908687069763
137	143	0.5312391984970533
137	44	0.5218072522059207
137	164	0.520065839684612
137	156	0.5176615759153459
137	114	0.5032732125968992
137	142	0.49658264740298325
137	32	0.465288468158193
137	79	0.4645673335587979
137	42	0.4636571979532646
137	174	0.45548540926702147
140	138	0.6720597221730397
140	34	0.6619238527787242
140	142	0.646394168302931
140	146	0.6460622065191958
140	143	0.6328584680620913
140	114	0.6293867711444602
140	32	0.6264854984046536
140	166	0.623890570865587
140	145	0.608584429763179
140	165	0.5843216995394845
140	141	0.5834912927249635
140	31	0.5802569496566964
140	79	0.5736391189410136
140	33	0.5637272867848745
140	156	0.5335751235935203
140	35	0.5240740320831008
140	171	0.515418027970263
140	22	0.512555704359828
140	134	0.5108357755447068
140	38	0.50635817184591
140	42	0.48972613186597314
140	127	0.4734051646393987
140	30	0.46771383264549016
140	167	0.46672106388914697
140	62	0.4560400054784612
140	24	0.45531103452707394
81	93	0.8391519918438783
81	61	0.7511984346738395
81	97	0.6640367702678491
81	60	0.6949053186600048
81	92	0.6729306446036476
81	74	0.6010567555037254
81	80	0.5888148368529321
81	65	0.5887756376428407
81	99	0.569876548592119
81	190	0.5432959332465112
81	76	0.5418635515098149
81	37	0.5354323166608476
81	181	0.533453511973701
81	85	0.5325872861719194
81	63	0.520663800396221
81	66	0.5112052045603541
81	55	0.5102812780980075
81	183	0.4993275906415388
81	69	0.48740415745171123
81	197	0.45637259331172436
81	90	0.4561667206335756
93	92	0.7660513890607366
93	60	0.6977590737019469
93	61	0.6155012434612578
93	65	0.6143632433842459
93	66	0.5914933906243434
93	85	0.537206095609282
93	74	0.5270198922367153
93	94	0.5258199084744303
93	63	0.5192994133459957
93	80	0.5150581084139878
93	97	0.5007824830655612
93	91	0.49800524726493095
93	69	0.47767685775572777
93	90	0.4745526733855826
93	195	0.4567762785875655
93	37	0.4556359775126678
93	76	0.451744580967063
132	133	0.8387966454653977
132	28	0.8350220578472096
132	131	0.6561541585746686
132	128	0.7526283515564359
132	29	0.7372099034690788
132	129	0.7171683352588339
132	126	0.6671891408333667
132	125	0.6623001299124499
132	26	0.5979627276273898
132	21	0.5882069378522865
132	25	0.5825209403918347
132	23	0.54618631227441
132	27	0.5186052593914324
132	118	0.4602748807740715
133	29	0.8370091497173356
133	128	0.7910009077038852
133	129	0.7495730928297166
133	125	0.6717964361098402
133	28	0.7612789952402276
133	126	0.6292720216881624
133	25	0.613122838491562
133	131	0.5885665284125577
133	21	0.5805354685494573
133	26	0.5762632822266546
133	23	0.5079700132709297
133	124	0.48081976030962303
133	135	0.47512582383084245
133	27	0.4737077049111864
29	25	0.7293372638870654
29	28	0.6975126877081672
29	129	0.6836739302340076
29	128	0.6804384176539028
29	26	0.6577967834870506
29	125	0.6549395093436707
29	21	0.6360906121918888
29	23	0.5966827494653563
29	131	0.5559208418727652
29	126	0.5240885388592242
29	27	0.49094903758661784
29	124	0.4896577137021842
29	118	0.46851032103622436
28	128	0.6818696136028805
28	129	0.6694081752593551
28	131	0.6441940190058433
28	26	0.634886381269009
28	126	0.6325346327388505
28	23	0.6074309326550473
28	25	0.6069574462895874
28	125	0.5833857568073675
28	21	0.5553125066504523
28	27	0.5527621151972885
98	199	0.8253590763946727
98	177	0.6741053465810063
98	176	0.6925970716764819
98	71	0.6678544382394029
98	38	0.47783120797167744
98	97	0.4583496436540763
199	176	0.7650994333518354
199	177	0.63835354807831
199	71	0.5624091860521879
199	195	0.559544619618237
199	197	0.5340184613774649
199	142	0.4940847780240218
199	38	0.45535066821785
14	17	0.8248163853905348
14	120	0.7106867089410324
14	152	0.6951999526856435
14	15	0.6923107925405304
14	115	0.6740889787905513
14	18	0.6552820072567824
14	154	0.6479690987070436
14	157	0.6349699425407983
14	119	0.6288490237247993
14	155	0.6242141669288255
14	124	0.6077904938905662
14	51	0.6022817034642693
14	149	0.6005263444709733
14	16	0.5964251001065302
14	46	0.569910309666077
14	43	0.5657704599164236
14	151	0.5440285417483075
14	117	0.5223237399751155
14	118	0.4942510535984759
14	136	0.4845015340585609
14	116	0.471984060862209
14	125	0.4679872232000995
14	44	0.45383537966536863
14	130	0.45112353933211735
17	120	0.7686008722453779
17	154	0.7285217929886926
17	15	0.6961494595628093
17	18	0.692846737119108
17	119	0.6928207380485181
17	157	0.6545510195035669
17	155	0.6544595598518872
17	16	0.6503586522816442
17	124	0.6442057191364163
17	115	0.6406526707791618
17	149	0.6318923053149661
17	152	0.6302977518410794
17	51	0.6236584268292981
17	46	0.601873701931796
17	117	0.585643866875491
17	136	0.546137192760642
17	48	0.5271354424974732
17	44	0.524291601792452
17	53	0.5133515330932509
17	49	0.4895740833124169
17	118	0.48863833011924085
17	151	0.47962721333937575
17	130	0.47377750602604635
17	125	0.45460525295476545
124	25	0.5691062740897589
124	125	0.5656344637723794
124	51	0.5615676583724503
124	16	0.5441270988535674
124	53	0.5343043300117304
124	128	0.5312104864903915
124	118	0.5248642079752358
124	120	0.5243278567578277
124	157	0.5202336118637108
124	115	0.5083038218537879
124	40	0.5078216049023848
124	130	0.5010821097923166
124	150	0.5006401183095726
124	15	0.4997028329044731
124	155	0.4963490556921806
124	117	0.48363631889525244
124	119	0.46794817288843366
124	136	0.4573537753854542
124	26	0.45298535142324
62	63	0.8211050493335549
62	68	0.7895742194833861
62	34	0.7672469090839741
62	167	0.7167017713857737
62	67	0.7108104180592824
62	65	0.6995353348410978
62	165	0.6700754246332945
62	66	0.6660223045318019
62	35	0.6552705949973996
62	61	0.6374045720402999
62	33	0.6343667746186692
62	166	0.5590842175062273
62	41	0.5465580952878291
62	31	0.524523600722517
62	146	0.5019578285500508
62	92	0.47164200818881397
62	37	0.45531103452707394
62	69	0.4518400870093122
63	65	0.8179527474295689
63	61	0.7351900898839163
63	72	0.37469171776617505
63	66	0.7090347071840923
63	167	0.7088606195648405
63	92	0.6637571498681709
63	68	0.6614741292779973
63	37	0.6233833770811816
63	169	0.5923184425769779
63	35	0.5867793620818039
63	69	0.5649199791549104
63	60	0.5395637618999247
63	34	0.5224618900662545
63	76	0.5049141684430877
63	67	0.5030939790938838
63	165	0.46240023133882885
63	183	0.46200704745440574
65	92	0.7232040346069545
65	68	0.7028850300421081
65	66	0.6846579759142459
65	61	0.668833807197599
65	69	0.6024983263916819
65	67	0.5896308571817032
65	60	0.5707199982243217
65	37	0.5532896785402147
65	169	0.49082000208116133
65	167	0.4743434506478709
87	88	0.8107452861931369
87	83	0.764268917891203
87	191	0.7391803396352223
87	90	0.7500196542319053
87	190	0.6686458596098641
87	74	0.6549966110275756
87	193	0.6399564590836361
87	73	0.6291330777346719
87	194	0.6278080747224999
87	75	0.6256950844157725
87	80	0.5810854756182076
87	89	0.5400385337295868
87	82	0.5320784848051545
87	91	0.48463926853264083
87	55	0.4717897301744377
87	184	0.46755756927611525
88	90	0.7946777385386965
88	82	0.608080484522626
88	73	0.7266156926475311
88	193	0.7154056428701362
88	75	0.6853426748605782
88	80	0.6221590659528268
88	83	0.5945340689898939
88	84	0.5914088665014594
88	74	0.5680776856760438
88	184	0.5656276631573791
88	194	0.5593041540986108
88	89	0.49881696040853213
88	91	0.4947647676740553
88	191	0.4891634034837543
88	55	0.47178195599325534
88	190	0.45895766396098003
127	143	0.808367446597534
127	138	0.7037441221601574
127	26	0.6693916181460092
127	149	0.579094992657362
127	130	0.5566459179855805
127	39	0.5455615130649143
127	129	0.5409658266658465
127	123	0.5388687010654835
127	118	0.5357817479502418
127	18	0.5299099915879889
127	131	0.5163720357395709
127	125	0.510954013369348
127	142	0.5068190599638057
127	22	0.5067075813236483
127	136	0.5064771384308313
127	156	0.4995752715660385
127	52	0.48158052216415775
127	119	0.4528581735233458
143	142	0.6917271497764084
143	156	0.6306351585691093
143	138	0.6192206010700638
143	39	0.5684906880314426
143	131	0.544893922761061
143	149	0.5424566438840996
143	26	0.5400172826338383
143	130	0.5244293605479954
143	145	0.5034673333707261
143	141	0.49263968480068604
143	38	0.46900188966887585
143	22	0.465452988475093
143	52	0.45857079163579484
143	18	0.4579387896532555
23	25	0.806138074005346
23	27	0.6206120902121445
23	26	0.6154763965207662
23	128	0.5657568616868222
23	123	0.5655528513148259
23	126	0.5428305789604349
23	129	0.5266731245257462
23	21	0.4879681574443671
23	22	0.48667950680392486
23	131	0.4669556824662355
23	125	0.45585782004430636
25	128	0.6759289213051244
25	27	0.5964508705757087
25	26	0.5942365842022768
25	126	0.5467964842233678
25	125	0.5420189374398942
25	21	0.5312894415725734
25	129	0.5169658087931663
25	123	0.5044669960170287
25	16	0.5023990404513233
25	131	0.4775842334684873
25	118	0.47569857138633437
25	53	0.45122707664127276
32	114	0.8051554627003688
32	79	0.7364694548895333
32	30	0.7289391601016254
32	134	0.6486994734319835
32	141	0.6349580061257732
32	31	0.5628739214650222
32	34	0.5298452609149616
32	37	0.5254146216590285
32	166	0.5212685335631132
32	42	0.5104809460983584
32	35	0.5017782777218259
32	181	0.49350252884640655
32	7	0.49285170126925054
32	142	0.47898018831524797
32	38	0.47224050715545063
32	172	0.46489662370979556
32	2	0.4628639545292263
32	13	0.46269892952947067
32	102	0.45385920034448646
114	141	0.6619069967396132
114	134	0.7083278729044354
114	79	0.6872998330771016
114	30	0.6567516814907698
114	31	0.5203065437682136
114	142	0.5043402479299232
114	113	0.4900529354025916
114	7	0.4874499023451192
114	110	0.47767685775572777
114	102	0.474591412454373
114	2	0.465233620906999
114	156	0.4606688635881073
18	149	0.802359109049221
18	16	0.6828475407417984
18	118	0.6800408348996078
18	48	0.5387551519926839
18	44	0.720872970266876
18	120	0.7146138503880823
18	136	0.7057674588636943
18	119	0.6938489251145872
18	15	0.6631581383695183
18	154	0.6291995342080627
18	46	0.6166738669896444
18	130	0.6035864670111577
18	115	0.5892458453707863
18	51	0.5888866948780938
18	152	0.5844402293387487
18	117	0.581476122048804
18	155	0.5703287871339302
18	26	0.5483018913788142
18	151	0.5362164979386659
18	22	0.5232393810490396
18	125	0.5199855866264164
18	53	0.5169364983329803
18	156	0.5151903448789483
18	52	0.5073539214923387
18	157	0.4972302995361945
18	49	0.4832838363832948
18	43	0.48260141434551934
149	44	0.7984784577383873
149	119	0.7627675787642711
149	154	0.7583413424184114
149	136	0.7388354004793529
149	130	0.6869936920883707
149	122	0.416268599995855
149	155	0.6698274003459092
149	46	0.6535095353588803
149	152	0.6379089567460883
149	156	0.6339542647544443
149	120	0.6150475942099284
149	157	0.6092388253336182
149	118	0.605388713570949
149	15	0.5991755681813846
149	49	0.589004260657805
149	51	0.5791016391087673
149	173	0.5708278729621783
149	115	0.5436552967023435
149	164	0.5416021370710186
149	45	0.5405129621141567
149	145	0.528203358345428
149	52	0.52387816084168
149	53	0.5160566209584171
149	138	0.5072722318138365
149	31	0.5058374663852696
149	48	0.5033180142084074
149	146	0.49110840465256606
149	125	0.4846851746844741
149	151	0.48466222194229214
149	16	0.4830078711581281
149	33	0.47328877324271446
149	117	0.4694307994630181
146	150	0.5269187697716327
146	171	0.7074398306861766
146	165	0.6664505238435865
146	33	0.6388628224522318
146	145	0.5883115700198569
146	49	0.5861035932180969
146	164	0.5824086154793616
146	34	0.573759875340022
146	31	0.551489978881417
146	67	0.543775040250446
146	173	0.530183230806114
146	154	0.5198761358418574
146	44	0.5015388093395874
146	172	0.5009997244125293
146	144	0.49862162785338143
146	153	0.49169246932291005
146	138	0.4876480992958743
146	42	0.4774221154186274
146	68	0.4750638810404027
146	41	0.46489662370979556
38	142	0.8014667713196788
38	156	0.6675829038817075
38	79	0.6604886986108778
38	78	0.6421947369644114
38	181	0.6181280832395181
38	52	0.5904652163910857
38	145	0.5821574558282299
38	41	0.5578042777790381
38	44	0.5313612109122322
38	31	0.5287655075722602
38	33	0.490683352779399
38	176	0.4673621989636153
38	39	0.45958891834123716
142	156	0.7291780815871491
142	145	0.6856925181424006
142	141	0.607998547089731
142	79	0.6072983999420258
142	181	0.5703962557932301
142	176	0.5551949187875305
142	52	0.5247337824932508
142	130	0.49823081079072723
142	39	0.4900529354025916
142	138	0.4780163892924279
142	174	0.4728773912882545
142	44	0.46575844088290214
142	166	0.4590681669607672
142	22	0.45626966307832467
11	12	0.6852153806250573
11	3	0.6645731211536635
11	103	0.60422811584013
11	70	0.6017780310882104
11	112	0.598867805144579
11	105	0.5526579384537259
11	1	0.5288015269718396
11	5	0.4598334046889112
44	33	0.7479739063487603
44	49	0.7059480941865821
44	45	0.6279897975973158
44	31	0.6823775855365136
44	154	0.674999112142606
44	119	0.657864854520491
44	46	0.6308519370916473
44	156	0.6279958538474241
44	136	0.6126108352755751
44	173	0.6092639778427976
44	164	0.5595240119777568
44	155	0.5539970270411623
44	130	0.5526857206076725
44	145	0.5510375085267011
44	152	0.5193067165892626
44	52	0.5172881438475532
44	15	0.5094894601383912
44	120	0.4999203875245513
44	22	0.48675581739555623
44	51	0.47776947142490234
44	67	0.4749322369774649
44	157	0.4628403814931123
44	151	0.45778862109680435
60	92	0.7962202278108053
60	74	0.7672469090839741
60	64	0.5968759057925942
60	80	0.7227744767988938
60	76	0.6381520527392812
60	90	0.5838473309800465
60	61	0.573075259318581
60	91	0.5713602156655163
60	97	0.5547312681244161
60	37	0.5433382216396888
60	183	0.5174492563645746
60	85	0.5076731663847879
60	187	0.4858701579388197
60	194	0.4790418321913568
60	169	0.4635943938636103
92	66	0.7333004729586259
92	91	0.6881799457026994
92	61	0.6728211970054677
92	69	0.642241741423015
92	37	0.6244033408852755
92	76	0.6170641347225437
92	94	0.5837814149023628
92	64	0.5824284391391299
92	80	0.5684568461526501
92	86	0.5657772589158235
92	74	0.5480850513675538
92	85	0.5460880694910913
92	90	0.507316790950536
92	68	0.49997289125955696
92	97	0.48922425863535085
92	169	0.46478687460933765
92	183	0.45326348880961476
73	75	0.794714584339707
73	90	0.7502820184443916
73	184	0.7168913904176926
73	84	0.6342771292698479
73	80	0.7174207892700567
73	74	0.7031733075158023
73	194	0.6210115754161715
73	193	0.6133162666401742
73	186	0.5598605168035953
73	76	0.5303054337667447
73	86	0.5210500156629421
73	55	0.5172075738359221
73	190	0.4734439580986198
73	77	0.4673074870935378
73	58	0.4599753325231975
75	80	0.7262992787987447
75	90	0.6930078911545288
75	184	0.6692094460066227
75	186	0.6546481743955366
75	74	0.6369769007461518
75	84	0.6262120391657708
75	190	0.5753675774623884
75	194	0.5684568461526501
75	77	0.546501990894926
75	76	0.5277850495370113
75	55	0.5154767730883897
75	193	0.5104143962126872
75	95	0.5054876428676501
75	83	0.47911117590457203
75	86	0.4693294407638857
75	58	0.4522299625215582
31	33	0.7946777385386965
31	79	0.6506240083444517
31	34	0.608464787181771
31	30	0.6053063515037619
31	156	0.5490777140726386
31	78	0.5459406771482506
31	22	0.5366652035756051
31	68	0.5291040147294686
31	41	0.526239418272993
31	24	0.5236096546892051
31	138	0.5196425837789409
31	45	0.5184005360652354
31	42	0.5174712234115757
31	181	0.5137343953622219
31	49	0.4981029997363991
31	52	0.48427957798233234
31	145	0.47874898170540797
31	135	0.47349826585601124
31	67	0.47341292347816855
33	34	0.7255471527869088
33	49	0.6511772834631483
33	67	0.6438545840617593
33	68	0.5998353790428784
33	22	0.5971204711884213
33	41	0.5967922132091334
33	145	0.571225490771233
33	42	0.5571495193420002
33	173	0.5142347528308229
33	165	0.5029221730338705
33	45	0.49921498141446563
33	171	0.4896653160181928
33	79	0.48713725891644544
33	138	0.4697425947896634
33	156	0.4696334797492892
33	164	0.4622744322686099
90	74	0.7639776369921208
90	85	0.5571012465505008
90	80	0.7091888269365593
90	194	0.6752059220414529
90	84	0.6152589336026292
90	91	0.56485188876686
90	83	0.5617114161877562
90	193	0.548462725051594
90	86	0.5430773992936786
90	55	0.533560817489105
90	190	0.5165626837188844
90	184	0.5124745982558095
90	104	0.4653589808029436
90	64	0.45360507966155317
90	76	0.45248448185998325
37	61	0.7924562492367099
37	35	0.7016737707631532
37	69	0.5868121456189532
37	66	0.5726452874391084
37	76	0.5515108543001291
37	97	0.540951679393297
37	24	0.4982082574718558
37	183	0.47714412312702076
37	167	0.4623766454308703
37	169	0.45453384996778395
37	166	0.45140226595497807
61	35	0.735199279659425
61	69	0.6833702356433378
61	66	0.6632197582154491
61	68	0.5874608635289206
61	97	0.5827587314824194
61	183	0.5547520359753976
61	76	0.5389254682599981
61	167	0.5169584812917606
61	24	0.5011045769561504
61	166	0.49797516703479466
61	169	0.4590681669607672
128	126	0.7502645348439837
128	129	0.6361799119807676
128	125	0.6104322157859986
128	27	0.5762632822266546
128	123	0.575748755136219
128	21	0.531949431799128
128	26	0.4848993680890971
128	131	0.4801660027740779
128	118	0.454890806472378
68	67	0.7875320403119855
68	69	0.6919565459047269
68	172	0.5823359228000944
68	66	0.6679652175309023
68	34	0.5850522360636985
68	41	0.5630446906682154
68	35	0.5168852021109134
10	13	0.7894612209549805
10	110	0.7399640861085672
10	8	0.6873420402714479
10	2	0.6570870710589592
10	160	0.4773371834650386
10	111	0.6903583066179574
10	7	0.6806960951826369
10	102	0.6649860914853494
10	113	0.629899788016243
10	0	0.5760094168081807
10	12	0.5542880559712944
10	107	0.5410011935079234
10	104	0.5306862780481416
10	105	0.5200731349618954
10	1	0.5199782904385805
10	134	0.49129049819480036
10	103	0.4638298851762033
13	111	0.7664642379289894
13	7	0.7388172350524721
13	110	0.7252344394088416
13	102	0.7054059127538977
13	113	0.698563809139622
13	0	0.6205567514643299
13	2	0.613122838491562
13	12	0.6037262987836824
13	112	0.5843546269850185
13	1	0.5517821718821424
13	70	0.5442889815022911
13	104	0.5435496222478094
13	8	0.5379597603488105
13	105	0.5338683314441083
13	3	0.5309951075476742
13	103	0.5129463601243063
13	134	0.5009622735106091
13	30	0.48818145667713714
67	66	0.62344451258641
67	171	0.6154888201439419
67	49	0.5590498453035214
67	173	0.5262104947811951
67	165	0.5147568115954366
67	41	0.5030566333320834
67	50	0.497674298827676
67	34	0.49131325686875155
67	35	0.48294653251638325
67	69	0.4784483138114358
67	47	0.47563667216130207
67	174	0.46318605373848637
67	45	0.4581521421259616
155	157	0.781417274731799
155	51	0.7519729458541323
155	154	0.7379941253816863
155	119	0.6836792560971671
155	152	0.6427173895712186
155	173	0.6186345189230947
155	130	0.56980226745687
155	46	0.5657024656910691
155	53	0.5258777871135158
155	120	0.5243278567578277
155	136	0.5225055107132003
155	156	0.5195111766037804
155	49	0.5176103322040491
155	47	0.5137343953622219
155	179	0.47918051363784253
155	144	0.472885155121269
155	145	0.4703814089359529
155	15	0.45849971454792265
155	115	0.4563805105161528
157	51	0.704394651261106
157	154	0.6924773814741131
157	152	0.6629900385464774
157	119	0.6483750097612552
157	173	0.5867006737438303
157	53	0.5595652265668754
157	130	0.51853215074173
157	49	0.5077993410466817
157	46	0.4858625185998065
157	144	0.4721550339363904
157	125	0.46324888810440196
84	86	0.7805200736120926
84	80	0.5787692222391009
84	82	0.5732901270270193
84	184	0.5654508201641343
84	94	0.553095364693122
84	91	0.5449853180661309
84	76	0.5274170146046617
84	77	0.5163500346011332
84	189	0.4521901872191624
86	94	0.6297429235026228
86	91	0.5929283121653947
86	76	0.5718786190708949
86	80	0.5705986155929906
86	69	0.5168045862619709
194	193	0.7554841856677187
194	190	0.7237378150629696
194	74	0.6723228384248311
194	184	0.6313393288578114
194	191	0.5951156339654285
194	83	0.5557549912637778
194	187	0.545062642440688
194	195	0.5340827924708937
194	80	0.5228107786598283
194	183	0.5034449374131371
194	55	0.49157872515734885
194	85	0.48538873462023746
194	186	0.4838890901944262
165	167	0.7731049656880673
165	171	0.7190764718128455
165	175	0.6472433411905864
165	166	0.632828492605635
165	164	0.6035228948365552
165	34	0.5302838701392842
165	174	0.5259501285643005
165	173	0.46004628762803434
165	35	0.4540497424241049
165	153	0.45196741228904264
167	166	0.7489195345117005
167	169	0.6910433477809516
167	175	0.6299842322448832
167	183	0.6189800823175212
167	35	0.5903479607809055
167	34	0.5567080279527986
167	171	0.5111313338604087
167	172	0.5104587634825407
167	170	0.5041761887282553
167	187	0.46269892952947067
167	66	0.4568554105158749
95	197	0.7725814384934345
95	5	0.5929153432912714
95	106	0.56520587477988
95	99	0.554364255447587
95	190	0.5180860237957792
95	176	0.5177420942442945
95	70	0.4641437716585374
197	99	0.5917013946287167
197	176	0.5849864608276151
197	181	0.5379171230148567
197	190	0.5111682701543904
197	195	0.49661278303134576
56	162	0.771207233126757
56	161	0.7551319877720379
56	163	0.6679098315846816
56	58	0.5545858738128169
56	57	0.5151168832036643
56	101	0.5022046403093483
162	57	0.5274170146046617
162	161	0.7000813217973414
162	163	0.6392473680025265
162	101	0.4675966378587129
162	58	0.4527866278548148
175	196	0.7699072633249859
175	183	0.7182109156798517
175	174	0.61813426237805
175	170	0.6276626471280287
175	166	0.5995344013791437
175	169	0.5849996164905086
175	180	0.5728670310611892
175	171	0.4930939341619944
175	195	0.4897413350833782
196	195	0.6981129645335086
196	183	0.6740944347942596
196	174	0.49401674577808136
196	170	0.4808428243476696
196	181	0.4670182363205609
120	115	0.7523073454145903
120	16	0.6775008838178036
120	119	0.6689719494307597
120	117	0.6684522948685269
120	15	0.6364060618439671
120	154	0.591883333529668
120	136	0.5772376258949233
120	151	0.5304994755383177
120	118	0.529053609436764
120	152	0.5195768832637867
120	51	0.46765914379111545
120	46	0.466869663285229
74	80	0.7424334912129191
74	76	0.5905694226778836
74	190	0.5701735800101259
74	97	0.538350474318732
74	193	0.5270126696983195
74	187	0.5269187697716327
74	83	0.5229560972410101
74	55	0.4945306173426149
74	85	0.480696740869349
74	184	0.4713309279915648
74	191	0.4636179459431841
74	91	0.4557152134877272
74	64	0.454351349126632
34	42	0.6132413999516498
34	24	0.5656004599280507
34	41	0.6158613866203002
34	22	0.5585821925716781
34	35	0.539152488089975
34	166	0.5226945019119479
34	138	0.4915104706056821
111	102	0.7072849427685876
111	12	0.6432922034032128
111	110	0.7263418000613306
111	113	0.6651478204065034
111	105	0.6121858568896891
111	112	0.5847430255373349
111	7	0.5741957324719145
111	8	0.5695455882489145
111	103	0.54143958338604
111	3	0.5154841158875032
111	107	0.49628122527694074
111	1	0.49619831320702973
111	104	0.49468924315515306
111	0	0.46900969000456677
111	70	0.4649985207977161
176	177	0.5655188428545567
176	71	0.5421178001032911
176	70	0.5294927300578938
176	7	0.49579870091836226
176	141	0.45800991300759447
83	190	0.7316644302048302
83	191	0.6317541214480874
83	97	0.47931917116315076
83	89	0.47861793514101314
83	85	0.4757527293436882
83	193	0.4686429951413284
83	55	0.4683932380970553
119	154	0.7535805845712794
119	136	0.619282253836913
119	51	0.6034847478483216
119	130	0.5646271359073936
119	46	0.5506822663153509
119	152	0.5448587672726429
119	115	0.5231231760335254
119	49	0.5158438203038485
119	15	0.5141170531287458
119	118	0.5104883401526493
119	173	0.5068933696414477
119	125	0.5050929615774112
119	48	0.5014939004588649
119	53	0.4955950440756504
119	156	0.49545169732447214
119	117	0.46691658393387336
119	16	0.46012511974245346
190	158	0.39917737678386717
190	191	0.6776847789182506
190	195	0.5651786524716818
190	99	0.5615197315649834
190	97	0.5477701524732796
190	55	0.54250604386347
190	193	0.4829848697229468
190	184	0.48144993784053414
190	85	0.4595337021031236
190	187	0.4590918443272167
184	186	0.7592322509795043
184	193	0.6288973852041593
184	188	0.580986116007985
184	77	0.5614718009897098
184	135	0.5542603447668691
184	147	0.5467474113928095
184	80	0.5365085471812449
184	58	0.4697270078053353
184	159	0.45365273291045294
186	147	0.7062339123994583
186	77	0.6860738043908281
186	148	0.6741980848893875
186	135	0.6260174854719733
186	188	0.6176582451794419
186	78	0.4923367026560499
154	152	0.7350522108183348
154	46	0.7239092036880285
154	173	0.6796858962996417
154	47	0.517873831728077
154	49	0.644433811425551
154	51	0.6101121561925928
154	136	0.5955288124646801
154	48	0.5275108462386928
154	15	0.5240377638123234
154	171	0.5108209944574862
154	164	0.5024962214802406
154	45	0.4907744549963574
154	115	0.4880900498589595
154	151	0.4708096058456203
154	130	0.469890656533191
154	168	0.4535415379613253
147	148	0.7565338875668938
147	135	0.7312319956200245
147	78	0.6490931482305486
147	188	0.6208702559702949
147	77	0.6743289733742903
147	181	0.506254060269853
147	172	0.47775403655077453
147	187	0.46404961794777855
147	99	0.45436722027943927
148	77	0.7316319018375839
148	135	0.6511369638551642
148	43	0.6341695323324889
148	78	0.6097416426006744
148	188	0.5893959665694859
148	116	0.5537821330812064
148	45	0.4794269993651707
148	52	0.4731801263612382
193	159	0.5299459504052529
193	191	0.5922015815235628
193	80	0.5072202427260398
193	195	0.49809548076493065
193	189	0.49235185459827513
193	82	0.49037200592263475
161	58	0.6393597132885285
161	159	0.5162693579285498
161	101	0.514991980985768
161	163	0.5950510463837148
161	54	0.4759229165831077
161	151	0.4650768947906415
3	12	0.7537101901576824
3	103	0.7193902289866425
3	70	0.6616372090633642
3	112	0.6213861836818567
3	1	0.5571357275000577
3	7	0.5516708762277719
3	102	0.5473150243797079
3	0	0.5373270241981521
3	105	0.534889978774441
3	106	0.5158951918095013
3	113	0.5118254202468081
3	110	0.4607082518907324
3	5	0.4582548485681166
12	70	0.7118971636808313
12	112	0.7010437320447468
12	103	0.6863859666100852
12	113	0.6189985878836091
12	1	0.591831357139103
12	105	0.5823293139128783
12	7	0.5602380064386321
12	102	0.5580522155596243
12	110	0.5246540659019475
12	106	0.4996127918561988
12	0	0.49403942386562066
12	8	0.47614719986123677
115	15	0.6902693172554997
115	16	0.6381283416557395
115	116	0.588827902640822
115	152	0.5752270805369357
115	118	0.5700588355340336
115	117	0.5379171230148567
115	136	0.46220366211299574
115	43	0.45763052070792176
115	125	0.4514500388206914
51	53	0.6741544459803925
51	130	0.5970175098095825
51	125	0.5583413504190144
51	46	0.5371634096568136
51	152	0.5345329369598468
51	49	0.5137638378360226
51	136	0.49511208420251374
51	118	0.4794886089822365
51	40	0.4730481786519908
51	26	0.46438695353398945
51	117	0.45440689689947517
51	52	0.45313635123685453
126	123	0.6040312573736869
126	129	0.579772534183536
126	125	0.47842518086307484
126	27	0.47328101322861615
126	21	0.46435557916091663
129	26	0.6523794190777833
129	125	0.6290061807413622
129	131	0.600296122189828
129	21	0.5442256409442457
129	118	0.48418771584949666
129	27	0.46821367896810057
129	135	0.45299329942995037
166	170	0.7060383774251533
166	35	0.70517473260612
166	183	0.6120482880991641
166	174	0.5790816995236144
166	172	0.5457370797745122
166	171	0.5399960308495211
166	141	0.5277922639283494
166	169	0.4509721937266517
80	76	0.66155286526271
80	91	0.5323293504469399
80	97	0.5060829877833714
80	55	0.45402592693476734
110	104	0.6900441332752619
110	113	0.6892733084644989
110	102	0.6757768188960463
110	7	0.6613391193729441
110	107	0.5934338583487802
110	105	0.5651037847774982
110	2	0.5632973408731792
110	134	0.5429363705899833
110	0	0.5398401633920511
110	8	0.5341899972172761
110	1	0.5051451014108552
110	112	0.5022046403093483
110	103	0.4853505138038564
110	70	0.47291620971904474
110	30	0.46005417116589864
191	89	0.47290844617974404
191	192	0.459801861979155
136	123	0.5849798828807289
136	138	0.5624912240240184
136	130	0.5439229281887165
136	118	0.5409446056422261
136	46	0.5394786918786274
136	49	0.5036166224651449
136	150	0.5011420207281047
136	22	0.49563276241858206
136	16	0.48637419016060424
136	117	0.4850982098926026
136	152	0.4624552625793109
136	15	0.45948637107157025
7	113	0.7115764337351975
7	0	0.6902274326810857
7	102	0.661282852595071
7	70	0.6340977873925073
7	2	0.5217053643565553
7	1	0.5172954679394286
7	103	0.5142347528308229
7	112	0.5128726677413644
7	30	0.46563314049445775
30	134	0.7371962075194325
30	79	0.5851508844879479
30	135	0.5713669511020721
30	24	0.5207804161535224
30	2	0.4925715242261093
30	78	0.4906605755486945
30	123	0.48683212055862424
30	141	0.4835290582058838
30	39	0.481396161611268
30	42	0.47834806623934245
30	102	0.4666741322880539
30	52	0.4516570246648844
134	2	0.6121295832264501
134	104	0.5936281746255228
134	135	0.545287533356589
134	102	0.5069453819336617
134	123	0.5029595255589624
134	141	0.4929728272687611
134	79	0.46847910052799263
134	100	0.4668149192060088
79	181	0.6835194485223894
79	156	0.5780971531557344
79	78	0.5539831651416947
79	41	0.541517331504706
79	52	0.5386912720356891
79	145	0.5201533780037962
79	141	0.5053610700108025
79	135	0.46405746449088714
79	39	0.45361302204984294
79	138	0.45161722346948957
35	66	0.5908363614084958
35	69	0.5213413576783702
35	170	0.5164380350650377
35	24	0.49296525745352854
152	189	0.608137202849626
152	151	0.5735384695571218
152	46	0.6479865024501391
152	45	0.5575011074597499
152	15	0.553872258887771
152	173	0.533110018917774
152	164	0.5286286164838628
152	179	0.5035867670518306
152	43	0.4815037104452438
152	82	0.4677997650388316
152	16	0.4551366248499403
152	49	0.45382743929485103
66	69	0.5878405701555454
66	85	0.5407606612526594
77	43	0.6951947856794648
77	135	0.6314956699606515
77	78	0.6107395363680606
77	188	0.5951802138601837
77	45	0.5674610352222159
77	116	0.5272437531662916
77	76	0.503646476675629
77	118	0.4769819168442819
77	40	0.45389890003486305
135	78	0.6383890970015599
135	181	0.5878732913669792
135	39	0.5282538265641781
135	52	0.52175631014186
135	99	0.5040344719439805
135	24	0.4987944246221016
135	123	0.48453214379586573
135	26	0.4715253668653299
135	188	0.4554061523530544
156	52	0.6762275263166841
156	145	0.6213063729377833
156	173	0.5764769774145178
156	130	0.5597094558355773
156	164	0.5238926717230913
156	181	0.5186856701482919
156	39	0.5119213583788974
156	78	0.4676669567038297
180	189	0.7284795571797903
180	179	0.5029894062264217
180	169	0.47774631900309833
180	91	0.45634092377137386
180	170	0.45224587213888007
189	164	0.5731021220926773
189	188	0.5264057047207406
189	45	0.4832685075004631
189	82	0.4653903178603671
189	159	0.4592417858353068
46	49	0.5678270365389306
46	151	0.5117368506386692
46	15	0.5097189542362468
46	48	0.4974711450555042
46	16	0.47112088253421425
46	45	0.45801781524059704
103	112	0.6055280660001813
103	102	0.5826992930616575
103	70	0.5826002151724283
103	106	0.5595720953960118
103	0	0.5342042898855116
103	1	0.5326804053259038
103	113	0.5317342885313778
103	105	0.5151389225009725
171	153	0.5299243753435614
171	173	0.6306411815240942
171	164	0.57265200817437
171	174	0.5104439746945457
183	169	0.699668079776546
183	170	0.6432511692956225
183	187	0.5835968089390265
183	195	0.5331314923855677
183	97	0.4904935220348311
45	164	0.712773952031288
45	49	0.6158924214022415
45	50	0.5618961978358262
45	78	0.5510375085267011
45	43	0.48907971987313015
45	188	0.46939961348846787
45	52	0.4528343256151212
164	173	0.6136405616270202
164	145	0.509022845518224
164	174	0.4679872232000995
70	112	0.6864970142059521
70	113	0.6193747186704575
70	0	0.5632154118028292
70	102	0.46215647873806875
113	102	0.6457241697866232
113	112	0.622379667048462
113	0	0.5532272270827002
113	105	0.4793114685949096
113	1	0.472473570800851
113	104	0.459691453357943
123	138	0.7106471127377386
123	22	0.5522202075069532
123	150	0.5142935954195034
123	27	0.5141464798698058
123	118	0.5074430271067426
123	130	0.497614110808099
123	39	0.45853920254321595
138	22	0.6216868929113328
138	130	0.5403430570997432
138	24	0.5071013966620143
138	145	0.5023317538407056
138	42	0.46036157255825033
138	39	0.45729050686877043
102	1	0.6135844484546716
102	0	0.6441238118910346
102	105	0.546537056715417
102	112	0.5229270359563001
102	2	0.4981405934701729
170	174	0.609157071212085
170	169	0.4872058986631199
170	160	0.4712375810535786
49	53	0.5347971662688028
49	173	0.5039225710968732
49	40	0.4943341778274365
49	47	0.49411501263575214
49	145	0.4921927443228164
49	130	0.4853658023530234
49	50	0.46256531437164333
49	41	0.4520708505204374
112	105	0.4681590228602805
112	0	0.4580494234487321
169	187	0.5986946106591956
15	116	0.6991623697185075
15	43	0.6480677109714951
15	16	0.6356796136429882
15	118	0.6228511765262182
15	117	0.482770157519416
15	48	0.4593759218488322
116	43	0.6382053982514906
116	118	0.5544404456311484
116	16	0.5073242172095974
195	181	0.5346757765953054
43	118	0.5396629963357716
43	16	0.4994777100392306
43	78	0.4844096977280012
71	177	0.6935687904000608
69	76	0.5141979737542504
69	91	0.48784624599481125
69	172	0.4624867074028256
0	1	0.5157777657736081
0	101	0.4660950931408827
0	105	0.4628246657720117
104	107	0.6206120902121445
104	2	0.5832538092021052
91	94	0.6658108135859113
91	64	0.582705897638511
91	82	0.4917227982670177
8	107	0.6596817678247375
8	105	0.5682402125725552
130	53	0.6300324794025541
130	118	0.5792478415640184
130	52	0.5639523747138195
130	145	0.5633383012551034
130	125	0.5486444881742204
130	39	0.528390792915457
130	26	0.5150581084139878
130	144	0.5128579283576442
130	27	0.5071905330182662
130	150	0.45653883942832
130	40	0.4564596785857747
145	41	0.6226491563942275
145	144	0.5258633179102766
145	173	0.6553504745315248
145	174	0.6051162357197292
145	181	0.46274608280238466
145	22	0.4587129282111476
26	39	0.6837697846292864
26	125	0.6721145520609442
26	52	0.5972362792256475
26	131	0.578649505054712
26	21	0.5573632535878146
26	118	0.5514064702989371
26	27	0.5488331873077863
26	53	0.5307652943633788
26	22	0.5159832486158367
26	24	0.49265483077427313
39	52	0.6022944484457396
39	24	0.5495176254490151
39	27	0.5110574556085513
39	141	0.5066778508239963
39	22	0.48846322694910277
39	125	0.47647191411970113
39	53	0.4695867117678349
39	131	0.4664394348606535
181	78	0.6245741447496804
181	99	0.6035801101390205
181	41	0.516445367944727
181	52	0.4992224892210086
181	101	0.48929271498724897
16	117	0.6794167913274545
16	118	0.6545681660557487
16	125	0.4814115266180445
16	151	0.4529217647773585
118	125	0.6531083041774961
118	117	0.5704637167561947
118	21	0.4907516804480196
118	52	0.47682740445621835
118	53	0.46093666825959584
173	50	0.5741689198856693
173	174	0.5140802680003992
173	179	0.5085336900647821
173	47	0.47576046590028626
117	125	0.45424024298076954
52	78	0.5388545085020665
52	125	0.53864868195636
52	53	0.5060978652329744
52	21	0.49214727820203913
53	40	0.5444648949378438
53	125	0.5448376730601364
53	27	0.5070791108777812
125	21	0.6442174189655012
125	131	0.5502710508235853
125	27	0.47981967969139716
163	101	0.5041239804398379
94	50	0.5107175183904507
94	64	0.4673074870935378
97	99	0.5044446302870546
97	76	0.4796349128798087
97	85	0.4530648282499309
76	187	0.5872250533644042
107	2	0.48980214497473606
107	105	0.4676044513560195
2	4	0.4199159698224247
2	1	0.5260079962463169
131	21	0.4763250356667511
78	99	0.4874346543446145
5	106	0.6443110067448985
106	1	0.4779778133538851
1	105	0.6399800767082725
41	42	0.5291616162064995
41	22	0.4954667877272511
41	40	0.4920260220858857
41	24	0.45219814242353523
22	42	0.5793674340423116
22	24	0.5429716306376304
188	187	0.4885545900344737
42	150	0.4817110851079972
179	192	0.609490295259592
179	89	0.5987587632945148
179	178	0.2755315226770607
179	82	0.5235733620926017
179	168	0.4769510167247063
192	89	0.5405129621141567
82	89	0.5919223125925271
99	101	0.49263968480068604
55	85	0.5829172034577658
55	54	0.4868626397437547
151	59	0.44921788306014543
40	144	0.5232466432165418
159	54	0.49819322155139373
153	47	0.46498284512442195
153	168	0.46309964888170874
150	144	0.519773966373886
47	168	0.47704371354615765
101	100	0.49628876228899016
59	6	0.38334071430705513
