81	93	0.8834565726896659
81	183	0.8121456609544628
81	63	0.7698258022213971
81	78	0.7632271971215768
81	97	0.6469294504417666
81	96	0.7501071352119011
81	74	0.7487921621877611
81	196	0.744267946190148
81	185	0.7426084696185536
81	80	0.7267619888764041
81	85	0.7227983557887019
81	198	0.7118083758672857
81	190	0.7066647115909934
81	193	0.7003667461081843
81	98	0.6998824119029969
81	195	0.6987276152701991
81	194	0.6744816230701765
93	96	0.7821948325862778
93	74	0.7704361493235669
93	85	0.7698665359089004
93	90	0.7675346870056164
93	190	0.7332588658753215
93	183	0.7737077293047196
93	80	0.7667528558315212
93	63	0.762307188479236
93	196	0.7456164785744198
93	78	0.7412823970953298
93	94	0.7338823957027626
93	193	0.7258406411507538
93	194	0.7212570224312762
93	185	0.7203104957924743
93	195	0.69749728310431
93	83	0.6676826718439806
93	88	0.6468654828384701
44	164	0.8652086279741242
44	149	0.8416194619670267
44	52	0.7375247431432717
44	49	0.7124540342167892
44	33	0.6542422664025147
44	146	0.7624328260682536
44	155	0.7340069535087299
44	150	0.7099881660098117
44	154	0.6980104225599496
44	153	0.6921858023912756
44	46	0.6881378307151876
44	136	0.6676771298084803
44	45	0.6573313437551291
164	146	0.8404781826572507
164	45	0.7285124077320035
164	140	0.7157715925242971
164	142	0.6676438760413335
164	143	0.6184307711959572
164	150	0.7720568586269155
164	149	0.7657206542279364
164	155	0.7420922164060475
164	153	0.7299872179050242
164	52	0.7146578869897735
164	165	0.7067698272372619
164	31	0.6989834157412851
164	171	0.6829916183686208
164	154	0.6761678230793061
164	156	0.6726843460800528
164	49	0.6569279355419754
183	196	0.8482275474685566
183	185	0.8299886742512516
183	194	0.7951930471047034
183	198	0.7931990970835009
183	195	0.8151200177437997
183	193	0.7672880391461957
183	80	0.7554455511128528
183	96	0.721089054128566
183	63	0.7028951489525492
183	74	0.6953962456900967
183	190	0.6744380147540174
183	187	0.6706315569816208
183	158	0.6582843884429694
196	195	0.8360183448269956
196	185	0.7895742194833861
196	198	0.7694997068742869
196	193	0.7356997138306137
196	194	0.7039409183795532
196	190	0.7010233899669
19	121	0.8443970312791651
19	17	0.6756300941916787
121	17	0.7375657855716707
121	120	0.4932982587146711
121	124	0.6975588976517043
149	154	0.7708016810937066
149	18	0.6274808010116594
149	148	0.6084081047236405
149	151	0.41504430035632833
149	155	0.7639776369921208
149	119	0.7330692529928597
149	125	0.7015773036588207
149	146	0.6955150042277676
149	150	0.6858355446174876
149	153	0.6768023933486222
149	136	0.6738433824860333
149	46	0.6731221070231478
149	52	0.6692149675568455
146	150	0.7977160729683721
146	157	0.6822600085046191
146	155	0.7519772911883436
146	153	0.733813175588977
146	165	0.7142025688848902
146	49	0.7117442371838826
146	171	0.7040770986328002
146	140	0.6900179404168656
146	154	0.687035932940107
146	136	0.684413526954312
146	45	0.6569336199615077
195	185	0.7670411640822605
195	193	0.7423796313133555
195	194	0.730314033914774
195	198	0.7087212872595016
195	190	0.6521725861169516
185	187	0.7201516776261849
185	193	0.7923818348250597
185	198	0.7657206542279364
185	194	0.7596597250894601
185	74	0.7545167446041072
185	80	0.7273512245413114
185	96	0.7129411756190784
185	78	0.7121338199602923
185	190	0.7115320015816932
185	158	0.6668783038849206
185	98	0.6527813162450264
9	108	0.8287400603665286
9	11	0.7568202722016198
9	109	0.6878850434009443
9	6	0.4568870612628206
9	12	0.6758257152342372
9	103	0.6470922359906203
108	12	0.7172945858053511
108	103	0.7170323204675556
108	11	0.7492530754464667
108	112	0.709318036422842
108	109	0.6545395880946623
193	194	0.826946424481106
193	90	0.6975178224328565
193	198	0.6965409380732582
193	96	0.6901593603815184
193	158	0.6880851804597058
193	74	0.6866080297882203
193	78	0.6802934000538884
193	190	0.6794813931989923
193	80	0.6783655338819584
193	187	0.6477079613594465
194	158	0.719510826719532
194	80	0.7585622128733582
194	90	0.7284889433937313
194	74	0.7102905442649842
194	96	0.6607873840052713
166	167	0.8159572582624668
166	145	0.7663404496973345
166	174	0.7588083629022286
166	61	0.6999232227866449
166	199	0.6413242831173306
166	172	0.7020593820319538
166	160	0.6862484347499415
166	175	0.6660890689102775
167	175	0.7718952374404182
167	160	0.7138888801418605
167	169	0.6911530482689149
167	62	0.687558279298027
167	172	0.7297816196701493
167	174	0.7250115670032119
167	145	0.6954427209468197
167	61	0.6463301245457529
23	25	0.8140770897333112
25	27	0.6859679293176312
25	28	0.560135077783301
88	90	0.8077080046199152
88	94	0.7084573996695493
88	80	0.6669782410865754
88	74	0.6628050514915826
90	80	0.7514771492225446
90	74	0.7492881629295541
90	94	0.7321426767986243
90	73	0.6974099781711984
90	96	0.6796159465986302
150	136	0.7456164785744198
150	155	0.7536799540960379
150	154	0.6976410343372643
150	157	0.6820889243489634
150	49	0.6804437876529609
150	153	0.6594501290007425
154	155	0.7962934228237244
154	119	0.782466403717559
154	17	0.779462719188652
154	125	0.7122175969390336
154	46	0.6968342750896879
154	48	0.49730557199609104
154	153	0.6620474432779674
154	124	0.6545224404201238
154	49	0.6523621867077202
155	153	0.740948843884203
155	51	0.6900808002406634
155	125	0.7112109336973906
155	46	0.6915810976982593
155	49	0.6784680865012374
155	157	0.6609225689717843
165	171	0.7934955770400535
165	140	0.7683552073644024
165	173	0.6960154375662136
165	137	0.7072249679173903
165	45	0.6636732275462944
171	140	0.7131672902930066
171	31	0.680545803750502
171	45	0.6533720117230722
198	98	0.7664229815097724
198	96	0.7768592737473876
95	197	0.7881768250354935
95	106	0.5945405342438635
95	5	0.4147959479719838
197	181	0.6893152983335086
119	15	0.6026830228878403
119	17	0.7776114929128977
96	80	0.7617620945230412
96	98	0.7511810061136868
96	78	0.7034209403496747
96	190	0.6688559130597153
96	74	0.6507047373664979
111	113	0.7817285896860793
111	102	0.7095266587868868
111	110	0.7064593958718441
111	13	0.689373026842173
111	2	0.6501162319568041
134	139	0.7807544368776421
134	172	0.6372145443552478
134	141	0.7313064348731839
134	140	0.7243562974572944
134	31	0.7065695800719571
134	35	0.6867348655442607
134	137	0.6546824591948922
139	141	0.7788340350767731
139	140	0.7520163962555054
139	114	0.706684736024376
139	36	0.5845784825884061
139	35	0.6876320890985088
139	137	0.6701690837807159
139	31	0.6700368528993683
139	142	0.6496887882227654
17	124	0.7016128471632959
28	132	0.7793056950914967
28	128	0.6220119436444203
132	131	0.3688315553680542
141	140	0.7279675947496048
141	137	0.6575357449585709
74	80	0.7781248901089726
74	73	0.7026066485025607
74	94	0.7201468637759061
74	78	0.6970297036887325
74	63	0.6663838172651984
80	94	0.7339054656876746
80	63	0.7385082584882235
80	78	0.7079888849741197
80	73	0.6846686006378788
80	158	0.6828368662112964
80	65	0.6750862029278474
172	175	0.7779275525210765
172	170	0.6936933206287185
172	145	0.6618620440291346
175	170	0.7648505454130385
175	180	0.6509986972934738
175	145	0.6777550693595905
137	140	0.7721780090248965
140	31	0.729159349067772
140	35	0.7253387104722836
85	63	0.6965203442706287
85	92	0.6736741072515839
63	92	0.7624328260682536
63	65	0.729814337313856
63	57	0.3964501290360569
63	78	0.6800730862514072
63	158	0.6592070561123462
63	91	0.658720496783857
98	78	0.7450475441347059
145	41	0.5354679813177312
145	174	0.7025306889130516
92	69	0.6783817281584577
92	65	0.7150246384230767
92	91	0.7093329421433469
174	160	0.7106471127377386
83	190	0.7576521284915102
83	87	0.6085529475556337
190	99	0.573531758982395
11	112	0.7277607006939647
11	12	0.6776523329985779
65	91	0.7562643355491703
91	180	0.6701635750098064
91	60	0.6542022268749119
91	94	0.6624853377443934
91	76	0.6499891970349232
61	68	0.749682607349777
61	37	0.6052873430319643
61	67	0.6711649555471731
61	62	0.6652035745355446
68	67	0.6955356540084229
76	86	0.7459005388664159
76	84	0.7257223308436976
76	73	0.6603646545589648
76	75	0.6301349884650128
76	43	0.6275959781691257
86	77	0.5910316005145412
86	189	0.5498037534232343
86	82	0.34903986345601373
86	84	0.6714286486249499
136	22	0.642693912393378
136	123	0.5809927405208273
136	125	0.6487747616515458
176	199	0.7439555378233095
176	70	0.66552680223078
199	181	0.6692536163391822
153	157	0.6659944828908401
52	156	0.7106223628242785
94	73	0.6572802283358816
31	35	0.7297255245034411
31	135	0.6561940190641927
31	7	0.6129792797611604
31	30	0.5278644036532439
31	142	0.654402387841949
31	33	0.6495789728174707
35	42	0.6056990386988067
35	32	0.5919028234071749
22	26	0.7294215049149249
22	27	0.7089800032415027
26	24	0.49922999695259057
26	27	0.6622832888217017
112	105	0.5014040745895046
112	12	0.7074048619325364
187	182	0.678705475283668
158	55	0.6498332408770529
12	13	0.6744870737788136
12	0	0.38893109205547827
103	3	0.5468595723429606
125	21	0.6495385076765005
102	110	0.6820140515417656
102	2	0.6616709418964051
27	130	0.634474326519731
114	144	0.626376133207355
110	135	0.6952206199919475
110	2	0.6839773882209013
110	104	0.6690437651338189
73	184	0.6965821222359809
124	20	0.6629339904098497
46	152	0.4903264324640641
184	161	0.29317838048113626
173	168	0.48600765334658225
67	54	0.5156603203550792
135	2	0.6556128326697603
169	159	0.4007902009504018
51	47	0.6672279791249539
51	50	0.5080442061484685
181	79	0.6068816484502164
181	101	0.5590773432194172
2	10	0.5881807767328439
2	1	0.5043402479299232
157	53	0.6493072077027222
69	40	0.5632222396483726
14	15	0.6714670896680441
15	115	0.5188464641359879
104	107	0.5667012060953672
142	38	0.5964444280736928
126	128	0.6657105963034665
128	133	0.6114037231872815
128	29	0.5907061635462981
128	129	0.5332674750638154
70	71	0.5971912457251518
33	34	0.615221644839462
21	122	0.3238748429214893
8	10	0.6480967104438896
43	116	0.4595415903546405
18	16	0.470708415671865
147	148	0.6224286760921824
148	186	0.39893355791353835
87	191	0.6208641107308887
87	178	0.30546861713313594
143	39	0.4786256443528367
50	89	0.6181836927362707
50	66	0.6146433169475649
89	179	0.5848351485783422
89	192	0.18946288778500542
133	127	0.5144480341781109
42	72	0.301473842422801
71	177	0.592539112141491
123	138	0.4526117138946023
117	120	0.5764168836103315
117	118	0.4383528185090227
120	59	0.331114969340983
101	100	0.4424636114954571
101	163	0.3547437166429113
162	163	0.525016339893063
163	56	0.5058895535328826
54	64	0.4983736328201687
56	58	0.3692202743021957
1	4	0.48703047401375993
116	188	0.45876819720783957
