9	108	0.9419982744870473
9	109	0.87984928816237
9	112	0.8606380188870988
9	3	0.806697578116818
9	12	0.8699076815344667
9	11	0.7911505873628084
9	106	0.7485240604803297
9	113	0.7463216910757554
9	103	0.7332866045410479
9	6	0.5985406129915746
108	12	0.8729631706908665
108	105	0.7238378026156576
108	109	0.8217230787485423
108	112	0.8078122616877889
108	3	0.7724604750845695
108	103	0.7297862938239141
108	113	0.7229702335706776
108	106	0.7100476709562842
108	11	0.7000864206230739
108	6	0.6961494595628093
108	157	0.5979627276273898
137	140	0.9018606903168843
137	146	0.7370866181118129
137	34	0.7558402345503599
137	33	0.7423212722586983
137	144	0.7390533018663331
137	127	0.7160689419851692
137	165	0.6950655871751338
137	35	0.6923264133890872
137	172	0.6906199189972585
137	138	0.673056472926407
137	67	0.6702627215896305
137	62	0.6603082589826873
137	134	0.6543394899879206
137	130	0.6513270098280188
137	141	0.6367569725648656
137	139	0.6312791839956465
137	164	0.6249216680597163
137	49	0.6171322456030035
137	171	0.612573351419969
137	42	0.6080363659760601
140	144	0.7871899840051358
140	34	0.7612159198942994
140	139	0.7501115085719532
140	127	0.7328748971867234
140	138	0.712143677128348
140	134	0.6987634380983887
140	35	0.7420652572571683
140	141	0.7274077348322396
140	142	0.702960914935967
140	33	0.6965203442706287
140	114	0.6870940065299757
140	130	0.6817625882428302
140	146	0.6757007461026452
140	172	0.664668028666671
140	32	0.6440301855203248
140	62	0.6374639397971283
140	36	0.6365309924838755
140	67	0.6170579423657968
140	165	0.6157806872419817
140	31	0.607247902396493
140	42	0.6045708545043289
109	106	0.7755076439929965
109	112	0.8355359826934828
109	12	0.7733864294198086
109	113	0.7524158334227575
109	11	0.746742246509836
109	3	0.7358877429353032
109	103	0.7086715123183129
12	113	0.8312599281923897
12	112	0.8276092077089316
12	3	0.7978614861880029
12	103	0.7516642600494271
12	11	0.7492925485691819
12	13	0.7123259840951466
12	111	0.687373692621231
12	106	0.6657551402832571
12	105	0.6492956395494975
13	111	0.8709739402011647
13	10	0.8038855784999588
13	7	0.752832048252004
13	103	0.7190136851703086
13	102	0.7821948325862778
13	110	0.772097248329171
13	1	0.7222965344579944
13	3	0.6988504218065629
13	113	0.6564729399695958
13	8	0.6536584706242349
13	2	0.6481431056906152
13	104	0.6204399049183922
13	114	0.6156316698270989
13	105	0.6153086476711309
13	0	0.6071658334201929
13	141	0.596927402465761
111	110	0.8017169866114702
111	10	0.7695812683611156
111	102	0.7448606259093206
111	113	0.6903583066179574
111	105	0.6876584462977863
111	103	0.6860208704858551
111	114	0.6492898553602168
111	104	0.6378555771869542
111	7	0.6330442735530946
111	107	0.6209132705095409
111	3	0.6186406917982268
111	8	0.6134285460119374
61	63	0.8649066177207418
61	98	0.8268199187980689
61	66	0.6504625061751249
61	81	0.7398283200286524
61	93	0.7297956419267774
61	96	0.6956801703032212
61	68	0.6919148479054733
61	60	0.6551107919563375
61	97	0.6371610851033395
61	65	0.6348147454977383
61	167	0.6257863516984651
61	37	0.6242141669288255
61	74	0.6083892091914171
61	92	0.598566282342379
63	65	0.7188494184502487
63	54	0.5841965576988276
63	93	0.769377317564061
63	81	0.6983640713774372
63	167	0.6932520894273373
63	68	0.6662281270891669
63	98	0.6489252999953767
63	74	0.6302856971942403
63	90	0.6296946471625671
63	96	0.616351512711499
63	185	0.6033066920413129
11	112	0.8637938694514227
11	3	0.7212378303452858
11	113	0.7007741069164664
11	103	0.6721309995901679
11	106	0.6571836604873038
112	113	0.7986596014798681
112	3	0.774589255355933
112	103	0.7381443591299945
112	106	0.7172703105108859
146	172	0.8597798875571636
146	165	0.7020390969573477
146	150	0.65784216537012
146	42	0.657864854520491
146	134	0.6548367074625205
146	62	0.6540935296705218
146	171	0.6479749000299238
146	166	0.6407587800897336
146	34	0.6307134510586299
172	166	0.7447493095208484
172	62	0.7040972690822946
172	165	0.6918001546030492
172	134	0.661547241747443
172	35	0.6459864616866688
172	171	0.645298349723295
172	34	0.6433508171465452
172	42	0.6337628332893005
172	145	0.6026129731950376
172	150	0.6019310961468979
172	127	0.6012355700227692
70	176	0.856910625469828
70	38	0.6360072503462058
176	71	0.41352838970870587
95	96	0.8549049918600075
95	197	0.8371587949193083
95	81	0.7089153421260694
95	93	0.7077893277755499
95	97	0.6927531320346078
95	98	0.690096513570029
95	198	0.6750862029278474
95	181	0.6341396399344583
96	81	0.8449128353203953
96	98	0.8091975355343408
96	198	0.7868474426808585
96	97	0.7857403934599794
96	93	0.7560887747787057
96	74	0.7113146957901867
96	185	0.6630740968176956
96	197	0.6538016298778829
96	90	0.6444805854190472
96	190	0.6248058544572981
96	181	0.6194856537938023
44	149	0.8509537961677889
44	78	0.7658033759344274
44	49	0.7650579678937452
44	164	0.764393657193493
44	67	0.7281837514142943
44	152	0.7838583634993375
44	119	0.7400590865065919
44	45	0.7207432526389471
44	155	0.6919565459047269
44	154	0.687626817441159
44	14	0.6832849454991403
44	157	0.6623843253281111
44	46	0.6532172460706956
44	135	0.6378793021921225
149	152	0.8228565134637136
149	119	0.7858551500161038
149	14	0.739588319294526
149	154	0.7327961953366553
149	49	0.7228079069013674
149	78	0.7150588484943994
149	135	0.7069549550891688
149	155	0.7041376065729409
149	164	0.7013944533412955
149	157	0.6900284177771109
149	18	0.6597721294808085
149	144	0.6558123470149292
149	115	0.6547795848334556
149	46	0.6508142746581633
149	17	0.6485314770247117
149	51	0.6299540753016323
149	120	0.6097102308865852
81	93	0.817886545939919
81	97	0.802002603262265
81	74	0.7956338279075366
81	90	0.7536410744714803
81	181	0.7133637911937432
81	98	0.7511679340062235
81	198	0.7453632590250616
81	185	0.7268893544740126
81	60	0.6975178224328565
81	73	0.6867454333036033
81	184	0.6754017493390653
81	190	0.6644949459214025
81	92	0.6615584887035725
81	91	0.6237806216194356
81	80	0.6214291533574843
81	76	0.598348053680601
19	121	0.8437356625893302
19	136	0.7605169237352465
19	20	0.6898135740864755
121	20	0.6968857137044034
121	136	0.7407413155526735
197	99	0.6209870010208172
197	181	0.5991050547839448
73	184	0.8354755966790255
73	74	0.7600569833741547
73	76	0.769703563524043
73	60	0.7406736126851198
73	90	0.7176633559442168
73	88	0.7065645724422898
73	94	0.6957472480195247
73	194	0.6935843589461098
73	91	0.6861902334172749
73	82	0.6799924529369263
73	80	0.6770732709209334
73	185	0.6657495725452578
73	84	0.6576322341184764
73	97	0.6116165819962447
73	87	0.609534289893118
73	92	0.6063697242350035
184	194	0.7800506881019958
184	76	0.7749490147965189
184	185	0.7711261727442524
184	60	0.7500633980027173
184	91	0.7327961953366553
184	82	0.7294870104226827
184	74	0.7037390746825308
184	187	0.687690072544539
184	80	0.6687122038119839
184	84	0.6656994595671518
184	183	0.6624628926225318
184	88	0.6596648228904388
184	87	0.6556470416328674
184	94	0.6395725031981179
184	198	0.6361382408667414
184	97	0.6330262955632424
184	90	0.6234078321979792
184	193	0.6214721192949092
184	190	0.616834966624932
184	189	0.6113035237081993
184	180	0.5994254953351308
193	194	0.8345977286424219
193	173	0.7399459874468317
193	88	0.7398690561812636
193	187	0.7345323201942577
193	180	0.7184577535159254
193	189	0.6367985885489011
193	188	0.6310264926440341
193	82	0.616308103081784
193	179	0.6121233302144403
193	87	0.6111907758629068
193	182	0.6107207261068597
193	183	0.6039423293805115
194	88	0.7767006285903469
194	161	0.5879583575145736
194	185	0.6905676109721881
194	189	0.6820087029369527
194	90	0.6738488418002048
194	187	0.6676937556929635
194	82	0.6648075595812467
194	198	0.6628050514915826
194	87	0.6367510271214288
194	183	0.6283832956477772
194	76	0.6272564298276986
194	91	0.6200953548200806
194	80	0.6181219040245958
194	74	0.6162832958973595
194	190	0.612735761560571
194	84	0.6047928804432782
194	60	0.6020841169873572
126	128	0.8317228610166032
126	25	0.7437858083884988
126	133	0.7331941328295072
126	129	0.719361279075194
126	29	0.7118231754163294
126	123	0.7089551349922185
126	23	0.7068949242337869
126	132	0.6632477642643331
126	28	0.6145126352272146
128	133	0.7776905446907474
128	123	0.7242612220940078
128	27	0.5688966405171765
128	129	0.7497701894145066
128	25	0.7360848223297961
128	132	0.7091242043220632
128	23	0.7050892584989287
128	29	0.6969320023282524
128	28	0.6787378354985151
113	103	0.7367027497423222
113	3	0.7042737120560192
113	106	0.6239211079407513
98	199	0.7056469843089603
98	97	0.6875635518979003
98	93	0.667699297506447
98	198	0.6113911993243949
87	191	0.8234368861076233
87	91	0.7292530007378587
87	192	0.6535954657278678
87	190	0.7042636319432671
87	89	0.6912679384396403
87	83	0.6635165278339457
87	82	0.6609113051957397
87	74	0.6581597048219141
87	97	0.6580293151515728
87	88	0.6514076107155149
87	90	0.6183937172182082
87	94	0.6158117269935328
87	198	0.6085214634321711
87	179	0.6065467425876866
87	185	0.6008395426585654
87	180	0.6002769325072785
191	190	0.7142907421929973
191	179	0.6573199852957148
191	83	0.6250618266809895
191	192	0.6204276036792625
191	89	0.6185542645961345
191	195	0.6141951248937613
191	180	0.6047801957784125
152	14	0.7576095289388686
152	46	0.7528840328243311
152	155	0.7392120908620634
152	43	0.6342651752677407
152	48	0.573900726284026
152	122	0.4268512128919308
152	154	0.7487262582413247
152	119	0.6919356974821467
152	157	0.6553675896676933
152	78	0.6493187755554994
152	51	0.6458582491394621
152	120	0.6275656710537105
152	115	0.6260114044128261
152	164	0.6061040839804528
152	17	0.6020777420018139
165	171	0.8215606264257427
165	175	0.7985509325940043
165	174	0.7439778635007124
165	67	0.6615753585797357
165	164	0.6520863770464315
165	169	0.644006775912472
165	166	0.6410828513508839
165	127	0.6315377530256312
171	67	0.733022988654486
171	174	0.7419843654054611
171	175	0.714736160295654
171	164	0.6673722038759057
171	127	0.6429286298542554
171	169	0.6197012901643841
130	144	0.8211376253084125
130	138	0.6832529568867433
130	141	0.612898119961876
144	141	0.7147801811637426
144	138	0.6828848993025506
144	49	0.6742798951566749
144	114	0.6639417201603998
144	142	0.634211378505089
144	135	0.6323906348963333
144	119	0.6165189147686833
144	157	0.6156999749424179
144	164	0.6138026315335671
144	33	0.6051162357197292
28	132	0.8179858400529356
28	133	0.7346658258103713
28	29	0.6876584462977863
28	131	0.6566379311053635
28	129	0.6331161786841804
28	25	0.5994447156617566
132	133	0.7629765918430466
132	131	0.6669726896492896
132	29	0.6203168787890916
93	196	0.7306545005722269
93	90	0.723404303652536
93	74	0.6939215183761633
93	97	0.6916176160212943
93	190	0.6679929077294834
93	185	0.6654320889230337
93	181	0.6518564037309623
93	198	0.642488435593987
45	164	0.8176878114796401
45	67	0.659704360027187
45	49	0.6506874395284863
45	154	0.6261634080510429
45	50	0.6192021037510355
45	157	0.6170765192067744
164	157	0.7575924873103754
164	154	0.7424649050560583
164	49	0.722573825136425
164	67	0.6935999268442864
164	135	0.692961111631331
164	155	0.6286736725690334
164	31	0.6285527034779461
164	78	0.6276384049353487
164	174	0.6166676698180106
34	62	0.813367593014581
34	35	0.7808325091874
34	33	0.7524982570171572
34	42	0.7508845603086307
34	40	0.6919669696832412
34	24	0.6444630457366823
34	32	0.6501104584304201
34	138	0.6218034451700827
34	134	0.6158427648336786
62	35	0.7587319946959534
62	68	0.6599923061032424
62	42	0.6592522894113748
62	166	0.6463359470818208
62	24	0.6273049513424597
62	37	0.6184307711959572
3	103	0.7922701689754608
3	106	0.6821637828579513
3	0	0.6339064141685237
3	1	0.6045454741272975
36	114	0.8047682227403774
36	32	0.7965494218360177
36	79	0.7096160303175394
36	139	0.7499321470029906
36	142	0.7464324213966959
36	30	0.6829329264899747
36	38	0.66406472209816
36	141	0.6547110278035811
36	31	0.6525115115068658
36	0	0.6352921111560121
36	35	0.6175654618400542
36	102	0.5986432830198853
36	1	0.5970239454720899
114	139	0.7599978532091365
114	141	0.7782826496600626
114	32	0.760504275026402
114	142	0.7365518142642768
114	102	0.7025965214823062
114	110	0.665576935894564
114	30	0.6512291175583168
114	134	0.6423122390549628
114	10	0.6407705685023765
114	79	0.6292659814829261
114	2	0.6270562271015693
114	0	0.6269955432477474
114	31	0.6179859419691535
10	2	0.7807934760804387
10	8	0.6853532808235626
10	110	0.7862754613638698
10	102	0.774389172138708
10	7	0.728957905463081
10	1	0.7057674588636943
10	105	0.6812538190944935
10	141	0.6475163638627165
10	107	0.6207719229827695
10	104	0.6019629791350777
102	110	0.8031059113300993
102	1	0.7755076439929965
102	141	0.7060734813768367
102	0	0.6751950399552447
102	100	0.664779657108345
102	2	0.7573665882073309
102	7	0.6856448308802867
102	32	0.6818696136028805
102	103	0.660037456531702
102	135	0.6049640933854348
102	104	0.5994126814000016
110	7	0.730752375793231
110	2	0.7007791960373136
110	141	0.6759615071891415
110	104	0.6692646581833251
110	1	0.6502201425952534
110	107	0.6140207208876579
110	105	0.6027530632933513
60	76	0.8029638573458431
60	91	0.7961836215613812
60	183	0.765968743345802
60	92	0.7628512031301224
60	80	0.7067648224377765
60	94	0.6825699081820795
60	74	0.6809804185787487
60	187	0.6666894681443868
60	97	0.6370422648130647
60	82	0.6356021387552842
60	84	0.6287764723816432
60	185	0.6221345486188266
60	167	0.6088739761808243
60	180	0.5985726994880242
76	80	0.7843975639199579
76	91	0.7344263959787952
76	82	0.7022165527340091
76	94	0.6837964066631785
76	84	0.669176315153331
76	88	0.6637571498681709
76	187	0.6622832888217017
76	92	0.6143009837789343
76	74	0.6101874822561736
76	183	0.6093457150310885
76	69	0.6061546925535705
76	185	0.6028485579703824
97	198	0.7930878200496706
97	74	0.6980514427852582
97	185	0.6784464986731589
97	90	0.6595009872796028
97	190	0.6419478843110646
97	91	0.6290122242155941
97	92	0.5994639352971036
83	190	0.8008579356469372
83	55	0.5665382599981533
190	198	0.7411291883484744
190	196	0.7285311779718908
190	185	0.7271816344714646
190	74	0.6956130804530148
190	90	0.6367153528707672
190	183	0.6022817034642693
190	167	0.5973391988022846
175	169	0.6844507356403108
175	174	0.712695230527329
175	182	0.6918001546030492
175	173	0.6892208146157889
175	195	0.6292659814829261
23	25	0.7981520343113795
23	29	0.7150686221714867
23	123	0.6901069887614888
23	129	0.6518564037309623
23	22	0.6137216030455708
23	133	0.6053316950589569
25	29	0.7685190091226192
25	123	0.6774846537113585
25	133	0.6757333504908606
25	129	0.6694468059377563
32	141	0.7950459331118053
32	30	0.7777695718812938
32	2	0.6883694057672124
32	134	0.6855812387084882
32	42	0.681184146804083
32	1	0.6400686320317746
32	35	0.6180415672789914
32	31	0.6154142738169348
32	139	0.6129855222869208
91	82	0.772621747171216
91	180	0.7425187497622346
91	80	0.7071299869151719
91	94	0.6918783583691699
91	84	0.6775657976462819
91	92	0.6723721538207539
91	187	0.668612683516055
91	88	0.6679929077294834
91	69	0.6095091505622222
91	74	0.6033830090400804
74	90	0.7455054438626858
74	185	0.73348070686728
74	198	0.7153128732557821
74	196	0.617967398824111
141	2	0.697718020828428
141	138	0.6339064141685237
141	139	0.6280927435043967
141	134	0.613864952341044
141	30	0.6063191365205203
198	185	0.7448071992163676
198	183	0.7123752397556119
198	196	0.7008504362401131
198	199	0.674530676800931
198	181	0.6406408793449707
198	90	0.6282380414803957
103	0	0.675189598801926
103	106	0.6644837768436311
103	1	0.6099928673661068
119	49	0.6443636413919719
119	14	0.6312731690917572
119	115	0.6312130158760483
119	154	0.6178004795781137
80	88	0.6958246303081981
80	82	0.6504221214394138
80	94	0.6360846582666857
80	92	0.6302013061565389
80	84	0.6083010209207829
80	50	0.5985791165568474
139	142	0.7832020272124862
139	35	0.6567175595124993
139	134	0.6348207155622281
142	79	0.6360012953605568
142	38	0.6110090743699652
142	78	0.6001809737270769
170	183	0.7810275833073346
170	145	0.7129215064629666
170	195	0.6758637416074149
170	167	0.7519164505621384
170	196	0.69700399531317
170	169	0.6268984332523709
183	167	0.7644767849512869
183	187	0.707654562772591
183	199	0.7011403413356848
183	185	0.6784788799758873
183	196	0.6508488597544074
183	195	0.6332599561717641
183	169	0.6028612892892026
183	180	0.5998417809796577
35	33	0.6471677949469806
35	38	0.6345280932589691
35	42	0.6255246729798838
35	40	0.6136405616270202
2	1	0.7293981068481835
2	7	0.7009267495168151
2	134	0.6135220932163976
129	133	0.7778485744896865
129	29	0.7417235668629432
129	123	0.6026448151158202
133	29	0.7459626409149938
30	134	0.6982103528894653
30	31	0.6400155008780692
30	42	0.608565540668561
88	85	0.661434755816604
88	94	0.6978103833491055
88	82	0.6950294035466266
88	90	0.6716372851393111
88	50	0.6096851001363256
106	5	0.6291693278604893
1	7	0.6660779422550067
1	105	0.6401453662253901
1	0	0.6326366047622517
1	100	0.6071090088466063
82	84	0.7482865201542316
82	94	0.6994638367952645
82	59	0.38716430149135966
82	189	0.6912888238076251
82	180	0.6814627619313369
82	187	0.606325460253225
185	75	0.5955933431648284
185	196	0.7229797797134722
185	181	0.6682365017264741
185	167	0.6613785016895684
185	90	0.6424120920986248
185	187	0.6092891291260456
185	199	0.606913232225048
78	135	0.7311575389464704
78	52	0.6089431915176935
78	49	0.6509871731295086
78	31	0.6463010107364152
49	154	0.6673722038759057
49	67	0.6623731002392949
49	33	0.6553618846970807
49	47	0.634474326519731
49	157	0.6025238056082889
167	196	0.7314459615274701
167	145	0.6791690532200257
167	169	0.6078220224681782
92	94	0.6768999303988378
92	90	0.6156813471921246
145	166	0.7605337877825702
145	68	0.6611477819635627
145	196	0.6424532017191802
166	37	0.6440828527282607
136	123	0.6368699216044985
136	20	0.6039423293805115
14	115	0.7092434983042356
14	17	0.7062088498314285
14	18	0.6913671336511418
14	120	0.6284740572571973
14	155	0.6072542148580108
14	51	0.6067426570689183
14	15	0.6043677771171636
157	154	0.7504305866830717
157	155	0.7376296185195877
157	50	0.6091822277056049
157	51	0.6012419551422727
90	85	0.6200584245410514
6	105	0.7529230150897853
105	8	0.6540076970016102
46	154	0.7188590834215661
46	155	0.6408943285936676
7	104	0.7517555958072156
7	8	0.6014526210131971
33	42	0.6488384571495962
33	67	0.6009737140145827
104	107	0.672470766708486
42	40	0.6303700733399257
42	134	0.6049133694549932
154	47	0.6992645898196089
154	155	0.739139511800916
154	51	0.607998547089731
154	135	0.597782814147873
84	189	0.7277889213234104
84	86	0.6840412439713763
84	69	0.6390995036745107
180	187	0.7476256779752884
180	168	0.5276768245286692
180	173	0.6880799150356313
180	189	0.6775387515005343
180	182	0.6723611953596568
180	179	0.6608211842671319
187	188	0.6746233175991276
187	182	0.6437491906190235
187	189	0.6324986373764919
187	173	0.6125296167724539
174	67	0.7073299172264639
15	115	0.7402580392309042
15	4	0.47702826481285787
15	116	0.6821210083178346
15	18	0.6167110484143773
115	120	0.7225690462312215
115	116	0.7206615526714932
115	18	0.6623338100863017
115	16	0.6265766172293201
173	179	0.6917010731970231
173	50	0.6818856648894305
173	182	0.6358940926657111
155	51	0.7202238770606437
155	178	0.41866319189481593
155	179	0.6178437602860445
89	179	0.739171267252591
89	50	0.6153272891850599
43	77	0.7344632432432994
77	148	0.6283953981843501
39	143	0.7333097182313607
39	26	0.6241103952834038
143	26	0.6392887615463838
143	127	0.6080489716583173
127	134	0.6004304306154336
196	181	0.6822974232073548
135	31	0.7168379188604674
189	147	0.7140947707169576
189	159	0.5406757463939642
189	182	0.6812752542397297
189	188	0.6466793434994715
189	86	0.6246473281208413
123	22	0.6367510271214288
120	17	0.6790882355777335
37	68	0.7222295674063387
37	24	0.6240249197454685
37	65	0.6137029023274466
68	65	0.7205173274165908
68	24	0.642235866129826
68	41	0.609314279183371
68	66	0.6032876110649079
51	53	0.6506759072612892
51	47	0.5990858222442814
31	79	0.6656604786546781
31	134	0.650450968054463
147	182	0.7030772406952263
147	148	0.6722735170604912
147	188	0.6480155071850132
181	199	0.6705545142846381
79	38	0.6849447413310574
17	53	0.6397143087117743
17	18	0.6171384370427082
199	182	0.624140918641606
47	153	0.6426586943632571
20	124	0.5980398149647415
40	41	0.6035991805252189
18	118	0.6868616594979744
118	16	0.6292116162149443
38	41	0.6142324893776849
86	69	0.6467258855576844
52	156	0.6821798221069052
58	161	0.6794813931989923
161	162	0.46527279787954307
56	163	0.6768078126971474
56	57	0.46450459705189795
163	162	0.530255117568736
188	148	0.6062938408228555
85	160	0.5467333898941243
16	117	0.6570245605170607
21	125	0.653274573048751
125	53	0.6004879810021472
24	22	0.6200830450323989
99	101	0.6091319134925944
75	186	0.6060344891784151
54	64	0.41119621192078193
55	158	0.5482179620526749
71	177	0.5401872721195016
59	151	0.46206210413792265
178	72	0.418555972312736
