19	121	0.9387241749555832
19	17	0.7879873617397541
19	20	0.7376068225515635
19	119	0.7059681591115123
19	124	0.6285224564524313
19	128	0.5654100028571739
121	17	0.7695812683611156
121	119	0.7035068139066688
121	20	0.6949053186600048
121	124	0.614941891361193
121	128	0.5503198530676369
23	25	0.9044955858241667
23	22	0.8339898214743914
23	126	0.7875700166496489
23	128	0.7567690007764054
23	123	0.7151174863637574
23	124	0.6732369411811013
23	28	0.6548652659717666
23	132	0.6450123001788883
23	133	0.5847035396163902
23	129	0.5718920780138566
23	131	0.5555061323845988
25	128	0.8099556233038996
25	27	0.5998353790428784
25	126	0.7842051282320935
25	22	0.7758661227981566
25	132	0.691940909695987
25	124	0.6865868864310064
25	28	0.6783277446734065
25	133	0.6582050484985827
25	123	0.6224960555583801
25	129	0.5945922535080685
25	29	0.585236365782447
25	131	0.5646066996753122
70	176	0.8768561255961251
70	112	0.6538932272438635
70	156	0.6353457844410433
70	199	0.6832476251963455
70	71	0.6164941179800796
70	177	0.5864776632780851
70	52	0.5773109688771891
70	139	0.5530676006581884
70	96	0.5455896069572399
176	177	0.7441965672548647
176	199	0.7380624225213761
176	71	0.7069549550891688
176	112	0.6287039100892027
176	198	0.619904518799081
176	156	0.5968630308558394
176	96	0.5862480007626192
176	98	0.5659404118211127
95	197	0.8679973250934092
95	98	0.7177894218383885
95	96	0.7116159242053904
95	198	0.7113393964818454
95	109	0.6420889592726091
95	106	0.6403931894230542
95	199	0.6291693278604893
95	181	0.5764703006330827
197	198	0.7713692788911974
197	181	0.6466211591543348
197	98	0.6737942453475706
197	96	0.6593370889879273
197	106	0.6263153641071513
197	199	0.6256281441860363
197	109	0.6217052977302817
197	79	0.5666944175594665
197	97	0.5595171426105211
28	132	0.8652589020799517
28	131	0.8349917815028782
28	128	0.7075746777251439
28	133	0.6796213277837099
28	126	0.6635221252549786
28	129	0.6516895980665843
28	29	0.6210668633420103
28	26	0.5834846973073669
28	124	0.5490846991709237
132	128	0.7492618477115914
132	125	0.6218463785345748
132	131	0.8109508014447115
132	133	0.7092931921455778
132	129	0.656734620837771
132	126	0.6483460283294018
132	29	0.6344086032768392
132	124	0.6062432457466386
132	22	0.5563836072904627
132	26	0.5537682664206446
132	27	0.5422943032509423
126	128	0.8473274753610509
126	123	0.7398147401055456
126	124	0.7100327956702749
126	133	0.6598116567068179
126	22	0.6500180717986718
126	129	0.5848219890674413
126	29	0.5620877640371305
126	131	0.5449853180661309
128	124	0.772097248329171
128	133	0.7260818610708205
128	129	0.6835301043999877
128	123	0.6903111972043072
128	29	0.6552705949973996
128	22	0.6189677448916365
128	131	0.6108273084732823
128	27	0.5958126900519071
128	20	0.5814496460122313
128	125	0.5414254463694042
114	141	0.8454270728317258
114	36	0.8058577801762088
114	13	0.785319156311037
114	35	0.7145991702620229
114	110	0.7485680283621695
114	140	0.7028394914243653
114	139	0.6926490990025417
114	37	0.6923420335887739
114	111	0.6195534353023868
114	12	0.6062495703995653
114	32	0.593109844107388
114	0	0.5579764673603523
114	113	0.5486584678053337
141	37	0.8247204582776189
141	36	0.7877598086310331
141	140	0.7512681384413057
141	13	0.7057774965678872
141	35	0.6779766734749576
141	110	0.6706865786229905
141	111	0.6450473363708769
141	12	0.618819671954522
141	139	0.5762899984359996
141	24	0.558595952136642
12	113	0.842027328478536
12	111	0.8339898214743914
12	13	0.7816118921982312
12	6	0.7587744240525833
12	103	0.6640870822259999
12	110	0.6577797640494466
12	1	0.6339183772700139
12	112	0.6158862145987619
12	108	0.596566822470345
12	8	0.5781504149869008
12	105	0.5642250962661094
113	112	0.6992032611896998
113	111	0.7152933395971512
113	6	0.6937503831277229
113	103	0.6733189457023696
113	108	0.6633933657777155
113	13	0.6474118216186036
113	9	0.622140678066727
113	3	0.591148710750918
96	198	0.8394770979460187
96	98	0.7118971636808313
96	97	0.7057273052131279
96	71	0.6246351316541637
96	177	0.5754946644763802
198	97	0.7380624225213761
198	98	0.7137564567004219
198	177	0.6261694872068414
198	199	0.622171324162227
198	71	0.6157806872419817
198	183	0.5683823872474693
198	196	0.5683485392124727
198	195	0.5628875847701769
131	129	0.6726569703707881
131	133	0.6187764757284933
131	26	0.5757955491861968
131	29	0.547357049775435
131	124	0.5457160142984396
111	6	0.7881010576343863
111	1	0.6660612517162504
111	13	0.7790699753209684
111	110	0.7459803819751518
111	104	0.6384838808170511
111	8	0.6367688632245924
111	103	0.6358762231637358
111	102	0.6158800077188282
22	123	0.7175566480506049
22	124	0.567216909690879
37	140	0.780676340181956
37	2	0.5775109478497376
37	36	0.8052961072689242
37	35	0.6929143262728195
37	34	0.6336850420733368
37	24	0.6089557751282278
37	39	0.6048309325967182
37	32	0.5783501029752973
108	112	0.820223473492082
108	9	0.8121116162471109
108	103	0.7479783116661636
108	3	0.7178960562337363
108	6	0.6509583614067085
108	109	0.6275535476749775
108	11	0.5755080404402456
108	105	0.5718988073698826
112	11	0.6909806474908397
112	9	0.8116685315726573
112	109	0.6891578124451586
112	3	0.656609488840202
112	103	0.6392946746073757
112	139	0.578649505054712
112	199	0.5413688952411853
61	62	0.8134690981908197
61	63	0.6137777010683042
61	32	0.6740289578949028
61	137	0.6204276036792625
61	34	0.6074561731482419
61	166	0.5891740338897596
61	92	0.587120216837405
61	65	0.5782968596192758
61	30	0.5682876079014996
62	34	0.7352773818404211
62	67	0.6843125139763611
62	137	0.6889634901455638
62	32	0.6542651444860642
62	146	0.6256464015261176
62	149	0.607058492901109
62	45	0.5691333181960572
62	65	0.5673525472973538
62	41	0.5581554935723776
62	30	0.5474691040027011
182	183	0.8130966702576383
182	174	0.734062296688855
182	175	0.7270308131822257
182	165	0.6666561353018835
182	180	0.6534407789327893
182	81	0.6515687683920057
182	164	0.6418067658726911
182	60	0.6223367801315927
182	167	0.6212142675959867
182	196	0.6172436798257211
182	169	0.575808918221949
183	175	0.7930136059370605
183	174	0.7469147229176158
183	81	0.6534866177483298
183	165	0.7541504109383853
183	164	0.6289396975069054
183	60	0.607948117615616
183	180	0.6003089149275513
183	169	0.5966698699177281
183	177	0.5514621439152759
165	175	0.8129610766426568
165	164	0.8078470028162288
165	166	0.7242707308699132
165	171	0.6566549955680261
165	169	0.6512982202341574
165	60	0.6045327834784635
165	174	0.5855124472319834
165	65	0.5836957124950043
165	149	0.5644159281243359
165	137	0.5522549591895164
175	92	0.6631133182891086
175	169	0.6573199852957148
175	174	0.7368947433298866
175	164	0.6972198899799259
175	180	0.6285829486023357
175	171	0.6019119654327777
175	60	0.5662733780699579
175	166	0.5599909486058664
175	91	0.5427177155648782
9	109	0.7140457603514729
9	3	0.7093031300679499
9	103	0.6628891465497152
9	11	0.6421359745989375
9	106	0.545751123042027
164	60	0.7198145406355635
164	149	0.6944551638842289
164	171	0.6934130693038498
164	180	0.595703027714944
164	65	0.5906801202818214
164	170	0.5856701471102902
164	189	0.585315260048993
164	169	0.5691400790302401
164	45	0.5616703459865341
164	174	0.55589320317748
164	91	0.5440003798176561
36	39	0.7356446594587313
36	139	0.732267923154285
36	35	0.695287780799304
36	32	0.6920503495252128
36	140	0.6799279344409115
36	13	0.6426410843296682
36	24	0.5962317823924796
38	142	0.7978614861880029
38	52	0.6921753846707576
38	39	0.6866344573516011
38	139	0.6751678334538815
38	181	0.6437901798604515
38	199	0.630978345768334
38	32	0.5980847774689924
38	41	0.5894873247656706
142	139	0.7114925015564768
142	39	0.6961906873410616
142	199	0.6413831496582687
71	177	0.7974613764402629
71	97	0.5531578292801349
177	179	0.6109589384865107
177	170	0.5443734259269792
44	136	0.791748359365421
44	33	0.6285829486023357
44	149	0.5772376258949233
44	34	0.571353480151993
44	49	0.5634748158641694
44	18	0.5543573286064647
136	33	0.6627433711537981
136	120	0.615234074733072
136	18	0.5732767001044656
136	149	0.6001809737270769
136	34	0.549692109069754
136	146	0.5488401750907599
136	49	0.5479171246152716
6	8	0.6514997080158202
6	105	0.6501162319568041
6	103	0.6828475407417984
6	1	0.6375173643072174
6	13	0.6308639774564013
6	3	0.5584170538121978
6	110	0.550305909952989
17	119	0.7630183753269552
17	20	0.6580973494694653
17	15	0.5703625224256199
13	110	0.771328776823569
13	0	0.5893307014835465
13	10	0.581131837509218
13	1	0.6253237542813553
13	139	0.5938224217036211
13	35	0.5768173911924447
13	103	0.5610128462968212
13	102	0.5424072401529582
140	34	0.7114332430868991
140	134	0.6467433375879474
140	35	0.6744925244139227
140	32	0.6706480642489504
140	137	0.6433683997989678
140	30	0.5757286993886843
140	138	0.565369182780698
140	2	0.5607592457703997
29	133	0.7787159822335012
29	26	0.6627433711537981
29	129	0.6393124133367327
29	124	0.5792345519713002
29	125	0.5584376985781603
133	129	0.6437433347115306
133	124	0.631880290920842
133	26	0.5511280285381469
124	20	0.7194432973338031
124	123	0.5922210600961049
124	129	0.5869825890018645
124	119	0.5415456012515358
110	104	0.6965615307283657
110	102	0.6634045638139846
110	8	0.6209439928912438
110	1	0.6018290576876706
110	35	0.5722688034171816
75	186	0.7665054880243773
75	76	0.6139459579527794
75	188	0.44495328903862924
75	187	0.5767106162674595
186	187	0.6704664477739065
186	76	0.5925715560502788
45	149	0.7645183392989421
45	86	0.6804974836242573
45	67	0.6204276036792625
45	171	0.5807674639008633
45	43	0.5739208450763252
45	50	0.5676237301752023
45	65	0.5624091860521879
149	171	0.7458694829779161
149	146	0.6615191230550276
149	67	0.6262545873943467
149	65	0.5731827030254765
149	189	0.5517404383144345
193	194	0.7643105040148808
193	88	0.6773656127709519
193	160	0.6510735970447946
193	190	0.6375529772415554
194	190	0.6493476938730006
194	185	0.596888780421963
194	88	0.6460796842891979
194	73	0.5746446602019841
194	74	0.5690386584370557
194	160	0.551169802630494
194	90	0.5469156454583624
119	154	0.5673864518898865
119	20	0.6450706923255903
79	181	0.7605970188223409
79	31	0.5294423535693801
181	101	0.44031379356361505
181	199	0.5423084214355893
195	196	0.7542711374465163
195	191	0.6272806911938115
195	87	0.5844533977771904
195	179	0.5555476157781051
196	93	0.5784964968010665
196	191	0.5642796258078978
196	180	0.5513229506644045
87	191	0.7538051970113057
87	89	0.6489947621005603
87	190	0.6280685229156764
87	179	0.5624912240240184
87	83	0.5549250745180669
191	190	0.6803632299935446
191	192	0.4573774998856566
191	179	0.6204829568512491
191	89	0.5595514886779879
191	180	0.5459196183400399
83	190	0.753269291986715
190	158	0.5324225053099811
190	185	0.5704502251793103
50	173	0.7502776476426704
50	67	0.6876426321957128
50	41	0.6591618180421687
50	66	0.6266373535977928
50	157	0.5881415327455045
50	86	0.5827983536326156
50	89	0.5724167366417895
173	179	0.6542937404066103
173	157	0.6510620748313354
173	66	0.6471096738012427
173	89	0.5992717078357579
173	170	0.595141466845761
173	155	0.5542187756562993
173	145	0.5476931535694366
173	171	0.5437327803493679
68	69	0.7484053143170997
68	172	0.6120733033624502
68	80	0.6022562125801885
68	84	0.5672304748365369
69	86	0.6032176415754833
69	84	0.5953674520859721
51	155	0.7482733178393495
51	154	0.6125920936922069
51	53	0.5653215558577989
51	46	0.550981797457773
51	125	0.5477211542443717
155	157	0.5574321843659914
155	154	0.5512115739599781
155	46	0.5499293298441383
155	179	0.5487004048578783
103	3	0.7147752902358572
174	180	0.6839773882209013
174	169	0.6264794232073906
174	81	0.5783035153082074
174	60	0.5578318313397513
171	65	0.6601841624967775
171	67	0.6509410734727504
171	170	0.6211712792283465
171	179	0.5964315428391035
4	107	0.7402218756465223
4	8	0.6397556604522018
107	8	0.6646010373543542
107	104	0.5419483120649548
123	138	0.6078031055515702
123	33	0.5504383571500042
97	81	0.5479801023237204
199	98	0.7345231108135554
199	139	0.5644772541283739
20	150	0.5597369242335918
39	24	0.7189702106182858
39	139	0.6518276486323308
34	137	0.6891263074519088
34	33	0.6116291003462472
34	32	0.6931378036599237
34	30	0.631459595800725
34	49	0.6230164039671477
34	35	0.5842031448041655
34	42	0.5827785429038816
34	146	0.5581486089095007
34	134	0.5484697168996385
139	32	0.6372204838936448
88	90	0.7243467911604901
88	73	0.6247814691420982
88	74	0.5463546935219176
90	73	0.6197690422798492
90	74	0.5660831342613675
166	137	0.6601221007342118
73	184	0.7208585596904123
73	74	0.7126017254201388
73	76	0.5969145287585458
73	185	0.5541979900642512
184	161	0.5266803506418869
184	185	0.5438806779390231
60	91	0.6285406048958767
60	65	0.5965539401561168
24	127	0.5361381214106281
147	172	0.7156350172683398
147	148	0.5677389456174191
147	135	0.5563767028792326
35	32	0.6967673941723278
35	137	0.5596270432617155
109	106	0.6962731291214236
74	78	0.5796397460261999
74	185	0.5893307014835465
14	15	0.7077893277755499
14	116	0.6184801722222616
14	115	0.6125546084588576
14	152	0.5608346515163153
15	116	0.7050289114967098
15	115	0.6690271933879972
15	120	0.5578593836708716
15	77	0.5455825835991136
15	118	0.5425907208136175
15	16	0.5408455650916022
116	115	0.6132102022458202
116	77	0.5797791727831332
116	120	0.5585890723925897
116	43	0.541305269366567
1	102	0.7026522165717323
1	8	0.6514191239280116
1	104	0.6488731963165395
102	104	0.6500065221183967
89	179	0.7023280517278682
89	157	0.5748522561037278
179	168	0.6069195487499974
179	178	0.4036317841246405
179	170	0.6319343533030253
179	180	0.6310325106617145
179	189	0.5461933290412081
41	145	0.6986661965543405
41	67	0.6597890701676085
145	67	0.6181404414401916
32	30	0.6457125088300986
32	137	0.5949606108550722
104	8	0.6440243332314332
104	2	0.5506543957397899
106	5	0.5733639695973956
52	156	0.6062242713277411
137	146	0.6911687171679382
137	134	0.5691400790302401
146	49	0.6705159875112636
146	42	0.6324026363862371
67	65	0.5892001482326217
180	91	0.5907582463832027
180	170	0.5801242738867828
180	169	0.5779306781791468
129	26	0.6165003172918859
86	189	0.6187085883839478
86	43	0.5992012071124218
80	81	0.679427559037611
80	167	0.5761831262085759
81	167	0.6553276533030795
81	92	0.5979948486958212
81	63	0.5587541650364415
49	48	0.483230183996985
49	42	0.617237489685116
49	33	0.5955546256671072
187	76	0.548287903924711
115	120	0.5998417809796577
115	152	0.5756417831435399
115	18	0.5582725210825763
40	42	0.6661280098692031
40	144	0.6026511832697108
92	91	0.6467084328502076
33	138	0.661057711058638
26	21	0.5657568616868222
26	125	0.5421672258079484
65	91	0.6231020555743124
65	169	0.561403322203378
46	154	0.6590882960017105
46	120	0.5475741370135885
154	47	0.5427882574843292
154	120	0.5478401434251569
47	153	0.6588110612071603
169	64	0.570254562719472
169	91	0.5424778157632337
167	63	0.5608415061228085
160	85	0.5387835410963256
157	94	0.5640342041019679
66	170	0.6356200187119788
43	77	0.6468829294513098
134	30	0.6166428803671495
91	93	0.5683349994598091
21	125	0.6320844943233591
125	130	0.575293988068592
125	122	0.4920942310006742
189	82	0.5982003780505459
189	168	0.5563767028792326
189	148	0.5435637131707881
18	118	0.6158862145987619
18	16	0.5491754984681744
58	161	0.6152962196128288
58	159	0.4771286763099004
27	53	0.5637477527851351
27	130	0.5471118627227236
185	135	0.5607043993846047
78	7	0.5270848916564876
78	135	0.5453015864334471
2	100	0.4401283663227298
56	162	0.573498204954136
56	163	0.551962985410997
56	57	0.5189926086380584
56	99	0.45613504357867235
64	55	0.5678947899371413
127	143	0.5686666347889952
55	54	0.4738705649198684
16	117	0.5536018425356706
16	151	0.5092673000415853
151	59	0.4481316636397264
99	101	0.4647633550865621
178	72	0.28988435087959563
