19	121	0.931220385101639
19	119	0.8021809276512728
19	17	0.7200264949839632
19	120	0.7167114980177685
121	120	0.7557802094234582
121	119	0.79126278495432
121	17	0.7023635214555561
193	194	0.9245226041929689
193	81	0.8459681838104286
193	180	0.7569057038843119
193	184	0.4338908506621895
193	88	0.8572026247110299
193	76	0.8410351258062942
193	90	0.8291467688511647
193	183	0.7881010576343863
193	187	0.7861990951761446
193	190	0.7851274441380265
193	198	0.7728231971500104
193	97	0.7648505454130385
193	93	0.7603440080841989
193	96	0.7453499257185582
193	182	0.744673590695801
193	185	0.7415255699516129
193	196	0.7333698058942786
193	87	0.7248312612103216
193	74	0.7235043925508955
193	73	0.7047370903431762
193	191	0.7032137490246926
193	177	0.6976615656438024
193	98	0.6976461672713268
193	80	0.6974510654245256
194	90	0.8592574327716319
194	81	0.8411813942442382
194	88	0.8323997429539852
194	76	0.830640885984253
194	183	0.8058227180270021
194	187	0.7759059228860193
194	97	0.7629348019826874
194	93	0.7619718738602599
194	185	0.758111792498514
194	198	0.7564098399766523
194	180	0.7531178471845351
194	190	0.7367164675108963
194	182	0.734255921050609
194	196	0.7293513055944923
194	74	0.7269035031214637
194	87	0.7219519881792889
194	80	0.7105778085477141
194	191	0.7097698944431812
194	96	0.7091341470383064
194	177	0.6993821075947401
194	73	0.6914402081857888
9	108	0.901823354123921
9	109	0.850456455173126
9	112	0.7722587447798208
9	3	0.7430745834321204
9	103	0.7367576171785627
108	109	0.8683421187772336
108	112	0.8031414105685348
108	103	0.7776510218755575
108	3	0.7433118452558248
108	113	0.714310333182665
108	12	0.7084922641083942
108	111	0.7071299869151719
96	198	0.8831488860539549
96	81	0.840888734299714
96	197	0.8272623227558956
96	190	0.7936436759335153
96	98	0.7847435679778154
96	183	0.771490747609057
96	97	0.766917641306069
96	185	0.7529490003318619
96	93	0.748216100958434
96	95	0.7474403763457909
96	196	0.7267148037461731
96	76	0.7250732277608477
96	88	0.701226759412046
96	177	0.6971890556245622
96	74	0.692961111631331
96	87	0.692482586188833
198	183	0.8554155231440526
198	197	0.829708458087739
198	98	0.7907012641019109
198	176	0.5853809968057365
198	81	0.8502072130317232
198	196	0.8212678757201815
198	185	0.8150193193154273
198	97	0.8016097858692758
198	190	0.798405959731229
198	76	0.7708016810937066
198	182	0.7583668363628968
198	177	0.7555743125331087
198	195	0.7473785832763327
198	93	0.7433655389663109
198	74	0.723308952615646
198	187	0.7232994159945075
198	166	0.714413167512533
198	95	0.7132360783627689
198	87	0.7078042984856868
198	191	0.7020847367731109
198	199	0.698323086077807
81	93	0.8767867703533335
81	183	0.8717682886952356
81	74	0.8512569776531925
81	76	0.8488435190707841
81	185	0.8435627089748001
81	190	0.8121116162471109
81	97	0.8108480688151702
81	73	0.7175178368262004
81	54	0.5384498918524279
81	90	0.8110877005490894
81	88	0.7760252860977008
81	98	0.7680273016556558
81	196	0.7674935948013599
81	87	0.7544650553864561
81	195	0.7263323513722828
81	63	0.7260298483524135
81	182	0.7169399936066443
81	91	0.7075247403843261
81	177	0.7026167752382066
81	197	0.6971273791743547
81	191	0.696690208826109
81	61	0.6937088839921353
93	63	0.7751486644329698
93	94	0.7001476009634362
93	74	0.8184155517784406
93	195	0.7915243722661831
93	90	0.7838969170837511
93	183	0.7745492511088317
93	190	0.7710856331757044
93	196	0.7635609806446986
93	87	0.7569355988632053
93	185	0.7555142311339129
93	91	0.747735921329209
93	76	0.7437455952562998
93	97	0.7370637821043563
93	88	0.7267383971685697
93	61	0.6993207986895231
183	196	0.8407129019256198
183	185	0.8395951695731604
183	76	0.8040270401954794
183	182	0.77863724968869
183	97	0.7715716955231351
183	98	0.7713692788911974
183	74	0.7673291628971807
183	190	0.7653895139460661
183	195	0.7609045373101541
183	166	0.7579288682793427
183	187	0.7413319480995417
183	177	0.7233470963411139
183	63	0.7165655692569172
183	61	0.7097450822278065
183	90	0.6994689442629495
183	197	0.698906694370138
88	90	0.8707081408185618
88	85	0.6284438052886259
88	76	0.7745492511088317
88	87	0.7489107519895372
88	97	0.7378757078481444
88	191	0.692846737119108
90	76	0.7667528558315212
90	87	0.7457585426148792
90	97	0.7442277976307559
90	74	0.7161030474445059
90	73	0.7086316872855584
109	106	0.698394807346935
109	5	0.5299459504052529
109	112	0.7985871613416389
109	103	0.7634358595985365
109	3	0.692248302657356
61	166	0.8652337672019806
61	63	0.8077080046199152
61	92	0.7549987261198411
61	175	0.7002852191457248
61	199	0.6937503831277229
166	175	0.7619718738602599
166	141	0.7560116649275603
166	167	0.7279205850095053
166	199	0.7692140439078627
166	195	0.7635609806446986
166	63	0.7523681037270689
166	185	0.746888194624984
166	174	0.7066997536065067
166	196	0.704525622597294
166	98	0.7008758757819273
74	76	0.7809885806698397
74	185	0.776660951895433
74	63	0.7406961819792505
74	97	0.740013851904267
74	190	0.7184867813719582
74	91	0.7175178368262004
74	87	0.6997293303830175
76	187	0.7982608942411189
76	80	0.7619718738602599
76	97	0.8014667713196788
76	182	0.7625165525371222
76	91	0.737492817487379
76	196	0.7279393897268384
76	185	0.7271203717872634
76	180	0.7234138372388713
76	190	0.7228699824029552
76	177	0.7195879865033428
76	87	0.7154300517353115
76	191	0.7148437568638799
76	98	0.7007944629718985
185	190	0.7621395822810539
185	196	0.7454876744674811
185	195	0.7276007372357298
185	98	0.7078941093958863
185	182	0.7072299662104885
185	97	0.6938955938303883
185	73	0.6938748528985231
196	195	0.8275461846782206
196	98	0.7536324338386253
196	190	0.7444017358808028
196	182	0.7230847690650267
196	197	0.7126263344823417
196	187	0.7022672383659178
196	97	0.696154613286231
197	95	0.769377317564061
197	98	0.7465475370997926
197	190	0.7017752872993861
195	190	0.7375110611229534
190	83	0.7513857255565202
190	75	0.6858461370643074
190	191	0.7331293864929996
190	98	0.7213481697179042
190	87	0.718085007170228
190	97	0.7071649828855582
97	177	0.7789520327667899
97	87	0.7787553393104729
126	128	0.8101275396114225
128	124	0.6856236346523393
128	125	0.6692260104355866
128	123	0.6239882827997982
128	133	0.5395637618999247
182	187	0.8087828938827835
182	147	0.6992339267911462
182	181	0.6858461370643074
182	98	0.7170177442144684
182	80	0.7061938114410131
187	156	0.729374707074729
187	80	0.7214344967352896
63	169	0.5859854138875707
63	55	0.5583688800016201
63	92	0.7168281958531106
63	167	0.6950449112471189
112	12	0.7626839288801454
112	11	0.6823294901081434
112	113	0.755844521573355
112	70	0.7048830307464102
119	17	0.7759855045351498
119	49	0.5600527224047236
91	180	0.7968051355252382
91	84	0.7010386466322385
180	80	0.7244418417345342
98	199	0.7857021292501248
98	38	0.6140082611635626
12	113	0.7900632615498875
12	111	0.7379576940572035
12	13	0.7249925921238333
12	70	0.6953032777231108
113	70	0.7386945903350428
113	139	0.6619013779111452
113	111	0.7114875637371425
53	157	0.7882904313572673
53	173	0.6983691942178991
157	150	0.7220573042221902
157	51	0.6719719790220331
157	49	0.6627545864296194
177	71	0.6407352023580112
87	191	0.7452832502413391
87	192	0.3308300230380485
103	3	0.6993310175550068
103	111	0.6915706632422292
136	149	0.7740687165531439
136	123	0.6397674745549358
136	33	0.6196335288113531
136	48	0.613197722627812
136	44	0.5844402293387487
149	45	0.6920816122058777
149	43	0.5184736583627487
95	99	0.39536232610376887
13	111	0.7634358595985365
13	114	0.680459897211662
13	0	0.5852692397402762
111	8	0.6164507206571822
111	102	0.5849535703235851
80	77	0.5644908812831191
175	170	0.6774305485916013
175	189	0.6421242212201912
175	171	0.6346953282899899
175	141	0.7148144157012578
175	174	0.7101716070298145
45	164	0.7567048983983625
45	173	0.6786892941878723
164	60	0.6199229900071911
164	146	0.5948636989262523
120	117	0.3245012743596895
92	174	0.7197567115974485
92	65	0.6865657419124205
67	69	0.7481456649002096
67	68	0.6858408408772211
67	171	0.6575300684538048
67	172	0.5951866714268796
69	62	0.6549052447428915
70	176	0.6668505392927734
50	173	0.7344033642396142
50	41	0.6080300630199595
50	27	0.5036912557359982
51	155	0.7302020203448568
51	47	0.6942169310660441
155	40	0.5451610418715197
155	168	0.44031379356361505
155	47	0.6929299220407121
156	52	0.6295920437893335
156	78	0.5397480424898584
156	159	0.35203085560878805
150	42	0.6269955432477474
150	20	0.5305210323044293
35	62	0.7107114542817894
35	32	0.5633860848678254
62	30	0.5095709018276587
84	86	0.7062489490907004
84	64	0.4911463443476533
86	60	0.6621541515586952
86	82	0.4854881000605847
60	165	0.703254185983595
60	178	0.29983655137010756
165	140	0.6716592406837414
94	66	0.6241653359565463
147	148	0.5171343204148872
47	153	0.6041455712668234
49	154	0.6926022747334086
154	46	0.3974778807344854
56	163	0.6909231630898774
56	161	0.4992900561066074
163	162	0.4605822029352586
110	114	0.6897821233508242
110	10	0.6205198555315201
110	135	0.5740549526538276
114	2	0.4481156799362316
114	101	0.35806974295192695
137	140	0.6881009762971677
181	79	0.6391349954229668
75	186	0.427979109081453
123	127	0.6717305880559661
127	138	0.6700588943332438
127	143	0.6630124557203224
127	130	0.6303399407116836
127	129	0.5559968419468887
127	24	0.509852175597611
85	160	0.66552680223078
85	31	0.6173550892896451
160	57	0.4858854363941432
143	132	0.5138963139929371
143	39	0.4298478239296958
189	179	0.49282898801741276
23	25	0.6410475092248304
23	22	0.5839461906655766
25	29	0.5118549410319803
52	122	0.5090747063722458
36	38	0.6236706476801965
36	37	0.6010950779682406
38	142	0.5626347638273417
33	34	0.6008906595489307
33	22	0.529053609436764
33	26	0.5135577151085553
8	107	0.5379384420258776
41	145	0.5216180200672803
131	132	0.5972941739079887
132	28	0.5719930102724115
46	152	0.5819657065793904
46	151	0.25637079865082535
57	162	0.5802967463834514
135	7	0.544317130869605
135	104	0.5245598435215908
135	134	0.4590681669607672
135	100	0.3472471202412728
55	158	0.45436722027943927
40	144	0.5429786824174242
40	21	0.44235101288793227
107	4	0.34142970388741517
43	15	0.4845627523466815
43	118	0.4314199132996393
148	116	0.5077548113002506
116	14	0.4840652163995741
116	115	0.4430906911924782
161	58	0.37434782379617215
179	89	0.49162422483671225
179	72	0.1706926369629566
15	18	0.39545512781688213
115	188	0.3427365127027263
1	4	0.416128047573972
4	6	0.3715498725274757
18	16	0.3783220760652894
6	105	0.2600760758169475
151	59	0.24597118987662017
