22	23	0.8752984714406852
22	33	0.8646796982559173
22	34	0.811941309745981
22	123	0.8070465355148715
22	75	0.5393156102158824
22	26	0.7858933901791727
22	28	0.7787159822335012
22	128	0.7771366656241188
22	136	0.7701921796911393
22	126	0.7660513890607366
22	131	0.7188542509706459
22	129	0.7060734813768367
22	143	0.6787755857514229
22	124	0.6763848831901176
22	39	0.669871504482742
22	24	0.6649079931253159
22	29	0.6475279781634765
22	127	0.6433683997989678
22	25	0.6298877233391129
22	132	0.6233038895284977
23	26	0.7972063953984769
23	33	0.8387076970289042
23	128	0.8003193492036692
23	136	0.7627675787642711
23	126	0.754650231766613
23	28	0.7450564420852565
23	123	0.7357776908856358
23	129	0.7346934405605444
23	34	0.7146529943137623
23	29	0.7106916581498763
23	124	0.7028496116150923
23	131	0.6941029398306845
23	143	0.689561895300469
23	39	0.6625919358290556
23	24	0.6617271573330704
23	25	0.6613559979551408
23	132	0.6544881430507621
23	44	0.6286918153092548
23	19	0.6246961109402104
23	127	0.6177200911884823
33	136	0.8019669212182388
33	44	0.7365060617520296
33	34	0.7997073859942045
33	26	0.7970605641179485
33	123	0.7528883644480502
33	128	0.7414580414666384
33	28	0.7402309169441661
33	143	0.7171780485110899
33	24	0.692305585446816
33	126	0.6920295062956925
33	39	0.6889109535952376
33	131	0.6727993039508003
33	129	0.6613672499711869
33	124	0.6594557802187491
33	18	0.6364060618439671
33	132	0.633900432504025
33	127	0.6237806216194356
33	29	0.6214291533574843
33	62	0.6204706566806047
19	121	0.8629537391945635
19	136	0.7404207223627052
19	120	0.833471503449326
19	17	0.7667940616777212
19	119	0.6415243985501187
19	128	0.6214230150612656
19	124	0.6160785899562937
121	120	0.8539060279643871
121	17	0.7730647317064894
121	119	0.7519512182027852
121	136	0.6727828833864749
121	124	0.6354233016835187
120	17	0.802038279583332
120	117	0.6316098867666438
120	119	0.7503737901310545
120	136	0.6710000610699679
39	143	0.8300508876832562
39	131	0.7485724247883283
39	26	0.7461976240513422
39	28	0.7236139788337576
39	24	0.6927791357887796
39	44	0.668026133526281
39	34	0.6626760732550938
39	127	0.6351966768268777
39	29	0.6222203539491995
39	132	0.6132663567388704
143	26	0.7606180926296374
143	127	0.7265543229983215
143	131	0.7202575647918829
143	24	0.6980565699912998
143	44	0.6945793988617794
143	28	0.6832956077870963
143	128	0.6714341404237743
143	126	0.6493592606742309
143	123	0.6226124165400265
143	34	0.6225879217788591
143	37	0.6197012901643841
143	129	0.6174293485112189
143	29	0.6157806872419817
143	136	0.6146744266711164
126	128	0.8277351911959011
126	123	0.8129610766426568
126	129	0.7586386274452518
126	124	0.7650994333518354
126	136	0.7286437764396239
126	28	0.7216885516724515
126	26	0.7000048308440012
126	131	0.6870676105318614
126	29	0.6457008475723849
126	127	0.6379564000978561
126	133	0.6372561195344307
126	132	0.6289699182993723
128	124	0.7789127063305155
128	123	0.7987682183045379
128	136	0.7797372758477081
128	129	0.7400500401217265
128	28	0.729042246062607
128	26	0.7167844388698805
128	29	0.7032642945124142
128	131	0.6867137291546903
128	127	0.6445507373663244
128	133	0.6275838555512014
128	132	0.6107458063019546
98	199	0.8247524392565454
98	79	0.7337670203798675
98	93	0.6824844431177968
98	38	0.5446266930084972
98	198	0.7496125227856685
98	96	0.7303700259769148
98	181	0.7106768103123026
98	95	0.6642435698611353
98	197	0.6568028594162221
98	81	0.6237500757799612
199	198	0.8201252792966128
199	181	0.7258595668158091
199	197	0.6581993808001365
199	79	0.6314716208244345
199	96	0.6140830149178998
198	96	0.7694181202789785
198	197	0.6733626746745813
198	181	0.6991163613453034
198	81	0.6226001693119473
198	185	0.6169588542644243
123	138	0.5993293833327226
123	136	0.7920839412299602
123	124	0.762307188479236
123	28	0.7569526802859817
123	129	0.7410615717031543
123	131	0.7155032678537716
123	26	0.6932988326494212
123	133	0.6472026640236812
123	132	0.6352265021386932
123	34	0.6248546214311418
123	127	0.6238844632219264
34	25	0.6661780714805003
34	37	0.6317060480801435
34	26	0.7400636095986032
34	24	0.7015265211675065
34	28	0.6837165351002593
34	136	0.6169216911824547
17	119	0.7968051355252382
17	14	0.6423827258201903
17	149	0.6342950597043551
17	18	0.6260296473618582
136	124	0.7455809519700076
136	28	0.7097748566749301
136	129	0.6911478251581766
136	26	0.6811519862001956
136	131	0.6393005875927644
136	29	0.6143009837789343
26	28	0.781417274731799
26	24	0.7627675787642711
26	29	0.7450341967116667
26	131	0.7449941508624617
26	132	0.6916645629555169
26	127	0.6883062628442924
26	129	0.6691873590667078
26	44	0.6500180717986718
26	18	0.6267345159556059
26	25	0.6213309314630735
26	124	0.6201999756879957
26	37	0.6131353199462055
193	196	0.7847435679778154
193	88	0.6495558503303649
193	93	0.6786137736947989
193	194	0.641912608777574
193	181	0.6296886122780527
196	93	0.6909858729121809
196	185	0.6527009661849663
196	194	0.6468189552270318
196	181	0.6629900385464774
166	167	0.781417274731799
166	183	0.7314459615274701
166	172	0.607885073874465
166	175	0.6257680996125525
167	63	0.574477190267922
28	131	0.774269047812396
28	132	0.7386491539486121
28	29	0.7310458212678639
28	129	0.7055917531653881
28	133	0.6785166548304246
28	127	0.665604785334864
28	24	0.6482764652263143
28	124	0.6353756002805595
124	129	0.688837390262994
131	133	0.6881904737250412
131	132	0.714520865625525
131	129	0.6646456994165547
131	29	0.633415665806296
131	127	0.6270258861259169
96	81	0.7175420943636113
96	93	0.6475918514405726
96	181	0.623371149065425
24	44	0.6649916693832382
24	127	0.6250130804265137
24	37	0.6219935502669397
44	149	0.7587150211504186
44	18	0.7196265597330883
44	62	0.6903373698234735
44	21	0.5834978880655931
44	14	0.6200091798943795
149	14	0.6881746815828497
149	118	0.6705545142846381
149	18	0.630460459828303
129	132	0.6234873029047038
129	133	0.6138275607746694
60	182	0.7484009153893232
60	80	0.6916802106347946
60	45	0.686539309630966
60	183	0.6181219040245958
182	45	0.744267946190148
182	80	0.7147850720217096
182	183	0.668916698081696
182	142	0.6288550691758358
182	156	0.6341396399344583
9	109	0.7475551005981158
9	108	0.6687011471843418
9	12	0.6613053601992578
9	106	0.6329004305142404
9	3	0.608200215931607
9	5	0.5012318781249225
109	101	0.3203974828669398
109	108	0.6265705431738342
29	133	0.6179488549915124
45	164	0.6991674814025763
45	43	0.6781711511469598
45	156	0.6428406249512475
45	31	0.633080227484289
45	165	0.6013632578248448
45	42	0.5417575853139949
45	80	0.6317601302774264
61	63	0.7439198132845687
61	81	0.6784464986731589
61	68	0.647318874722093
61	69	0.6413654904888252
61	32	0.6296765422810161
63	81	0.7138888801418605
63	68	0.6496194342786658
63	187	0.5529287620567926
63	55	0.3519695288982967
132	130	0.4142907741766327
79	181	0.7091689443242389
79	95	0.6570813886558108
79	93	0.6501624174654255
79	81	0.6207965080610728
183	145	0.6909701964315157
68	69	0.7281508673484606
68	65	0.5401872721195016
69	32	0.6344862752146861
181	93	0.6118418654395461
18	15	0.6513442826842933
81	92	0.6897506700117665
81	74	0.6810233174951525
81	93	0.64165383849761
80	78	0.5975128309824176
46	152	0.7115073145928983
152	154	0.6699982775470449
152	164	0.6261938030687262
152	14	0.6053950485776524
152	151	0.5478331446750427
152	48	0.29125770327420303
12	112	0.7093528154505522
12	11	0.6177077225978985
12	113	0.6162832958973595
12	108	0.655293419217039
95	197	0.7041880220459307
6	105	0.7022723065375848
6	8	0.5923249341271527
164	155	0.5905303476279189
164	135	0.559365997083119
139	141	0.6949260023489896
139	176	0.5946245755497235
141	114	0.5856832867659542
141	165	0.5687478234393096
171	172	0.6931066287643429
171	67	0.5941007218448345
171	169	0.5728401575108159
171	180	0.5702950499181647
145	174	0.6919773931732429
145	41	0.5570529699938581
145	175	0.6862431440827766
174	175	0.6911582713074542
174	170	0.6437081976832782
174	195	0.6127544978627483
175	170	0.6719610098014263
175	158	0.4166074975227714
175	195	0.6471271109348276
93	66	0.5466913235582082
93	190	0.5425131006971098
93	87	0.500242852416403
93	92	0.6341814887609244
93	88	0.6274808010116594
62	137	0.5689642723306407
92	90	0.6193623910185929
14	115	0.6043614296829021
14	125	0.5963864420971823
14	15	0.6158986281292671
4	107	0.6817518841014127
4	8	0.6055217326042183
43	77	0.6592918646343296
84	86	0.6746124197845035
84	189	0.5604369527895169
84	64	0.32774519605778146
86	82	0.5036390132357746
170	195	0.665649340583853
118	16	0.6050021331113719
154	146	0.5933301947059398
154	153	0.5616635006838618
154	47	0.5466071826071072
154	49	0.45146596253416305
154	173	0.403054037156209
70	176	0.6697336633597831
70	97	0.5864711028001048
70	11	0.5829700175974645
70	177	0.4855950949702778
70	71	0.34899595413105905
108	103	0.5818201984503744
77	76	0.5555199604897026
77	147	0.5422872440437743
77	20	0.40802546344307
15	116	0.5619372528114304
114	134	0.6502720887941862
114	30	0.5393014272894512
134	100	0.3151292074747288
88	90	0.6440652976706939
88	85	0.6098609896473371
194	90	0.6255064110706862
90	94	0.6048626406149409
32	36	0.644006775912472
156	52	0.5755949766999293
156	142	0.616704851701334
37	35	0.4615113770704557
117	161	0.3997404665745464
113	111	0.5857949614107554
113	13	0.5729207744672264
85	160	0.44847524395696475
3	0	0.46772164504665764
8	10	0.4832378488458385
165	144	0.4583812396989445
146	150	0.5984058287337809
146	189	0.5875459926925309
146	157	0.4866031887841719
125	122	0.3323431081476309
67	91	0.5173979972692836
155	51	0.5664431876420825
110	111	0.588161155085401
110	104	0.4426566052261034
111	102	0.5083779808064817
73	184	0.5761497245960779
184	75	0.5426471659881416
13	2	0.5317055975752988
13	10	0.518378597897533
56	163	0.5671355123535928
56	58	0.4763714212086435
163	162	0.49384285810873607
163	161	0.4607633924658468
163	99	0.29896260595867247
7	135	0.5603820774955467
151	59	0.35441149225389595
75	186	0.5093413609513695
190	83	0.4811272261022117
190	192	0.307425770811197
147	188	0.5307509284468361
147	148	0.5253567040666642
42	40	0.4165083199819136
2	140	0.5029296436891775
91	89	0.45420055878941196
91	72	0.3007736626128408
102	1	0.4761394669859766
87	191	0.4777849060040602
89	179	0.4952630420571048
179	168	0.38101800245514145
162	57	0.32702201192960806
27	157	0.48961209824267643
157	53	0.46063735163953645
50	173	0.48901124476674945
168	159	0.32332872099284804
54	159	0.35780817904458273
72	178	0.3134529368143433
