19	121	0.9037653969672129
19	124	0.6197197689301682
96	198	0.871311494532879
96	81	0.7737879921535749
96	93	0.7666292003738561
96	190	0.7671646300232999
96	98	0.7473432671445855
96	87	0.7042636319432671
96	95	0.6745034254635578
96	74	0.6681036500280375
96	55	0.6260539702279969
198	190	0.8044155909634055
198	98	0.795486994460349
198	95	0.7045356953283048
198	81	0.7287891578528628
198	93	0.7180559446827542
198	87	0.6976256351053587
198	199	0.6968342750896879
198	195	0.6682697079937214
198	97	0.654379516942699
198	185	0.653767275924558
198	74	0.6465804256353032
198	61	0.6430518082046701
183	196	0.8505117905238978
183	195	0.8008579356469372
183	193	0.7568843483883535
183	182	0.7589355968950633
183	175	0.6876320890985088
183	61	0.6676494185208773
183	174	0.6562908078657694
183	160	0.6242996093957842
196	182	0.7724604750845695
196	175	0.7129313411812499
196	195	0.7829699614369604
196	193	0.7345139011622691
196	174	0.6873420402714479
95	197	0.8473838730327392
197	99	0.5941330731004274
9	108	0.8434761664893843
9	3	0.7558402345503599
9	109	0.7488800110900452
9	11	0.6832956077870963
9	112	0.7339239204565999
9	106	0.6329304014180384
108	112	0.819370850145766
108	103	0.7702328569587067
108	3	0.7248977012177845
108	109	0.7050892584989287
108	113	0.6280927435043967
88	90	0.8395066232875378
88	87	0.7720568586269155
88	81	0.7239948645088521
88	74	0.7117096960531688
88	194	0.6808409648168449
88	185	0.6791151766213586
88	193	0.6613447456414273
88	190	0.6585393106594397
90	194	0.7195204726641281
90	81	0.7514989125095055
90	80	0.6455492238128525
90	85	0.6280685229156764
90	73	0.6257559311745516
155	157	0.8265666562725946
155	51	0.7881389443207019
155	154	0.739846425655116
155	153	0.6820461416385832
155	47	0.6736959531907794
155	144	0.668916698081696
155	164	0.6625582761753447
155	173	0.6552477695812455
155	49	0.6378140555146983
155	53	0.6377784625588045
157	154	0.760971892994996
157	164	0.7566322314427518
157	144	0.746224214207171
157	53	0.7425680989810238
157	49	0.7514336177419786
157	45	0.7246983407372432
157	51	0.7238663649052858
157	173	0.6955046789065626
157	47	0.6834714934677656
157	153	0.6475337852010491
157	149	0.6460913357594718
112	103	0.782272454690896
112	113	0.7257696601186003
112	3	0.7031480292620939
112	11	0.6780847283478251
112	109	0.6639249443844939
112	12	0.6607085063041525
102	111	0.8106424535606256
102	113	0.7101269951125734
102	103	0.6700974639995734
111	113	0.7210362465767328
111	105	0.5741957324719145
190	87	0.7738281142631604
190	55	0.6700368528993683
190	83	0.7424155389793501
190	185	0.707514752068153
190	93	0.7023381862916661
190	74	0.6915080504442598
190	81	0.6512867038715808
123	126	0.8030348957454018
123	120	0.782272454690896
123	136	0.6754670039472215
123	129	0.7486163854298941
123	18	0.6926438965942511
123	26	0.6876953433319335
123	22	0.6769486900118024
123	115	0.6392887615463838
123	116	0.6392710219097858
126	128	0.7808325091874
126	129	0.7599640588934703
126	23	0.7332403720754772
126	115	0.6638857983084782
126	124	0.6791421158354389
126	22	0.6490526389240685
126	15	0.6391882279419605
126	117	0.6364120116793465
126	120	0.631772147708338
126	26	0.6285768997295466
164	173	0.8021452742154098
164	189	0.7899504948125888
164	45	0.7629765918430466
164	47	0.7511853633519162
164	147	0.6654989476001275
164	49	0.7394750460735073
164	153	0.7318177333476535
164	154	0.7035118646527642
164	144	0.6723831119871284
164	50	0.6717360757992739
164	180	0.6282259349890175
173	50	0.8015740408289176
173	189	0.7510633359348785
173	49	0.7371962075194325
173	47	0.7210986546016289
173	153	0.7201083504776022
173	51	0.7050389700395562
173	45	0.6647629147342256
173	165	0.6519196583502657
173	86	0.6479342891909284
173	53	0.6366558897289138
50	94	0.6276747677679014
50	51	0.6816715937360202
50	49	0.6688006461865855
50	189	0.6625133924739413
50	53	0.6572859081255636
50	47	0.6542537055939702
50	86	0.6374045720402999
195	160	0.6837165351002593
195	193	0.6847323428693722
195	61	0.6653986555801148
195	174	0.632738554854192
45	49	0.7968781442047267
45	42	0.679195988775171
45	47	0.691194830555699
45	53	0.6503701928040012
45	189	0.6477079613594465
45	154	0.6383179964318221
49	47	0.7071299869151719
49	154	0.6825218363802564
49	53	0.6772465363461925
49	51	0.6632533652512165
49	189	0.6269105730672484
6	12	0.7964763083855827
6	4	0.659704360027187
6	1	0.6462020097094114
12	1	0.706619652476678
12	113	0.679944065051996
12	13	0.6375411065661688
12	3	0.6562167948427412
12	103	0.6330382809656818
98	199	0.7448650777026403
98	81	0.705707226687513
98	97	0.6506586082977024
98	87	0.6502201425952534
98	177	0.6300083564316409
7	10	0.7954502714950429
7	2	0.6318502536069703
10	110	0.6219138376988521
10	24	0.5911226884075379
10	2	0.6240981854067092
137	140	0.792530640064032
137	141	0.6865604556013063
137	138	0.658040654950741
137	143	0.6399328402498287
140	166	0.6922222621416794
140	145	0.6800462103076815
140	171	0.6759506455214856
140	175	0.6524196253181865
104	110	0.792493447598083
110	8	0.6273959160570882
15	116	0.7913001723163873
15	115	0.7872280142042181
15	14	0.7641025098194132
15	118	0.668247570778093
15	16	0.6673333790583222
15	186	0.7249261713788393
15	18	0.6561427691908027
15	129	0.6478008276381043
15	117	0.6395193149054786
116	186	0.7456875190694798
116	115	0.7015265211675065
116	14	0.6711099980985604
116	18	0.6255794545951977
189	180	0.7888198841778917
189	86	0.7558745289197883
189	172	0.6868722237740632
189	84	0.5908558884341929
189	47	0.6927115222808289
189	153	0.6765964037433835
180	165	0.6822867336569615
180	82	0.5801441772151902
180	168	0.48339113026580666
180	172	0.6674332069749291
180	86	0.6463999900110915
180	91	0.6269651984670332
28	132	0.7886309280723086
28	128	0.6507681569947469
132	133	0.7028141897027691
132	128	0.6643106181740321
51	53	0.7365975600372017
51	47	0.688737531615328
115	117	0.6773114915224814
115	14	0.6972044731247118
115	152	0.6838283507010012
115	186	0.6819980055084568
115	118	0.6606183424902505
115	129	0.652097872563646
115	119	0.6418067658726911
103	113	0.7166385414807059
103	3	0.7004380672135204
120	18	0.656091513264153
120	129	0.6350415546645175
128	133	0.6700533840855409
128	125	0.5292120134985108
128	129	0.7127985488193355
128	23	0.7111615122818714
128	29	0.6488789859147233
87	191	0.7692140439078627
87	83	0.7688871950404754
87	97	0.7455676284006758
87	192	0.5158364812144599
87	93	0.6932780586041816
87	74	0.6618676633782887
81	185	0.7138055083712156
81	85	0.6811144621730686
81	93	0.7349096718864131
81	74	0.6786191684916505
81	61	0.6633373711390308
81	193	0.631663979897164
182	193	0.680164450789202
191	89	0.6669449313520482
191	177	0.6627882304732045
191	83	0.6530566906849363
83	97	0.6556413403259191
93	61	0.6660779422550067
93	97	0.65133276752178
14	152	0.726625133103042
14	186	0.7014249348077362
14	17	0.6483170450184876
14	44	0.6357689918342537
14	124	0.6252993948639741
154	149	0.7327267362418572
154	46	0.6770028603916741
154	122	0.5431479021584301
154	153	0.6943308874874774
154	152	0.6559548011975341
154	44	0.6510793580389983
154	47	0.6491452262157391
154	144	0.6445565828721166
129	26	0.7280286971803132
129	118	0.6315377530256312
129	117	0.6270319544732479
89	179	0.7578565165064585
193	185	0.7542323380581385
193	194	0.6603420972222136
193	74	0.6222019683510743
3	0	0.5200147706189785
3	11	0.6325946189381543
185	74	0.7400681326236671
185	158	0.5512811867026844
22	26	0.7538872230300493
22	18	0.6839188445738946
22	23	0.6816876531227472
26	18	0.7088904692925686
26	34	0.630948251502559
26	23	0.6502605457198543
43	77	0.7535114376262131
77	76	0.730117984398678
70	176	0.7520554960296482
176	199	0.6877375070213624
47	153	0.7367804757471588
166	175	0.7511287141487235
166	167	0.6362751463053034
166	141	0.6294531924978269
175	174	0.7159227370006036
175	169	0.5885142387952654
109	106	0.6980411881584301
69	91	0.7488624434146517
69	68	0.6738324636369651
91	68	0.6315738212628708
186	152	0.6750481030241562
186	118	0.6407823566128761
97	64	0.420047748260087
97	178	0.3418360158927018
97	177	0.6262971318926428
13	114	0.7387627323294448
114	139	0.6837271855886121
29	133	0.7339746654843544
23	124	0.7227983557887019
23	25	0.6246046391542395
149	44	0.730304700950218
149	152	0.6926230862403949
149	135	0.6646122033151575
149	136	0.6323306228929411
44	48	0.5843151138194885
44	152	0.6508315675439215
44	17	0.626412591013518
76	68	0.6966541834765675
76	80	0.6928311378929106
152	151	0.5112199777940857
152	119	0.6430166177846385
2	134	0.7236282700078037
2	30	0.7204355720905848
2	100	0.5648110308415631
124	119	0.6759669379128397
124	17	0.6626536382435425
124	20	0.6497234611398348
37	62	0.7227362668251448
62	35	0.6572631885188455
62	67	0.6312190315393622
62	31	0.6280079661194443
30	39	0.6972712748396015
30	36	0.6728540343780189
30	32	0.6660668153032828
30	141	0.6357094082674117
194	73	0.7143397175681299
194	80	0.713986938673336
5	106	0.715522789497997
73	184	0.6783007501843332
73	80	0.6754343779653994
33	34	0.7057373440508465
33	39	0.628915519504382
34	39	0.7027129650327415
39	143	0.6707745978990247
85	92	0.6996017133452797
85	55	0.6325706253691153
92	63	0.6916228326359473
92	61	0.690677449480563
68	40	0.6865604556013063
141	143	0.6924929954020241
143	127	0.6239821763754657
143	131	0.5249294114756782
63	65	0.6504971187359166
172	150	0.677463012543148
172	187	0.5844797337305238
172	159	0.46108628725816
172	147	0.6592296733582431
146	171	0.6847854533944088
171	67	0.6798042445591328
171	35	0.6706425619003101
139	142	0.6185048709022855
165	170	0.6212511117926782
78	147	0.6808409648168449
78	148	0.6641597444377046
147	148	0.6732478760742849
147	150	0.6312070001367904
67	35	0.6684688896816211
32	36	0.6774846537113585
150	188	0.61233588967769
150	148	0.6313212861965304
119	17	0.6218525115672516
148	75	0.5852560903880193
35	31	0.6500989111524448
38	41	0.6646233689791234
38	79	0.618659209965372
177	71	0.644965581037625
4	8	0.6496194342786658
4	107	0.5821772882627545
31	79	0.6320965035553813
31	57	0.418572468392604
58	161	0.649324559369221
58	59	0.3861181761629003
58	163	0.33959087507604446
25	27	0.6409178981678139
27	130	0.6234078321979792
79	181	0.6334994882157322
79	156	0.5406262076375284
60	66	0.6311829364203166
60	94	0.5956901248031641
21	125	0.5910250936596119
100	101	0.5567494311400765
59	151	0.5545789494293298
156	52	0.5204305105889794
159	54	0.45404180399974675
72	178	0.4372292275559375
56	163	0.4325098775262822
56	162	0.3304470314352333
