70	112	0.8887404818088107
70	176	0.8540684514255165
70	12	0.8232436196284082
70	11	0.8155223192698706
70	95	0.795266569014468
70	109	0.7697850622618423
70	9	0.7507711333487992
70	103	0.7121683188200625
70	197	0.7027230887802337
70	113	0.6828475407417984
70	36	0.6739034308953833
70	108	0.6303941780749424
70	5	0.6009226051098779
70	102	0.5309161180727265
70	106	0.5279293228943206
70	13	0.5224837007315936
70	32	0.5204232190301956
70	139	0.47809353563760576
70	111	0.44308265445047457
70	0	0.4283956034173137
112	11	0.8478624820821072
112	109	0.814346736858526
112	103	0.7513857255565202
112	12	0.8155223192698706
112	176	0.7851657986162295
112	95	0.7758661227981566
112	9	0.7733864294198086
112	108	0.7196747700250398
112	113	0.6887059918752568
112	197	0.6878481646335253
112	36	0.6179426735611884
112	5	0.5629354039156064
112	13	0.5279076838327094
112	32	0.5246975488197537
112	102	0.5048918162540409
112	106	0.49411501263575214
112	139	0.4298233666888684
112	111	0.4255500319986503
176	197	0.7997073859942045
176	139	0.6063444309912335
176	95	0.7583115965508469
176	109	0.7225403713496755
176	11	0.6880061914899628
176	12	0.6589298980412815
176	36	0.657887542476782
176	9	0.650992935249002
176	103	0.6432101314925326
176	108	0.6059459005549975
176	113	0.5998353790428784
176	5	0.5916818975988422
176	106	0.5292840031529686
176	32	0.5037061814880148
176	13	0.45828644808862506
176	102	0.4176730295585618
176	0	0.4159792056862244
11	9	0.8196992123957874
11	95	0.7974977790724809
11	109	0.7843590888559397
11	12	0.7493890160143761
11	108	0.7350568077670184
11	103	0.6769161842632925
11	197	0.6469817808005145
11	113	0.6317060480801435
11	5	0.5879518144264049
11	36	0.5778374311767428
11	13	0.5064325282207468
11	106	0.4921700115980836
11	32	0.46421438005915683
11	102	0.46253387245670496
11	111	0.4304101663378076
11	139	0.38257270463890125
11	0	0.37899880286950466
96	98	0.8288339939834483
96	198	0.8056473224992122
96	80	0.7572429062489395
96	183	0.6677103809114001
96	93	0.6318742836099038
96	61	0.6264247430065896
96	199	0.6036690993658312
96	74	0.5857161345583867
96	97	0.5824548696078928
96	194	0.579114931780641
96	185	0.5663345150554866
96	75	0.5548558648615132
96	60	0.5511628404736343
96	90	0.5451188725259198
96	76	0.5314114449121299
96	195	0.4968764187071898
96	38	0.49548187783096154
96	196	0.4925715242261093
96	92	0.4873431600984284
96	182	0.48060446386972355
96	63	0.47815524740284887
96	193	0.45789927414525766
96	88	0.457211414712992
96	187	0.4415946325537278
96	87	0.4244930621015986
96	184	0.4215290344811302
96	35	0.42117537569219643
96	197	0.41029010589332177
96	188	0.4052460916285241
96	84	0.4050538453240889
96	73	0.4025094887312771
96	85	0.3959274477054234
96	43	0.3867051494876949
96	81	0.3793755383802436
96	91	0.37682155744642726
98	80	0.7907762105510507
98	61	0.7534249804954051
98	198	0.7644352242496792
98	93	0.7195445863110658
98	74	0.7103599055951751
98	183	0.7030873542008858
98	60	0.6988657697274194
98	97	0.6878745069726474
98	76	0.6864494262994206
98	199	0.6473711597205946
98	63	0.6450298186138734
98	185	0.6406644619111882
98	92	0.6284196023448875
98	75	0.6277959574299287
98	194	0.6100619326887932
98	35	0.5670880254567212
98	90	0.5564181281941677
98	187	0.5535116777971887
98	38	0.5427106609517798
98	196	0.5426259996219746
98	195	0.5327018925300965
98	182	0.5269910016263661
98	88	0.5118401807904933
98	188	0.5023616597521453
98	43	0.4840805298686432
98	73	0.46776851791895935
98	87	0.4597703181091058
98	184	0.4596835664840108
98	193	0.4572825979786807
98	85	0.4500635755403598
98	91	0.4458591119325993
98	84	0.4391441681735116
98	68	0.4148704601790592
98	62	0.4120766005936306
98	81	0.3877677092218271
44	149	0.82697803782785
44	131	0.7379121488521336
44	155	0.6605957985583225
44	178	0.5144259735410418
44	151	0.39441697662598457
44	164	0.7842051282320935
44	17	0.7160250870846765
44	28	0.6753147267394549
44	154	0.6746069707669133
44	120	0.6589638453824737
44	136	0.6548195714592904
44	45	0.6441998691088159
44	157	0.6409061135317995
44	125	0.6398501648090308
44	18	0.6140705567238783
44	126	0.6097730523995191
44	49	0.600718120348159
44	123	0.5912202658498575
44	53	0.585722703886006
44	26	0.584920677895557
44	27	0.5668301736586332
44	130	0.5590842175062273
44	22	0.5578249430648471
44	14	0.5503477383761612
44	51	0.5410294856040109
44	132	0.5316625588528642
44	46	0.5312248426462477
44	148	0.5275830156621469
44	19	0.5256896637321935
44	118	0.5249149223413051
44	129	0.5207731282379873
44	156	0.5135209012396212
44	115	0.5118697009712662
44	133	0.504869463387858
44	147	0.4857708407415439
44	25	0.47797009794490786
44	165	0.47786207447516943
44	21	0.4712842558423599
44	135	0.46998415559313034
44	23	0.4584523265636313
44	144	0.45770166946493024
44	119	0.45054191198065746
44	189	0.4490741948503439
44	52	0.448387363926886
44	171	0.4464678248869898
44	128	0.4452419687499295
44	150	0.44447195065018613
44	116	0.4419648546461238
44	48	0.44171537368210206
44	16	0.43238792933475084
44	41	0.43031239163764456
44	152	0.4285425579811376
44	15	0.4209697012144973
44	47	0.41681408555018906
44	78	0.4158799653768197
44	124	0.41517672967755126
44	146	0.41370246338631145
44	100	0.399916895349022
44	20	0.3973263078515073
44	153	0.39530326626518597
44	145	0.38080427578071513
149	164	0.7914870203930049
149	17	0.7262851038091619
149	136	0.7059531105240525
149	18	0.6435910546524072
149	14	0.6225083053790854
149	148	0.6189739136427616
149	118	0.6130167337677589
149	78	0.4916393908000222
149	131	0.7334760867728659
149	120	0.7225164737157566
149	154	0.6950035559419954
149	28	0.6841529663120439
149	125	0.6642379820192198
149	155	0.6535095353588803
149	123	0.614332114537792
149	157	0.607418311948484
149	126	0.5903414458495929
149	115	0.5873036678327048
149	130	0.5871726375631903
149	45	0.5798721050948084
149	132	0.5773443035171993
149	26	0.5718045893812785
149	49	0.5645385739016442
149	53	0.5601899752187564
149	27	0.5545858738128169
149	51	0.5515247708621763
149	129	0.5455544894002414
149	19	0.5344329310410936
149	22	0.5341828507686319
149	135	0.5234572130140615
149	46	0.5231013854272759
149	133	0.5185833275926726
149	116	0.5140802680003992
149	178	0.4971098480298044
149	25	0.49571573619268006
149	152	0.48612985129301983
149	144	0.4855339568030375
149	21	0.4828391784880667
149	156	0.4787875207534752
149	16	0.47497870201556125
149	128	0.4727298645104014
149	23	0.4709263483474776
149	119	0.468252716851706
149	48	0.4613224744109879
149	150	0.4568395847085973
149	15	0.45624590821333644
149	147	0.4559766409657839
149	100	0.449768472584393
149	165	0.4479718137126862
149	124	0.4338502628452036
149	189	0.42914646630283493
149	171	0.42639313653921534
149	146	0.42312301672621455
149	52	0.40862541804498576
149	47	0.40419247693724286
149	153	0.39958081501453896
149	41	0.388693421049572
149	20	0.38530951266214625
149	151	0.37743915374868164
149	117	0.37212723567700645
32	114	0.8243683191794298
32	113	0.7068749116852829
32	79	0.6871890171070482
32	36	0.6530222783190589
32	110	0.634211378505089
32	13	0.6328884416215853
32	127	0.6224348018794854
32	0	0.5976349830125347
32	111	0.5783833775709707
32	139	0.5573149974709118
32	102	0.5505429011597122
32	103	0.5419271229596477
32	7	0.5289671916774225
32	143	0.4965901814223133
32	39	0.47979658616673276
32	24	0.4784637354080853
32	9	0.473428440935321
32	108	0.46752631309479303
32	10	0.4572035050996061
32	101	0.4363714698995506
32	109	0.40303728607231676
32	142	0.39685460913571247
32	95	0.38680719984688033
32	12	0.3782106771742322
114	79	0.7342052214492363
114	110	0.675020886602629
114	143	0.674530676800931
114	127	0.6554360434825647
114	7	0.598688194973154
114	0	0.5979563031832105
114	101	0.5219746070718191
114	113	0.6707360917903462
114	111	0.6142698511076523
114	102	0.5773243029641332
114	39	0.5749928435556554
114	36	0.5429575268483067
114	13	0.5189122329158582
114	24	0.4929046962448966
114	139	0.4841570927661873
114	10	0.4650925687144864
114	142	0.464630065402618
114	135	0.4419648546461238
114	100	0.42249066630564286
114	181	0.4003200498373508
114	103	0.3898982180012412
12	9	0.7094670650827177
12	109	0.7090347071840923
12	103	0.6977847294206033
12	95	0.6972661366760821
12	113	0.675184157575131
12	102	0.574778601509367
12	13	0.5668573211852663
12	108	0.5376399132579008
12	197	0.5370993755688581
12	111	0.5326016130349636
12	36	0.5320067917421591
12	106	0.48790720409884814
12	5	0.48516702806330364
12	105	0.3886764425690972
9	108	0.7567091723429886
9	109	0.766134009455205
9	95	0.7591348136969045
9	103	0.6884588403858662
9	113	0.6416361897473375
9	197	0.6073299584164003
9	5	0.5729073390775561
9	36	0.559365997083119
9	13	0.5355179086291051
9	102	0.48853936359744554
9	111	0.4844250045245988
9	106	0.45331116064566607
9	0	0.4338502628452036
9	139	0.3884811710728433
109	95	0.7835497171643955
109	108	0.7110478163471632
109	197	0.7069749631110264
109	103	0.6657384368468546
109	113	0.5944176812724417
109	5	0.5562040676291479
109	36	0.5030566333320834
109	106	0.5010072143677657
109	13	0.46718241794928456
109	139	0.40519594387294017
109	111	0.40150341993772964
109	102	0.3934454358474375
39	143	0.8059629327230937
39	24	0.782660201044987
39	142	0.6482996541299745
39	138	0.6359953402991596
39	79	0.48944481862839223
39	146	0.47714412312702076
39	34	0.4723182023764488
39	100	0.4577570033347154
39	0	0.45152965451242005
39	136	0.45133856477518214
39	110	0.4463236933388873
39	7	0.4461074525921259
39	41	0.4444318275242852
39	145	0.4418682894771071
39	36	0.44087790623510176
39	127	0.42656494082044843
39	123	0.4227863619078397
39	135	0.4216688177193509
39	102	0.4182259927251476
39	30	0.3837842118078562
39	111	0.38317862302274636
39	33	0.3800174112773945
143	135	0.5648178406880945
143	100	0.5276623932329927
143	142	0.6354531125977502
143	24	0.5832274159865996
143	138	0.576256602981869
143	79	0.5386699773401545
143	136	0.5385634935386823
143	0	0.5208022794446812
143	127	0.5029669958385462
143	7	0.4981029997363991
143	123	0.4902884525334863
143	110	0.46651767463634164
143	164	0.46450459705189795
143	113	0.4508287897528963
143	111	0.4490981444987072
143	146	0.4368166319809876
143	131	0.4310535976219367
143	102	0.4274970554246476
143	129	0.420072454745418
143	145	0.4179454232534041
143	36	0.41716931624805437
143	41	0.41318015165274674
143	10	0.4018053424857899
143	157	0.39194838965064505
143	101	0.3773705485024662
198	183	0.7985146980598077
198	199	0.7646429642244537
198	61	0.6997497449661875
198	185	0.6927427300285275
198	80	0.6838017308515142
198	97	0.6730783521367278
198	195	0.6598963456110248
198	196	0.6449480601166403
198	194	0.6328644629257462
198	93	0.617979760997201
198	182	0.6175840198832346
198	187	0.6037262987836824
198	74	0.5850785440032666
198	60	0.5792411968061488
198	92	0.5456317454966152
198	38	0.5276768245286692
198	63	0.5268754270047941
198	90	0.5156456383149821
198	193	0.5146318463388627
198	35	0.5073984756559022
198	75	0.5065068770646677
198	76	0.5008948571591699
198	188	0.44692408861890726
198	184	0.44107929070236407
198	175	0.4326887062527404
198	87	0.42566467217182047
198	177	0.41129591712153135
198	81	0.3961045136865035
198	88	0.3943494196745961
198	85	0.39235457390261175
198	62	0.3809410655416953
198	197	0.3806845710652312
198	186	0.3753448323044509
197	95	0.754473670906057
197	108	0.6080426688555127
197	5	0.5731827030254765
197	103	0.5315477755019198
197	106	0.5232175940905486
197	36	0.49204118014459225
197	139	0.4212576333577229
197	113	0.4202371487330933
197	13	0.37910156138445966
183	185	0.7351165619503444
183	182	0.6885850653892925
183	196	0.7507667698889865
183	61	0.7469412488326295
183	199	0.7415795819246954
183	60	0.7327684135310186
183	80	0.7236377971124577
183	93	0.719332326664584
183	195	0.7171974741796826
183	194	0.6972558601340808
183	97	0.6741108023640454
183	74	0.6617215361241812
183	187	0.6206920130459072
183	193	0.5961995560487048
183	92	0.5955223589719127
183	63	0.5955029980324233
183	38	0.5657228647664782
183	81	0.5617867043668692
183	90	0.5615676583724503
183	76	0.5483858096612144
183	35	0.5032134729059171
183	75	0.4889808094513376
183	188	0.48429488729985753
183	175	0.48167268646165246
183	88	0.48143457357344666
183	62	0.46563314049445775
183	174	0.46399469010697536
183	184	0.46392406335434694
183	87	0.4503824952208869
183	73	0.4454343704879797
183	43	0.44147387542870375
183	91	0.4412806307612654
183	85	0.4248864886154164
183	191	0.3849006995260028
95	5	0.629917884461981
95	106	0.5501385686375493
95	108	0.6627545864296194
95	103	0.6487052652843435
95	113	0.5803962260764645
95	36	0.5572598430124693
95	13	0.43447511992007876
95	102	0.4083504826425699
95	0	0.37073073048177074
90	194	0.7961103915733028
90	88	0.735098177264145
90	73	0.6738160848115441
90	193	0.6631581383695183
90	80	0.626928782218779
90	60	0.6233894909747203
90	76	0.6161220193852768
90	93	0.5972491452485003
90	185	0.5818135835593212
90	75	0.5808734875124082
90	184	0.5790152292361356
90	74	0.5717238190981004
90	92	0.5585546725194385
90	84	0.5473220288040123
90	91	0.509911377243481
90	63	0.4953385097711335
90	97	0.47627864747343135
90	43	0.4638691273579666
90	82	0.45318402998733015
90	94	0.4490183098279522
90	85	0.4428656354977103
90	61	0.4400396704566278
90	68	0.43934593411811357
90	188	0.43517251814462105
90	175	0.42518145321498885
90	187	0.42463241900256843
90	173	0.42274529845521125
90	182	0.41032337182851697
90	87	0.41028178923890957
90	195	0.4023167340843531
90	77	0.40230835263817866
90	35	0.37675291493618795
194	193	0.7111565697536877
194	185	0.6985330873357168
194	88	0.689934111123882
194	60	0.6658497804869628
194	80	0.6618058464463498
194	76	0.6426586943632571
194	93	0.6131727624734864
194	74	0.6103192763258916
194	73	0.6087544005776186
194	75	0.6041074693980016
194	184	0.602784896771173
194	92	0.5999185982304402
194	187	0.5785031501806085
194	175	0.5777441690862682
194	188	0.5767439855484648
194	195	0.5733908191319339
194	196	0.564736117452617
194	63	0.5591392090335374
194	182	0.5509121517147646
194	61	0.5455685366529507
194	97	0.5268970987307711
194	91	0.49881696040853213
194	199	0.4970194968246222
194	84	0.48088126293240535
194	43	0.4762090602122594
194	174	0.4589892376958307
194	87	0.45672879596040705
194	35	0.4554061523530544
194	68	0.4504622071913334
194	94	0.43855475807624733
194	173	0.43523736587724265
194	82	0.42351700079627086
194	85	0.4068745651261986
194	191	0.3832468748618178
194	77	0.3703770276614575
20	124	0.7933844411568727
20	121	0.782466403717559
20	42	0.481849304919229
20	19	0.5950381279449299
20	17	0.5771242593283566
20	128	0.5698495383476586
20	49	0.5540801919872708
20	119	0.5471398888537583
20	154	0.5303413716211586
20	25	0.5085855857613725
20	120	0.5070716821323589
20	53	0.5057035110676169
20	150	0.5029147023034202
20	27	0.49034921952855304
20	157	0.45809683358924475
20	132	0.45054191198065746
20	28	0.42828945546947433
20	48	0.411453763561555
20	189	0.4035229578351365
20	125	0.40274409839522823
20	18	0.3967956320480913
20	14	0.3950669942278599
20	16	0.38865946382465477
20	126	0.38599904193812895
20	21	0.38518177479339405
20	155	0.38150514701482974
20	51	0.3814282435304685
20	45	0.37209277431124554
124	128	0.6417950040402107
124	150	0.5100445632874127
124	121	0.7818063576087741
124	17	0.5661442906350986
124	154	0.5601831133084003
124	19	0.5503895640370035
124	120	0.5440144609361869
124	49	0.5340399057623947
124	119	0.5228107786598283
124	53	0.5138079992777925
124	157	0.4977946604892698
124	25	0.48881339393522666
124	125	0.47526517789268424
124	132	0.4725745445325538
124	27	0.4696334797492892
124	42	0.4589892376958307
124	28	0.4521344987741088
124	189	0.4502071036114285
124	118	0.4460513816714098
124	21	0.43754461769481295
124	14	0.42947274360131743
124	126	0.42676942959706826
124	51	0.42511591332727366
124	18	0.4089252630196742
124	144	0.4053547367329501
124	45	0.4048532022910723
124	155	0.40165439212592624
124	48	0.39817651949597893
124	133	0.39607078910361365
124	164	0.3865350445083969
124	117	0.3862202809619524
124	16	0.3796237725810843
124	40	0.3719290688158374
124	116	0.3711015715935251
164	157	0.7144963917545615
164	154	0.71273459352361
164	45	0.6770516074628027
164	122	0.3521534999622811
164	136	0.6937036962763051
164	131	0.6934182610510026
164	17	0.651850652861186
164	125	0.6499487692124922
164	155	0.6467375203197718
164	123	0.6411711947715591
164	28	0.6172065378358433
164	120	0.609791897359516
164	126	0.6005519185810264
164	53	0.5997329376091854
164	49	0.5994319021874817
164	26	0.5993037505466261
164	147	0.5857818243715812
164	130	0.5853678500700498
164	165	0.5564664542324881
164	51	0.5538098654808464
164	18	0.5522827591537968
164	27	0.5428094185669695
164	156	0.5398614202257256
164	144	0.5330312769926493
164	148	0.5323078513397285
164	46	0.5316051696181688
164	22	0.5277489764380251
164	14	0.5227526427172472
164	135	0.5070419663972872
164	189	0.5014190463184447
164	133	0.4981330748732286
164	171	0.4953234168263983
164	52	0.48600765334658225
164	129	0.48203356070700937
164	19	0.48085051221248565
164	41	0.47981198192371216
164	100	0.4749554698275454
164	146	0.47365341104019376
164	178	0.4731025126321679
164	21	0.46150350696164616
164	48	0.45327143429569766
164	115	0.44177976240893757
164	132	0.4390230873386945
164	118	0.43840936605024144
164	153	0.43541567385675684
164	145	0.434710347372696
164	119	0.42581204660408845
164	150	0.4153670660039767
164	152	0.4152512134396791
164	25	0.4065741180194638
164	47	0.4063821196467804
164	138	0.40157052138257193
164	33	0.3968377588735885
164	128	0.3814026078622801
164	23	0.379324172759041
80	93	0.704455105531809
80	60	0.6962731291214236
80	74	0.6503413409351897
80	76	0.6193438989681422
80	185	0.6142947573976725
80	97	0.5966183486532365
80	75	0.5917338881403466
80	61	0.5900612310349792
80	182	0.5593110258488085
80	88	0.5523105578898292
80	63	0.5345615073305318
80	92	0.5202700787645694
80	43	0.4973507318786249
80	199	0.49605508013061667
80	193	0.49275327232731947
80	73	0.4900757305110755
80	195	0.485289356639074
80	196	0.477074610128395
80	84	0.4625888950443065
80	188	0.44603536076519074
80	87	0.44333979486629504
80	187	0.4388293248316153
80	91	0.4253125196146447
80	81	0.42384519851985547
80	184	0.4237467508834181
80	38	0.39741051768585733
80	35	0.38811600467215285
123	126	0.7892727710934515
123	136	0.7522248672312568
123	138	0.6471212986321916
123	133	0.650197053444098
123	22	0.6165127156861877
123	131	0.5990217087857902
123	130	0.5979113299226769
123	125	0.5863005033626717
123	157	0.5812046842888478
123	41	0.5792013266423748
123	145	0.5772976344823246
123	146	0.5645249478238255
123	53	0.5543157659469474
123	129	0.5473920688300126
123	27	0.5357461000993701
123	33	0.5327663500220585
123	26	0.5251974055843903
123	28	0.5202992509192637
123	155	0.5137123127127595
123	154	0.5066332528149112
123	147	0.49151805474297783
123	144	0.4882880844300736
123	17	0.4872058986631199
123	171	0.4836976041968216
123	34	0.47929606323691093
123	51	0.45943903743018943
123	31	0.4524367650969543
123	45	0.44771599424812913
123	128	0.44027348648810066
123	120	0.43354173789489125
123	19	0.43221717529004466
123	49	0.4320301233864443
123	165	0.41632646874122065
123	142	0.40889195126964073
123	23	0.40553021617562746
123	25	0.39857192953453824
123	189	0.39193146198875495
123	100	0.39022040241471223
123	132	0.379324172759041
123	21	0.376830137469234
123	52	0.3706876017460755
123	46	0.3703338858196871
126	133	0.7189605488426315
126	128	0.6796267088956468
126	130	0.6664171718880247
126	125	0.6664004949100246
126	27	0.6655212314529502
126	131	0.625177579498027
126	53	0.6192760889038341
126	28	0.596302673585543
126	157	0.5929023741095668
126	136	0.5925780446013389
126	17	0.585334981884073
126	129	0.5752739166173698
126	22	0.5664024377302704
126	155	0.5608003773305533
126	26	0.536301989061326
126	154	0.5313755638649691
126	51	0.5312463763080615
126	25	0.5183347195150944
126	45	0.5133883556582477
126	132	0.5125409584756698
126	49	0.4991023553212656
126	120	0.48718301941635045
126	144	0.4846163144555326
126	41	0.4675731969283649
126	23	0.44936952874092223
126	19	0.43917645370235675
126	145	0.43493740726517083
126	21	0.4256482958406688
126	138	0.3980587091651405
126	18	0.39631526811547696
126	52	0.39386795303800315
126	31	0.3935975611962722
126	147	0.38876133233164833
126	171	0.386228789268037
126	178	0.3857096623597264
126	189	0.38277755897592514
126	33	0.37571419265801187
126	156	0.373246671218809
61	63	0.7865044158629269
61	93	0.7504655328997861
61	199	0.729112512988465
61	35	0.7133244999833998
61	92	0.710280634377353
61	74	0.7069349459356976
61	97	0.6957627257694681
61	196	0.6904786707480793
61	60	0.6869250408008533
61	195	0.6557211518201175
61	185	0.6459340155034347
61	76	0.6308880572744228
61	187	0.6264733479340074
61	62	0.5850653901874013
61	38	0.5577078306335832
61	68	0.5563352747984356
61	37	0.5381018649168571
61	75	0.4885850420158614
61	91	0.4802967969999807
61	188	0.46352373369419375
61	175	0.44891451403726246
61	81	0.4471001282562518
61	182	0.4455465858404284
61	85	0.43701081751483223
61	87	0.4176812850164845
61	174	0.40430959829076013
61	69	0.3957503522776769
61	184	0.394957278724522
61	193	0.39348769505051834
61	64	0.3876657481334082
63	92	0.7485988019630739
63	76	0.7435399773790161
63	35	0.7424918286085241
63	68	0.6638634274885512
63	64	0.4931544804432324
63	74	0.7206519395944092
63	93	0.7141780722756037
63	60	0.7067347921552057
63	97	0.6867982677460295
63	185	0.6116729121594676
63	187	0.6055850631123415
63	62	0.5960255005904228
63	37	0.589709131897216
63	91	0.5856570071468027
63	196	0.5756284102588318
63	195	0.5664431876420825
63	199	0.5299890984706116
63	69	0.5127989677990731
63	75	0.5073464955346797
63	188	0.4933663548057512
63	175	0.45199128372910896
63	167	0.4426324832518827
63	94	0.43402071984198737
63	67	0.4177390712909433
63	85	0.41500291258603766
63	193	0.4106476574628126
63	87	0.4078504102497015
63	65	0.40694131920027365
63	174	0.40127692073835847
63	88	0.39112709249326116
63	184	0.38881226302118327
63	73	0.3831359634983281
63	84	0.3756111273502825
60	76	0.7853574806834959
60	74	0.7339100794814879
60	97	0.7093379105758759
60	87	0.522251018385871
60	93	0.7249973359468542
60	92	0.715912987768318
60	185	0.6666227997926883
60	62	0.6313333147133235
60	187	0.6291632863629095
60	75	0.599553617788558
60	193	0.5976285546498461
60	91	0.5963864420971823
60	182	0.5904912698088557
60	84	0.5902697765283469
60	43	0.5859263148724019
60	188	0.5756284102588318
60	88	0.5679151144560964
60	35	0.5596064383886168
60	77	0.5582794043620706
60	196	0.551622178200179
60	68	0.5223600979210872
60	73	0.5217271987201997
60	195	0.512577822619214
60	94	0.5022195959691154
60	184	0.48429488729985753
60	175	0.4817110851079972
60	199	0.44862701631412694
60	82	0.43773056656125214
60	38	0.43656574873482445
60	174	0.427962772263975
60	81	0.42109311109739733
60	65	0.4084338042281837
60	116	0.3944760854613396
60	85	0.3918044960660507
60	50	0.371670539346875
60	180	0.3714895344098151
76	75	0.6964431072901361
76	84	0.632432638782807
76	77	0.5984635975641689
76	94	0.5830822312884155
76	74	0.6947553275241662
76	92	0.6942376530047172
76	188	0.6849659747773493
76	187	0.6708570988133005
76	35	0.6682420362892675
76	68	0.6577343755985346
76	91	0.6467607889410043
76	97	0.6301289591280569
76	185	0.6182516514962105
76	93	0.6122483759098171
76	43	0.583788006856476
76	193	0.5744503906137902
76	88	0.5602448677339537
76	73	0.5542326323336789
76	62	0.5377323294301966
76	175	0.5331601226074787
76	184	0.5321286654100917
76	69	0.47891853971476667
76	87	0.4769432915105846
76	182	0.4588076728893588
76	196	0.4528502242926006
76	195	0.4396444663812486
76	199	0.428779270426548
76	86	0.416962802274138
76	65	0.4126243788322013
76	82	0.4081671512012298
76	64	0.38962683074874277
76	186	0.38444912617921223
13	111	0.7853574806834959
13	113	0.6869303221044575
13	79	0.6083451169338115
13	103	0.5941783616292359
13	102	0.5763567835707868
13	110	0.5452453722868873
13	108	0.5212685335631132
13	10	0.5193432316678113
13	36	0.49537624082465676
13	0	0.48167268646165246
13	8	0.47667286259504804
13	139	0.4208462757450665
13	7	0.4172106138746938
13	5	0.3709118537103895
111	113	0.7332033812211604
111	102	0.6788726413589128
111	79	0.5918573459496378
111	110	0.5802768483664708
111	103	0.540704052571261
111	0	0.49794508560629785
111	36	0.46676799286183757
111	8	0.4590602743603542
111	7	0.45653883942832
111	10	0.44492120780483724
111	139	0.4006391039528903
111	108	0.3964079868359685
111	127	0.388710399266072
111	105	0.37963233140650565
24	138	0.5907061635462981
24	34	0.5523939467283618
24	127	0.5014190463184447
24	146	0.4326236815633648
24	110	0.4264994951991425
24	142	0.4048866455048546
24	102	0.3897286089015256
24	79	0.37240288966507284
24	7	0.37072210486253837
121	19	0.5339684218071992
121	119	0.5330384357310681
121	150	0.508711602784116
121	120	0.4981857034787993
121	128	0.497275463910468
121	154	0.467229321069791
121	17	0.4613146025589276
121	116	0.453589194668811
121	132	0.442342969596539
121	117	0.44104707217157174
121	118	0.43552102160788003
121	49	0.42660584206562563
121	115	0.4120599965992856
121	189	0.4077336914599308
121	16	0.405563637443227
121	42	0.399295062245327
121	84	0.39708206149168235
121	53	0.39312421157506994
121	48	0.3801029667025669
121	82	0.3738403921940375
195	196	0.7819618205114095
195	199	0.7238568444177407
195	93	0.6285103571099041
195	185	0.6082254190183463
195	187	0.5673525472973538
195	97	0.5566528194003837
195	74	0.5310381888268113
195	92	0.5279653864738408
195	174	0.524661313245035
195	175	0.5152417635481343
195	35	0.5049216190222934
195	38	0.48762523298142196
195	182	0.47932687365755255
195	193	0.4739791202536728
195	62	0.4476280393740811
195	87	0.40947474952392043
195	91	0.4015621339377271
195	141	0.4010335891470719
195	37	0.39720840284101844
195	167	0.3874108039107964
195	188	0.38690924073279026
196	199	0.7571533095345
196	174	0.5533243711070149
196	93	0.6328165018918964
196	187	0.5970175098095825
196	185	0.5912072565240868
196	92	0.5814231687440715
196	175	0.5627851024830077
196	97	0.5367292796219019
196	74	0.5339326769666726
196	38	0.5231231760335254
196	35	0.5004452594871818
196	182	0.4892622906862471
196	62	0.4846851746844741
196	193	0.44828349453254374
196	188	0.4217592550190793
196	141	0.4081421489077835
196	167	0.3940622550810079
196	87	0.3842701499697515
196	37	0.3808897713350776
196	91	0.3781678285297936
199	38	0.6353577110041756
199	185	0.6235300894880695
199	187	0.5914023641074777
199	97	0.579420578249106
199	35	0.5590223461577817
199	182	0.550905186718383
199	93	0.5472239598865639
199	141	0.5209698753130513
199	92	0.5179543258786979
199	74	0.4939940670183308
199	175	0.48669476951651497
199	37	0.46847129521810293
199	62	0.4544227670426839
199	174	0.4466519592661337
199	188	0.4164091325265753
199	85	0.3988410601330592
199	193	0.3875212870188403
199	81	0.38499439921813183
199	177	0.3781849681820272
199	166	0.3773619725554121
6	105	0.7607613520156215
6	4	0.6805994858379109
6	1	0.6604492339587948
6	3	0.5972234128954289
6	2	0.49102493076464593
6	107	0.39428185846050606
105	1	0.6758746056246173
105	3	0.5871726375631903
105	4	0.5467964842233678
105	102	0.4646535886417926
105	2	0.42845275510786107
105	107	0.4225810272859019
108	103	0.6511830431070976
108	113	0.5503547095114643
108	5	0.5025111712809422
108	36	0.4723725846644571
108	139	0.41231732775327407
108	106	0.3874278020364692
136	146	0.60472945405033
136	131	0.6012866488289759
136	138	0.5902697765283469
136	154	0.5747719051752856
136	157	0.5733304059472958
136	22	0.5430421449894984
136	145	0.5341185292950821
136	17	0.5325729590036599
136	155	0.5282538265641781
136	120	0.5235298084683725
136	26	0.5199636978352761
136	53	0.5196498834568598
136	19	0.5168705453656414
136	130	0.5156896835267671
136	28	0.5141832615940773
136	41	0.5119582542606188
136	125	0.5058225836655549
136	27	0.4980127671352183
136	144	0.49648469834270165
136	133	0.48937637567440606
136	51	0.47668831810734286
136	33	0.475714045456496
136	45	0.4712686978727137
136	129	0.469306048538252
136	49	0.46821367896810057
136	100	0.4470201145315726
136	135	0.4306464134987895
136	165	0.42728454777979713
136	46	0.4142990577738586
136	34	0.40790042850821495
136	147	0.4006307090361735
136	171	0.397915636109878
136	21	0.3942058469999686
136	189	0.39246455581772816
136	8	0.39210918920130794
136	142	0.385326543262492
136	18	0.3796237725810843
136	14	0.3768043972068257
136	31	0.37292817308705023
136	132	0.37140333165517786
103	113	0.7171829050327272
103	102	0.5868908182593389
103	36	0.5748455606164024
103	5	0.5284700766556253
103	106	0.5253711839211905
103	0	0.4582232478891364
103	139	0.43821547431835367
103	79	0.392396875967123
93	74	0.7334113983344309
93	92	0.6869408844939952
93	97	0.6362513395418823
93	185	0.5950122901449131
93	91	0.5581967999357054
93	75	0.5199126213335994
93	187	0.5088968823430888
93	35	0.5010147042479522
93	88	0.4983510837713767
93	38	0.4842259930355887
93	87	0.4839426979729107
93	68	0.48078900722384804
93	193	0.4558023647194615
93	62	0.45424817960273445
93	81	0.4317698154166507
93	73	0.4100738507015381
93	188	0.4051625106811955
93	182	0.4044936193441867
93	184	0.38635640597204424
93	84	0.3760662623311078
93	94	0.37587736038883895
93	85	0.3719721514530058
93	43	0.37180842890740934
92	74	0.6596196331200116
92	35	0.6490873614121377
92	97	0.62052600504445
92	62	0.6191527742071673
92	68	0.5761898063001368
92	91	0.5702613107783276
92	187	0.56194409503822
92	185	0.5544542973933919
92	175	0.5291904151162704
92	75	0.4888286150157375
92	174	0.4775765142986226
92	88	0.4775224780451503
92	193	0.46399469010697536
92	94	0.4595337021031236
92	188	0.4546687173716484
92	69	0.442254488694919
92	85	0.44018480467531024
92	73	0.42142212789788097
92	37	0.4054132332006457
92	64	0.4036150423618358
92	87	0.39825224777332346
92	184	0.3771990172647612
92	67	0.3714119522188129
17	120	0.74540325536698
17	49	0.6831943042851182
17	19	0.6086914549380072
17	48	0.47719818466527597
17	154	0.7014503340699728
17	125	0.6394306541442238
17	28	0.6371016787432324
17	157	0.6193069128056686
17	53	0.6137777010683042
17	27	0.6134971489786119
17	155	0.6130042494050155
17	132	0.6082632213491402
17	14	0.5954900903551072
17	45	0.5822367814098464
17	18	0.5811914401125986
17	16	0.5757019573142634
17	25	0.5649880618502711
17	51	0.559833053940526
17	131	0.5578869347723934
17	128	0.5518030376297794
17	119	0.5460038494340643
17	115	0.5439651756807944
17	46	0.5409587530678373
17	21	0.5125483314555389
17	118	0.5054131908801517
17	152	0.5007749908589955
17	26	0.4966052492364949
17	130	0.4950441434130827
17	178	0.49371430704833635
17	189	0.48428723267816537
17	116	0.4807274975036808
17	23	0.47915740172454546
17	22	0.4765723945821968
17	148	0.45947059348108465
17	150	0.4568712360339509
17	133	0.45591327183010005
17	165	0.44740411515545797
17	15	0.4405394803869665
17	156	0.43850629661767515
17	144	0.4374071531708911
17	129	0.4316396344522086
17	117	0.42056645365659545
17	42	0.4148456233949072
17	153	0.3886679532298714
17	147	0.3875552795819928
17	171	0.3846195528467392
17	52	0.3828116977068191
17	47	0.37873330011288786
17	170	0.37710466405109716
120	16	0.6064898503877252
120	116	0.6036436754071997
120	154	0.6828742257924904
120	14	0.6164135199707433
120	19	0.5885599924796734
120	115	0.5878405701555454
120	132	0.5704637167561947
120	18	0.567508492495173
120	28	0.5626689349721462
120	152	0.5588023087181428
120	119	0.5372416651343862
120	49	0.5341399704734118
120	125	0.5285493511785309
120	46	0.5228543774255248
120	117	0.5217053643565553
120	157	0.5212321186582506
120	131	0.5192775031610848
120	45	0.4991398992262674
120	155	0.4978924402229476
120	128	0.4977495271127354
120	165	0.4872974089620348
120	53	0.47668831810734286
120	118	0.47161090544941175
120	15	0.4693450352150255
120	189	0.4645830169569278
120	21	0.45923389482924676
120	25	0.4582785483171067
120	130	0.45312840452637354
120	150	0.45307277553653824
120	148	0.45233336988959716
120	27	0.4522856449230497
120	178	0.438966577491133
120	51	0.4303857236095417
120	153	0.42183324293219415
120	156	0.4013020897403453
120	22	0.4004292108573217
120	23	0.3912626071471553
120	144	0.39062723563926655
120	42	0.3868412145281831
120	48	0.38536911861493867
120	26	0.37531905852653114
120	47	0.3729109544670719
120	171	0.3715412529885278
102	113	0.7434997313387327
102	36	0.6825164947043699
102	1	0.5895851918153199
102	79	0.5623476503059399
102	0	0.5196279841955093
102	3	0.4341181098909737
102	2	0.41715279671499605
102	5	0.37880182292358294
102	127	0.3787932577993489
102	110	0.3746659292928019
113	36	0.6715274897207935
113	79	0.6373273826411205
113	0	0.5802105166396903
113	139	0.5372701193786286
113	127	0.49925251969756723
113	5	0.4906605755486945
113	110	0.48767858667442365
113	7	0.3989167407390345
113	106	0.39763785080501535
113	101	0.37301426233402446
35	37	0.6590939519906129
35	62	0.6389456746424971
35	68	0.6637347722162099
35	97	0.621748239638001
35	187	0.5993101588583664
35	69	0.5712187537183624
35	91	0.5609511693700823
35	74	0.5339755705462722
35	185	0.5201169050320821
35	175	0.5055397547806337
35	188	0.5021896843491461
35	67	0.4573300502342134
35	141	0.45568351996424733
35	75	0.4544862447307955
35	167	0.43218464719515864
35	94	0.4191496571436983
35	64	0.38857456614319114
35	174	0.3792128725588617
35	172	0.37847630259432674
35	140	0.3702821135005857
131	28	0.7235711015886144
131	129	0.6226736481053462
131	156	0.5762298852329313
131	52	0.5683688482643274
131	130	0.6040947681612366
131	125	0.598765178135539
131	155	0.5928180669311506
131	157	0.5908623972889256
131	133	0.5816614198204737
131	154	0.5630037104432642
131	26	0.5593178975221378
131	132	0.5194527655252977
131	53	0.5185029051588086
131	27	0.5178518771861608
131	41	0.5081035550229616
131	22	0.5008948571591699
131	148	0.47488576929116383
131	128	0.4707862553663671
131	45	0.466979140709328
131	18	0.45721932425405104
131	144	0.45551711001111334
131	51	0.442278620703754
131	178	0.4338502628452036
131	46	0.42423888891389605
131	135	0.42026185044383346
131	147	0.41458065923500015
131	145	0.4023670213451369
131	49	0.40136920411617255
131	78	0.39930346784629617
131	25	0.39563227230400755
131	14	0.38365629799330514
131	142	0.37347903326555965
1	3	0.7376113818796866
1	107	0.45872871971525986
1	4	0.650733565595779
1	2	0.5926948253707583
3	4	0.5841636210176818
3	2	0.5393085187909116
3	107	0.3866115950044827
25	27	0.736446573409876
25	23	0.6413301701112146
25	29	0.40960791366712784
25	26	0.61413284463389
25	28	0.5998673879587503
25	53	0.583055830068204
25	128	0.5597300572493983
25	22	0.5540871219002819
25	132	0.5134767221014201
25	125	0.5106288128404899
25	49	0.5016735197649721
25	18	0.4984863679500073
25	21	0.4951800189373196
25	19	0.47687376126749237
25	157	0.47293949989636613
25	51	0.4592654584186207
25	154	0.440990687007259
25	133	0.43541567385675684
25	16	0.4264831330959641
25	129	0.41192715479273956
25	118	0.4109635281877505
25	155	0.4078920923018075
25	130	0.407233317166192
25	45	0.3879800976789772
25	150	0.38488366236582267
25	119	0.38053064625314587
25	14	0.3714981543330509
25	42	0.3703166286356107
27	26	0.700809729264558
27	53	0.6783061492286341
27	28	0.651850652861186
27	22	0.6031921958224483
27	128	0.6012164142035799
27	23	0.5982774312759079
27	125	0.5819657065793904
27	157	0.580137542849365
27	49	0.5479171246152716
27	21	0.5352325592926368
27	133	0.5301329055365591
27	51	0.5228035119329403
27	154	0.5194308601192079
27	45	0.5124156062544919
27	19	0.5096449318046606
27	155	0.5081925692884034
27	130	0.5079996913265161
27	132	0.5029445847743591
27	129	0.48625966578413626
27	18	0.4302635005006593
27	150	0.42549270678919326
27	40	0.4241896863796294
27	144	0.4067911164223359
27	16	0.39246455581772816
27	189	0.3731519917704574
185	187	0.7176342571328106
185	74	0.651896657720133
185	193	0.6354531125977502
185	182	0.6339243587070059
185	97	0.6110529392475376
185	188	0.5902437126493353
185	75	0.5810324859813979
185	184	0.5781370999909882
185	175	0.5619235681271553
185	43	0.4958439505911142
185	88	0.4936008617202975
185	73	0.47283857102178517
185	87	0.471774181738718
185	38	0.4646535886417926
185	91	0.4554537073677705
185	191	0.45169682406267087
185	186	0.4398380570092433
185	62	0.42939118478261007
185	174	0.4207557538295513
185	77	0.4192897804638351
185	84	0.4187126739196834
185	68	0.4104647398702214
185	172	0.4002192757338834
185	85	0.3915505194498573
185	82	0.37924711994325294
88	73	0.6705655212698883
88	193	0.6630965095329172
88	84	0.5618825122287731
88	184	0.5511349910787358
88	75	0.5454982973239666
88	91	0.5282898730068006
88	94	0.48646579763116105
88	173	0.4786487715455289
88	74	0.4765028325110169
88	43	0.44925779232839125
88	85	0.4491939366386316
88	188	0.44292190465526377
88	82	0.442342969596539
88	87	0.43616905283644536
88	175	0.40775870375107814
88	187	0.39932868424643575
88	68	0.39638270071402837
88	66	0.38831134140403767
88	162	0.3836818819341846
88	86	0.38253002191619134
88	182	0.38253002191619134
88	97	0.37776497208227505
88	77	0.37491519358048564
79	7	0.5468876095139753
79	36	0.5420824937317693
79	110	0.5379810779836507
79	0	0.5292048141139634
79	10	0.5083409022725854
79	142	0.45527139903169117
79	101	0.4500396519340136
79	127	0.4451136780774793
79	139	0.4329650109581425
79	100	0.38082137541255157
74	97	0.6183566604906836
74	75	0.6043677771171636
74	187	0.576523712729129
74	91	0.5107396930791862
74	188	0.5057704917752224
74	68	0.47865648046216497
74	193	0.47535806735586494
74	43	0.4715175901903771
74	184	0.45847602088167067
74	73	0.45231746185523486
74	62	0.4502150767111713
74	182	0.4369137298384494
74	87	0.43333870550299125
74	84	0.42736628707845364
74	77	0.4114288420799278
74	38	0.41020693627833144
74	175	0.3873088096253618
74	85	0.37579148554028946
37	141	0.7239758307002004
37	167	0.6041646211654119
37	69	0.5851706120949048
37	68	0.557377040358199
37	169	0.4586339663443787
37	137	0.4457389224475182
37	62	0.4206240706303418
37	67	0.4132713685444387
37	140	0.38825189478711947
37	172	0.38735980795333375
37	166	0.3849092180077298
37	187	0.37497535270340104
37	34	0.37190321846437707
37	91	0.37029937119590756
141	167	0.6587657813819385
141	166	0.6580916803533711
141	140	0.6428464924728376
141	137	0.6084458937188136
141	169	0.5141096962543663
141	172	0.5032657453985843
141	175	0.47487027947392546
141	69	0.43700272726402345
141	138	0.4002360720900632
141	187	0.39085601230273026
28	132	0.6887743246842922
28	53	0.6655045186745592
28	26	0.6405701243942431
28	125	0.6250069868019349
28	157	0.5889650748341594
28	128	0.5593110258488085
28	129	0.5490777140726386
28	18	0.549000872928825
28	155	0.5444578593197559
28	130	0.5439933391434876
28	154	0.5438384249317482
28	45	0.5435425766714317
28	21	0.5288591540494593
28	133	0.5275685823866221
28	22	0.5228398448075577
28	23	0.5213923300413211
28	51	0.5153959973019262
28	19	0.5073093646161251
28	49	0.48703047401375993
28	156	0.4816189252494505
28	178	0.4681355977174072
28	16	0.4639789957827848
28	52	0.46294252658810675
28	78	0.4556914434534374
28	118	0.44976049546530394
28	148	0.4457950128742196
28	41	0.415590457899476
28	115	0.4148621813197002
28	144	0.41140391998308806
28	46	0.401536971199025
28	14	0.4002360720900632
28	29	0.39682933364222306
28	150	0.3957503522776769
28	135	0.39445919755574427
138	146	0.7200361260821996
138	145	0.6501104584304201
138	34	0.6469643380247055
138	31	0.5169877908428169
138	142	0.6282138281934109
138	137	0.6098107416300353
138	33	0.6003920602352756
138	171	0.5484207723527212
138	41	0.48625966578413626
138	166	0.4745449253512125
138	165	0.46183398897988337
138	147	0.4475800603372309
138	100	0.41448127954613095
138	140	0.39728420042476853
138	133	0.379135812145307
146	171	0.5560106591434754
146	145	0.5510514355264973
146	33	0.5198761358418574
146	165	0.5129832034809241
146	189	0.4860611172868853
146	34	0.4825707299182068
146	142	0.4736999488643427
146	137	0.46711987636488295
146	31	0.4648809461414434
146	100	0.4586892404116928
146	157	0.44770000309717145
146	19	0.44146582438498766
146	172	0.4248700990467087
146	153	0.41492013189263627
146	49	0.3861351942865587
146	147	0.3826666008809104
146	41	0.3790587464726276
146	154	0.3783734872426344
146	30	0.3761950411906848
146	47	0.37179981129044676
146	53	0.371110194397761
133	129	0.5992524812875001
133	125	0.5941848311115411
133	128	0.5697077143621283
133	130	0.5241900777768884
133	157	0.5105327028930705
133	53	0.5070791108777812
133	26	0.47588424079393166
133	22	0.46309964888170874
133	132	0.45132263876142487
133	155	0.43488064747555333
133	154	0.42050060153247565
133	45	0.4171197568219386
133	41	0.4142907741766327
133	19	0.4064322096397495
133	49	0.39279443422267296
133	144	0.3917791010904565
133	147	0.37817639838831946
133	51	0.3702389681440029
187	188	0.7004737225212387
187	175	0.6239455362291279
187	177	0.4197676979128205
187	97	0.5995023724939714
187	193	0.5913763537624394
187	182	0.5788091224247164
187	75	0.5563283698494009
187	172	0.5210135893699174
187	184	0.5051227562194394
187	62	0.5044297194243228
187	140	0.501950348129119
187	186	0.49038719647956835
187	68	0.47487027947392546
187	77	0.47235704723484495
187	174	0.46947757622892555
187	91	0.4665959071123228
187	43	0.46221938932310463
187	87	0.4469961090191352
187	167	0.4404427642786125
187	191	0.4258529799376074
187	116	0.41115466518285826
187	84	0.38527545067401003
187	38	0.384781433896812
187	169	0.37952106160763915
157	53	0.6937555701957965
157	47	0.43626621853718
157	45	0.6502547740700968
157	155	0.6412477453253362
157	154	0.6301771916961243
157	125	0.6246229348827487
157	51	0.6131727624734864
157	49	0.6120983174008723
157	130	0.5595377504816148
157	26	0.5332316928197679
157	144	0.5232539053080466
157	19	0.5154547442368435
157	129	0.508978390415993
157	189	0.4884403845041014
157	128	0.47877981309147233
157	21	0.4769896416899455
157	165	0.4636807482857627
157	22	0.46276965845697693
157	46	0.4585076122918288
157	132	0.4582232478891364
157	147	0.4576858591365687
157	18	0.45765423761150265
157	150	0.45458145260826005
157	52	0.45223791736619384
157	156	0.4507889511847944
157	41	0.4434121024653505
157	145	0.424861904157902
157	171	0.42035241805411255
157	14	0.419240327454986
157	153	0.4087003875617783
157	135	0.40862541804498576
157	119	0.4004460038517732
157	178	0.3998160825342783
157	148	0.3956997481766218
157	100	0.38630536106516006
157	48	0.3747776751568
154	46	0.6641150307153262
154	119	0.5685245279864105
154	49	0.6570416097428091
154	155	0.6462078339014017
154	125	0.6105388580450215
154	14	0.603166748841489
154	152	0.5997073241786085
154	53	0.5641432927229394
154	45	0.5512672647681246
154	51	0.5459055787513458
154	19	0.5264201625092062
154	130	0.5170830385119712
154	18	0.5122902321923838
154	21	0.49481763039087306
154	144	0.4866642437942101
154	128	0.4840039595582186
154	26	0.47349826585601124
154	132	0.47093413059457306
154	16	0.46975818148111953
154	150	0.4685727585422086
154	115	0.46676017154892213
154	189	0.45907605948871566
154	48	0.45587366377281263
154	22	0.4547797689921271
154	178	0.45012736866558467
154	118	0.4403944023903484
154	153	0.4306464134987895
154	156	0.4255090857689377
154	117	0.4209697012144973
154	165	0.4001436888036464
154	147	0.3970652148411656
154	42	0.3892790169235847
154	129	0.3841337677534022
154	148	0.3813855170908988
154	116	0.3754307407053234
154	47	0.37273875414228275
154	151	0.3721530810280799
193	184	0.5826398484063178
193	182	0.5492453352598644
193	175	0.5492313685152089
193	75	0.5488052354088637
193	91	0.5293343913770892
193	43	0.5260152293641488
193	73	0.5229778924066768
193	188	0.5160272729300643
193	180	0.5107988222603634
193	82	0.5001828694489585
193	84	0.49701196707100026
193	173	0.4833221572939436
193	97	0.4717275346710743
193	87	0.4596835664840108
193	77	0.4495690230817564
193	191	0.4395476557450603
193	172	0.4324041900077016
193	68	0.422753511284618
193	179	0.4212658587431358
193	189	0.4188363681044122
193	174	0.41216791767027966
193	94	0.4101736665216725
193	186	0.40043760738817025
193	85	0.389864298297066
193	116	0.38030827318592914
193	67	0.37531905852653114
193	65	0.3752159576110206
97	62	0.5495525260090284
97	182	0.5117663750501321
97	75	0.5000478902203628
97	91	0.4864199952326739
97	87	0.4774375566336599
97	188	0.46281680780235585
97	68	0.4608185294841298
97	38	0.42142212789788097
97	77	0.401495031954014
97	43	0.39263373685044595
97	175	0.388820751238421
97	85	0.38767424525314464
97	177	0.3861351942865587
68	69	0.7069149356505811
68	91	0.6607310442792872
68	67	0.6192390977018698
68	172	0.5240885388592242
68	84	0.49856151533785886
68	175	0.4828238410134037
68	62	0.47338188768231987
68	75	0.4697114205281393
68	94	0.4689472852703713
68	86	0.46277751686304236
68	188	0.4537956770920719
68	77	0.4373828926030753
68	40	0.434848211758446
68	65	0.42810979355265255
68	64	0.4024508280507655
68	167	0.39741051768585733
68	82	0.3901017140061829
68	87	0.3863819275380509
68	169	0.38323834361079323
69	91	0.5631061558142313
69	67	0.5150801495277563
69	172	0.4970194968246222
69	175	0.47751475828545725
69	40	0.4578439493941951
69	167	0.44249577996420497
69	94	0.40146986759874126
69	169	0.3816076767791979
26	22	0.6473479226956252
26	23	0.5924482589692349
26	53	0.5767906993087163
26	125	0.5458564377766466
26	129	0.5337753769947167
26	21	0.4981556304393431
26	45	0.49478742357250827
26	18	0.48537344651629993
26	130	0.4756676223626874
26	155	0.4741961877022751
26	51	0.4675184988667939
26	49	0.46129885863692227
26	144	0.4540735572646462
26	132	0.44089401862646355
26	135	0.41389308080791515
26	128	0.401117502987603
26	19	0.3747175056597912
188	182	0.5832406127482882
188	175	0.5750664710537616
188	184	0.5640819327966091
188	75	0.5640342041019679
188	77	0.5055695313607413
188	43	0.4968990117851399
188	84	0.49109322825280527
188	186	0.46265177363835175
188	172	0.4526037624322488
188	91	0.43809427127259504
188	73	0.43023905398550905
188	87	0.42026185044383346
188	82	0.3910847406851736
188	140	0.38673916732657626
188	94	0.3859309594567226
188	174	0.38457694863747577
75	43	0.5964508705757087
75	77	0.5706593100257219
75	84	0.5554231573013909
75	73	0.5259284269280198
75	184	0.5247989983143656
75	186	0.4883718531525025
75	182	0.4794732070210601
75	91	0.44997585249223243
75	87	0.44136920631591425
75	94	0.41247501433819794
75	82	0.40710818536964644
75	116	0.3836477698821368
75	175	0.3776706658649956
137	140	0.6950345728519802
137	165	0.6165251137747423
137	167	0.5530259523024308
137	171	0.5343543444628482
137	166	0.5198615411140428
137	34	0.48535815811554206
137	169	0.460062054631226
137	172	0.45103592135380355
137	189	0.43468601624797704
137	175	0.40989914937784894
137	33	0.40110072075799635
137	31	0.3999420970409614
137	180	0.3813427890217733
137	145	0.37509566147470075
140	165	0.5862348743430822
140	175	0.5594209633978033
140	166	0.5383362705904663
140	172	0.5357960065558213
140	167	0.509156194532492
140	171	0.4865497617508491
140	174	0.44652386978903474
140	169	0.4223017025703461
140	180	0.4117444687157369
140	189	0.39851304806265014
140	62	0.3725062429764205
140	31	0.37198938405917337
53	125	0.6674276616087754
53	21	0.5556443996084737
53	51	0.6216868929113328
53	155	0.592240537976522
53	49	0.5892393174389838
53	45	0.5851574604338924
53	128	0.5622519156526758
53	19	0.5428023649493309
53	130	0.5304779180860439
53	132	0.5220910041513461
53	22	0.5069453819336617
53	129	0.48458570798114237
53	150	0.47726768705044087
53	23	0.46421438005915683
53	40	0.46159007416311637
53	144	0.46012511974245346
53	189	0.4536209643660776
53	18	0.44746010147101284
53	178	0.4461715293564388
53	42	0.43242858048979177
53	41	0.4229259646604025
53	47	0.41999833342139986
53	119	0.41516845336035896
53	118	0.3877167298635781
53	52	0.38718980430924815
53	46	0.3794697026123639
53	135	0.3752589174542816
132	128	0.603707233001688
132	125	0.5688898769125746
132	130	0.47492449254698155
132	19	0.4694619842664179
132	115	0.46885366938947465
132	45	0.46715114774141114
132	116	0.4642928269182141
132	129	0.46369644814343963
132	118	0.4608185294841298
132	16	0.4576858591365687
132	178	0.45277867797612265
132	49	0.4522299625215582
132	21	0.45145800071337167
132	18	0.44538627390931007
132	14	0.43248548915366786
132	173	0.4281751290752241
132	155	0.4191001970859927
132	23	0.41556563905291005
132	43	0.41492841027112887
132	51	0.4103566366717467
132	50	0.40669931500623013
132	78	0.3974020970035886
132	148	0.3939270921698857
132	150	0.38915174021556903
132	15	0.38759776880387464
132	119	0.38726630920805866
132	77	0.38109493409218564
132	144	0.3769245134520692
182	43	0.52635510006374
182	175	0.48760998840010805
182	38	0.4755670299022445
182	184	0.46375924466214224
182	81	0.448139655384033
182	87	0.4419004790047388
182	186	0.4329406344025453
182	77	0.4009412761485355
182	180	0.3937496649912141
182	174	0.3923376526120643
182	84	0.3876232615465276
182	173	0.3816674814722366
49	155	0.6006286335392711
49	125	0.5941136625777167
49	45	0.5674135741788878
49	19	0.5602791730573649
49	51	0.5544265935617023
49	189	0.5357960065558213
49	46	0.5056514107462673
49	128	0.4970496150906226
49	119	0.49475721555844365
49	14	0.49418303614242515
49	21	0.4929349774462674
49	118	0.4846163144555326
49	150	0.4826704499755692
49	130	0.46838543198274724
49	18	0.4560400054784612
49	144	0.44762004304690384
49	48	0.44146582438498766
49	42	0.4368489990646322
49	16	0.4337609634494443
49	153	0.4276523196023778
49	22	0.4235416194839717
49	115	0.4138682197236979
49	47	0.41243352026434177
49	152	0.4107307908988224
49	178	0.4061399835815146
49	165	0.40062231405219106
49	15	0.3857947818819367
49	171	0.37915293713616977
49	23	0.37108432579305733
2	4	0.6825805900026651
36	139	0.5826926884078337
36	0	0.573806829426501
36	142	0.4908807273546621
36	5	0.46734656736600544
36	106	0.45848391884284306
36	101	0.3818981267806507
128	125	0.597281308960911
128	130	0.5631744431144322
128	51	0.4656566357395999
128	155	0.4627932334569724
128	144	0.44640376928071773
128	129	0.43650099364561173
128	19	0.4357802883265924
128	23	0.42752157249823897
128	21	0.42142212789788097
128	18	0.39969005291190096
128	150	0.3988578785150748
128	118	0.3987821936830577
128	42	0.3980166308644909
128	45	0.3937496649912141
128	119	0.38064181628859506
45	189	0.6192514284079527
45	40	0.5034598681266992
45	165	0.5538999872942699
45	125	0.5499014261210631
45	51	0.5162546884580824
45	77	0.5104365801873141
45	155	0.5035718388941189
45	21	0.48825762084522545
45	18	0.476193595566354
45	19	0.4706928468535513
45	171	0.4686117796064633
45	43	0.4565625862717151
45	14	0.4557548287672397
45	130	0.45251629159597695
45	144	0.44836339514131807
45	147	0.4476280393740811
45	178	0.4474521036406501
45	118	0.4441027506355245
45	148	0.4303938712557642
45	150	0.4303042432901254
45	47	0.42684303487660247
45	84	0.4232461539468696
45	15	0.42105197620176116
45	46	0.4208133596544919
45	180	0.41618592450934394
45	129	0.408775351563561
45	173	0.4080588035077557
45	86	0.4063236782343096
45	119	0.3948981964788123
45	116	0.39336936509195974
45	153	0.39325947560250923
45	115	0.3891008253714289
45	23	0.3841422921331416
45	82	0.3798206091231294
45	48	0.37767923948129667
45	22	0.37681297735895747
45	156	0.376624199076879
45	152	0.37494097644841484
110	10	0.5686801670002567
110	7	0.5673728902837107
110	127	0.46457517529429343
110	0	0.44491318731796425
110	8	0.42700658191735436
110	135	0.3838438998817586
73	184	0.6172684396239836
73	65	0.5224837007315936
73	85	0.49785483413089104
73	84	0.5159318834705714
73	58	0.4750329078794927
73	161	0.46672888556712655
73	94	0.4420533637201961
73	43	0.44068453537687857
73	57	0.4211260177667804
73	77	0.40848379391272893
73	173	0.40827548739708197
73	162	0.40436815399585124
73	55	0.40016888505202464
73	91	0.3975452394991983
73	86	0.39199917104395404
73	56	0.37316920679379945
43	77	0.6729744153949819
43	84	0.5297733307040646
43	82	0.46948537210037977
43	116	0.4536924419696099
43	184	0.45271507635496017
43	186	0.4408698499328657
43	15	0.435707376868558
43	173	0.4321683827259612
43	78	0.4220962655675255
43	118	0.41732623806290287
43	91	0.408775351563561
43	189	0.3946449498600944
43	180	0.3886764425690972
43	115	0.38786966082175517
43	87	0.38251294836992417
43	175	0.37382318719817803
77	186	0.49817066710888636
77	84	0.5682876079014996
77	116	0.5405766651314781
77	15	0.5213704851984903
77	118	0.43932172454452423
77	40	0.4376012147907845
77	189	0.4151187940140787
77	82	0.41028178923890957
77	86	0.4059562560992599
77	184	0.4019898077192932
77	115	0.39799138308018067
77	78	0.3790587464726276
77	91	0.3781678285297936
77	148	0.3737973792220158
125	144	0.5610471085650285
125	155	0.6422299907611698
125	130	0.6278262500908145
125	129	0.5659336146681423
125	51	0.5507867700385498
125	21	0.5431126516833293
125	18	0.5071905330182662
125	22	0.4968086354319729
125	178	0.48015061381409935
125	23	0.48010444516079703
125	14	0.4642300700136716
125	19	0.4602512360365624
125	156	0.4350022713642276
125	118	0.41902600233540765
125	46	0.413975946629646
125	52	0.407992122290079
125	119	0.3935553063167454
125	189	0.3911694426448871
125	148	0.38899050172033695
125	47	0.38888016691081917
125	135	0.37754205384979056
130	129	0.5415243990562306
130	155	0.5404421737144094
130	144	0.4963189095890804
130	22	0.4832685075004631
130	51	0.4671355121992268
130	156	0.41208490248817253
130	21	0.40701641233845137
130	46	0.3970736381998708
130	52	0.39331864826243723
130	41	0.3878866518324713
130	23	0.38573519890591884
130	145	0.3846280734919626
46	152	0.6266494999581055
46	14	0.5374479306964529
46	155	0.5091043394865447
46	18	0.4424555692003481
46	51	0.4395557236881809
46	16	0.38328099921199393
46	178	0.37577430979601384
46	153	0.37453697823051946
46	21	0.3715412529885278
91	94	0.5553954964822139
91	84	0.5476931535694366
91	62	0.5105253092917315
91	87	0.4990272618896939
91	82	0.4963038360886575
91	175	0.4573537753854542
91	180	0.44575494864090637
91	67	0.442753086716242
91	86	0.41576417249612896
91	172	0.4038410333510826
91	65	0.378107837705287
155	51	0.6311468385672526
155	14	0.4926851218260441
155	129	0.47782349116143746
155	178	0.47671150082322933
155	21	0.4707940389327406
155	144	0.4573616836245268
155	22	0.4538036177508719
155	156	0.434077531936893
155	19	0.42788925312456255
155	18	0.42335286022518764
155	48	0.42182502233036556
155	52	0.41700410851402137
155	148	0.4108721020674762
155	135	0.4010335891470719
155	150	0.39915215675920107
155	118	0.3961803900906312
155	152	0.3913811685520852
155	47	0.39137270031113336
155	41	0.39135576363037544
155	189	0.38769123929497074
155	119	0.382478800493689
155	147	0.37773925298203354
155	100	0.3749581647048045
155	170	0.37205831191964345
167	169	0.5760361447184154
167	175	0.491836521181592
167	172	0.4873431600984284
167	166	0.43018200966266373
166	142	0.6057053699472035
166	145	0.44849920973318264
166	31	0.4071165279649369
166	165	0.38791213785425294
166	33	0.3858543616398893
127	7	0.43287562715857525
127	0	0.40317128718134804
145	41	0.6109777400171607
145	142	0.6181589781682767
145	33	0.5503756224569833
145	31	0.45695827121367943
145	34	0.44853116309827795
145	171	0.44414288838157073
145	165	0.4231394359255199
145	147	0.390991560877201
142	41	0.5542672726831724
142	100	0.48413412467530365
142	101	0.46133034619041935
142	147	0.45573105981618073
142	33	0.4209450173674503
142	156	0.39631526811547696
142	171	0.3947969050295911
142	0	0.3874957919048877
142	31	0.3773448204671301
22	23	0.5788556691387098
22	51	0.4688068574984532
22	41	0.46226656920876863
22	129	0.45535859473944573
22	34	0.4222277502453479
22	33	0.4140588055907692
22	18	0.4015621339377271
22	19	0.3825044114988265
22	21	0.3772762095251605
34	33	0.6465105881665913
34	41	0.4154415355379217
34	31	0.402727342316438
33	41	0.5138447983993715
33	31	0.4486110414947897
33	171	0.44026542486003684
33	165	0.4141582272869821
18	14	0.5623544879186905
18	117	0.49136635783227406
18	118	0.47352929724395165
18	148	0.4728152779808041
18	116	0.4642536043991664
18	51	0.4472521346219398
18	19	0.4457870001704346
18	16	0.43906344938910646
18	21	0.4363957569798053
18	23	0.43271308935072883
18	115	0.4311187307994047
18	15	0.40709984270642907
18	152	0.3949066369996247
18	178	0.3817529112047355
18	189	0.38085557389479396
18	78	0.37024759734311874
23	21	0.3970483679230781
23	129	0.3803595939518455
23	16	0.3769588300511066
23	19	0.3715153939873851
172	175	0.6397911018534242
172	189	0.5137785586191392
172	169	0.44186024191740014
172	67	0.4126243788322013
172	171	0.4008741343076375
172	191	0.371153307458921
172	186	0.3707566069557311
175	174	0.5451750977070327
175	180	0.47788522357843344
175	62	0.473893827989782
175	189	0.4386839761639385
175	169	0.42509133472001137
175	184	0.42437828249147586
175	87	0.418605459723764
175	82	0.3959696089435564
175	67	0.3894911117398964
175	191	0.3768558771496665
175	84	0.37347042809930436
62	174	0.4694307994630181
62	94	0.41226752685603346
62	65	0.3833748357797011
62	67	0.381137671610358
165	171	0.6377547324081262
165	189	0.6117667819833988
165	147	0.5480920473569744
165	180	0.46747942663081604
165	153	0.454446571716619
165	115	0.4304020188318531
165	148	0.4219729825514658
165	156	0.4219236649747642
165	31	0.4044601634064197
165	14	0.3937243158557458
165	19	0.373539267629542
171	189	0.60269575819781
171	147	0.4996353031305308
171	31	0.48237892540973587
171	19	0.4059395519732765
171	178	0.4036736373490833
171	153	0.3886849318423311
38	81	0.5988870455194588
84	82	0.6132164419400361
84	86	0.5027577996064418
84	94	0.5216180200672803
84	189	0.4750329078794927
84	65	0.4612673699213899
84	40	0.45745657685085045
84	184	0.4473321275967778
84	87	0.44561871688942295
84	180	0.3775249044803492
84	118	0.3737801735830038
51	21	0.4966052492364949
51	144	0.4562617448622509
51	19	0.4431790906538657
51	189	0.4353508385431934
51	129	0.4296195318215057
51	150	0.4255827877278755
51	118	0.42419788697594285
51	47	0.41716931624805437
51	178	0.41616112052137205
51	14	0.40908347894961733
51	153	0.4075585882897197
51	48	0.39129648315985033
5	106	0.4400074152853658
5	0	0.4227124464432022
152	14	0.5129832034809241
152	16	0.4647555150998872
152	117	0.41066428469628014
152	115	0.3966102541587067
55	158	0.623860031885184
55	65	0.515997923690136
55	190	0.4684010441382372
55	83	0.46113352991726886
55	54	0.34611216139304257
55	85	0.4715486964501602
55	58	0.39183835510486215
158	85	0.4153753406716111
158	65	0.4052126600624126
158	83	0.3722047699989022
129	135	0.44734812533300206
129	144	0.4188363681044122
14	116	0.5288663570913169
14	118	0.4939260267059212
14	115	0.4900529354025916
14	15	0.4650690577193739
14	19	0.4495530651844053
14	189	0.4459552519466264
14	119	0.4442632909234829
14	148	0.443428170037005
14	178	0.44010417739271523
14	117	0.42838743861026646
14	16	0.40929994510491546
14	153	0.40608987934179047
14	21	0.3946449498600944
189	180	0.534025609582121
189	153	0.48937637567440606
189	179	0.4617553144100244
189	168	0.45622215269805577
189	82	0.49871930046300417
189	19	0.4972227718784727
189	40	0.4758068836939505
189	147	0.4540021107966501
189	150	0.4389019905556427
189	47	0.42947274360131743
189	178	0.406841186459449
189	86	0.39918578332452864
189	118	0.39855510659209764
189	186	0.39804187804586605
189	119	0.3943071944152958
189	115	0.39360601197260797
189	21	0.387172802496483
189	116	0.37863907446815276
189	16	0.3776449446275342
67	65	0.47496321396378083
148	147	0.5869104846880947
148	116	0.5262321875141959
148	78	0.47734490492031384
148	156	0.4599516795160065
148	118	0.4441027506355245
148	115	0.4102734725162536
148	178	0.40328015035368414
148	135	0.39539607311530284
148	52	0.3800174112773945
148	15	0.37789355883885495
184	161	0.482110321371267
184	65	0.4595731426357097
184	85	0.4229834423126823
184	58	0.4023754023192158
184	186	0.39428185846050606
184	162	0.3924307164236186
184	94	0.3910762701247908
184	57	0.37994040583485433
82	87	0.44360489451470303
82	180	0.44189243172951154
82	179	0.439297514332779
82	168	0.43754461769481295
82	118	0.435148199080755
82	94	0.41762349536285254
82	40	0.39298893053037987
118	59	0.3706962276211192
118	115	0.532794995812234
118	116	0.49556486805537137
118	48	0.4351806243581392
118	15	0.43063826802704624
118	119	0.42926883342147365
118	16	0.4106809116566215
118	78	0.4100738507015381
118	19	0.4024089255410654
118	150	0.386968760207449
118	21	0.3856585874944018
118	181	0.3790673095848353
41	52	0.48975653800296054
41	156	0.44035409886439236
19	150	0.5021373361225546
19	16	0.4498960967304642
19	42	0.449042260982033
19	119	0.43177795112978784
19	117	0.4047779510997503
19	116	0.38438094817292934
19	21	0.3836477698821368
19	40	0.38258124098749996
19	115	0.3813171513981615
19	48	0.38072732421429
50	66	0.6068121573983585
50	173	0.5078883923993358
50	170	0.43646051941816616
50	180	0.40167955203522965
50	81	0.37450258883325627
66	85	0.4911918695221333
66	170	0.4630368034563308
66	160	0.4434442373236694
66	173	0.42323794528519537
66	162	0.4007650196311918
66	65	0.38212872452914365
16	117	0.5332030656507157
16	115	0.48504468049412586
16	116	0.44337996646709243
16	21	0.39636584296529664
16	15	0.38960138472333394
16	119	0.38709629108071647
16	150	0.3790587464726276
139	0	0.42041004762741185
139	101	0.4116115853238335
116	115	0.5956772215839353
116	15	0.5833065919386583
116	119	0.42663856180549153
116	186	0.42025361660945937
116	181	0.41071416475789924
116	117	0.39061028729960356
81	99	0.39516826007496714
7	10	0.5005426952381626
7	135	0.45057379188553304
7	0	0.3854202068721522
0	101	0.42033595183878975
0	100	0.3868752281568397
56	57	0.5979434540643582
56	161	0.5618825122287731
56	162	0.5336394972848817
56	58	0.527395359323246
56	163	0.3894317293537983
57	162	0.5550357939924275
57	58	0.49749372039237516
57	161	0.4924124593831375
115	15	0.5122312250767681
115	119	0.4904783335637393
115	48	0.44422315852563193
115	78	0.431371079424119
115	117	0.38834530944849793
147	156	0.42103552175853326
147	100	0.39743577933108537
147	31	0.3895589733591419
94	65	0.4509801599315309
94	86	0.430255351732397
94	40	0.4057390813069376
156	52	0.540385537485292
156	178	0.4162107278779392
10	8	0.49279113110516676
119	150	0.4774607179032967
119	48	0.4167314555045191
135	181	0.4633195711993536
135	78	0.45617463971668093
135	100	0.39200763437727665
161	58	0.5426401106093237
161	159	0.42691663450113193
161	163	0.42429628870477604
161	162	0.5533174327472201
161	65	0.37334994902323243
144	21	0.37102396347556965
21	150	0.4017634140201334
21	40	0.3718687504318008
162	65	0.436314797572712
162	58	0.41571454284896264
162	85	0.403832664193087
162	163	0.3890583945185854
162	159	0.3736081030456199
174	180	0.39198224417825195
58	65	0.3742446355164522
180	179	0.4527866278548148
180	173	0.41554081958750494
180	153	0.399295062245327
180	87	0.383426016026484
100	101	0.4456828285204715
65	85	0.493320958083576
65	86	0.40730838890682003
87	191	0.493827735574745
31	30	0.4471481330569358
178	72	0.41337086842261994
150	42	0.37976070598921424
173	170	0.3978651351154382
40	86	0.4886154928070019
85	160	0.4846928254502062
153	47	0.4339720210129829
153	179	0.40558870268233244
160	170	0.46339024839975584
190	83	0.4241732849782861
104	134	0.4682371019176101
134	30	0.3897370899845861
179	89	0.39046621572151113
179	192	0.28289856560118837
71	177	0.44525800379892305
