19	121	0.9364509425692115
19	124	0.8730107494438558
19	120	0.831321719305027
19	17	0.80445087968031
19	117	0.7659274109915889
19	20	0.7444463191674283
19	126	0.7419124433954348
19	115	0.738621888894644
19	15	0.7357639316462399
19	136	0.7349280676566007
19	14	0.7346474146243629
19	23	0.7300105729856439
19	118	0.7298003158758771
19	18	0.7187575873613533
19	16	0.7165996249135907
19	133	0.7136043520165664
19	128	0.6993872162056869
19	25	0.679379102037388
19	116	0.6783115481996916
19	28	0.6754887531326389
19	21	0.6753473624182452
19	132	0.6683582450218883
19	152	0.6584033709425385
19	125	0.6542022268749119
19	119	0.64549089342757
19	29	0.636066796036609
19	22	0.6316158974181889
19	27	0.6310746346588669
19	129	0.6261998818438711
19	135	0.6107458063019546
19	188	0.6070395481565118
19	148	0.5934014655748703
19	43	0.5923379169967976
19	147	0.5822698304642189
19	130	0.5742225438265339
19	149	0.5595583576608675
19	53	0.5506056192781897
121	124	0.8663355957224713
121	120	0.8302995349373973
121	17	0.7772554555066459
121	117	0.7467466702369747
121	136	0.7431193641207777
121	115	0.7299732040382791
121	14	0.7231229387302927
121	118	0.7148828744990186
121	20	0.7022064147533679
121	18	0.6939629939077206
121	126	0.6925554446264044
121	15	0.6922066369670072
121	16	0.6879113832033379
121	119	0.6772736022861047
121	128	0.6716427741360169
121	116	0.6678267387919999
121	23	0.6627658014081257
121	133	0.6622103030283724
121	125	0.6598229495293471
121	21	0.6580179750539239
121	152	0.6501162319568041
121	28	0.6478936746679246
121	132	0.6308218348504961
121	25	0.6281290721056227
121	27	0.6256585727054241
121	135	0.5996176674941607
121	29	0.598283851878647
121	148	0.5933042757196109
121	43	0.5909404975462665
121	129	0.5790152292361356
121	22	0.577750831164529
121	147	0.5746379623283503
121	149	0.573900726284026
121	53	0.5723696710204131
121	188	0.5715083774901664
121	130	0.5666944175594665
70	176	0.9078750891358904
70	139	0.675934352469347
70	112	0.5885142387952654
70	197	0.5881219097131529
70	103	0.5746915431620495
70	36	0.563194927804731
70	106	0.559214814351045
70	3	0.5547312681244161
176	197	0.6424473291426158
176	106	0.5981361585783788
176	199	0.5755949766999293
176	139	0.5697685002260658
176	177	0.5677118381022489
176	112	0.5608003773305533
176	95	0.5531231274995903
108	112	0.9057428074692115
108	9	0.8833687398620862
108	6	0.6369769007461518
108	103	0.8184485686746371
108	12	0.807534130525019
108	3	0.8035669568851859
108	109	0.7950459331118053
108	11	0.7792271463231238
108	113	0.7199157174157764
108	0	0.6913984530411028
108	106	0.6657273008519089
108	102	0.6615697353620849
108	111	0.6444162699345456
108	139	0.6374283200512653
108	13	0.6154888201439419
108	1	0.577550935330404
108	110	0.575875758781957
108	114	0.563351954100445
108	5	0.5580040132360146
112	103	0.8589693162342857
112	12	0.8459397476217142
112	109	0.8319692866637269
112	11	0.8197648202794061
112	106	0.7763433163944823
112	3	0.8394475676469136
112	9	0.8320923765367839
112	113	0.7829312626031382
112	139	0.696571826625608
112	0	0.6820996192970495
112	111	0.6374580033620313
112	102	0.6270380227444784
112	5	0.6168659414007873
112	13	0.5904391617425957
112	110	0.5546758838090482
126	128	0.9054729961520034
126	133	0.8847883564286994
126	129	0.8582071217662254
126	23	0.8528189427059243
126	124	0.8358978752166538
126	25	0.7974613764402629
126	118	0.7629765918430466
126	20	0.7467555174930502
126	117	0.7157910988068985
126	15	0.7141437740833328
126	29	0.7064543866852365
126	28	0.7064343492310441
126	132	0.6995098014322776
126	120	0.6942687337549033
126	16	0.6874422637562955
126	125	0.6686016242265799
126	27	0.662120457107306
126	22	0.6596648228904388
126	18	0.6581426997120683
126	17	0.6577287017063042
126	130	0.6568597166820174
126	115	0.6565981114112096
126	116	0.6539447423403034
126	21	0.6508258033236993
126	26	0.6444747389336177
126	135	0.6428875630117251
126	188	0.6291451614140355
126	14	0.628885295290517
126	123	0.6011908720364072
126	152	0.5780172511714031
126	43	0.5661918523950964
126	136	0.5612663415629632
128	133	0.8653845112434465
128	25	0.8452272774805135
128	23	0.8055771247108662
128	124	0.8042037394046007
128	129	0.7764227622689861
128	27	0.7733462389685888
128	20	0.7696628047445313
128	28	0.7631436875262166
128	132	0.7578054334410208
128	29	0.753900172358824
128	118	0.7136043520165664
128	125	0.7092882230786569
128	21	0.7082182360638788
128	130	0.690761114579878
128	117	0.6652648955107816
128	15	0.6633597698859838
128	16	0.6564786303650307
128	120	0.6492551486471518
128	116	0.6456775241533816
128	18	0.6246046391542395
128	188	0.6241775441568138
128	17	0.6123671409587605
128	115	0.6068879653585278
128	14	0.5935375023078845
128	43	0.5740817704744707
128	135	0.5700520851663123
128	26	0.5604918231630449
128	75	0.5553747500612715
128	152	0.551858676246149
95	197	0.9024933487457213
95	96	0.6092451135758447
197	96	0.5965152913690092
197	181	0.5534700589256941
23	25	0.9009043989499634
23	133	0.8521357378768122
23	129	0.8150864570726468
23	20	0.784051070988576
23	124	0.7614891423781174
23	26	0.7503737901310545
23	29	0.7274406946130333
23	118	0.7261764083659493
23	22	0.7235282187586551
23	27	0.7153324057966308
23	28	0.7110033165092889
23	15	0.6949570257264908
23	18	0.6912052754054332
23	132	0.689152561793878
23	21	0.6827888272159014
23	117	0.6690437651338189
23	16	0.6677824158283332
23	17	0.6498332408770529
23	14	0.6477602010097735
23	120	0.629235779316464
23	115	0.6240188137783703
23	116	0.6153521434663932
23	188	0.6148175067709426
23	130	0.6138711840009927
23	125	0.6127295159734371
23	135	0.6053507019199563
23	152	0.5617524836207198
23	75	0.5539693029350531
25	20	0.7993466295180518
25	27	0.7977160729683721
25	133	0.8040623914048921
25	29	0.7603482268220157
25	28	0.7525025944482497
25	132	0.7488756192698659
25	21	0.7321612349391587
25	124	0.7195011804973175
25	129	0.7013385639891775
25	118	0.6834661647641692
25	18	0.664126209591363
25	15	0.6593427416966877
25	16	0.652649304819971
25	188	0.638211325152361
25	116	0.6250557336657764
25	125	0.6247387919075845
25	117	0.621748239638001
25	14	0.6182701840993334
25	17	0.608477382440549
25	130	0.5973906512139375
25	115	0.5938612628155802
25	26	0.5925456010770472
25	75	0.5873495211556646
25	120	0.5808867390782867
25	43	0.5515595609241244
25	22	0.5513507917705749
25	135	0.5481130348651041
28	132	0.8993674094126153
28	29	0.8075689165786144
28	21	0.7859316243321757
28	133	0.7683961672446238
28	27	0.7524939195207859
28	20	0.7394387897962369
28	116	0.7135405461500053
28	124	0.7083079414747478
28	125	0.7037087883248597
28	188	0.6976051017934572
28	118	0.6924409464527124
28	16	0.6699762328639371
28	15	0.669832913621517
28	18	0.6512867038715808
28	43	0.6508776786046354
28	14	0.64481371052991
28	115	0.6413831496582687
28	117	0.6400273083301012
28	17	0.6324086370173435
28	75	0.6090564329782102
28	120	0.6088613905779423
28	129	0.6052746703339063
28	53	0.6023581687474262
28	186	0.6023071931201646
28	130	0.5961415437879988
28	148	0.5952254152128154
28	152	0.5947150670419283
28	77	0.5680573666974759
28	147	0.5650493296987983
28	135	0.5470978491971928
132	29	0.7900632615498875
132	133	0.774269047812396
132	21	0.7571191699573926
132	20	0.7237711476244862
132	27	0.7089849766797918
132	116	0.7049383718456229
132	188	0.6904054101779435
132	124	0.6743289733742903
132	125	0.6726076894534783
132	118	0.6691707930857865
132	15	0.6561484639201015
132	16	0.6529419723111953
132	117	0.6423298617650058
132	115	0.6271411717122352
132	18	0.6245924416209736
132	14	0.6072226517837698
132	17	0.5977249720224568
132	130	0.5907973052803537
132	186	0.5851114271961442
132	75	0.5814033099847217
132	43	0.5768841155131692
132	120	0.563092497431265
132	129	0.5609717290376544
12	113	0.8975943165286644
12	13	0.830640885984253
12	103	0.844052289741884
12	111	0.8182834301394826
12	139	0.7911879924781875
12	3	0.7649750179413944
12	11	0.7319013220407755
12	102	0.7257317972482672
12	110	0.7180268796909534
12	36	0.6904943675990818
12	114	0.677463012543148
12	0	0.6678488984979124
12	9	0.6612603438001411
12	1	0.6518679052455922
12	2	0.6409120058875714
12	109	0.6275050511167619
12	106	0.6089306076006472
12	10	0.6068184751500777
12	7	0.5939518813129877
113	139	0.8321231362048838
113	111	0.8302374040843254
113	103	0.8392111467020231
113	110	0.782660201044987
113	13	0.776660951895433
113	102	0.7388671873929
113	3	0.7222487022316176
113	114	0.68485448620334
113	11	0.6785382388505732
113	36	0.6592975179394299
113	0	0.6442349681438445
113	10	0.605756017173297
113	1	0.6031921958224483
113	106	0.5964573130008725
113	2	0.5878732913669792
113	7	0.5757621252496802
113	109	0.5662122348524672
113	9	0.5577491669688567
44	149	0.8876850990166254
44	33	0.7234329035839503
44	22	0.6784896731576154
44	154	0.6671669458950354
44	119	0.6567573682257105
44	152	0.6466967973356559
44	18	0.6440828527282607
44	14	0.6416773691077189
44	26	0.6247997582427665
44	123	0.6209378485675144
44	46	0.60472945405033
44	136	0.5948636989262523
44	135	0.5678202607758905
44	118	0.5591185877872914
44	17	0.556694226275698
44	125	0.5548904706498845
44	120	0.5538098654808464
44	115	0.5526718296842434
149	154	0.7622652965108815
149	119	0.7596258896650936
149	152	0.6840838086481297
149	136	0.6735703229611714
149	14	0.6577343755985346
149	18	0.6514651737780915
149	33	0.6491452262157391
149	123	0.6464931271061519
149	135	0.6371670253230067
149	120	0.636953129723384
149	118	0.6282622535504746
149	46	0.6242324772861465
149	17	0.6182207622966005
149	125	0.6132102022458202
149	127	0.6122358727181937
149	22	0.6114725989584043
149	144	0.6110717373320962
149	124	0.5990409436298938
149	115	0.596946712450241
149	26	0.5907582463832027
149	53	0.5894612239624832
149	147	0.5820582832643729
149	49	0.5489729283935159
149	157	0.548868125455622
133	29	0.7989129597842315
133	129	0.8480591557714485
133	124	0.7755474996914347
133	20	0.7362222457193927
133	118	0.7054963337215793
133	117	0.7018666278206104
133	27	0.6973637495306836
133	16	0.6831089756716678
133	26	0.6824577314570591
133	15	0.676553024010915
133	21	0.6678433586824275
133	188	0.6325526293954915
133	22	0.6311829364203166
133	17	0.6256524871538455
133	130	0.6251105680606016
133	135	0.6189368999905231
133	116	0.6179364920544684
133	14	0.6172622497890414
133	115	0.6163453115651507
133	125	0.6125795989205896
133	120	0.6107269962705133
133	18	0.6047484827737294
133	152	0.5583413504190144
133	43	0.5572805265107017
133	75	0.5536087777472762
9	109	0.8268515530645671
9	11	0.7860462907373119
9	3	0.7663404496973345
9	103	0.6612040666031691
9	106	0.6372739363329528
9	0	0.6100619326887932
9	5	0.5751267048059903
124	118	0.792530640064032
124	135	0.7041728981495451
124	120	0.8248483505469288
124	20	0.796073767833328
124	17	0.7929022406198983
124	117	0.7605253558871636
124	14	0.746874929587021
124	21	0.740190228996549
124	115	0.7381307045404745
124	16	0.7356400711556277
124	125	0.7305752462485756
124	15	0.7254429482630267
124	152	0.7078342379986747
124	129	0.7072949375873973
124	18	0.6905466857392006
124	27	0.6860420449194099
124	116	0.6758039842626897
124	119	0.6703618442488081
124	136	0.6679209093658384
124	29	0.6629452006317026
124	130	0.6333497949115854
124	53	0.6294048869711681
124	148	0.6278444247744837
124	147	0.619615046839098
124	43	0.6143819197741729
124	188	0.6101749286782446
124	22	0.6094462968719037
124	106	0.602122365288554
124	75	0.5801242738867828
124	26	0.5706795401179376
124	48	0.5604163751308903
124	103	0.5600595857757662
124	186	0.5597437911409113
124	3	0.5515386871172137
124	144	0.5479241224451745
137	140	0.8709739402011647
137	34	0.7501464930904721
137	146	0.6717635134099328
137	62	0.6716976600478566
137	141	0.6606296140094369
137	67	0.6241653359565463
137	31	0.61233588967769
137	150	0.6075129597732971
137	35	0.5646407596774926
137	134	0.5544889254549842
140	141	0.8382920120484932
140	62	0.697445929768594
140	31	0.6860896831460512
140	34	0.7145795957814829
140	35	0.672700770621708
140	146	0.6505201922754743
140	150	0.6219261020098731
140	67	0.6203476381835319
140	145	0.614929454278828
140	172	0.606925865198275
140	79	0.5925585787174613
140	175	0.5808933647457626
140	134	0.5777708169374317
140	166	0.5569012191614945
103	3	0.8513670847787354
103	0	0.7615353532785945
103	102	0.7995631526253862
103	139	0.7571703777721944
103	110	0.7469147229176158
103	106	0.7399324127474297
103	111	0.7372007729032924
103	13	0.7311203040763259
103	11	0.7185158067253631
103	114	0.6739307226840503
103	109	0.6692922615004712
103	7	0.6686624466585662
103	10	0.6450590144988932
103	1	0.6257863516984651
103	78	0.6003472912976442
103	104	0.5898069597139523
103	5	0.589428596227599
103	135	0.5772509616754283
103	36	0.5709357279969042
103	2	0.5688695856370374
129	26	0.8171568987105129
129	130	0.7132950286326134
129	127	0.709223618793865
129	123	0.7223587060229447
129	22	0.7060784959438189
129	118	0.6857401995190939
129	135	0.6670226499189761
129	29	0.6589638453824737
129	20	0.6411535274467612
129	125	0.6288248411603103
129	138	0.6255124984499063
129	27	0.6111657174168804
129	15	0.6073299584164003
129	18	0.5885469203830959
129	117	0.5849667267560766
129	120	0.5792478415640184
129	17	0.5770975816089448
129	136	0.5750196182690246
129	16	0.5680302736487485
129	14	0.5569150162284623
129	21	0.547413079342666
13	114	0.8575734645541703
13	2	0.8246244836851256
13	110	0.8159572582624668
13	102	0.7859316243321757
13	1	0.776263845845238
13	111	0.7699479844702876
13	10	0.7697443160296021
13	139	0.7494197035317313
13	36	0.736446573409876
13	0	0.6999487272681749
13	104	0.6931689759625924
13	7	0.6830929744799352
13	3	0.5966054675686153
13	134	0.5665043073164091
114	134	0.6683250458552131
114	110	0.7869997431786115
114	2	0.7823500525106604
114	102	0.7518034268393846
114	0	0.7328193449752427
114	139	0.7287375784181387
114	36	0.7267289600053624
114	104	0.711201049976648
114	10	0.7039156941325837
114	1	0.6741708111228976
114	7	0.645799958662716
114	111	0.6254333565799455
114	32	0.6061736695031366
114	78	0.6014207073162611
114	3	0.5524564811027537
182	187	0.8568574755255949
182	80	0.811941309745981
182	183	0.7644352242496792
182	60	0.7302953677130218
182	63	0.7090197887732463
182	76	0.6909701964315157
182	194	0.6766289354610804
182	196	0.6734227943192024
182	180	0.6730400627455352
182	184	0.6404403787304119
182	185	0.6370422648130647
182	81	0.6363168052254514
182	193	0.6347311566359568
182	199	0.6095154355098684
182	98	0.5904326478881728
182	88	0.5881676957114877
182	97	0.5663345150554866
182	167	0.5620056716188848
182	189	0.5612526418073042
182	198	0.5556996978943557
182	91	0.5531231274995903
187	80	0.7456520009408093
187	63	0.7184964567678239
187	76	0.7123653891849115
187	60	0.6856925181424006
187	183	0.6484851220659338
187	184	0.647318874722093
187	180	0.6294954558430539
187	194	0.6226736481053462
187	185	0.5933820289878456
187	91	0.5742627585491633
187	189	0.5701533326011361
187	84	0.5566597207383535
187	73	0.5514343077211132
187	88	0.5494059307687656
3	11	0.7820006710444429
3	106	0.7485504419993189
3	109	0.7293372638870654
3	0	0.7142221649126825
3	102	0.6786623242305858
3	139	0.6310686171728376
3	110	0.6231632261453918
3	111	0.61388987852179
3	5	0.6131353199462055
3	7	0.6041074693980016
3	78	0.5740549526538276
68	69	0.8489831921189297
68	92	0.7059531105240525
68	65	0.6744598195003383
68	91	0.6712199056191781
68	86	0.6657941123735057
68	84	0.6325406317002887
68	94	0.6202738124312344
68	42	0.5702478145836536
68	172	0.5490986691373707
69	92	0.6955150042277676
69	65	0.6740235010084827
69	86	0.6709890657440513
69	91	0.6127982132223766
69	84	0.6115665055336138
69	94	0.5901785475672569
69	35	0.5709694286545556
69	189	0.5685786679127912
69	63	0.5487772822827022
116	188	0.8467341445537611
116	15	0.8271044389387118
116	115	0.8083327895889616
116	118	0.7371870765497749
116	14	0.7303233666066943
116	18	0.7298891079475173
116	43	0.7108302074385949
116	16	0.7074398306861766
116	117	0.6836153409328033
116	186	0.682564567162419
116	148	0.6822225902279949
116	75	0.6785867986122307
116	120	0.6725145869963974
116	20	0.6710275480936575
116	152	0.657626558882708
116	17	0.6490063380662792
116	21	0.6340619108278339
116	77	0.6323966356792335
116	76	0.6228328144907623
116	29	0.6020777420018139
116	147	0.5938353690484804
116	125	0.5872381565452462
116	27	0.5642796258078978
188	43	0.7492486892153135
188	186	0.743910881485451
188	75	0.740303237688437
188	15	0.740799979202693
188	77	0.7047723227993902
188	20	0.702191207248476
188	148	0.6764228566364145
188	115	0.6736577220245232
188	118	0.6707305906224965
188	14	0.6491683700337901
188	21	0.6481199086686459
188	76	0.6421712329238646
188	147	0.6319884095360607
188	16	0.6297911949786541
188	29	0.6227409940203518
188	18	0.6224654296721402
188	17	0.6083262191023641
188	117	0.6056610495977834
188	152	0.5832736033055712
188	27	0.570902025415107
188	120	0.5649608296952533
123	138	0.8421436852733281
123	22	0.8095079887679627
123	136	0.7570636843233813
123	33	0.765265231744924
123	26	0.704455105531809
123	135	0.6475744323583457
123	127	0.6291391196123652
123	7	0.575835655369703
123	24	0.5658316481413961
123	144	0.5644704404356167
123	130	0.5621903639876624
123	119	0.5580522155596243
138	136	0.6907245133743687
138	22	0.6458932198115754
138	33	0.6293505374386642
138	130	0.592662388767336
138	127	0.5923184425769779
138	26	0.585991980060041
138	40	0.5730954065146139
138	24	0.5565838017948641
138	135	0.5469016276394979
141	142	0.7358327217692635
141	166	0.6936829446932273
141	35	0.6831623082410302
141	175	0.6662336884529421
141	32	0.6393951850771532
141	145	0.6223551606963831
141	134	0.6177942963142393
141	37	0.6031985573758246
141	79	0.5949218481590902
141	30	0.592714286410038
141	31	0.5926818509600832
141	62	0.5849009415152194
141	172	0.5842163187839503
141	150	0.569255001436927
14	152	0.8370091497173356
14	115	0.8267882792999697
14	48	0.595173756216619
14	15	0.8040977369298464
14	18	0.7776510218755575
14	118	0.7654309286652831
14	17	0.7625584061962827
14	16	0.7591898911246415
14	117	0.7276524987811188
14	120	0.7221817255060184
14	119	0.6931274123161697
14	21	0.6729470592026925
14	20	0.6717690007108914
14	148	0.6666839128558197
14	43	0.6537787275418012
14	125	0.6519714053822993
14	46	0.6481431056906152
14	154	0.6466735254035804
14	147	0.6161964611199641
14	53	0.6089872328135815
14	27	0.5941913005169654
14	136	0.5928569795513888
14	29	0.5916883966857085
14	135	0.5687613538036672
14	22	0.5641841958790925
14	186	0.5534561853542465
152	154	0.7320034560937321
152	151	0.4793037659528294
152	115	0.769377317564061
152	46	0.7213097949580175
152	118	0.6971736374794646
152	119	0.6950552493548354
152	15	0.6926386941138915
152	17	0.6901960162145825
152	120	0.688837390262994
152	18	0.682564567162419
152	117	0.6750535460879988
152	148	0.6740180440485009
152	16	0.664801979235061
152	125	0.6506989714955315
152	43	0.6435148955087732
152	21	0.6355484947938606
152	147	0.6305990192439024
152	53	0.6101247113025281
152	20	0.6024473642740878
152	48	0.5911747318636814
152	136	0.5716093755573914
152	186	0.5555683564378242
152	27	0.5499990837811499
152	135	0.5490078588708871
139	36	0.8222420299020441
139	111	0.6702572140738753
139	110	0.6569904600491984
139	102	0.6430107524506311
139	0	0.6318983123981524
139	2	0.5949153874407084
139	11	0.5913178259867835
139	78	0.591051120617841
139	7	0.5685651333929161
109	106	0.76493353344588
109	11	0.738126152876247
109	5	0.5983352139348169
109	0	0.5950575054878016
120	17	0.8047682227403774
120	117	0.7808325091874
120	115	0.7553768544869008
120	118	0.7438885508248482
120	16	0.7257412633780377
120	15	0.7226980524326229
120	18	0.6962988884111103
120	119	0.6903007276507434
120	20	0.6663838172651984
120	136	0.648148904758174
120	125	0.6459981155659287
120	21	0.6152154297779485
120	53	0.5930515011290498
120	135	0.5835440532949294
120	147	0.575360887902391
120	148	0.5751668571767852
120	154	0.573370682096492
120	27	0.5702478145836536
120	22	0.56980226745687
120	29	0.5684839198095898
120	43	0.5619304105077421
111	110	0.7965859698265251
111	102	0.7596258896650936
111	1	0.653698559932104
111	10	0.6087418120627585
111	2	0.5573081034325545
111	104	0.5534631221783629
111	36	0.5522827591537968
96	198	0.8292717336531166
96	98	0.726001474276864
96	190	0.6947035924265275
96	199	0.6387917944920275
96	81	0.6191651070512912
96	83	0.575280607178089
96	196	0.5591048399054634
96	185	0.5559415700875887
198	199	0.8018955399586543
198	98	0.7453277022159507
198	97	0.6525804135586915
198	183	0.6469003753870077
198	196	0.6439775122065662
198	81	0.6112909973950154
198	190	0.5772509616754283
198	38	0.5758891259702071
198	177	0.559242304887762
198	185	0.5585821925716781
15	115	0.818217336878168
15	18	0.8111219114483732
15	16	0.782660201044987
15	118	0.771207233126757
15	17	0.7528840328243311
15	117	0.7466847320446115
15	20	0.7083179073307694
15	43	0.6888531550287017
15	148	0.6598963456110248
15	29	0.6408707578110419
15	21	0.6291512031396828
15	125	0.5984828524581342
15	27	0.5883900312199143
15	147	0.58536127658677
15	77	0.5815555427690109
15	22	0.5739677862308641
15	186	0.5710907350901151
15	119	0.5600733122872186
15	135	0.5574942154961756
51	155	0.826946424481106
51	53	0.7214872410987616
51	47	0.692727126478955
51	72	0.42703111156448725
51	157	0.6842593386993662
51	154	0.6454033837292441
51	144	0.6020968667281487
51	49	0.5676915066579166
155	157	0.7385128045101722
155	154	0.7011149203334337
155	47	0.66075358106313
155	53	0.6022179739512027
155	144	0.5849996164905086
155	119	0.5708952846678506
155	49	0.5634543406341007
155	153	0.5616429643144721
115	117	0.7763433163944823
115	118	0.7676989927544061
115	16	0.7533730937086661
115	17	0.7415705805967192
115	18	0.7287422677993832
115	119	0.6633541703106817
115	20	0.6589412141199392
115	21	0.6427819455862039
115	125	0.6223429070627834
115	148	0.6163391103423608
115	43	0.6139771105144896
115	29	0.5767773529049727
115	147	0.5741286986970061
115	136	0.5719189949761425
115	22	0.5657636608400899
115	46	0.5620946045721356
115	135	0.5546966535033462
115	27	0.5540178193144114
115	154	0.5479171246152716
102	110	0.8254546874362759
102	1	0.818646556589384
102	104	0.7497964589124939
102	10	0.73761594114055
102	0	0.731590074755095
102	2	0.7118626377903817
102	7	0.7066647115909934
102	78	0.5842294924558803
102	106	0.577464292286369
102	134	0.5514482259716968
102	36	0.5492174014637112
102	11	0.5476231465144782
110	10	0.799995576035989
110	104	0.7606855180422102
110	2	0.6953291044928167
110	7	0.68055654075254
110	1	0.6722844778794816
110	0	0.6255855410605816
110	36	0.5631198138895562
2	1	0.763268942359885
2	10	0.7293513055944923
2	104	0.6870095329518996
2	7	0.6279534584992775
2	36	0.6242507869576853
2	0	0.6111657174168804
2	134	0.6010312056583963
2	32	0.5554162422118197
36	32	0.6418596903822659
36	0	0.6100493760468225
36	1	0.5471468951948437
88	90	0.8214630909481442
88	87	0.7353279081425173
88	185	0.6715494511640954
88	194	0.737707112234159
88	193	0.7049534633832173
88	94	0.6644893614196254
88	80	0.6254516212307346
88	91	0.6229307374172199
88	76	0.6201507450862627
88	81	0.6170703270028697
88	191	0.6162646897063887
88	93	0.6021861063160735
88	184	0.5927791515426413
88	63	0.590914465357807
88	74	0.5683146892536737
88	180	0.547861139215398
88	196	0.5474480953302545
88	82	0.5470628140416689
88	60	0.5468735910817958
90	194	0.7587913939924561
90	94	0.7328517516193488
90	91	0.7070999876115074
90	87	0.6527124456640861
90	60	0.6177448274528231
90	93	0.6087229287157243
90	193	0.596895217621378
90	63	0.5958642881714417
90	80	0.594197769845509
90	180	0.5850193494076515
90	76	0.5634611657877039
90	82	0.560635834482718
90	185	0.5573977199374494
90	81	0.5573563600873574
90	184	0.5533313093900268
43	77	0.8207463603570085
43	147	0.7500240289042769
43	148	0.7337762519635855
43	20	0.693662191958516
43	186	0.6469585236156353
43	118	0.6357868654270148
43	75	0.632432638782807
43	18	0.6227593594868693
43	16	0.616704851701334
43	76	0.594934769365238
43	21	0.5897482651009219
43	53	0.5882984920760489
43	17	0.5819194125794139
43	117	0.5694442369176081
77	147	0.7284232341522672
77	148	0.6361799119807676
77	20	0.5812775217545172
77	186	0.5770909119866418
77	135	0.55994976261384
77	76	0.5597712580014517
11	106	0.6273352748162322
11	0	0.6157310196637231
1	10	0.6687730099776699
1	104	0.6140518688590729
1	0	0.6067868856247379
1	7	0.5941330731004274
22	33	0.817886545939919
22	26	0.78455140382778
22	136	0.670972572201837
22	18	0.5813768305612813
22	119	0.5567770317282342
22	118	0.5560866482317484
22	135	0.5546758838090482
22	40	0.5532202876479575
33	136	0.6991316981130323
33	26	0.5948055434667249
33	119	0.5752203893603884
33	34	0.5744436905078143
26	24	0.5788490198390771
26	127	0.6568028594162221
26	135	0.5862151841366323
80	76	0.8029638573458431
80	63	0.7610602724436939
80	60	0.7415210685199427
80	81	0.6904891353876705
80	184	0.6733298783870917
80	194	0.670400385490029
80	98	0.6426880429103056
80	84	0.624750985784061
80	94	0.6061926457625156
80	185	0.5816680364819138
80	199	0.5738269514517854
80	73	0.551503895903977
18	118	0.7747092309184453
18	17	0.7360848223297961
18	16	0.7154495775701692
18	117	0.6707745978990247
18	148	0.6589298980412815
18	125	0.6480909106997628
18	20	0.647655715618278
18	21	0.6335294211875027
18	27	0.6201322823511768
18	29	0.6166428803671495
18	119	0.5904456755200983
18	136	0.5883311863585328
18	147	0.5879649005258016
18	130	0.5673457661480101
18	53	0.5618825122287731
18	48	0.5585271512374552
18	135	0.5481270261537463
98	199	0.8091630128060368
98	81	0.782233646674518
98	97	0.6775874332434831
98	183	0.6680316709001389
98	185	0.6253237542813553
98	61	0.6208210919184199
98	38	0.6166924580459535
98	196	0.6117918110270865
98	63	0.6058383084467327
98	93	0.5881088273068875
199	38	0.7617201194745462
199	177	0.7070799866615104
199	81	0.6583070543126912
199	97	0.6358702665115709
199	183	0.6350892900172088
199	196	0.5516152210320768
29	27	0.731608665249561
29	21	0.7087013781296319
29	20	0.6847110966227188
29	16	0.6524827991337645
29	118	0.6483228418309972
29	125	0.6294833809816126
29	117	0.6213923224358185
29	17	0.5973391988022846
29	130	0.5570391760004079
29	75	0.5512463812906757
87	191	0.8075689165786144
87	190	0.6905519171558232
87	83	0.6866397426465299
87	185	0.5718315103459853
191	190	0.7341775636693124
191	83	0.6956956508531504
191	195	0.6336611037358768
191	193	0.5577698340990407
17	117	0.7537145093346206
17	16	0.7364969104408108
17	118	0.7349970421626941
17	119	0.6949725364450794
17	20	0.6722132272872918
17	21	0.656006073267392
17	125	0.6432511692956225
17	148	0.6006286335392711
17	147	0.598296692853646
17	136	0.5957868891474857
17	27	0.5910055726333353
17	154	0.5739946080542702
17	135	0.5735854414249085
17	53	0.5731222683650248
17	48	0.564872316691004
76	184	0.726993096892899
76	75	0.6763414805624763
76	63	0.6361501472780277
76	185	0.626412591013518
76	84	0.6260600507541929
76	94	0.6224531787838494
76	194	0.6049133694549932
76	73	0.6004751925648694
76	82	0.5663956458090156
76	186	0.5474621011885615
10	104	0.7183028960124155
10	7	0.7046716494157663
10	0	0.6235117528382464
16	117	0.7997794680836848
16	118	0.7878356835725567
16	21	0.6846792250705389
16	20	0.6766018258797618
16	125	0.6236767579913202
16	27	0.6039677389131736
16	148	0.5981425808713227
16	147	0.5967085076384239
16	135	0.5862151841366323
16	106	0.5720871980887958
16	53	0.5570184844339416
16	119	0.5550703897956726
117	118	0.7805982190951648
117	20	0.6497176825080494
117	21	0.6329483830498079
117	125	0.6069953410690143
117	119	0.5799119286097119
117	27	0.5790351711306593
117	136	0.5636590617844589
20	21	0.7472858694231178
20	27	0.7196603076660366
20	118	0.7024141864452361
20	53	0.6530911003541323
20	125	0.6372145443552478
20	75	0.6299540753016323
20	130	0.6116165819962447
20	135	0.5848483077814008
20	186	0.5738135368452382
83	190	0.7990937565900538
190	55	0.41922384256580897
190	195	0.6457241697866232
190	196	0.5601007643875909
27	21	0.779854851274994
27	125	0.7319338228074432
27	130	0.7033451525065281
27	53	0.6374461302647819
27	118	0.6355842581167038
118	125	0.7074148533584017
118	21	0.695509841603072
118	135	0.6653875105392153
118	148	0.6282743591291787
118	147	0.6231020555743124
118	130	0.5998033682069411
118	53	0.5918378544570968
118	186	0.5867596910361259
118	136	0.5853218340709776
118	119	0.5710368241974054
118	75	0.5684974561763424
118	48	0.5612252413732938
21	125	0.7875700166496489
21	122	0.5499153781360474
21	53	0.6443753371511969
21	130	0.6028867510058288
21	186	0.5988100798717756
21	75	0.5823359228000944
21	148	0.5710637802594916
125	130	0.708512185092297
125	53	0.6984357846328273
125	119	0.5974549598129717
125	148	0.5579902404518867
125	48	0.5570322788884243
125	144	0.5553263390572235
125	154	0.5477841512771165
91	180	0.7828151297379954
91	94	0.7350660014616466
91	60	0.7001272086588676
91	82	0.6999385256897807
91	189	0.6610239295566281
91	86	0.6489716092675794
91	65	0.640328296230105
91	63	0.6225389285963863
91	84	0.5856832867659542
91	193	0.5837154911281136
91	89	0.5684026951450396
91	179	0.5526232090339271
180	193	0.770761091488346
180	189	0.7084424567085748
180	165	0.6234200592990233
180	169	0.6858090622290947
180	60	0.6622046882160452
180	183	0.6467142504946132
180	175	0.6460039423926341
180	94	0.6428816960181938
180	179	0.6078283279537419
180	65	0.60220522712744
180	194	0.5888475007456508
180	63	0.5500827783778547
81	93	0.7007130319026559
81	181	0.6144441694351243
81	183	0.688984502738846
81	63	0.6782791532746847
81	185	0.6566606835728432
81	60	0.6418008849941947
81	196	0.6194610036820101
81	194	0.5951931289167068
81	61	0.5672915141832255
81	74	0.5548973915771365
81	193	0.5528454441548379
81	97	0.5483788168928297
106	5	0.6681202588205252
106	0	0.6300927815106142
106	135	0.565137816701513
172	175	0.7729037335620444
172	35	0.7065595647418575
172	166	0.6746995940676347
172	169	0.6661780714805003
172	62	0.6527698385641164
172	92	0.635774949774265
172	150	0.6311588714887236
172	65	0.5833395786475526
172	146	0.580701189136774
172	37	0.5725780758530152
172	67	0.5528662746667965
175	166	0.7586683385877081
175	169	0.7007537497198022
175	145	0.6454850599748507
175	170	0.6119544699527272
175	183	0.6472259085703786
175	92	0.6258167703187633
175	61	0.6061673439299687
175	37	0.6050845430438047
175	193	0.5984250857019947
175	179	0.5834978880655931
175	167	0.575541479002779
175	35	0.5716430377313714
175	165	0.5693766597435861
175	65	0.550640459991587
147	148	0.7723798016593523
147	135	0.6374698761565406
147	154	0.598591950464028
147	53	0.5763968509566341
147	186	0.5755548538889402
148	186	0.6052683338698188
60	63	0.7716930705602312
60	189	0.667882135836948
60	84	0.6497754654469008
60	65	0.624915573292541
60	183	0.6194856537938023
60	94	0.5980783544845881
60	194	0.5953351742452904
60	167	0.5861823655868288
60	45	0.5646203239069574
60	61	0.5482179620526749
63	183	0.6212265493000684
63	61	0.609414867153632
63	194	0.6088613905779423
63	97	0.5981297362086064
63	74	0.5968437178743571
63	185	0.5857424114071305
63	93	0.5850390816321581
63	84	0.5794272209285517
63	167	0.5712995932729741
63	65	0.5695591004514546
35	62	0.7716121601127337
35	37	0.7221147352356267
35	92	0.675880037523079
35	30	0.6637403667405984
35	32	0.6558465402793564
35	150	0.6291270357809552
35	65	0.6228144517691049
35	34	0.5865235844693208
35	31	0.5719122658510257
35	146	0.5684568461526501
35	67	0.5623408126162865
35	166	0.5594690548874874
62	37	0.7240091391418898
62	92	0.7031581407768737
62	67	0.6887007349984852
62	34	0.6623001299124499
62	166	0.5839923192591866
62	146	0.5690048477248436
62	65	0.5477981497742238
193	183	0.7600443136838071
193	160	0.6022243472479397
193	4	0.5314616751748774
193	194	0.6549909011957812
193	196	0.6429520949618639
193	185	0.6350355874043845
193	93	0.5887821710368585
193	195	0.5746044718055193
193	179	0.5711446410569677
193	169	0.5640478412564618
193	170	0.5520811815857382
183	196	0.7448071992163676
183	61	0.7268940707583937
183	185	0.6441062584163928
183	93	0.6322946120477373
183	97	0.6257863516984651
183	166	0.6225634257976499
183	195	0.6099237927743405
183	194	0.5707739380561336
183	167	0.554994276493812
45	164	0.763268942359885
45	165	0.632756543770354
45	189	0.5488331873077863
164	52	0.5272654132444233
164	165	0.5925196448734259
164	157	0.5639046357889901
154	119	0.7607571395619221
154	157	0.7409082516444357
154	46	0.7305752462485756
154	49	0.6424120920986248
154	53	0.6579839529700658
154	144	0.6305448051282622
38	142	0.7248929559501586
0	101	0.6792067624849969
0	100	0.6372917524502373
0	78	0.618362836802896
0	104	0.6154577605125112
0	7	0.607569740188942
0	5	0.5977185447354613
0	134	0.5689913229012664
119	144	0.6542022268749119
119	136	0.6512809455777845
119	49	0.632738554854192
119	53	0.6079039878016432
119	157	0.5966054675686153
119	46	0.5931552176734057
119	48	0.560882632147149
104	7	0.7369678524914222
104	134	0.6359000490148639
104	135	0.6171570109033091
194	185	0.6595461895704523
194	184	0.65223004946095
194	196	0.6472491519135496
194	94	0.5961995560487048
194	74	0.5670812413065354
166	61	0.6792444681644043
166	37	0.6293444982216464
166	142	0.5527551706184618
136	135	0.6402633938948633
136	144	0.5875656360374781
136	130	0.5813966902443232
34	67	0.6896038533371703
34	31	0.6391468254008987
34	150	0.6156999749424179
34	39	0.574945984843602
34	42	0.5631676147305105
4	107	0.7489853950421949
107	8	0.6421007135570294
196	195	0.7016128471632959
196	185	0.6424179651279348
196	93	0.6391349954229668
7	135	0.7442902486213939
7	78	0.7197759890534795
135	78	0.6859202760557896
135	127	0.6143383404600744
186	75	0.7295992744540807
157	144	0.6960154375662136
157	53	0.6708296003532978
157	49	0.5763167134136705
75	184	0.5713669511020721
142	79	0.5923314256004262
142	145	0.5632632051064899
142	39	0.5508494639846466
94	82	0.7005959427473721
94	84	0.6722789975068301
66	170	0.7337808676538372
66	50	0.5867728051435271
66	89	0.6084710848494792
66	174	0.5667147829363453
66	179	0.555153411888786
66	85	0.5541148407843738
170	174	0.6623113569344937
170	179	0.6315678100798231
170	85	0.5521854539052792
86	189	0.7332634891557769
86	84	0.6506701410151327
86	146	0.6275414239919179
86	65	0.6231204075461027
189	84	0.7189798721160828
189	159	0.5412416372922627
189	65	0.6416656039536524
189	146	0.566341307669188
189	167	0.5486654575058408
37	92	0.7297114991766394
37	61	0.719583164537348
37	65	0.56206040112811
37	167	0.5497060656880197
92	65	0.6752875283201103
92	61	0.6541965066430265
92	67	0.6351728152133479
92	169	0.5762966772958868
73	184	0.7272947043848431
73	161	0.5012019268602632
184	185	0.585348129389337
184	82	0.5562593161334869
61	97	0.7110033165092889
61	65	0.5939971849107306
61	93	0.5803365403390337
53	144	0.6498159090364024
53	130	0.5830228268111435
53	49	0.5558033689289479
78	100	0.566327722364847
30	32	0.7195060036431271
30	134	0.7177069994628553
30	150	0.5955223589719127
30	31	0.5836561531507016
32	134	0.6953445996926776
32	150	0.5663345150554866
84	82	0.5875721836652398
84	65	0.5639182758663889
50	173	0.7182835338181257
134	150	0.6586752074127413
134	31	0.5961737735902842
134	143	0.5479451154747719
52	156	0.7148730955096883
156	131	0.6022116005777028
130	40	0.6968034084796066
130	144	0.6300264487738106
130	127	0.6043868189596091
97	177	0.6514076107155149
177	71	0.6784033195017952
195	93	0.5740482480062262
195	179	0.5507101356631126
39	143	0.7012521725725998
39	79	0.5625322388571139
143	24	0.5790285239094638
169	65	0.6671891408333667
93	185	0.6117667819833988
40	144	0.6287220516888294
40	42	0.5989383498058483
144	49	0.5615402720866918
47	153	0.6386378632184317
67	171	0.6054710626752794
67	146	0.5483438519004966
31	79	0.6062242713277411
31	150	0.5710031273880573
6	105	0.6834075442170596
101	99	0.5152417635481343
101	100	0.589793917005095
65	64	0.5282249880390423
146	150	0.6437901798604515
185	74	0.6197875185263405
89	179	0.6632253595738228
89	192	0.371127439814232
89	168	0.5655800566982628
179	168	0.6446384120410945
179	174	0.6093834355199285
179	165	0.5563421796706413
174	171	0.5481480125115403
150	42	0.6043741244747016
165	167	0.6547224547233544
165	171	0.5488890874238808
145	41	0.6162708918464891
145	171	0.5571219353507547
56	161	0.627183638424434
161	58	0.6024664756438726
161	162	0.579699504507418
161	163	0.48834139284015854
160	85	0.5969209656505764
162	57	0.46073976122631677
59	151	0.5506195557937579
159	54	0.5024812713790473
55	158	0.46005417116589864
72	178	0.4269248118880929
