123	126	0.8989076861600905
123	136	0.831321719305027
123	128	0.827167608137782
123	22	0.8102649724166777
123	34	0.7985871613416389
123	127	0.7941982099374829
123	138	0.7827764066595579
123	23	0.7705580495869435
123	131	0.7636860443814609
123	26	0.7424065624627155
123	129	0.7393390629138704
123	28	0.7346796334897777
123	24	0.7281132814539342
123	25	0.7138741689467959
123	132	0.6700699146071203
123	143	0.6677602525705315
123	124	0.6635221252549786
123	31	0.6460330753969288
123	37	0.6143819197741729
123	19	0.6076012821812581
126	128	0.8464508634959972
126	127	0.8300819866541653
126	26	0.8232758439697265
126	22	0.8189761045116473
126	136	0.8092665642315471
126	23	0.781417274731799
126	131	0.7765418848268419
126	138	0.7498358587279399
126	28	0.7478505307031725
126	24	0.745003050404162
126	34	0.7435444488287892
126	129	0.7432626176058816
126	25	0.7295057238246904
126	143	0.7039863175496895
126	132	0.6990550078408134
126	124	0.6764987927414926
126	121	0.6202122825751426
126	29	0.6188258425384732
126	31	0.6115978038970017
126	37	0.6115727653594238
28	132	0.8750644140627456
28	131	0.8530369538009915
28	29	0.757085026244398
28	19	0.702099948763375
28	128	0.7886309280723086
28	23	0.7857403934599794
28	26	0.7571020986179008
28	129	0.7506838517031891
28	22	0.7492574616118924
28	127	0.7234567349636108
28	136	0.6993821075947401
28	121	0.6963400995440409
28	124	0.6903792422561619
28	31	0.6809643302799937
28	133	0.6789912326712513
28	25	0.6662503720996519
28	34	0.6443344006750308
28	117	0.621208126629501
132	133	0.7153177564957851
132	131	0.7998875479891452
132	23	0.7321797919927205
132	128	0.7283011671428357
132	129	0.7133097646233395
132	136	0.712360463794302
132	22	0.6984767573397751
132	29	0.685782578024453
132	19	0.6791906018104946
132	121	0.6728102506254326
132	127	0.6667505714299167
132	26	0.6533032337291729
132	25	0.6193254062305027
132	34	0.6069069156234265
26	127	0.8591527261235393
26	22	0.839742647625555
26	131	0.8186795356709914
26	24	0.8095079887679627
26	128	0.7703955033782102
26	143	0.7611570365742133
26	23	0.7516816595598808
26	29	0.7466847320446115
26	129	0.7272947043848431
26	136	0.7034967122012821
26	34	0.696546086344614
26	25	0.6706150490500602
26	138	0.6646736107936848
26	124	0.6574732993003436
26	118	0.6463883465195077
26	119	0.6419890356657735
26	120	0.6346953282899899
26	121	0.6261634080510429
26	37	0.6236950884673922
26	17	0.6122796325492594
26	19	0.6085781334749426
127	128	0.8321231362048838
127	143	0.8300508876832562
127	138	0.8282382915975468
127	131	0.8131983076037377
127	24	0.8039209524538478
127	129	0.768232289952225
127	22	0.7660513890607366
127	136	0.7604705423143511
127	34	0.7189170674135914
127	37	0.6918262243285801
127	23	0.6766126699324025
127	118	0.6752603280640286
127	29	0.6691155683455242
127	124	0.6565582880565125
127	25	0.6111782467930453
127	125	0.6065657052741
19	121	0.8566180752315222
19	17	0.7264268259101105
19	23	0.6725091097182594
19	136	0.6700313423562884
19	131	0.6610746008047597
19	128	0.6314355448420947
19	25	0.6291572447893073
19	22	0.6288550691758358
19	18	0.6256646581808536
19	129	0.6113911993243949
19	77	0.6087921642830305
121	17	0.6968754265549847
121	136	0.6883430974836834
121	23	0.6564331051095894
121	25	0.6464174546839987
121	128	0.6338226639643694
121	29	0.6222632510089089
121	120	0.6212572522250914
121	129	0.6188752044607817
121	131	0.617280819064622
121	119	0.6169588542644243
121	22	0.610338101292637
131	129	0.796073767833328
131	128	0.7800506881019958
131	22	0.7770970566858008
131	23	0.7609508461053054
131	136	0.7237044791239172
131	29	0.7009369234080269
131	143	0.6931533901353658
131	24	0.6848013851335938
131	31	0.6738543010408015
131	34	0.6629620154071082
131	118	0.6541965066430265
131	138	0.65235069808628
131	133	0.6514248804217623
131	124	0.643901417751299
131	120	0.612879388940639
22	23	0.8499298295958776
22	34	0.7979341580003974
22	136	0.7694181202789785
22	24	0.7626839288801454
22	25	0.7414940585279699
22	128	0.7301133150872982
22	129	0.6889004454164946
22	138	0.6736631838404646
22	31	0.6317961816591011
22	124	0.6232671986206887
22	143	0.6126670558925064
22	18	0.6067932036831549
23	25	0.7630601524350372
23	128	0.7493013196512719
23	136	0.7345369247831414
23	34	0.7200505722094571
23	129	0.7175275400500312
23	124	0.7086067943469941
23	24	0.6749392263144839
23	31	0.6668894092033574
23	29	0.6663393402855472
23	133	0.6111030659414605
128	25	0.7750288932200059
128	124	0.7468837730117123
128	129	0.7714097747108976
128	136	0.7638527069116797
128	34	0.7401721437241011
128	138	0.7300105729856439
128	24	0.7235996870392204
128	29	0.7131181475468649
128	118	0.6640032256213325
128	125	0.6609732522790549
128	143	0.6562509562687522
128	31	0.6471096738012427
128	37	0.6376123260776759
128	18	0.6245802437829644
128	21	0.6195287885499685
128	120	0.6082443205286391
104	110	0.8440235297412673
104	2	0.7560330864359215
104	114	0.6953807526450427
104	10	0.6532229791055406
104	141	0.6397379387312324
104	135	0.6268438003181865
104	102	0.6112909973950154
110	114	0.7304539956693252
110	1	0.7033148328912685
110	102	0.6980104225599496
110	111	0.6644223416092457
110	10	0.6549909011957812
110	8	0.6514076107155149
110	13	0.6475744323583457
110	2	0.6285527034779461
9	108	0.8437356625893302
9	3	0.8238870991750556
9	109	0.729299816329753
9	103	0.7803246031367226
9	112	0.7735471290703821
9	6	0.6823027678731509
9	12	0.6701580661650611
9	102	0.6570416097428091
9	13	0.6247570826080283
108	6	0.8387076970289042
108	103	0.802359109049221
108	3	0.7860462907373119
108	112	0.7604494572849279
108	12	0.7171440509091107
108	102	0.7106570122106597
108	13	0.6910433477809516
108	111	0.6510851189581853
108	105	0.6234383993789006
108	113	0.6103004506697791
70	176	0.8396541756543754
70	98	0.6743671412030876
70	199	0.6524081381956496
70	198	0.6388509852151042
70	96	0.6103192763258916
176	199	0.6922326785642643
176	177	0.5887887043539421
176	198	0.6424708189961347
6	12	0.7760252860977008
6	111	0.7752683799545887
6	105	0.6301530760199686
6	13	0.6984972419762207
6	103	0.6854964328681842
6	102	0.6824310179733016
6	3	0.6716537519082316
6	8	0.6369293574893033
6	112	0.633750866244194
6	1	0.6236584268292981
136	34	0.8047329850939143
136	138	0.7860845008565741
136	24	0.7586683385877081
136	25	0.7116554101795117
136	129	0.6989220399313568
136	37	0.6722241897274498
136	31	0.6704499331994651
136	18	0.6672113345870717
136	143	0.6670892542816015
136	27	0.6226858935034059
136	39	0.6087858705237077
136	120	0.6082506208787829
143	39	0.7216933432942148
143	138	0.8105052655587808
143	24	0.8090248660126117
143	37	0.712862492263476
143	118	0.6375529772415554
143	34	0.6259809979750354
138	33	0.6552705949973996
138	24	0.804556711770774
138	34	0.7721780090248965
138	39	0.7183900121187639
138	37	0.7147948535278911
138	27	0.6625302244195385
138	129	0.6434270037385941
138	140	0.6300626314064368
3	103	0.8215606264257427
3	112	0.7783220742033111
3	13	0.6868405300750376
3	102	0.681832158047052
3	12	0.6640144074671628
3	109	0.6204214529452159
103	112	0.8200925371588307
103	102	0.7771366656241188
103	13	0.7406465273254993
103	12	0.670598540454258
103	114	0.6604097656575273
103	111	0.6147801854282365
103	1	0.6144379448132512
112	11	0.6347550406838979
112	12	0.7302206919998631
112	13	0.7131967725763866
112	102	0.7035219659317613
112	113	0.6673999336676527
112	114	0.6631413313966474
112	109	0.6439248327867765
13	114	0.814616032874545
13	111	0.807185960854146
13	113	0.7809495719397461
13	102	0.7549815265234809
13	12	0.6892523117933628
13	1	0.610068210894875
114	32	0.7101418663852784
114	102	0.7531221752870216
114	141	0.7007079418545202
114	111	0.6673444722334878
114	113	0.6633541703106817
114	2	0.6479632973089812
114	10	0.6219506297166287
114	1	0.6165932977966289
24	37	0.8089211972246815
24	34	0.8004990217606297
24	39	0.7040972690822946
24	25	0.6674720224653893
24	129	0.6465280485497181
24	27	0.625567281435974
24	18	0.6229613343290256
24	31	0.6207043077217801
37	141	0.6974151143286016
37	39	0.6824737586722608
37	34	0.6810340414939057
111	8	0.7378483742716644
111	113	0.7698665359089004
111	12	0.7288829174580952
111	102	0.6754941902453555
4	107	0.8063480572582344
4	10	0.6269409212726114
4	8	0.6132476392632413
107	8	0.6276505261838449
34	25	0.7464722741969462
34	27	0.6472142864474719
34	18	0.6395725031981179
34	129	0.6317901732852923
34	31	0.6180910068041208
34	39	0.6109526711564653
129	29	0.6869778505718739
129	124	0.6490757875499452
129	118	0.6444279643372438
129	133	0.6441238118910346
129	125	0.6386023333562515
129	31	0.630460459828303
165	171	0.7896495221013664
165	137	0.6947915378155378
165	183	0.6807926808560859
165	145	0.6710000610699679
165	146	0.6701250115460102
165	175	0.6322105761160206
165	164	0.6110278740626872
165	45	0.6080867868655458
171	194	0.5888213697853442
171	146	0.6664505238435865
171	145	0.635739200997823
171	174	0.6103443761283602
44	149	0.7884418228913262
44	35	0.7084474377661419
44	33	0.6576038571931886
44	62	0.6540076970016102
44	140	0.6210177188242519
44	142	0.6115289449708535
44	134	0.6111531877344109
149	156	0.6857243063807787
149	142	0.6537100133462158
149	134	0.6528214857681482
149	15	0.6371254421956681
149	39	0.6311227718129526
149	35	0.6165870996313606
149	14	0.6113285754156941
198	199	0.7855873005379931
198	97	0.6817732920923447
198	197	0.5336752577750384
198	96	0.7157862223409647
198	98	0.6511369638551642
198	183	0.6194548409631855
198	182	0.6073993803136777
199	98	0.7162589145779095
199	183	0.6765801368940124
199	182	0.6732260059934428
199	97	0.6094085809801265
170	183	0.7809495719397461
170	175	0.7742289939671243
170	158	0.5829634160993941
170	160	0.5804161199366916
170	166	0.6881378307151876
170	169	0.6551336245520205
170	145	0.654533872277974
170	196	0.6336670884340101
170	172	0.6334515915165573
183	185	0.7467732112124092
183	166	0.7379303677407895
183	182	0.6923159995621468
183	196	0.6445215087070331
183	175	0.7259163372173673
183	169	0.6515399945476198
113	12	0.7028293709491193
17	119	0.7793056950914967
17	120	0.7296507156642702
17	188	0.586011678115727
17	15	0.6825058111338479
17	118	0.6804169369268707
17	21	0.6641094411659454
17	154	0.6418008849941947
17	125	0.6414537795404719
17	14	0.6236767579913202
119	120	0.6980001667877783
119	14	0.6380690586509631
119	15	0.6295678986269466
119	118	0.6260418089471987
102	0	0.574671450926744
102	1	0.6965151956406674
102	12	0.619442515296483
25	27	0.6228144517691049
25	29	0.6109777400171607
175	145	0.7435578627791476
175	169	0.7050792013743558
175	172	0.6584770102892995
175	166	0.6479516942873094
175	196	0.6367748084408834
36	61	0.7690506697468344
36	38	0.6892260643262936
36	181	0.6300324794025541
61	68	0.6733298783870917
61	38	0.6424825634701581
88	90	0.7687236197482993
88	91	0.732407027698189
88	193	0.684126368666289
88	87	0.6143819197741729
88	73	0.6099928673661068
90	91	0.6699707215085386
180	193	0.7641441213751738
180	91	0.7462596640445838
180	87	0.6668283262859451
193	184	0.6427760772347791
29	133	0.6966593301701991
29	124	0.6701856096504313
29	118	0.6068121573983585
14	15	0.7565381640993097
14	152	0.7233566315827311
14	154	0.665365219567509
14	156	0.6427760772347791
14	118	0.6210730060633723
15	120	0.6979950387943133
15	117	0.6558123470149292
15	118	0.6946208013178018
15	116	0.6854434197702794
15	115	0.6799978290030088
15	152	0.6606296140094369
15	77	0.6413066216826182
15	125	0.6190972726287638
15	18	0.6188443538321078
15	21	0.6082947211837821
2	31	0.7113048150215503
2	135	0.6578138022529478
2	100	0.5679083396933939
2	141	0.6703177926866413
2	10	0.6551336245520205
185	182	0.6465920641598605
91	82	0.6539103996164121
91	94	0.6375411065661688
91	87	0.6342771292698479
145	172	0.7061386652243297
145	166	0.6720816550126142
145	60	0.6180168456830013
145	146	0.6170641347225437
145	93	0.608137202849626
145	169	0.607948117615616
30	134	0.7415345726146798
30	35	0.6521840793853965
134	35	0.6778523741396265
134	140	0.6693088226040006
134	181	0.6566834348451025
134	141	0.6484097849991729
134	142	0.6135158572717274
179	191	0.7391894117496124
179	173	0.6760755369692871
179	168	0.5219455047638251
191	87	0.6847695210006208
191	159	0.6306231124312413
191	190	0.6179612176229736
166	167	0.7044097657869619
166	81	0.6492667178519621
166	139	0.6287946112439126
166	172	0.6898869490125141
8	10	0.7192358005782411
56	162	0.7364831829684803
56	163	0.7251443603460219
56	161	0.6618901400310611
56	58	0.5796663061209676
56	57	0.5445352469050098
162	160	0.5225636673214064
162	163	0.6480329091237799
162	161	0.6173489005245013
21	125	0.7327452601601284
21	122	0.4590918443272167
21	118	0.6645898710967106
21	154	0.6216807578191201
125	118	0.6666950233588812
125	117	0.637991979433824
120	118	0.7023229843392012
120	18	0.6658943096404756
120	117	0.6337628332893005
120	116	0.6334755404729724
109	106	0.5914088665014594
96	98	0.7275489674040949
98	78	0.6559775895315487
163	54	0.411453763561555
115	116	0.7234519688256038
115	118	0.6968136976364134
115	152	0.6326785868678659
116	118	0.7230895405146924
116	77	0.6807604882615939
116	147	0.6779550589835955
116	75	0.594275395791354
152	46	0.5592010686214823
152	118	0.6534808881584836
152	154	0.6221284190946585
118	18	0.6753364841525132
118	117	0.6412712967743956
164	174	0.7217029263302579
164	45	0.6675163785847151
174	173	0.7148388668448913
174	155	0.620587495976279
174	144	0.585334981884073
174	45	0.6118293522957927
39	27	0.6690713832319268
195	196	0.721669384493777
195	93	0.6203906981301579
146	172	0.7174013764165347
146	137	0.7002036739117379
172	68	0.63667967589428
32	141	0.7157862223409647
32	35	0.6438662929364732
141	140	0.6084207013619229
31	135	0.6305327567113479
35	140	0.7100922930120702
35	33	0.6685850347377897
35	142	0.6618114665393717
35	62	0.6239027859242798
140	33	0.6182887160149795
147	148	0.7086117730758245
147	135	0.6472200975465355
147	77	0.6067742492778796
142	181	0.7074098576808091
142	130	0.6769920269024491
142	156	0.6762709412745326
142	137	0.6186468645969837
181	79	0.6752385665366787
42	68	0.7068048588528458
42	40	0.6423122390549628
42	49	0.6217727761928257
68	92	0.6400332119427623
68	41	0.6157620624735674
68	65	0.6081498060791848
68	40	0.6074120014802101
169	189	0.5017109350104074
137	62	0.6389634267549583
69	86	0.698906694370138
69	94	0.6933507627218068
69	63	0.6799333113843916
69	92	0.6450473363708769
86	84	0.6208210919184199
94	53	0.6359298296243479
94	64	0.5049290695262603
182	187	0.6114913816516674
38	62	0.6068500627585651
33	62	0.6874633601015435
62	67	0.6437550464511221
62	49	0.6415243985501187
62	41	0.6205936446497194
62	60	0.6148112867383674
156	52	0.6613503718354927
156	154	0.6297006819710794
156	130	0.615134627019215
87	89	0.6264794232073906
87	192	0.2886106442557863
87	82	0.6434035630676778
77	76	0.5399960308495211
77	18	0.6285768997295466
63	65	0.6184616474102534
63	81	0.6119732349600228
48	154	0.6740344147077613
20	53	0.6734063989357737
53	47	0.6680925771298256
7	135	0.6715000362575012
135	101	0.5585477923142309
47	153	0.6400332119427623
41	60	0.6656103550004893
41	93	0.6523621867077202
73	184	0.6596761195878253
73	78	0.6143258885390134
78	80	0.6552763011644819
78	74	0.5412981994422439
117	16	0.6123983903261639
81	65	0.6212019855867186
153	157	0.647911081343179
67	66	0.5863530010377872
89	50	0.5538237312199229
59	151	0.6262667433459259
59	178	0.4106892250343677
151	83	0.4909262681799914
95	197	0.6241226048552897
51	155	0.6236706476801965
51	43	0.4399751589786827
190	83	0.5051748939459181
190	55	0.4607791462625926
75	186	0.6065720260162122
106	5	0.42187434490100895
177	71	0.3941129367789896
144	150	0.5408031145496186
160	85	0.5580315578820474
101	99	0.5013965886124302
72	178	0.4156318212684957
