19	121	0.9252311526600138
19	20	0.7482777186768371
19	123	0.6994536216455429
19	17	0.680910697869908
19	136	0.6870834483483639
19	115	0.5905303476279189
19	16	0.588527311661207
19	15	0.58834426353296
19	126	0.5752136981068625
19	117	0.5633041677957806
19	18	0.5368004679688172
19	119	0.5280447196467276
19	120	0.5259573622908771
19	23	0.5246903018569068
19	77	0.5226872339693823
19	133	0.5162546884580824
19	128	0.5146391978416567
19	116	0.513756477331018
19	22	0.4849758516404422
19	124	0.48175716104205385
19	150	0.4761703980451794
19	43	0.4731956482257037
19	25	0.4676669567038297
19	186	0.4625967551230882
19	29	0.4480996959462323
19	14	0.431428052033111
19	75	0.4295135203837828
19	28	0.42866500280069664
121	20	0.6976461672713268
121	136	0.6861214386955847
121	123	0.6642323941030704
121	16	0.5847101207956171
121	117	0.5794272209285517
121	126	0.5651718467023092
121	17	0.5644772541283739
121	115	0.5602174220913899
121	120	0.5380095004263954
121	133	0.513601889255739
121	15	0.503355346817696
121	128	0.5012468533068867
121	186	0.4978999612166807
121	77	0.4868473802997712
121	18	0.4858319605014205
121	119	0.48335281268896074
121	116	0.47626318415313723
121	150	0.47059164238970347
121	124	0.4496408300685784
121	23	0.4461955569638103
121	22	0.4221373564374058
9	108	0.8756954297773583
9	109	0.818844350101093
9	12	0.7455942749433246
9	112	0.7257507292330138
9	103	0.7218083214694297
9	3	0.7187672549729907
9	176	0.6816555336924457
9	6	0.6611196368526622
9	70	0.6490063380662792
9	142	0.6373451967147332
9	139	0.6343428708603215
9	13	0.6213923224358185
9	11	0.608918023377088
9	105	0.6024601052640361
9	199	0.5924417688801802
9	114	0.576256602981869
9	36	0.5755347914442301
9	5	0.5647088739125092
9	106	0.5429504748387771
9	113	0.5229052391949114
9	0	0.5197812646861898
9	111	0.5189779955529351
9	102	0.5100371647042421
9	79	0.48403458857190496
9	1	0.4812424952713224
9	38	0.47958101454576585
9	32	0.46861958359989275
9	181	0.4648025539268085
9	141	0.42037711685797813
108	12	0.7830860215838422
108	103	0.7485372515360375
108	6	0.6877691267438464
108	112	0.6975948347077722
108	109	0.6914923956210162
108	176	0.6675330109081693
108	3	0.6498679025310966
108	105	0.6052303134744711
108	70	0.5918963268582454
108	13	0.5871136639004219
108	139	0.5604438118552955
108	142	0.5564457435341905
108	111	0.5551464938034876
108	113	0.5526232090339271
108	114	0.5511280285381469
108	36	0.5324010091783616
108	199	0.4935479148177078
108	11	0.48404224564001247
108	102	0.48342178299370736
108	5	0.45424024298076954
123	126	0.8733196066442757
123	136	0.7552737784083224
123	128	0.7304679884714945
123	133	0.723809237844986
123	23	0.6812484601256455
123	138	0.6486067935744475
123	127	0.6373689477532251
123	18	0.6181713356050521
123	15	0.6172622497890414
123	116	0.605496398253358
123	25	0.5798986544126552
123	22	0.5740348384800944
123	115	0.5671626460304646
123	129	0.5502849947055375
123	120	0.54163746947044
123	77	0.536024102684472
123	20	0.531676905398782
123	117	0.524625075769126
123	125	0.5227163052837763
123	186	0.5194381619970951
123	28	0.49884700707460483
123	75	0.4922306307055366
123	17	0.4870914957414652
123	26	0.47704371354615765
123	16	0.47688921294843667
123	29	0.4629739533748212
123	76	0.44871487269617616
123	150	0.4426405239811392
123	43	0.4344994565439669
123	135	0.43071971958736993
126	127	0.6612490889561407
126	133	0.708133493283792
126	128	0.6779280392208087
126	136	0.6431397723749772
126	23	0.6261877242174511
126	138	0.5594347042077776
126	15	0.5110205136507556
126	186	0.5074653018148687
126	116	0.49954525398429134
126	18	0.49505169268867116
126	115	0.4879833950372023
126	125	0.4872516551502338
126	29	0.4844403110245996
126	25	0.4741031658523806
126	22	0.4682917529073945
126	129	0.4613146025589276
126	117	0.45230950773012024
126	120	0.42376315951817606
13	114	0.8693959000474516
13	36	0.7127247531953567
13	102	0.7479386614370197
13	12	0.7222439186289471
13	111	0.7215495645538066
13	103	0.7181624948943196
13	0	0.6917010731970231
13	3	0.6637907141181801
13	105	0.6413537173316566
13	110	0.6373214444652017
13	141	0.6175654618400542
13	10	0.6144068205564824
13	1	0.6112596802720225
13	6	0.6092325370147703
13	109	0.6080489716583173
13	79	0.5944112145578007
13	7	0.5898395651398933
13	32	0.5788490198390771
13	8	0.5740750661347744
13	139	0.5357603594689047
13	142	0.5227526427172472
13	2	0.5201460835612207
13	181	0.5100815550711819
13	112	0.5052121329216036
13	11	0.4998078671467899
13	5	0.4856333039127293
13	38	0.48154979836430806
13	70	0.472869627381813
13	199	0.46062159522977325
13	106	0.4596125813557564
13	39	0.45664965246526545
13	134	0.4518002940835548
13	35	0.4456267310933015
114	102	0.839624675090916
114	0	0.7677400534276979
114	103	0.7283293405562743
114	7	0.6254394448730319
114	110	0.7347118490414869
114	1	0.724037686547727
114	3	0.7154007608875489
114	111	0.711008261216971
114	12	0.7013588883877416
114	141	0.6966541834765675
114	10	0.6759886600734437
114	2	0.6750535460879988
114	36	0.641730308564129
114	134	0.6102753487226067
114	39	0.5891152721178353
114	109	0.5831548282940912
114	181	0.5819194125794139
114	112	0.5799451127552429
114	139	0.5794537908765496
114	70	0.5776575550636978
114	79	0.5474621011885615
114	11	0.5338969302175612
114	135	0.5282177782173382
114	104	0.5246830548180111
114	142	0.5198250529667303
114	32	0.4989596713929511
114	105	0.49860660017407626
114	8	0.49781722616655044
114	24	0.47890312682649205
114	5	0.47884147232089147
114	113	0.4647319947026217
114	6	0.4534382728638209
114	176	0.45036655196511777
114	106	0.4273499397775968
6	105	0.8558976559692995
6	103	0.6276020393639676
6	36	0.6205813472265227
6	12	0.5780904950804293
6	4	0.5355107763852156
6	3	0.5069230914032739
6	107	0.4977946604892698
6	142	0.49472700634870465
6	199	0.49225336164004974
6	32	0.48681686052031675
6	35	0.47043591903413523
6	109	0.4602512360365624
6	38	0.45828644808862506
6	8	0.4457870001704346
6	111	0.4402896095312695
6	1	0.4254026174177843
105	103	0.6143507920751514
105	36	0.6089998153513331
105	12	0.5544058148815304
105	142	0.5456668588385536
105	199	0.527366484548726
105	3	0.5205617456688454
105	111	0.5101407380005801
105	32	0.4854804570104319
105	35	0.4821563742173402
105	4	0.47877981309147233
105	109	0.47783892470817113
105	107	0.46888487585367533
105	139	0.4674325375365505
105	38	0.45809683358924475
105	8	0.4462756443425747
105	102	0.42373034197053344
32	36	0.8439084411799265
32	38	0.7874560696900423
32	35	0.7313296935676186
32	141	0.7386945903350428
32	142	0.6602292926628707
32	140	0.6044502867807927
32	79	0.6042408138543588
32	2	0.5910966648335366
32	181	0.5693090748737528
32	0	0.5640819327966091
32	30	0.5399818626107737
32	166	0.5395283173963833
32	40	0.5100963512563782
32	134	0.49446262476443564
32	139	0.4900757305110755
32	103	0.4860534798038602
32	102	0.48374356506055843
32	137	0.4683385937612766
32	61	0.4612043890043652
32	34	0.4593838115502128
32	5	0.4580494234487321
32	109	0.4530648282499309
32	3	0.450765047181887
32	199	0.44942539167547874
32	42	0.44804374972508515
32	106	0.44752408153720147
32	62	0.436444329232541
32	95	0.4331112569929397
32	39	0.4324529703390618
36	141	0.7580607558745741
36	38	0.7454343599230306
36	142	0.6962937366966592
36	35	0.6578081294056156
36	79	0.6420007925163782
36	139	0.6005199507514816
36	0	0.5903023546463717
36	103	0.574945984843602
36	2	0.569423964573464
36	181	0.5522063062965761
36	39	0.5385421947136627
36	199	0.5323221841541651
36	109	0.5248931880693233
36	12	0.5240885388592242
36	3	0.5183712850233325
36	102	0.5166359962309681
36	1	0.49549696763559975
36	40	0.4852664214779653
36	166	0.48241729001300615
36	140	0.4743124501280585
36	111	0.4615192471066227
36	134	0.4525401481422806
36	30	0.44609944267498597
36	5	0.44586712399339956
36	106	0.4406603611430812
102	1	0.7770970566858008
102	110	0.7463305510221753
102	0	0.7248834652085163
102	103	0.709740119573402
102	3	0.6859414560096638
102	2	0.6856289338183228
102	10	0.6318442459164408
102	111	0.6243057118576635
102	134	0.6137278364652543
102	7	0.6106392070099053
102	104	0.5839989087504148
102	141	0.5799185655927734
102	12	0.5702680587602207
102	109	0.5543504016885427
102	135	0.5304491737489928
102	11	0.5215743438219252
102	181	0.5076657436675436
102	39	0.5076063592164577
102	79	0.48271647039695526
102	70	0.4695867117678349
102	112	0.4637042979630799
102	5	0.4618575899338834
102	100	0.4563805105161528
102	24	0.45167294463971636
102	106	0.4483953533787808
102	30	0.44572289596838743
102	139	0.44550651053569873
102	142	0.4376578084194882
95	197	0.835112856547683
95	106	0.6255003236153119
95	199	0.5460038494340643
95	38	0.48313053422094937
95	96	0.4722249672306131
95	99	0.4666897764471224
95	101	0.45630925307483367
95	142	0.42255638421523706
197	106	0.6713187971609693
197	101	0.5617251056396626
197	199	0.6200338028283825
197	99	0.5286934630592348
197	198	0.5167239612467266
197	142	0.5050184697051109
197	38	0.5032881467680475
197	96	0.4848764215772167
197	181	0.46952435035963036
197	5	0.46795598309696046
197	109	0.454525915941929
197	183	0.45390683975671
197	98	0.448874589353203
197	11	0.43306251084790387
70	176	0.8307648590742067
70	112	0.818943174000803
70	12	0.7089700561533582
70	3	0.6548252835351748
70	139	0.6155695662393017
70	109	0.6047865381492028
70	11	0.5938418426055827
70	111	0.568950746583593
70	103	0.5544127411850546
70	113	0.5506543957397899
70	156	0.4877700416734392
70	142	0.4548987371798435
70	135	0.4436852124212499
70	52	0.4225728129984364
176	139	0.7450252980981578
176	112	0.8131305548828593
176	12	0.6356796136429882
176	109	0.6132351605635337
176	142	0.5691671215974029
176	156	0.5655188428545567
176	3	0.5291040147294686
176	113	0.5130053085877193
176	103	0.5106731669744565
176	199	0.5088153651442486
176	111	0.5070716821323589
176	11	0.48145761986312247
176	52	0.4654999883733931
15	116	0.827798151662794
15	16	0.6723009185553165
15	18	0.6501162319568041
15	77	0.5774909530701742
15	75	0.5602174220913899
15	115	0.7438215488754605
15	17	0.6823615543834167
15	14	0.5933042757196109
15	25	0.566049155805409
15	23	0.5634748158641694
15	43	0.555201836335146
15	125	0.5439018034085695
15	120	0.5349542260253531
15	133	0.5096153207192914
15	29	0.5067224461215448
15	148	0.4915028863938322
15	22	0.4899693476038043
15	186	0.48868400273508283
15	28	0.480481411312547
15	117	0.4778929397986894
15	132	0.4772831312141168
15	128	0.47165755911844476
15	136	0.4705994277881268
15	20	0.47003090116850293
15	26	0.4527866278548148
15	48	0.4452820558369365
15	44	0.4448730838130812
15	127	0.43128968401404416
15	138	0.42294238719405836
116	115	0.7818063576087741
116	148	0.5953158066184802
116	17	0.6157744790623008
116	16	0.5992781165315539
116	18	0.5893894404070754
116	43	0.5744101888232789
116	120	0.5657568616868222
116	128	0.5521020374313764
116	77	0.5518447670526038
116	14	0.5453507697885716
116	186	0.5209334448446721
116	125	0.5160566209584171
116	149	0.5144921534094425
116	23	0.49235943045748776
116	117	0.4778929397986894
116	20	0.47725224259192217
116	138	0.47542772749916284
116	127	0.47103529313649023
116	28	0.4701243844094864
116	136	0.4682917529073945
116	25	0.4680887454577419
116	26	0.4625495935596086
116	132	0.4596125813557564
116	75	0.4565467551150626
116	22	0.45567559640284505
116	119	0.44669198347362
116	44	0.4459953072491124
116	48	0.4419487611625256
116	129	0.44100679740944554
116	21	0.4339882542377849
116	133	0.421191827779668
112	12	0.7401495356275432
112	109	0.712606647372874
112	11	0.6377843949072959
112	3	0.6332419863755456
112	139	0.6302133629308477
112	113	0.6232916595308133
112	103	0.5773376367431574
112	111	0.5739610805825724
112	142	0.5142126856118279
112	0	0.48417240445611054
112	5	0.46838543198274724
112	199	0.4531045639628253
112	106	0.43092331779047766
112	79	0.422991653128027
112	156	0.420426512596806
109	106	0.6260539702279969
109	3	0.6758583094886738
109	103	0.6726952958481472
109	11	0.6412359691477264
109	12	0.6110968003727437
109	142	0.5871071108864917
109	139	0.5689304573858535
109	0	0.5627372714937964
109	5	0.5578249430648471
109	79	0.5287510992791299
109	181	0.5226945019119479
109	199	0.5185102166682714
109	1	0.49140428485555876
109	38	0.48015061381409935
109	135	0.47106641758015005
109	141	0.43990257813748623
109	113	0.4269084570443495
109	111	0.4266222020751483
96	198	0.8100244065383647
96	81	0.7840125415759935
96	97	0.5237185210772921
96	182	0.6214168766887572
96	98	0.6173860319691747
96	183	0.5481200305477697
96	74	0.48598473911566775
96	199	0.46585240391973126
96	185	0.4540576807763746
96	88	0.4369137298384494
198	182	0.7685190091226192
198	183	0.6429814246491393
198	199	0.6312851988235944
198	81	0.7021962764879645
198	98	0.5963542249759324
198	185	0.538045026759563
198	97	0.47117534389605625
198	74	0.4551762664804253
44	149	0.8092320526759558
44	48	0.6470108505888746
44	154	0.658652560937241
44	17	0.5934532930904501
44	46	0.577164273598074
44	33	0.5750129247061495
44	26	0.5738001219307881
44	45	0.5678202607758905
44	14	0.5412981994422439
44	49	0.5139772595805014
44	115	0.5090672979050983
44	18	0.5083557339123344
44	125	0.501059641952999
44	138	0.4839120654013475
44	21	0.48270113055267716
44	164	0.47307922708130495
44	143	0.4674090920030958
44	22	0.46668195440409255
44	156	0.45526347171606835
44	152	0.4537083250888488
44	130	0.45225382683961624
44	29	0.4427048472525575
44	119	0.4408456805999443
44	136	0.4336797747854089
44	137	0.41996538881195333
149	154	0.7435668050802581
149	45	0.6729251729233515
149	164	0.6324566393339408
149	48	0.5783168264551317
149	130	0.5282538265641781
149	46	0.5245091030705858
149	156	0.5239942393785426
149	21	0.5080145299020266
149	115	0.5079700132709297
149	14	0.5013441846709897
149	125	0.4917986154076298
149	152	0.4860534798038602
149	49	0.48525113099956446
149	143	0.4849299623997875
149	138	0.46535114635629576
149	33	0.44901032596652907
149	17	0.44901032596652907
149	26	0.44785990171916207
149	148	0.44645981818642916
149	136	0.44024123954993527
149	119	0.436314797572712
149	127	0.4335985790790918
149	27	0.4255090857689377
38	142	0.7800506881019958
38	79	0.6826126337145708
38	141	0.6345639343403277
38	181	0.6124233884422594
38	199	0.5910381072925558
38	35	0.5768374092969515
38	0	0.5374550421554501
38	139	0.5247555217847494
38	2	0.5050333686815289
38	98	0.484111155917232
38	39	0.4806429139131937
38	41	0.4729705524380881
38	40	0.47263667604746845
38	145	0.4529217647773585
38	106	0.4504781487237079
38	140	0.4408859624663013
38	5	0.4264831330959641
38	134	0.4259921402324676
90	194	0.7872280142042181
90	88	0.5893763878514655
90	73	0.5545027761420123
90	74	0.5334964362407971
90	50	0.529053609436764
90	185	0.5241755731295793
90	193	0.5224691603640039
90	92	0.4915938920153723
90	86	0.4488825744333899
90	84	0.43672761666887333
90	184	0.4330868842370916
90	63	0.42205517296317824
194	193	0.6350176851692513
194	50	0.5689236941660292
194	185	0.5422801847600434
194	173	0.5402722503359204
194	88	0.5188756954631756
194	184	0.5087190148714615
194	73	0.5074059010860944
194	74	0.4765569368598098
194	94	0.45381155833760206
194	92	0.4356344596920483
12	111	0.7862754613638698
12	113	0.7026876544190188
12	103	0.7234853303434835
12	3	0.6999742299645845
12	8	0.6565241508389059
12	11	0.5714881757985756
12	10	0.5491894664401928
12	139	0.5322863515458577
12	110	0.5257258453000218
12	107	0.47549738168141037
12	79	0.46318605373848637
12	1	0.4577332892532869
12	142	0.4356263574305771
12	0	0.4319569190427347
12	199	0.42842009741872183
111	8	0.7177021504614247
111	103	0.5828379730119017
111	10	0.5818003535462952
111	110	0.5602723121464425
111	113	0.5516778327818377
111	139	0.540158943598967
111	107	0.5083779808064817
111	3	0.4932150219472716
111	104	0.48998454605563485
111	0	0.4381265936425471
111	79	0.43589369478265266
111	1	0.4246406158408491
81	182	0.6208272376919838
81	183	0.5909209735202956
81	98	0.5896960868805673
81	63	0.5280519312963873
81	74	0.51611531338032
81	94	0.4586102763718875
81	97	0.4498003803431746
81	185	0.4448409997245926
81	61	0.43864359745984477
81	80	0.4320870561626582
115	17	0.6835141204743364
115	120	0.6223551606963831
115	186	0.5366082418934368
115	16	0.6498967851780403
115	18	0.6208579654151747
115	125	0.57657044427173
115	136	0.5516778327818377
115	117	0.5422872440437743
115	133	0.5379597603488105
115	119	0.5278571900234523
115	29	0.5249656329806096
115	14	0.5206419327784485
115	138	0.5067967655916222
115	21	0.49954525398429134
115	20	0.49084277461760484
115	26	0.49015170936511937
115	43	0.4882043067084421
115	148	0.47199960533639795
115	154	0.46734656736600544
115	127	0.46364934769683874
115	25	0.4520628941650081
115	22	0.4506375482478866
115	28	0.4320545235693631
26	33	0.7801681168955472
26	22	0.7798940308605187
26	138	0.654436691945874
26	34	0.6434504432029526
26	25	0.629622223532182
26	18	0.6191651070512912
26	140	0.5926169742928229
26	137	0.5877031200623736
26	29	0.5703962557932301
26	136	0.5643614108900141
26	24	0.5328379622081918
26	130	0.5315908215467477
26	134	0.5228689097395572
26	141	0.5132115901066855
26	27	0.5013366980933714
26	127	0.49132084294431605
26	2	0.4844173511633743
26	39	0.47995822687741746
26	17	0.45751983321417594
26	144	0.45110760943734735
33	34	0.7230895405146924
33	22	0.7630601524350372
33	137	0.6655379435639918
33	140	0.6166242874764573
33	138	0.5872512594183041
33	42	0.580084465151579
33	136	0.5537543994529225
33	18	0.5378815898007518
33	130	0.5338611815598908
33	27	0.4944399592268431
33	146	0.4753658076661485
33	25	0.45573105981618073
33	134	0.4549780402859821
33	24	0.4208051304586992
142	199	0.7455853930273364
142	139	0.7052199753083214
142	141	0.6175283436907051
142	79	0.6088928540104259
142	181	0.5838341483802334
142	5	0.5563490844660179
142	3	0.5459476965976985
142	0	0.5445985571249597
142	106	0.5439440522794595
142	39	0.5286574379458469
142	103	0.5214214554354021
142	1	0.4788800069404799
142	11	0.4614484141660354
142	2	0.447644031813673
22	34	0.6409120058875714
22	25	0.627517175712812
22	18	0.6026448151158202
22	138	0.596276896045849
22	136	0.5883900312199143
22	23	0.5669319705357729
22	140	0.5504383571500042
22	137	0.5316984246455849
22	29	0.4989671817479405
22	130	0.4616058127098878
22	17	0.43600708739827293
22	134	0.4219318847442921
10	110	0.7772950398254896
10	8	0.6784518957400268
10	104	0.6061673439299687
10	103	0.5466773008329531
10	3	0.5289743935764278
10	7	0.5237330353034765
10	1	0.5209480172597658
10	2	0.5126146848732327
10	107	0.500002891743884
10	0	0.454724244949313
10	24	0.44675601848692126
10	4	0.4428817127558847
110	104	0.7192888933624898
110	1	0.6441940190058433
110	103	0.5768974594535545
110	3	0.5556858737838013
110	2	0.5469857299527734
110	7	0.5451329292809621
110	8	0.5415880035754234
110	107	0.5341256764308744
110	0	0.5019054640265166
110	135	0.446435797655788
110	24	0.4451537708758327
110	39	0.42430448839657864
1	0	0.7120155120409145
1	2	0.646917820645572
1	3	0.6399800767082725
1	7	0.610758345939984
1	39	0.605572397624316
1	103	0.5691738820468014
1	5	0.500280339333174
1	104	0.49511208420251374
1	141	0.4806582934131368
1	11	0.4782015281285938
1	106	0.46073188400129916
1	181	0.4384012880425495
1	134	0.43685709065880396
1	135	0.43100474479074535
172	175	0.7734667916746796
172	180	0.5881676957114877
172	68	0.5404280151162356
172	69	0.5255449184404136
172	91	0.42866500280069664
175	180	0.5957288326161587
175	69	0.5321286654100917
175	196	0.4891710106381895
175	170	0.4720928660183771
175	68	0.42656494082044843
175	145	0.42436188429083027
175	174	0.4237221374097956
89	179	0.7705580495869435
89	87	0.7062339123994583
89	192	0.472473570800851
89	91	0.5994447156617566
89	51	0.5521298441508864
89	191	0.5216762508085111
89	83	0.5144921534094425
89	50	0.49677850758608755
89	180	0.43140363562202305
179	87	0.6814038405793255
179	191	0.5788689675070374
179	180	0.5740884747371906
179	91	0.5376683503792753
179	173	0.5216689722316473
179	195	0.5083112380883376
179	153	0.49844879144642135
179	51	0.4629975227010095
179	50	0.4427370071797749
179	83	0.43915223966206157
182	80	0.553567165325834
182	183	0.6284196023448875
182	185	0.5241248044690463
182	193	0.4807274975036808
182	74	0.461409059990019
182	199	0.4396767343235017
182	98	0.4353508385431934
182	187	0.4262704003560891
182	196	0.4230080745503299
0	2	0.6423768523381246
0	79	0.6331281618105302
0	3	0.6067995216648971
0	5	0.6009737140145827
0	141	0.597557837589079
0	103	0.582679478869276
0	181	0.5744704904698547
0	139	0.5714679734142711
0	134	0.5518517216877554
0	106	0.5389112769202454
0	101	0.5293847758672372
0	7	0.5156676612615649
0	39	0.5119213583788974
0	11	0.5111682701543904
0	100	0.4964470222602376
0	135	0.49366136798603755
0	30	0.4479238531483978
3	103	0.7677400534276979
3	11	0.643186679660097
3	5	0.5575079993464793
3	106	0.5285061116723277
3	7	0.5100815550711819
3	113	0.5041612724504343
3	39	0.4945683883820622
3	139	0.49010612294641015
3	79	0.4860687546956652
3	141	0.4843255050452057
3	2	0.4831688625393834
3	199	0.4830768714641256
3	181	0.47931917116315076
3	135	0.43151757346627473
103	11	0.5452664531665734
103	139	0.5278571900234523
103	141	0.5269693328692693
103	113	0.5009772540965234
103	5	0.4973281522742471
103	8	0.4894144002821038
103	106	0.480696740869349
103	7	0.4616608953351028
103	199	0.45381155833760206
103	39	0.4480677271067404
103	79	0.4429942455881178
103	181	0.4399509660035763
141	140	0.7399957561886739
141	2	0.708372714491887
141	134	0.6838443217369564
141	35	0.6181589781682767
141	181	0.6099237927743405
141	39	0.5796397460261999
141	139	0.5706727968308305
141	79	0.5505847139293174
141	137	0.5342543118192614
141	166	0.532830801332976
141	30	0.511375078508987
141	24	0.4985915721950519
141	40	0.43335494971353045
141	7	0.4269411664525472
141	135	0.42082158878102566
57	162	0.7579203572737166
57	56	0.6600882450645927
57	163	0.4304753438605203
57	193	0.42388621541296523
162	185	0.5466282188797812
162	163	0.5004827362765094
162	56	0.6050274913944429
162	193	0.4907744549963574
136	138	0.7502383074757019
136	150	0.6051289122531374
136	133	0.5926883382038696
136	128	0.5912918116423406
136	127	0.5692685202578788
136	117	0.5680099530542266
136	18	0.541517331504706
136	120	0.5391312083079521
136	130	0.5105031280347581
136	129	0.5025335954185662
136	25	0.49955275849219494
136	23	0.49484783601351207
136	17	0.4944399592268431
136	140	0.4860916664765286
136	137	0.4740411454051353
136	20	0.45967567953756905
136	144	0.4592496767688895
136	34	0.4489464524941034
136	29	0.44586712399339956
136	125	0.44173951998798044
136	119	0.4235416194839717
84	86	0.7547363193777972
84	63	0.5708346144790901
84	73	0.5187149081486864
84	82	0.5035793030105622
84	94	0.4858014012153235
84	189	0.4787875207534752
84	68	0.4468440591565633
86	73	0.5460880694910913
86	49	0.491434625132322
86	50	0.4583970372868979
86	94	0.4269084570443495
27	130	0.7541719729832002
27	157	0.5259790630140525
27	25	0.5013441846709897
27	18	0.4943568465028716
27	21	0.4798427725512274
27	144	0.46644725916669355
27	150	0.4354318819794284
27	143	0.42913014949658185
130	25	0.5415738697736436
130	144	0.5234426930111286
130	138	0.5212248354495036
130	18	0.508630064846151
130	128	0.5048918162540409
130	125	0.5003403144992604
130	21	0.4917682894462001
130	150	0.48981734670299276
130	157	0.4895740833124169
130	127	0.4585549972343587
130	154	0.4502150767111713
130	28	0.4222277502453479
138	140	0.6103506508874879
138	134	0.5686936989037015
138	137	0.5684974561763424
138	144	0.5541702748663655
138	127	0.5393156102158824
138	34	0.5309807465112482
138	18	0.5193578371682585
138	150	0.5171343204148872
138	128	0.5153225568204814
138	24	0.4815267547376645
138	25	0.47727540916913436
138	125	0.4683932380970553
138	133	0.4381185131562652
138	2	0.4319081129846609
138	129	0.42776670864210264
41	145	0.7484361049679625
41	40	0.616903108609732
41	42	0.5436341631901184
41	93	0.5139772595805014
41	67	0.4933436567806063
41	68	0.47938849095449015
41	195	0.4679403626068109
41	51	0.445073583494501
41	196	0.42804445355460324
41	34	0.4250585622684915
145	40	0.5597300572493983
145	146	0.5538306639742747
145	171	0.5379668663035456
145	137	0.520240905395658
145	42	0.4939562675916402
145	195	0.46845568437892926
145	174	0.45232541590839404
145	62	0.44136920631591425
145	196	0.43779523565259093
145	153	0.4372454040265302
145	67	0.429570604936895
20	124	0.5065960857360812
20	17	0.5609580226694941
20	120	0.4982984667021273
20	16	0.49082000208116133
20	77	0.48846322694910277
20	43	0.4797503971229534
20	18	0.4637121477099204
20	117	0.44399838415359083
20	28	0.4247799514400768
199	98	0.6719171299705725
199	183	0.5264852187899314
199	139	0.5236314293350414
199	106	0.5226872339693823
199	5	0.46454380791514993
199	196	0.4458430875966634
199	11	0.441522180198167
199	79	0.429366715771101
139	181	0.4997103358377684
139	79	0.4870914957414652
139	11	0.447803940459267
154	46	0.7086516003663772
154	49	0.5991883878005286
154	122	0.4219236649747642
154	152	0.6507854516812719
154	45	0.6369471867784251
154	48	0.6213493495559641
154	164	0.5794604331711025
154	21	0.5567563314023684
154	14	0.5499711831270377
154	155	0.5325013185841898
154	125	0.4630839379618923
154	156	0.45110760943734735
154	17	0.4472041354022475
154	153	0.4400154791846288
154	119	0.43966866744434074
154	52	0.43128154408685315
2	134	0.7425456685173165
2	39	0.6515169741222628
2	24	0.6084207013619229
2	30	0.5962317823924796
2	140	0.6041582712759431
2	135	0.5764569468392735
2	181	0.5720333783267202
2	100	0.5392234157251159
2	79	0.5363732232584373
2	7	0.5322290154052438
2	104	0.5189122329158582
2	35	0.44526602121632514
2	78	0.4257547370088962
134	140	0.641912608777574
134	181	0.6049260508978771
134	135	0.5820053841488657
134	30	0.5075692414852245
134	104	0.49995039010882464
134	24	0.485319935815081
134	79	0.45187987813710623
134	100	0.44640376928071773
134	39	0.43949117815734823
140	137	0.7140555629845237
140	166	0.62050140653482
140	34	0.5672372572939486
140	24	0.5587128960259539
140	35	0.5215379448625241
140	181	0.5100371647042421
140	146	0.47338964674147394
140	30	0.47112866294869926
140	42	0.44633170125475324
4	107	0.7354794380133267
4	8	0.6039550343003047
107	8	0.6326486000290036
107	104	0.477429836063004
107	113	0.4291790990750664
35	61	0.6386970736048013
35	69	0.5609854350982628
35	166	0.6076328222571368
35	37	0.5945017415668925
35	62	0.5942559903427755
35	40	0.4437012751473574
35	34	0.42942380915066525
35	98	0.4287711089081809
128	129	0.6244887502840343
128	25	0.5989126982771894
128	127	0.5974678206107149
128	23	0.5445844887234974
128	133	0.47626318415313723
128	77	0.47057607137303137
128	125	0.47045927940582394
128	28	0.46240023133882885
128	144	0.4379972973658776
128	18	0.43603138401505287
128	120	0.4268675687131396
195	196	0.7254334734749833
195	93	0.5948507760289127
195	191	0.5317916667821689
195	66	0.4743821996433634
195	87	0.46564880406415554
195	91	0.44237514233515635
195	190	0.43972513410878566
196	174	0.5711042120436277
196	93	0.5906540757866565
196	66	0.5376185846141831
196	183	0.5341614109645967
196	180	0.48412646849674457
133	127	0.6407116234176912
133	29	0.5570943501300701
133	129	0.5042880512232633
133	18	0.5011569977114919
133	186	0.4844938814388491
133	125	0.4805429399564168
133	23	0.4741419262429335
133	117	0.4614484141660354
133	16	0.461251625127872
133	25	0.4541291227027212
133	28	0.45157742047656363
133	17	0.43882125050794646
34	137	0.6989629582819384
34	42	0.596895217621378
34	62	0.5909860509148243
34	146	0.49796764679001576
34	166	0.4604482555627694
34	40	0.44710812923523224
104	135	0.5434368838348391
104	24	0.42890168480290575
8	113	0.45488287569275987
164	171	0.7147459432002322
164	165	0.706779836624
164	45	0.6841476469284646
164	156	0.5914673845863071
164	31	0.5059044348975064
164	67	0.5091265635302528
164	137	0.46176318219399026
164	174	0.45723514311918567
164	153	0.4468760717998318
164	60	0.42847724764013617
171	67	0.6418596903822659
171	153	0.5641228401064411
171	165	0.6954169020779698
171	146	0.5906996528455557
171	62	0.5245525951138632
171	137	0.5190656695132274
171	174	0.5066332528149112
171	169	0.4640888499350706
171	31	0.450613640150674
171	60	0.4350914521291759
87	191	0.7146970258803819
87	91	0.6332839148379851
87	83	0.6284135514188285
87	82	0.5081925692884034
87	50	0.5095412877242146
87	180	0.46348447549695604
87	173	0.46244740119165456
87	93	0.4458110380674683
87	192	0.4321683827259612
191	190	0.512009905321724
191	83	0.5010296837831735
191	180	0.466869663285229
137	146	0.638122413695716
137	62	0.5932848356725083
137	166	0.5400172826338383
137	42	0.47979658616673276
137	165	0.42690027951774606
46	152	0.6608831444528421
46	48	0.6057117011189032
46	49	0.5805951335031881
46	14	0.5519143099499912
46	45	0.5043849850309655
165	60	0.6809965062201683
165	174	0.5716834298001771
165	177	0.47700509116019324
165	62	0.5966634300286401
165	169	0.4657427793555195
165	71	0.4582627485568519
165	180	0.4570927629182002
165	31	0.449042260982033
165	153	0.43988644828114215
165	166	0.4291872570930627
165	45	0.42224418458110347
50	173	0.7001934794726747
50	94	0.5076954340843238
50	88	0.4862978424327878
173	174	0.5747585122761899
173	180	0.5198469460827353
79	181	0.7000915193774147
79	106	0.48824238860656854
79	5	0.47850228810844453
79	156	0.4751567934603082
79	135	0.44837138480815386
79	11	0.4416670791504945
79	30	0.4405233617456263
79	101	0.4402493013909535
181	135	0.6460563804453029
181	101	0.5319924522141157
181	11	0.5224837007315936
181	106	0.4871906459062511
181	30	0.4815267547376645
181	5	0.45960469375675367
181	100	0.45680001892517724
181	39	0.4369946369425051
181	166	0.4260576204565198
17	119	0.6982820961985641
17	14	0.6514191239280116
17	48	0.644936379125974
17	125	0.5792544862449096
17	16	0.5664907257051343
17	120	0.5253349837143381
17	18	0.5146465492687836
17	49	0.5033777454812998
17	29	0.5001078839888532
17	117	0.4898097458760942
17	21	0.48514408934079084
17	43	0.4782015281285938
17	132	0.4595415903546405
17	23	0.4564359289237042
17	25	0.44949721028390377
17	150	0.4468760717998318
17	124	0.4395476557450603
119	48	0.542661276516064
119	125	0.5190729751836131
119	14	0.47199960533639795
62	166	0.6977282844764722
62	61	0.6111782467930453
62	68	0.5276912555197463
62	67	0.5041985625809592
62	37	0.4991023553212656
62	60	0.44486506289800565
166	61	0.6522760147394635
166	167	0.5195111766037804
166	183	0.4443274990515878
166	37	0.4207310645800459
43	77	0.6843709983759022
43	148	0.49338905215899936
43	75	0.47463014968468414
43	16	0.4279464351668328
77	75	0.5589123372764935
77	76	0.5479801023237204
77	187	0.495625218899546
77	186	0.45894187665881436
77	16	0.4518321285679952
77	28	0.44435157592284774
77	148	0.4366062183687595
77	120	0.4232215277533938
45	147	0.48452449147277177
45	49	0.5336037348863533
45	156	0.5022195959691154
45	31	0.4915863086236397
45	48	0.48603820461507563
45	60	0.46586023369863344
45	52	0.4367761715358303
45	152	0.43574788394014985
23	25	0.6532287120654872
23	18	0.5272437531662916
23	125	0.49677850758608755
23	21	0.469937407381322
23	120	0.4646379065552087
23	129	0.4458110380674683
23	75	0.42864051509633216
60	37	0.521086440058024
60	71	0.4411437243533438
51	155	0.679831136954486
51	47	0.6315858434011778
51	157	0.5342185822483422
51	153	0.5106066347542886
51	67	0.48078900722384804
51	53	0.457211414712992
155	157	0.664042360782403
155	47	0.5553263390572235
155	153	0.5349685023521289
155	49	0.43553722789550914
65	66	0.6762980732377813
65	158	0.5469857299527734
65	85	0.5455896069572399
65	91	0.4644183267414959
65	169	0.4324773595554921
66	93	0.6081561075789955
66	85	0.5793607906700584
66	91	0.49939514808151003
66	158	0.46415161732771415
66	94	0.4213563334086317
54	159	0.6734009336607516
159	82	0.5211374310225309
159	189	0.48514408934079084
159	193	0.4323716683805609
16	117	0.597975576285255
16	18	0.5517682609999328
16	120	0.5385776923730096
16	186	0.452222007604974
16	29	0.4385628347380681
16	14	0.4364686144049844
98	37	0.5887495032974233
98	61	0.5628192651680878
98	183	0.5312966188497337
98	97	0.44010417739271523
106	5	0.6237317473617072
106	101	0.5488261994481098
106	11	0.5447462568374393
106	135	0.43797305229628153
157	53	0.47492449254698155
157	150	0.4685571496045331
157	21	0.43044275566026785
127	129	0.6372204838936448
127	29	0.5669387563787094
127	125	0.5306934617307615
127	18	0.4803429545689728
127	25	0.4574486694798749
127	148	0.438910064170634
127	24	0.4317291357971482
127	135	0.425378046125818
127	117	0.4228109991461093
152	151	0.3496368780624327
152	14	0.5784099958618755
152	48	0.4485870787282945
152	49	0.4323554071451375
56	161	0.5758222869497845
56	163	0.48888188645376834
56	58	0.4756057207822103
56	99	0.4507809832556611
25	29	0.5717978589476782
25	28	0.5018605772205236
25	18	0.6100619326887932
25	21	0.5352896389370421
25	125	0.49313177614758485
25	144	0.4363390861367035
25	150	0.435196836573516
61	37	0.6135408005913043
61	69	0.5418847426820731
61	183	0.4916393908000222
61	68	0.4670729671089382
61	97	0.4592654584186207
61	93	0.4550097595080175
91	180	0.6517011039299732
91	93	0.6374105091565717
91	94	0.5712726479862461
91	68	0.5478471420985875
91	82	0.42761963450353946
180	168	0.4726832716003937
180	94	0.4998378742307004
180	189	0.4866642437942101
180	174	0.4390230873386945
180	82	0.4260412508189529
39	143	0.5829370093374217
39	24	0.5369784054002832
39	40	0.49411501263575214
39	7	0.4772908531853874
39	144	0.4711442235577352
14	48	0.5782768920906024
14	49	0.4949157942924453
14	120	0.4635472877391001
14	18	0.4627853751963745
14	75	0.4581284389017384
14	125	0.45048611938217686
185	193	0.6504163518912481
185	74	0.5651037847774982
185	88	0.48635892120913493
185	184	0.4488586189777705
185	187	0.42901592401079314
185	183	0.4246979917595816
193	88	0.5404917263976843
193	74	0.527373703356566
193	190	0.504116521812114
193	92	0.4240830722967368
18	29	0.5369855219039903
18	21	0.5307078288672621
18	120	0.5306862780481416
18	117	0.48654212902041893
18	125	0.4802967969999807
48	125	0.5935115931634422
48	49	0.5494059307687656
48	21	0.5331887516082562
135	78	0.4521424544820881
135	118	0.3697987942834144
135	11	0.49036441053243124
135	148	0.4902352775022639
135	101	0.46366504813689435
135	30	0.44221426725718554
11	5	0.5038031915458298
183	167	0.42065699309205334
67	47	0.5243858607485455
67	146	0.42886088176067644
146	42	0.6006094558363794
146	144	0.43434531387835984
93	94	0.47244249946465633
93	88	0.4444799750613705
129	131	0.49717760436012015
129	28	0.4868473802997712
55	169	0.6365904715272125
55	160	0.3873003096735812
55	72	0.32565495239304587
55	64	0.5251467119828213
169	64	0.5982453271098136
169	189	0.52813846515159
169	170	0.4869694475307591
169	158	0.5068413536580467
169	82	0.45558843246157094
21	125	0.6359893851620142
125	132	0.44534619146338417
125	29	0.44285759676182074
125	150	0.4389585043722566
125	144	0.4280117818773923
47	153	0.5709963877952889
83	190	0.5531439487982566
40	144	0.6259931607785637
40	69	0.5323938436485584
40	42	0.4963716644839655
40	150	0.46406531096117143
144	150	0.55666662199949
144	24	0.5149993287805223
73	184	0.6255003236153119
73	74	0.6217114325173688
73	63	0.49806540413002354
73	76	0.4921245441346938
73	75	0.46589155208472344
73	82	0.4269984052286496
73	80	0.42041828014671984
184	187	0.5596270432617155
184	59	0.3369518717151449
184	74	0.48041987793835617
184	75	0.4360718769638171
184	76	0.4304753438605203
7	24	0.4619991819231857
120	117	0.590080785521132
120	28	0.469391816811842
74	63	0.4711909036253331
74	88	0.4630839379618923
74	80	0.4520708505204374
99	101	0.6141826694537904
101	100	0.5474621011885615
101	30	0.45487494484099006
37	69	0.49407721918435366
37	63	0.4505100309267024
37	68	0.4445040478669198
71	177	0.6132351605635337
58	161	0.6090186885832606
161	163	0.4568474976483859
68	69	0.6001553818007481
68	92	0.4961078533530641
68	53	0.43949117815734823
68	94	0.4255582210355043
69	53	0.5424566438840996
69	94	0.42326257106176124
49	64	0.4472761332657715
64	189	0.4568712360339509
64	82	0.4438377968086538
117	186	0.50657378458498
117	29	0.45099609212573366
30	100	0.467330935476178
148	186	0.5008274347291262
148	75	0.4534621043516115
148	147	0.4487787627996064
156	52	0.5882592563981054
88	94	0.46149563678019456
28	132	0.5780372277067143
28	75	0.45782814167108776
94	53	0.46776851791895935
63	92	0.45234927763613264
63	80	0.4437333997443288
75	76	0.5633656066381358
75	187	0.4464918445597024
75	186	0.42802811785584177
76	187	0.4716186812442786
187	188	0.4108554782485583
187	80	0.44821157785945503
82	189	0.5459125985840148
82	168	0.42553365371585167
189	147	0.4744519432030953
167	31	0.4861374880335718
72	178	0.35615030467432307
