19	121	0.9394564446223064
19	124	0.7556601210566692
19	136	0.6897034851215815
19	17	0.6503817330261376
121	124	0.7861990951761446
121	136	0.7072549566155143
121	17	0.6923784781980619
121	14	0.6528157474896104
9	108	0.9111915184669467
9	109	0.8378157472524901
9	3	0.8260908854008072
9	106	0.6763903081883214
9	12	0.7725411235868245
9	103	0.7679862850992178
9	112	0.7503213527085759
9	11	0.6636452497255594
9	113	0.658958187678687
9	6	0.6490931482305486
9	70	0.633786766469415
108	103	0.8140433591382961
108	12	0.7991298986186643
108	3	0.7980068066215648
108	109	0.7974249680016434
108	113	0.7077693658397073
108	112	0.6925710553107456
108	6	0.680878514917832
108	106	0.6648800973298985
33	34	0.8848100694639156
33	44	0.790851133297592
33	24	0.7242945016044913
33	138	0.7150050882732757
33	26	0.6964637053962411
33	67	0.6570131939931629
33	137	0.6549966110275756
33	22	0.6518794064603276
33	45	0.6471561713196298
33	149	0.6447202264413423
33	42	0.6289820060841511
33	49	0.6253907363959358
33	136	0.6209132705095409
33	127	0.6189307307812013
33	31	0.616649077844514
33	171	0.6124171390280538
34	24	0.7646014289348992
34	26	0.7240234131548433
34	138	0.7217173003656239
34	44	0.6981949774983186
34	22	0.6529993352436168
34	127	0.6303580205165599
34	137	0.6186715550282612
34	67	0.6179859419691535
34	42	0.6086599792444498
70	176	0.8837416010053423
70	12	0.7480620001762929
70	32	0.6580009643477934
70	38	0.6505894056897081
70	79	0.6254637972838124
70	0	0.6236217624473802
70	139	0.5071311099862318
70	11	0.7306731457873202
70	112	0.7234948615851036
70	13	0.6805350664561791
70	109	0.6289276086577057
70	142	0.6201630531946708
70	3	0.6154515483568279
176	112	0.7295758893560766
176	11	0.701226759412046
176	12	0.6475976576509114
176	109	0.611816838845799
4	107	0.8711669292056712
4	8	0.7567390881443049
4	10	0.6319343533030253
107	8	0.7928279676352815
107	110	0.6586695459057392
107	10	0.6303399407116836
107	111	0.6249887054711682
12	13	0.8637176916678078
12	113	0.8604304342468398
12	111	0.7690098104979513
12	6	0.7552952556732263
12	103	0.7880252663445667
12	3	0.7829312626031382
12	102	0.7812614712239873
12	114	0.7247030888259829
12	112	0.6930130885191382
12	109	0.6888531550287017
12	1	0.6192206010700638
13	114	0.8616974137751693
13	102	0.8151535729442038
13	111	0.7498139705980846
13	113	0.7381398076673474
13	6	0.7077394208166062
13	104	0.6759832296434201
13	110	0.6697281487546484
13	10	0.6606690619810541
13	1	0.6418538101831447
13	3	0.6276505261838449
13	103	0.6257376779464572
13	2	0.6199907118923697
114	110	0.7220573042221902
114	102	0.7801289800714094
114	104	0.7128920006253437
114	2	0.6969731428971205
114	10	0.6649693573465713
114	111	0.6245924416209736
114	1	0.6076391300423416
113	111	0.7088009124916043
113	103	0.6979437549223138
113	3	0.696952573186147
113	102	0.6815591596365735
38	142	0.8595711211712269
38	32	0.6334994882157322
38	11	0.6320184381196604
142	199	0.6213432102679599
109	112	0.7599260353762605
109	3	0.7162832623642876
109	103	0.6970245621569731
109	11	0.6591731280070179
109	106	0.627486863652061
3	103	0.776581580014323
3	6	0.6543223344562042
3	112	0.649237794276576
3	102	0.6082506208787829
42	62	0.8184485686746371
42	68	0.807429738649739
42	67	0.7871139056427088
42	69	0.727195770369194
42	35	0.7190281754373594
42	65	0.706939948330156
42	37	0.6138213285791584
42	137	0.6090249795073172
62	35	0.7658860723053742
62	72	0.3937074160994091
62	67	0.7259163372173673
62	140	0.6394720312828072
62	68	0.6315918543564375
62	65	0.6110090743699652
102	1	0.7604368054976128
102	111	0.731789865555729
102	110	0.7022723065375848
102	6	0.6864652895882895
102	103	0.6769595246745326
102	10	0.6415714718498098
102	104	0.6224654296721402
103	112	0.6574392342249294
103	106	0.6466618889860516
103	6	0.6355842581167038
103	111	0.6079670292432803
98	199	0.8086791076345657
98	97	0.46848690576475005
98	96	0.7140408589299535
98	198	0.706684736024376
98	112	0.6153956355146847
199	198	0.790851133297592
199	166	0.6623843253281111
199	96	0.6443285523055469
199	112	0.6226246634630986
68	69	0.7169691521750468
68	65	0.6475570125992967
68	172	0.6458407627869956
68	67	0.6293022215740761
68	35	0.6259870794148684
68	37	0.6238172741117703
11	112	0.8049091166211627
11	197	0.6877638569713199
11	5	0.2946766948865251
11	95	0.6558750326107831
11	0	0.6080426688555127
112	197	0.652471313659948
112	106	0.6124858783743503
112	96	0.6124483853336303
137	140	0.8039209524538478
137	138	0.7202142513706539
137	165	0.7073898742636309
137	171	0.6886008405816428
137	127	0.6257498468413328
137	172	0.6218157122270386
137	146	0.6170641347225437
137	167	0.6088991464670346
140	141	0.7598626512885394
140	35	0.704696820422206
140	167	0.6935947376168793
140	172	0.6671891408333667
140	165	0.6739198061892923
140	175	0.6389515920889361
51	155	0.8022165753674935
155	144	0.6266009126900982
146	150	0.7980068066215648
146	172	0.6435910546524072
146	144	0.6568597166820174
150	144	0.6584203657568841
150	189	0.5984635975641689
8	10	0.7351579235413608
8	110	0.723008416485497
8	111	0.7210170417536033
8	6	0.6755322479776751
8	104	0.612848169041233
198	96	0.775706860676419
198	182	0.7022368278410203
198	197	0.6550422869892335
198	185	0.5420330615962101
198	177	0.4031964104648667
198	183	0.6139397272109189
44	149	0.7876079870059783
44	45	0.66941369414936
44	159	0.3325565826503371
44	164	0.6530165426625637
44	138	0.6283772442654141
44	49	0.6133911223094399
45	164	0.7877977490905004
45	31	0.6425647663374631
45	67	0.6561769364456322
45	49	0.6441940190058433
45	165	0.6253481124801652
45	171	0.6181898711872967
164	154	0.7211082547977806
164	135	0.58957866788384
164	149	0.6600148819134715
164	77	0.609440011081483
149	138	0.644059445834081
149	15	0.6188998835890885
149	152	0.6184554723201561
67	54	0.35358053986029975
67	171	0.6805887500049788
67	49	0.6334515915165573
124	23	0.6637235829446343
124	20	0.581409929648146
124	17	0.6888058587768413
124	14	0.6623394231883641
124	152	0.609766770592969
56	58	0.7770574415910063
56	161	0.7735872884476419
56	163	0.7571831782719967
56	73	0.6830716385374407
56	57	0.6243484269573539
58	59	0.43152571135699586
58	161	0.7363870736760358
58	163	0.6574335564510688
96	81	0.5998801909874835
96	197	0.6139708801551592
161	163	0.6995608664638283
95	197	0.7696628047445313
111	105	0.6776036591717531
111	6	0.7487130756755181
111	110	0.6612490889561407
111	10	0.6366915685226486
111	104	0.6113348381511369
10	110	0.7684780681231003
10	104	0.6600487433938251
110	104	0.7441073196786495
110	6	0.6495674117241139
110	2	0.6480909106997628
35	37	0.7034512510092097
35	69	0.6671114533663117
35	61	0.6211344290804637
35	65	0.6194794913803798
35	167	0.6177448274528231
35	141	0.6174974097983662
35	31	0.6076391300423416
24	26	0.6761352539335108
172	175	0.7607402891061829
175	180	0.632306615966407
175	195	0.6209255596911389
175	169	0.5992204355041676
175	165	0.6511369638551642
1	6	0.6432511692956225
141	39	0.6239394292713456
79	181	0.7592661342325372
79	77	0.6186900720497869
163	162	0.5415456012515358
163	99	0.40263517905832413
53	157	0.7562215258862931
53	27	0.6869831311499254
53	125	0.5765303888947256
53	28	0.6457241697866232
6	105	0.6665727915286732
6	104	0.6374758124402682
23	25	0.7447092254722882
23	15	0.6608211842671319
23	22	0.636025114848667
25	29	0.670846099650665
25	22	0.6687177320149006
25	128	0.6512579116525373
104	2	0.7261622280223128
65	69	0.7326711579716823
65	37	0.6583013879571669
65	61	0.6148610448574489
69	63	0.5925585787174613
69	84	0.5452102359548203
69	37	0.6882588988063658
69	61	0.6095971328573586
28	132	0.7315668351068935
28	27	0.7015417566630618
28	29	0.648687889501832
28	131	0.6336551189618977
28	129	0.6237134182575196
28	133	0.6136530303792143
132	133	0.6298756583580031
132	160	0.3304470314352333
132	129	0.6163205062153407
14	152	0.7301693423239374
14	17	0.671862273547813
152	46	0.6751950399552447
152	115	0.661878901853443
152	151	0.30202829963850225
152	154	0.6500296211786508
152	17	0.6139459579527794
15	116	0.7265920903082992
15	16	0.6329423892484266
15	115	0.6829222542918498
116	115	0.6984665145923009
116	148	0.542209587711819
116	186	0.4569503592861419
2	134	0.6282198816292428
2	36	0.6286615770286837
2	30	0.6075066504549304
26	29	0.7254050474612129
26	22	0.6546996005845506
26	127	0.6248668124128298
195	196	0.7228222330526031
195	174	0.6544709933559207
195	183	0.6302736422434824
196	173	0.6224225502286218
196	194	0.6174664739958085
138	127	0.7142564552672016
138	171	0.6140207208876579
154	153	0.6278686566210487
154	47	0.5427953112551175
154	46	0.6561427691908027
154	17	0.6190726032751869
126	128	0.7160007208086204
37	61	0.7151321442587102
61	93	0.5236894917127517
41	145	0.7122717947631514
145	40	0.665922137952336
147	182	0.7092335586900425
182	187	0.5803696998518196
182	183	0.6596930640750015
165	60	0.6630965095329172
165	174	0.6203476381835319
165	170	0.6115539856522946
32	36	0.7014249348077362
36	30	0.6287764723816432
39	143	0.7009064008786373
17	119	0.62456804564021
17	48	0.5960190530159671
17	120	0.5095264802197937
17	117	0.47627864747343135
170	174	0.6892260643262936
170	179	0.6130541850192663
170	66	0.5848154091965498
174	173	0.6143383404600744
166	183	0.6891630630240689
171	49	0.648114109225219
84	86	0.6849022709478529
73	184	0.6623731002392949
193	194	0.6775279325291261
22	123	0.6349818786526567
7	135	0.6667672344068749
40	144	0.6649303084262262
129	133	0.6637347722162099
129	130	0.647080610407403
21	125	0.637339258765886
21	52	0.4927684160623273
21	122	0.4785793879749689
16	18	0.5024214679694143
180	91	0.6010759170815037
52	156	0.6272928214203178
57	100	0.44102290752744266
0	101	0.4065741180194638
173	50	0.5811781956284502
87	88	0.6195103026839935
87	191	0.6086473884305876
87	83	0.5251684382684569
87	50	0.4995902799070415
88	90	0.5571357275000577
88	94	0.5195330795065313
77	188	0.569606390736131
77	76	0.5279365357625417
179	89	0.6051289122531374
179	168	0.5103922115586688
191	190	0.5690521821832475
89	192	0.3883028492280405
81	92	0.5751936238844142
63	80	0.5058895535328826
43	148	0.5880892031204413
148	118	0.5405341971419497
185	75	0.5184370981617248
185	74	0.40586438004989345
71	177	0.5319135793554731
168	82	0.3970399443636975
80	78	0.48987055040637995
99	101	0.4359098945751596
54	64	0.41689670870787277
54	55	0.329208244616202
72	178	0.36402677301397496
85	160	0.3830591722355883
55	158	0.32535097613801844
