9	108	0.9481661317009399
9	11	0.8916870902779401
9	3	0.8294278231157015
9	109	0.8192722364853975
9	6	0.7875320403119855
9	103	0.7643105040148808
9	95	0.7397106073338471
9	12	0.7281884488643297
9	70	0.7056971869996087
9	112	0.6652593212475102
108	11	0.870272096688254
108	109	0.8140096230512005
108	3	0.8031769041052467
108	103	0.779462719188652
108	6	0.7445844851774196
108	95	0.7346658258103713
108	112	0.6930494680544143
108	70	0.6927479310675974
108	12	0.6677990374946919
19	136	0.9220290213418447
19	121	0.8661358872449582
19	23	0.601841813569838
19	120	0.6989987580850949
19	20	0.6692094460066227
136	121	0.8349009221281077
136	120	0.6938541108152972
154	155	0.8961270330281299
154	149	0.8381433164844649
154	46	0.8343851918672979
154	48	0.8057876502265648
154	17	0.7973521337025553
154	119	0.7715312246887882
154	51	0.7579926925973146
154	152	0.7515511377257313
154	115	0.7484844837584856
154	157	0.7430477118242887
154	125	0.7396472048178937
154	153	0.7390442257278393
154	49	0.7320962766915482
154	44	0.7251917734733937
154	120	0.7037844994236923
154	130	0.669110045465008
155	51	0.8476374261077235
155	157	0.7789913530768601
155	125	0.7614723364947847
155	153	0.7444864384503305
155	149	0.8243362748504703
155	46	0.7643105040148808
155	17	0.7625165525371222
155	48	0.7568245444000427
155	130	0.7457896100867382
155	44	0.7390669155710015
155	119	0.7343711169629896
155	49	0.7209354088960787
155	174	0.69936678133315
155	115	0.6951637821336939
155	53	0.6736249495835046
155	142	0.6675773605140366
155	156	0.6643385518163071
11	3	0.7940135120078258
11	103	0.7786766190264551
11	12	0.7483877182109284
11	6	0.7366021342438536
11	109	0.7086914231413982
11	70	0.6836206675970457
11	112	0.6797235564035533
11	95	0.6635389170724002
88	90	0.877547674360184
90	93	0.6958452628572759
90	94	0.6881957376275342
90	80	0.6773006663929739
121	120	0.8030348957454018
121	20	0.730416678531912
121	17	0.7425815564597784
121	149	0.6627097235424151
44	149	0.8660359291694482
44	142	0.767781107796689
44	33	0.7421955375719844
44	46	0.7772158650338983
44	164	0.7515859493036333
44	52	0.7251206512035814
44	148	0.709680562225739
44	39	0.7033350462524368
44	48	0.6944603411685283
44	156	0.6851464120971874
44	42	0.6740944347942596
149	130	0.7949723410181191
149	143	0.7443839007075264
149	119	0.78455140382778
149	17	0.7681913048888893
149	48	0.7637277195612084
149	46	0.7545985667248536
149	125	0.7420427894658601
149	142	0.7117738411280708
149	115	0.7058628056128083
149	18	0.6962061465739855
149	51	0.6945845744204177
149	39	0.6753691180681319
149	120	0.674547026721052
149	152	0.6700478737639943
17	120	0.8581016933656267
17	115	0.8439372206054011
17	119	0.7890464348403006
17	16	0.780246372225917
17	48	0.7686417943698818
17	116	0.7599978532091365
17	15	0.7479166312252392
17	46	0.7091142613237914
17	125	0.7055766886381745
17	14	0.7041880220459307
17	18	0.7015519133038275
17	51	0.6935584110094262
17	49	0.6847164082934906
17	53	0.6782521554895937
120	117	0.7336931579552795
120	115	0.8090594110943309
120	116	0.7467776344770876
120	119	0.704470217502562
120	16	0.6629115690743326
51	53	0.7339654397251176
51	49	0.733078505046617
51	50	0.6159048347798391
51	48	0.7413589725140292
51	153	0.7305192901660805
51	125	0.7248929559501586
51	47	0.6632085552758041
84	86	0.8465925639807834
84	76	0.674187175603442
86	76	0.7904012411743512
86	82	0.5239869850401596
115	116	0.8408301432194738
115	118	0.7225116939817703
115	14	0.7547492302781098
115	15	0.7544779785683557
115	16	0.7363275625492479
115	152	0.7257412633780377
115	119	0.7163708999559899
115	125	0.6651533961531864
116	15	0.814952159667212
116	14	0.7907387402896338
38	199	0.8378753502191657
38	41	0.6692756997318754
38	36	0.7430790618004772
38	35	0.6738870549393389
38	52	0.6678710570199099
199	36	0.7565509933083203
199	35	0.7203730397981329
199	112	0.7111713971273445
199	176	0.7005450226475998
199	114	0.6868669416723
199	79	0.6858779126612556
36	139	0.8378157472524901
36	70	0.8283010854615194
36	35	0.8220151567268542
36	32	0.7995992196179786
36	79	0.7491785005774398
36	176	0.7625165525371222
36	112	0.7354289362282092
36	114	0.7207913020920327
139	114	0.8265032882853188
139	35	0.74617546376927
139	32	0.7441831818119481
139	176	0.6946363260525542
139	140	0.6913097080206161
139	141	0.6900808002406634
139	79	0.6787108688358396
139	113	0.6782197557303058
139	39	0.6766723069759698
39	142	0.8365594619404917
39	140	0.7175712011110262
39	130	0.7554069113040957
39	114	0.6765150628927882
39	174	0.6724433766341616
142	52	0.7750688231466556
142	156	0.7638110508256928
142	130	0.7208921833992863
142	144	0.6658609132201032
96	198	0.8352338507304424
96	98	0.7711261727442524
198	190	0.72850302220182
198	181	0.7050842299720979
198	97	0.6730345925379793
198	197	0.6531369757183422
198	196	0.6713572485290682
198	81	0.663001247282026
95	109	0.834628070773108
95	112	0.721324186011992
95	70	0.6836899076050168
109	106	0.6564558683350165
109	112	0.7170128853240846
109	70	0.7028091291450554
109	3	0.6749283370266775
46	152	0.7816507974422188
46	54	0.5305354031006326
46	122	0.4200065694008079
46	48	0.7314645604555103
102	111	0.8338070534537159
102	110	0.7306498390981597
102	0	0.6978052527066145
102	113	0.6946725479174405
102	103	0.6916802106347946
102	13	0.6790990122147321
111	107	0.7913749292918073
111	105	0.740718749601744
111	113	0.7132802920112074
111	104	0.7499715285046137
111	2	0.6936154940946029
111	110	0.6933974936303836
111	13	0.6745579263001799
37	61	0.831136284314191
37	35	0.7750288932200059
37	62	0.7386536978893218
3	103	0.792493447598083
3	6	0.7300899675076422
3	12	0.7134227196011428
3	1	0.6857190085226939
70	112	0.8195350985468683
70	176	0.7665879692461814
70	32	0.6894097586076712
22	34	0.8271044389387118
22	33	0.7119859287424871
34	33	0.6939785460448302
114	140	0.7371231522228229
114	79	0.7219232598152877
114	32	0.6817893473193049
114	35	0.6637515555665787
137	140	0.8265032882853188
137	165	0.7185206440409609
137	130	0.6732041347346883
140	174	0.6929974962091985
140	130	0.6835514152811664
140	35	0.6813931266571959
35	176	0.7699886993454392
35	32	0.7407548543209107
35	62	0.6786946879596846
35	174	0.6660946321267441
170	183	0.8197976161547494
170	196	0.7476344989603039
170	160	0.60154835058766
170	193	0.7090396798466742
183	60	0.7446602265599477
183	74	0.7267761430781436
183	175	0.6745797245761629
183	166	0.636459607636105
183	196	0.7273559341090177
183	193	0.684971282957124
112	176	0.7543357913887233
112	32	0.7031480292620939
12	13	0.8190419493537466
12	6	0.7938656480362157
12	103	0.7122175969390336
12	1	0.6822279359148992
13	1	0.7388535648325643
13	6	0.7126263344823417
15	14	0.7696220396904334
15	16	0.703789546261957
126	128	0.8122817844965025
126	129	0.7973885537559612
126	123	0.7216454239642439
128	123	0.8017169866114702
128	125	0.6573710960112521
128	129	0.7514379711844466
48	125	0.7277654043033588
48	49	0.6975434949818515
48	119	0.6865023013881503
48	53	0.6631301263765469
123	138	0.6662781766954716
123	129	0.6717141243836845
32	79	0.7214776518371737
32	176	0.7062439369310833
158	193	0.7987682183045379
158	55	0.6377784625588045
158	190	0.6884798807834408
158	185	0.6709230875910555
193	190	0.7629765918430466
193	185	0.73619018569087
193	74	0.7308409036840937
193	194	0.7054008886934754
193	196	0.6856766230423139
10	107	0.7976069521373351
10	8	0.5686463358949478
10	2	0.7439823284368803
107	2	0.7828151297379954
107	104	0.7128083870436566
68	69	0.7974249680016434
68	64	0.5409021615286645
69	62	0.6014717683100459
129	127	0.7201083504776022
130	27	0.6718732454220875
130	24	0.657864854520491
130	125	0.7508322149069886
130	143	0.7135847207030659
130	157	0.6666116873636779
6	103	0.7016433102456237
103	0	0.7264315489164672
52	156	0.7919348527896696
52	148	0.7164195777420624
52	164	0.7109835369754105
156	164	0.7678221558620103
156	148	0.7277795147207714
156	195	0.6322706032995831
156	179	0.5947344561156644
156	176	0.6714451238001821
76	75	0.6658553468905969
23	25	0.7899128940208632
25	29	0.4836439798173117
2	104	0.7635192799978552
152	151	0.5788091224247164
33	42	0.7812614712239873
33	31	0.6710000610699679
33	164	0.6844560508758354
16	18	0.7294823319015374
157	144	0.7444061945081688
157	146	0.7101716070298145
47	153	0.7778485744896865
176	71	0.6442408177192177
175	180	0.7679042330841676
175	173	0.762642094367171
175	182	0.6844613660385994
180	169	0.6980514427852582
164	45	0.7455232121981475
164	174	0.719095788418338
164	148	0.6927323277342068
28	132	0.7657206542279364
28	131	0.6754017493390653
132	131	0.6886849639337153
132	143	0.5664363961824612
132	133	0.3804622284563054
104	141	0.7075696843090574
104	110	0.7243610505024086
104	7	0.7101815200147861
190	83	0.5931941063026043
190	178	0.39036450662019756
190	196	0.7033653641617442
125	21	0.52916881604824
125	143	0.7194143520038512
125	53	0.7178378961933785
125	118	0.6980104225599496
60	93	0.6494517842685651
60	65	0.6232549677082454
144	148	0.6862801772280582
143	26	0.6863595219873042
143	118	0.6716537519082316
150	172	0.7390986785343044
150	165	0.5932977957808012
62	67	0.7119859287424871
7	110	0.7380578698491701
110	113	0.693220924038616
185	184	0.662894752292349
185	74	0.6896982419943934
53	49	0.696334948403514
20	124	0.6606465207297522
148	147	0.6596591744299635
148	43	0.603452956581115
165	145	0.5967342645819111
99	101	0.7172217546981173
99	100	0.6423474837958865
99	197	0.6262606654082002
99	163	0.4871143776633338
73	184	0.7171294794633131
73	75	0.6738488418002048
184	135	0.6044375938303331
113	141	0.6810822958732061
146	189	0.6992594794935403
147	188	0.7056670662354609
147	77	0.6326605949922075
188	186	0.6547110278035811
181	81	0.7002189650349776
87	191	0.7031075803589393
191	179	0.5959803659552138
191	192	0.5387764439351292
191	168	0.503900188897243
81	63	0.5767439855484648
169	171	0.6771382542551004
93	66	0.6952671172285548
5	106	0.6876584462977863
26	27	0.6633765681661505
182	187	0.6388628224522318
80	92	0.6312731690917572
171	145	0.6144254953400248
31	134	0.5923184425769779
41	40	0.6065720260162122
56	163	0.6655323729344603
56	161	0.5860838983944662
56	162	0.5596407794594196
56	57	0.44193266739442516
71	177	0.6228083307093956
187	78	0.6003281034581741
166	167	0.5875067039251525
92	91	0.6078094112670924
89	179	0.6298153288926973
85	160	0.608124599313484
58	161	0.6066921055474375
134	30	0.5896960868805673
151	59	0.5038927280136515
8	4	0.48452449147277177
54	159	0.511707325018483
178	72	0.38454286409034577
