19	121	0.9537118334422954
19	17	0.7463925632415498
19	117	0.6770732709209334
19	120	0.6514651737780915
19	124	0.6384246432016286
19	20	0.5922470304495224
19	119	0.5898786891124782
19	23	0.5826728739845417
19	14	0.5779306781791468
19	115	0.5598605168035953
19	16	0.5438595517800812
19	15	0.5416727999561781
19	128	0.5315047267112806
19	25	0.5310597284369143
19	129	0.5227163052837763
19	29	0.5176322942493289
19	43	0.5172954679394286
19	118	0.5122828565674195
19	126	0.5029371142693404
19	136	0.49477231971493674
19	123	0.47857167832037834
19	133	0.4656801303283083
19	33	0.46505338335815183
19	186	0.45171274331843786
19	131	0.4514818859600766
19	125	0.4504542363174289
19	132	0.4448730838130812
19	28	0.4431228374482879
19	34	0.42708834496364584
19	22	0.42581204660408845
19	138	0.4197841736760942
19	130	0.41643393031981757
19	148	0.4102984224794895
19	146	0.4042259415338431
19	21	0.40077341347154244
19	26	0.39918578332452864
19	18	0.3961719596462467
19	42	0.39521045134361094
19	116	0.39072044677360723
19	172	0.38371599293919434
19	127	0.3662887533151324
19	182	0.3622905422429211
19	27	0.36136931851548626
19	75	0.3516277962008353
19	77	0.35080374765130956
19	159	0.34856556167118347
19	53	0.34743178485433623
19	149	0.3408995398884105
19	152	0.3367479693262094
19	189	0.33392556588473304
19	150	0.3173611786526463
19	184	0.3158765874940037
121	17	0.7397694693414664
121	120	0.6893625314008718
121	117	0.6714945453436169
121	124	0.6282683063778544
121	119	0.5888344354193656
121	20	0.5540524715672782
121	23	0.5464809504827549
121	14	0.5421248611479198
121	136	0.541891806253053
121	115	0.5367292796219019
121	15	0.5268682029438881
121	129	0.5261598757406761
121	128	0.5235515856225256
121	118	0.5226726978563185
121	16	0.5217854203484202
121	43	0.51853215074173
121	29	0.5132042239302438
121	25	0.5073910501503565
121	33	0.4915408067075368
121	126	0.4886231053188077
121	123	0.48638182452494383
121	131	0.47264444215648715
121	125	0.4690720900559898
121	133	0.46008570459198217
121	132	0.45603208516720756
121	34	0.44750008954920567
121	28	0.4458991715221346
121	138	0.444046554796364
121	146	0.43823971301563536
121	42	0.4283629437694022
121	22	0.42743167348733196
121	130	0.42542718808259694
121	18	0.4139593740141226
121	186	0.4117942954742725
121	21	0.40514579367893694
121	148	0.4028530063274082
121	127	0.39467027722113385
121	172	0.3863734204151204
121	26	0.3835539563407129
121	27	0.36686006459981385
121	149	0.3597250083416779
121	116	0.35362428812692814
121	159	0.3494876510049774
121	182	0.347765871369643
121	77	0.3461033592988604
121	150	0.344482738132299
121	53	0.33878556942240035
121	189	0.3347072104636639
121	44	0.32834309534397016
121	152	0.32411650015686144
121	147	0.3208460836907553
28	132	0.9342108651616131
28	131	0.8826638387255449
28	133	0.8684896310836974
28	29	0.8632597951259364
28	129	0.7792271463231238
28	130	0.7433476421271455
28	128	0.7315482421641935
28	27	0.7215879116382503
28	21	0.7077543936460627
28	125	0.7017955871873824
28	126	0.6991010239342299
28	26	0.6875688244252692
28	25	0.6488326670254627
28	23	0.6327985152521867
28	118	0.6287099573651173
28	123	0.5984186667894146
28	16	0.5758891259702071
28	117	0.5697212228706123
28	127	0.55249121973497
28	143	0.5321358337627811
28	124	0.5218800201277498
28	39	0.5027204369375076
28	22	0.47991974394891707
28	17	0.4792575485497579
28	142	0.46281680780235585
28	138	0.4618103873718912
28	18	0.44603536076519074
28	34	0.4284445907905147
28	120	0.4214879179509194
28	122	0.4155242729334458
28	15	0.4152098342590889
28	24	0.3964248439164801
28	115	0.39163518495356464
28	136	0.3705582059469465
28	52	0.364815922281875
28	14	0.3530029178192586
28	109	0.34396264681733757
28	20	0.3304470314352333
28	40	0.3183320699349729
132	133	0.9063695230427067
132	131	0.8945200573730162
132	130	0.7441787198648241
132	29	0.8432162761084387
132	129	0.7900632615498875
132	128	0.7555442734223062
132	126	0.736245143716718
132	125	0.7221578019644138
132	27	0.6941184861402252
132	21	0.6747595154705631
132	26	0.6564387960280171
132	118	0.6501335520855446
132	25	0.6428054182374966
132	23	0.6403164964855315
132	123	0.6326306070150448
132	117	0.5886449536061641
132	127	0.5824680843804483
132	16	0.5813702105129852
132	124	0.5379455482099764
132	22	0.5027652719148233
132	143	0.49478742357250827
132	17	0.48475402890608205
132	138	0.4835750288511323
132	120	0.43688136501713426
132	18	0.42077221298295586
132	34	0.41774732619714217
132	15	0.4067410439409976
132	115	0.39501635770342713
132	122	0.3765984541596219
132	39	0.37334994902323243
132	136	0.3633933411073612
132	24	0.3511194049965406
132	20	0.3426659082323496
132	142	0.3418271843811304
132	14	0.3365529027007987
132	109	0.31699242512006937
126	128	0.9328615534370349
126	123	0.8828183764003961
126	129	0.8429849310492923
126	23	0.833257651039276
126	25	0.798369702044168
126	133	0.797570566920356
126	29	0.753044259467403
126	124	0.7440135811298758
126	127	0.7175517968912268
126	22	0.6916854263835803
126	130	0.6733790718245902
126	131	0.6591618180421687
126	118	0.6564786303650307
126	125	0.631778156309911
126	16	0.6253298439452983
126	138	0.6102251411515792
126	26	0.5899373698789036
126	21	0.5892066766260095
126	117	0.587709666074329
126	115	0.5748991223596248
126	27	0.5739074326251016
126	34	0.5536573220784612
126	15	0.5453788728770307
126	17	0.5407677369934688
126	14	0.489680520426855
126	120	0.44520989779520254
126	20	0.4441830243449672
126	116	0.4422384003332736
126	136	0.43957992709198446
126	143	0.43957992709198446
126	18	0.42110133786867254
126	43	0.39273523271771715
126	186	0.3800088553772097
126	148	0.37993184934946495
126	152	0.3754565119678239
126	24	0.36608959505396027
126	102	0.35385175417238796
126	113	0.35018096756095857
126	10	0.3361272025346235
126	110	0.32622696036279014
126	119	0.3255387341228258
126	104	0.3179725582992132
128	129	0.8516420246992454
128	25	0.8426083292230497
128	124	0.7718143894117713
128	123	0.8448556011894459
128	23	0.8265983324105189
128	133	0.8185145862554449
128	29	0.781417274731799
128	127	0.7347026449362632
128	130	0.7262094934317791
128	22	0.7042888316927189
128	131	0.6730017697463313
128	125	0.6539390187401349
128	118	0.6462835415476041
128	138	0.6355961786181893
128	27	0.6338525764579159
128	16	0.6049577531626217
128	117	0.5927467199375545
128	26	0.5877554860036251
128	21	0.5846113950262684
128	17	0.583860513271998
128	115	0.5776975323830024
128	34	0.567216909690879
128	15	0.5407535854353239
128	143	0.5202773719170766
128	14	0.5155648816813836
128	136	0.5001603745985058
128	120	0.49434173412728905
128	20	0.49279870263686565
128	18	0.4427611263776879
128	43	0.4349292989353874
128	152	0.433866498183316
128	24	0.4259839548906343
128	116	0.4120766005936306
128	186	0.39581782067417537
128	148	0.3865180325636974
128	113	0.3855904839970599
128	119	0.3779021307710438
128	102	0.3761091902322021
128	104	0.354175383692722
128	110	0.3437157499299374
128	144	0.34085534976004234
128	10	0.33381005668795377
23	25	0.9252887102809614
23	22	0.8052961072689242
23	129	0.7746692452600998
23	123	0.7432626176058816
23	133	0.7201083504776022
23	29	0.711640603466083
23	124	0.6990805730520183
23	16	0.677668556288228
23	118	0.6433742605322829
23	34	0.6287401926041079
23	17	0.626795232534737
23	117	0.6183690130387248
23	21	0.6160661808599761
23	131	0.6024346229771048
23	26	0.5958771869327234
23	127	0.5900873035293357
23	130	0.5855453050287303
23	115	0.5815621606620308
23	125	0.5738470727842881
23	27	0.5717372815816558
23	15	0.5540871219002819
23	138	0.5522410587467854
23	20	0.5433382216396888
23	120	0.5085855857613725
23	14	0.4937672424516134
23	24	0.4655626508205759
23	136	0.457962498089486
23	18	0.45343032889047313
23	143	0.44522593341535427
23	116	0.4153174165546429
23	148	0.4096828108279989
23	152	0.40451871058705907
23	43	0.3916267187015891
23	102	0.3845513853254343
23	186	0.3790501832955012
23	33	0.37204108033917205
23	110	0.3545601300210523
23	104	0.3506108066831116
23	119	0.34267473400285975
23	113	0.3299213542001698
23	10	0.32787015195555236
23	149	0.325288384440659
25	22	0.8094735162958914
25	129	0.7617620945230412
25	133	0.7265212730003909
25	29	0.7030671269051398
25	123	0.7028394914243653
25	34	0.6469236355812873
25	124	0.6409473584360991
25	130	0.6160289517362364
25	16	0.6083514160576781
25	27	0.6080741821030591
25	21	0.5965474988837266
25	131	0.5856307262963548
25	127	0.5838077822570226
25	26	0.5743498809415624
25	17	0.5699440688160113
25	117	0.5666740514901193
25	118	0.5491964503111373
25	138	0.5463967819350869
25	125	0.5455193699273367
25	20	0.5424425289151763
25	115	0.5195330795065313
25	24	0.5011869507775741
25	15	0.4986892487011506
25	14	0.46725277164392603
25	143	0.4620463740203205
25	136	0.45401004958144153
25	120	0.4461635200110397
25	18	0.40373222902496914
25	152	0.39639955819547723
25	104	0.39418895483178723
25	148	0.39144891209332916
25	102	0.388710399266072
25	43	0.3879631081182711
25	110	0.3841167187974535
25	186	0.365344619260421
25	39	0.3572587120734826
25	116	0.35461258613191066
25	33	0.347027246298834
25	40	0.32435811510038287
9	108	0.9159051399583938
9	11	0.828646080030064
9	12	0.8475529513909199
9	3	0.8437644711717188
9	109	0.8253909520031855
9	103	0.80445087968031
9	112	0.7924190449792547
9	0	0.7644352242496792
9	106	0.7352819754783627
9	113	0.590198097899565
9	6	0.573900726284026
9	70	0.5645930751359701
9	111	0.5612389417440808
9	105	0.5426753867377
9	5	0.5140655534195506
9	95	0.4517843764098394
9	13	0.43368789396872676
9	156	0.41515190051981005
9	52	0.4088086671272782
9	102	0.38119750139929276
9	101	0.3288604674289446
9	1	0.325967798820469
108	103	0.8653593981055081
108	112	0.8257094188137571
108	12	0.849512869401092
108	3	0.8180189272628857
108	109	0.814750549323262
108	11	0.7463925632415498
108	0	0.7233661665484572
108	111	0.6918470788104752
108	113	0.6790235696081799
108	106	0.6781171390952232
108	6	0.6263700566398954
108	105	0.6108147705201291
108	70	0.5417505202885323
108	13	0.5004827362765094
108	102	0.4628560969232607
108	156	0.45771747950383795
108	5	0.439394351350751
108	52	0.42138100686194374
108	1	0.38508809097434854
108	95	0.3625511375806357
108	176	0.3554865258443328
108	10	0.3232033511233267
6	105	0.9146884214719293
6	1	0.7956705216691234
6	8	0.653767275924558
6	111	0.6410769611853464
6	13	0.6077526570678676
6	102	0.6053063515037619
6	3	0.5873102185382495
6	107	0.559482794621279
6	103	0.5429152136424589
6	12	0.520219024572155
6	113	0.45653883942832
6	110	0.44784391314578287
6	4	0.40171309763772756
6	109	0.37200661640892896
6	0	0.37104983342416653
6	106	0.35281907251599376
6	112	0.3446413679902044
105	1	0.8153883062220563
105	102	0.7533341724614205
105	111	0.6881483598967943
105	107	0.6657829778612426
105	8	0.6622496046325127
105	13	0.6250069868019349
105	3	0.5897286988452386
105	103	0.5699643233824387
105	110	0.5665178886199257
105	113	0.5310453687731028
105	12	0.5251177425370726
105	4	0.43488875622851425
105	0	0.3839376889459983
105	109	0.3832724682225402
105	114	0.3813855170908988
105	134	0.36794133530910145
105	158	0.3525826599512474
105	68	0.34360110307498987
105	10	0.3403780004241288
105	112	0.3344319108717959
105	106	0.32714703412940954
105	129	0.3209626963389613
105	90	0.3201372285112698
105	104	0.31816131331742153
133	29	0.8987540036983894
133	129	0.8540684514255165
133	131	0.851834204203393
133	26	0.672618641284073
133	123	0.6572177457214308
133	16	0.6488558270711784
133	118	0.645263332965171
133	130	0.6415714718498098
133	117	0.6340798494513996
133	125	0.5993101588583664
133	21	0.5859591484281494
133	27	0.5796663061209676
133	127	0.55354635807849
133	124	0.5514273484806952
133	22	0.532794995812234
133	17	0.4909566272397812
133	115	0.4591786557575125
133	15	0.45889451301341055
133	138	0.4583101469687365
133	143	0.449768472584393
133	120	0.4211424706857463
133	34	0.39855510659209764
133	14	0.38438094817292934
133	18	0.37965800749286244
133	20	0.3462089804074169
133	109	0.3374570587915107
133	136	0.3291101626522801
133	24	0.32852152178692096
15	115	0.9008290232858955
15	14	0.7747492103818192
15	17	0.7508453021417468
15	152	0.7360481658405444
15	118	0.7157276993043789
15	16	0.7039257840444446
15	43	0.6968754265549847
15	116	0.6633149712034122
15	124	0.6423298617650058
15	120	0.6312491087167839
15	18	0.612442136225605
15	117	0.6059079294005993
15	149	0.6047104246364842
15	119	0.6008012017657692
15	125	0.5736458282841381
15	129	0.5684297712644658
15	46	0.5578524957033663
15	20	0.5377678706716776
15	148	0.5242408416474763
15	186	0.51469065624252
15	48	0.5133294386468868
15	123	0.5104957341314494
15	29	0.5104957341314494
15	21	0.47996592324148235
15	122	0.4703191072852327
15	22	0.4620542391154623
15	26	0.4564913437900753
15	27	0.45401004958144153
15	154	0.4513465276742417
15	138	0.4322253071380311
15	77	0.4321277203228962
15	151	0.4311105893979063
15	127	0.4200642193194959
15	130	0.419899496272511
15	136	0.41463862615405717
15	44	0.41373561684853855
15	159	0.4104231630820997
15	131	0.4023418780182351
15	53	0.40209041136915213
15	164	0.38492625477445325
15	33	0.38216288311252194
15	155	0.3745111862791679
15	188	0.37089460509450184
15	146	0.3702389681440029
15	156	0.3580958962527533
15	34	0.3562987323695382
15	52	0.35559135689149984
15	51	0.35304668649369925
15	7	0.3499001766529142
15	143	0.34078464242167206
15	153	0.3332056914204111
15	42	0.3253688589564988
15	47	0.322244792627784
115	116	0.7746292534061424
115	152	0.7667116436658965
115	14	0.7638110508256928
115	17	0.7178088124154798
115	43	0.703930828893838
115	118	0.6854752285011536
115	124	0.6783763301395296
115	16	0.6612659711105071
115	120	0.6313994661260923
115	186	0.6270683629591313
115	119	0.5959997098314526
115	117	0.5901785475672569
115	149	0.565253510857447
115	125	0.5581623781584006
115	148	0.5569012191614945
115	129	0.5563490844660179
115	123	0.5424354713158648
115	20	0.534889978774441
115	18	0.527070447873888
115	77	0.5141170531287458
115	188	0.5029221730338705
115	22	0.5005951553906958
115	29	0.4825323727182045
115	21	0.4796349128798087
115	48	0.47401788652459853
115	46	0.4586102763718875
115	138	0.45027088639916385
115	127	0.4420614095728651
115	136	0.4400477340720287
115	130	0.43372848882894927
115	75	0.4335092556691524
115	27	0.4255582210355043
115	122	0.41346206797310137
115	26	0.4041004437171346
115	159	0.40360667137907363
115	154	0.39309039290911957
115	34	0.38747879483293907
115	33	0.3842275323283605
115	131	0.37982916645367554
115	146	0.3731864215601787
115	44	0.37002321740204785
115	151	0.3673878487770903
115	164	0.3669466027940847
115	53	0.3610997705412997
115	172	0.3525038457583824
115	42	0.3382808941477055
115	155	0.33725323474657787
115	143	0.3275577407104865
115	184	0.3165156016802434
115	76	0.31602961701184484
29	129	0.8699563251958407
29	26	0.7449585500435311
29	131	0.8492900557143725
29	118	0.6936829446932273
29	16	0.6753038475921224
29	117	0.6589977900393637
29	21	0.6451290769393656
29	130	0.6335653382505378
29	123	0.6253054848325612
29	125	0.6191219407605526
29	27	0.6139521886181333
29	127	0.5634748158641694
29	124	0.5607935222627425
29	17	0.5391170214041774
29	22	0.49207149536700434
29	143	0.490569459920358
29	138	0.4712842558423599
29	120	0.469625685268737
29	18	0.45603208516720756
29	14	0.39842051339807594
29	34	0.3846962362940376
29	24	0.37897311178018295
29	20	0.37808212637975314
29	136	0.36948798333270727
29	39	0.368917948509691
29	122	0.3588628096312744
29	152	0.33805062673064634
29	43	0.3329211894253576
29	148	0.33094578975297406
29	119	0.32145594983659737
29	113	0.31808042139725506
131	129	0.8016455251793784
131	26	0.6831089756716678
131	130	0.660398488329747
131	118	0.6560630351336527
131	125	0.6308278554506435
131	27	0.623585095321595
131	21	0.6098044602831373
131	117	0.6076517453827812
131	123	0.5898786891124782
131	16	0.5793142849088849
131	143	0.556639016493944
131	127	0.5217999749960325
131	39	0.4943795145059317
131	17	0.48075056420320433
131	124	0.4788491793924304
131	138	0.4524606238023182
131	120	0.4518719200553881
131	22	0.45090049464951554
131	18	0.44123231319773215
131	142	0.42115892332755367
131	24	0.37308312910762215
131	136	0.37070485343221177
131	122	0.37016993225085054
131	34	0.36781163527570815
3	103	0.8927679111665643
3	12	0.8810631811743284
3	0	0.7921956955799734
3	111	0.7774137558650305
3	11	0.7675346870056164
3	113	0.7656379071808774
3	109	0.7448917870698769
3	112	0.6975537635000477
3	106	0.6731877305176023
3	13	0.6193007481780134
3	102	0.6153210754235533
3	5	0.5022345513284442
3	1	0.49590427930002845
3	10	0.4958213260912745
3	110	0.48596946259051965
3	52	0.45881556780832894
3	70	0.4181352289778492
3	8	0.4173097211488257
3	156	0.41318015165274674
3	129	0.3293687270523851
103	12	0.855281333619952
103	111	0.7911505873628084
103	109	0.7833566166081782
103	113	0.774269047812396
103	0	0.7730244915037363
103	112	0.7544995159048582
103	11	0.7219280480487895
103	106	0.7180753199526551
103	102	0.6255185857529719
103	13	0.5755080404402456
103	5	0.490296048668576
103	110	0.4832991649698014
103	10	0.4554616329508773
103	1	0.4504223521037115
103	70	0.44723613516826455
103	156	0.4395960623398817
103	52	0.4342966319608338
103	8	0.3864244621665885
103	129	0.32845015402262767
195	196	0.8835004658303782
195	175	0.8180850854452024
195	185	0.7094024937847613
195	174	0.7393254612796865
195	183	0.7183222570941037
195	166	0.7152738048207048
195	93	0.6998875135133865
195	81	0.6878428959482609
195	198	0.6675440987537248
195	63	0.6451757792068737
195	194	0.6207227491632452
195	167	0.6173550892896451
195	61	0.6051669400123632
195	169	0.5764903307464484
195	97	0.5623544879186905
195	92	0.5341542642105515
195	199	0.508489205098345
195	187	0.5067001488117171
195	190	0.5016136514679873
195	170	0.5004002848642601
195	191	0.49778713844706574
195	96	0.47939619278431567
195	165	0.46377494306379424
195	60	0.4617159744003036
195	181	0.4545021134316183
195	182	0.4410148525039681
195	193	0.4304753438605203
195	74	0.4185147309047765
195	83	0.4012181907104624
195	180	0.3947293720644883
195	192	0.39084753995383936
195	171	0.38798859236045724
195	147	0.37565407235776604
195	37	0.3747175056597912
195	87	0.37290234506076647
195	197	0.35580099214565547
195	35	0.35057572330861636
195	172	0.342551167711906
195	189	0.33696960086438804
195	69	0.3354883947234423
195	32	0.33371231030612236
195	68	0.32935981186060526
195	67	0.3293241505062343
195	91	0.3201192781532423
196	183	0.7907762105510507
196	175	0.8063480572582344
196	174	0.6875951859745622
196	93	0.6485083001465541
196	81	0.6465338685269145
196	191	0.5963928852908726
196	185	0.5925456010770472
196	198	0.57890221208072
196	60	0.575875758781957
196	166	0.5731759883711
196	61	0.57156897840865
196	194	0.5657024656910691
196	63	0.535689059565454
196	165	0.518444410353568
196	170	0.5138227191533243
196	97	0.5080071106519618
196	92	0.499402654088886
196	87	0.4953385097711335
196	190	0.4943795145059317
196	180	0.4879300621610685
196	167	0.4582706484731821
196	192	0.457369591791261
196	199	0.444463926167669
196	179	0.44184414658463234
196	83	0.43794880658955593
196	187	0.43219277932431993
196	169	0.431069881337471
196	181	0.4206158398418094
196	173	0.4195617275322362
196	74	0.41849823385829316
196	189	0.41650005473929463
196	182	0.4048782848029607
196	89	0.40078180724461265
196	96	0.3904746910497613
196	193	0.3880140760093945
196	67	0.3864584886860247
196	171	0.3568573576857918
196	91	0.3549272759138039
196	66	0.33412990374217716
196	197	0.32411650015686144
123	127	0.7970240917652899
123	129	0.7825827003127326
123	22	0.7686417943698818
123	138	0.7514597374154028
123	124	0.7315017550466528
123	34	0.6487979247027751
123	130	0.638643784597412
123	136	0.6236523162895229
123	118	0.6219077054289299
123	125	0.5881284508008764
123	26	0.5623544879186905
123	27	0.5610471085650285
123	17	0.5528315567629908
123	16	0.5279437485546046
123	117	0.5236459453855425
123	21	0.5204742583478855
123	143	0.51719292375787
123	14	0.4994251716611919
123	120	0.4905770532991568
123	20	0.45683167169650934
123	18	0.4504622071913334
123	24	0.4274725377221894
123	116	0.4184569900338913
123	186	0.4045939806616727
123	43	0.403882878127105
123	113	0.38314449553397323
123	102	0.36816611478574507
123	33	0.3588366728253805
123	144	0.35115447311053544
123	119	0.3471152004553246
123	76	0.3437157499299374
123	104	0.33885638544996965
123	148	0.3282003373155319
123	152	0.32332872099284804
123	110	0.31904183640125755
12	113	0.8267882792999697
12	11	0.7973157078407649
12	111	0.7894235428825076
12	112	0.7550632153544975
12	0	0.7501989619957646
12	109	0.7385718966854811
12	106	0.6935013192136849
12	13	0.6109464037498386
12	5	0.5134767221014201
12	102	0.5131452917968687
12	10	0.4928441302599315
12	70	0.46260461512914924
12	110	0.4472681337893859
12	52	0.4303042432901254
12	8	0.42021244639951094
12	156	0.3983616234791502
12	1	0.3836136567831117
129	26	0.7395203603880992
129	118	0.7117491713501719
129	16	0.6831569753119917
129	127	0.6741980848893875
129	124	0.6592296733582431
129	130	0.6514306368405152
129	117	0.6490700005061629
129	22	0.6358583529799798
129	125	0.6144877396464361
129	27	0.6135906835576599
129	138	0.598348053680601
129	17	0.5941266030030721
129	21	0.5894155445951414
129	143	0.5549458359172801
129	136	0.49729051810300406
129	18	0.49481763039087306
129	120	0.4881662229510955
129	14	0.47610080150510187
129	34	0.4758378274173819
129	102	0.4622901581701996
129	20	0.46036945319419575
129	24	0.4476760158337889
129	113	0.40964120197598636
129	110	0.40343923753485916
129	43	0.3873173095113006
129	148	0.37537919643877105
129	152	0.3599861595265717
129	104	0.3588715217748481
129	111	0.3526351999677765
129	116	0.34730867810549065
129	119	0.3320406276401217
129	39	0.33026885871039613
129	1	0.328432311495496
129	10	0.32665580964255947
129	149	0.3201192781532423
129	142	0.31653359792379704
51	155	0.8591789095332167
51	154	0.7852041470719804
51	53	0.7152493847781674
51	157	0.7103153177522812
51	89	0.6418126466757005
51	47	0.6109338687068406
51	49	0.5997457438636481
51	153	0.5957288326161587
51	179	0.5918053670980599
51	50	0.5541702748663655
51	48	0.5495315859031693
51	122	0.5371634096568136
51	46	0.5301400950894694
51	119	0.5202773719170766
51	164	0.5030118159379764
51	149	0.5000928859967554
51	41	0.4877624208324029
51	173	0.48492231393338225
51	125	0.4616451578054424
51	82	0.4525242438500498
51	40	0.4283139521989863
51	44	0.4193309894038763
51	144	0.41472143020137564
51	152	0.3933609124532838
51	45	0.38803106477909105
51	27	0.3741414379680777
51	67	0.3708773562227157
51	191	0.3692893663723565
51	180	0.36242953347498186
51	20	0.35407917836728414
51	18	0.3490486451370989
51	146	0.348908130883956
51	94	0.3473174718417701
51	43	0.34609455714374926
51	17	0.34257764720070566
51	156	0.34223337140439647
51	87	0.33967049366581314
51	21	0.3391219113544714
51	145	0.3351955046206563
51	52	0.33374785527538964
51	124	0.32603035954246146
155	154	0.8323383105939621
155	157	0.7499934048195863
155	179	0.6683582450218883
155	153	0.7015976146602999
155	47	0.6911687171679382
155	53	0.651994402114021
155	89	0.58957866788384
155	48	0.5762766404852864
155	46	0.5704232411019778
155	122	0.5563076545413247
155	49	0.555913932314178
155	149	0.5451821255098469
155	164	0.5422872440437743
155	119	0.5267959581481076
155	50	0.49639427260241875
155	173	0.4852129035051064
155	82	0.4661029206580403
155	41	0.4522856449230497
155	156	0.44123231319773215
155	125	0.43059753961601394
155	152	0.42941565316372043
155	146	0.42512410605704715
155	191	0.4119520639654836
155	144	0.4041088107116372
155	180	0.4007398377064672
155	44	0.39834479718475474
155	145	0.3877677092218271
155	52	0.381137671610358
155	67	0.37940122031396933
155	168	0.375954642233161
155	176	0.3658037876612982
155	124	0.3657691396507844
155	45	0.35476119965677927
155	17	0.3540704320569611
155	159	0.353633037594616
155	87	0.34478235578696015
155	71	0.34374220544163175
155	171	0.34109395855509717
155	40	0.3401304168457264
155	177	0.33696960086438804
155	20	0.32828064055178835
155	120	0.32623589609334236
70	176	0.8564316196258766
70	112	0.7178185072864737
70	156	0.6047611682057495
70	71	0.5869563703286738
70	11	0.5694442369176081
70	177	0.5325872861719194
70	95	0.5314544996518643
70	0	0.5296510318537563
70	139	0.525081529018461
70	109	0.50966713932642
70	52	0.5008199429727994
70	98	0.4944399592268431
70	197	0.3848751436873715
70	142	0.3742188369982277
70	38	0.3560717180291128
70	106	0.3522586140693162
176	177	0.6950707559775022
176	71	0.6759832296434201
176	156	0.5967664590321813
176	139	0.5786561566637254
176	112	0.5581554935723776
176	153	0.4275297447163512
176	52	0.4241322802574494
176	98	0.4198088868022874
176	142	0.36595969116020594
176	197	0.3614736434568819
176	179	0.35897606262004145
176	47	0.34771312673521665
176	95	0.34753729539348877
176	38	0.3299035310445666
176	173	0.3274863223650282
176	0	0.3221282871696431
174	175	0.8548511551646949
174	166	0.7060082855618525
174	170	0.6719610098014263
174	183	0.6412241926680606
174	61	0.5992781165315539
174	167	0.5664635615593115
174	60	0.5438595517800812
174	81	0.5426401106093237
174	165	0.5393297928363538
174	93	0.526774283225012
174	92	0.5241465629225958
174	37	0.5208897257774785
174	171	0.5181152866642141
174	169	0.5091784169921314
174	199	0.49654497618395593
174	198	0.4934873995920015
174	63	0.4923821575875207
174	35	0.47714412312702076
174	173	0.47298607826835143
174	185	0.46596201418559313
174	140	0.4636571979532646
174	67	0.45156945966228146
174	180	0.4460033180952434
174	168	0.4454904799138846
174	181	0.42253995515435205
174	145	0.42215379229968575
174	141	0.41923208504495246
174	97	0.4175739586846839
174	187	0.41532569163470984
174	62	0.4135947070563084
174	32	0.413122100222483
174	172	0.4094081609083938
174	66	0.39270985964766825
174	69	0.3709463501744362
174	68	0.3652406319048723
174	194	0.36150841642628634
174	98	0.3608127660560383
174	79	0.36027336068639354
174	137	0.3597946541707314
174	191	0.35432404990571426
174	147	0.34768675359267115
174	190	0.347211942975184
174	182	0.3470360419892136
174	91	0.3302064926950017
174	146	0.32823602822850545
174	31	0.32600354815408994
175	166	0.7391576581756819
175	183	0.7657620182484389
175	61	0.637505492723648
175	92	0.6241714400947801
175	170	0.6009801022821413
175	180	0.5943659454027195
175	60	0.5858672096239241
175	185	0.5825671853608331
175	165	0.563577181631105
175	198	0.5615539653833598
175	81	0.5605741194974192
175	167	0.560155664898187
175	187	0.5562593161334869
175	169	0.5214578604695441
175	93	0.5166066721350925
175	199	0.5100519617951111
175	194	0.5078438680797344
175	189	0.5011420207281047
175	37	0.4968462935554855
175	171	0.49681616720635174
175	63	0.4872364032851147
175	172	0.4856256622726779
175	182	0.47246580307690184
175	91	0.4694307994630181
175	140	0.4621092927463371
175	69	0.45120318449409713
175	191	0.4430022831134954
175	97	0.41216791767027966
175	173	0.4103316881416981
175	35	0.4101487134877291
175	147	0.39633212666601386
175	68	0.39583468710570924
175	141	0.3920753386550518
175	168	0.3855904839970599
175	74	0.38328953013605266
175	67	0.3818212502946809
175	98	0.37705319536227294
175	87	0.37673575366205725
175	190	0.37214446597517614
175	181	0.3698333237267079
175	145	0.36581244950550185
175	86	0.3653012923035347
175	96	0.3618821623208546
175	193	0.3618821623208546
175	62	0.3571976449115228
175	137	0.34908377124838447
175	32	0.3450819032038987
175	80	0.3445356169378731
175	179	0.34214508075114014
175	146	0.3389714533059345
175	159	0.329983733392455
175	192	0.3162006305445947
111	113	0.8544737824712498
111	13	0.7880252663445667
111	102	0.7464457062584129
111	110	0.740867653990785
111	8	0.68055654075254
111	10	0.6285224564524313
111	1	0.620353789833448
111	0	0.5948249293117588
111	112	0.5377607625762799
111	109	0.5115227625084504
111	11	0.48624439460487445
111	106	0.44862701631412694
111	104	0.4472441349308804
111	52	0.39573348451099727
111	7	0.3550933297732417
111	156	0.3259409862084517
111	139	0.31984999520619556
113	13	0.6992441480865158
113	110	0.6442583659931164
113	102	0.6418538101831447
113	112	0.6060028521098875
113	0	0.6009609372491131
113	109	0.5978213721072961
113	10	0.5900938214606163
113	11	0.5888475007456508
113	106	0.5387764439351292
113	8	0.5084447174174102
113	1	0.47024122362874277
113	104	0.46726058835587597
113	52	0.39377501352781685
113	5	0.391415040853024
113	124	0.3790501832955012
113	127	0.3714464338329891
113	138	0.36979016176297425
113	143	0.36070838383930487
113	156	0.35224109566852213
113	7	0.3459449111858325
113	26	0.3425335144170153
113	139	0.32389274490724934
32	35	0.8543117746988127
32	141	0.7468572419450299
32	62	0.7365701133821334
32	140	0.7215927047125217
32	31	0.6782629548233705
32	137	0.6542765830787994
32	37	0.6535553669856458
32	167	0.6225328041054351
32	36	0.6157682708061629
32	166	0.5845389851232297
32	114	0.5467684430658769
32	79	0.5446899942644003
32	150	0.5229633623722199
32	169	0.49740341500186447
32	63	0.4897413350833782
32	38	0.4737464840431708
32	61	0.47321893047153996
32	33	0.46650985098725073
32	146	0.46514742515164115
32	147	0.4641123882535283
32	68	0.43911188151040653
32	171	0.43298126164340645
32	165	0.43289187939169727
32	67	0.42143035189712413
32	69	0.4156070034533764
32	145	0.4107391038668523
32	134	0.3768043972068257
32	49	0.36947071363248724
32	64	0.3483459170233151
32	65	0.3445532427205898
32	97	0.34231282782559924
32	42	0.34223337140439647
32	199	0.34021000242621685
32	139	0.3255476743390474
32	93	0.3223344055691173
32	41	0.3221730981161923
35	62	0.8134690981908197
35	37	0.7913001723163873
35	31	0.6920764019393982
35	140	0.7225451506692606
35	137	0.7018970695328176
35	141	0.6956801703032212
35	167	0.6777280360402167
35	69	0.6281775059812034
35	63	0.601395174976735
35	169	0.6009226051098779
35	150	0.5965346161083931
35	61	0.5910901587477514
35	166	0.5738135368452382
35	68	0.551622178200179
35	146	0.5498386382558508
35	65	0.5401872721195016
35	171	0.5363233601227753
35	67	0.5358672949999131
35	36	0.5340970874296137
35	165	0.5172222236108919
35	147	0.498215775319723
35	33	0.47663422252504334
35	114	0.46591504010828116
35	79	0.464339891537304
35	64	0.45771747950383795
35	60	0.45667339627282727
35	49	0.45488287569275987
35	42	0.4445602152497642
35	145	0.436444329232541
35	92	0.434450782661763
35	134	0.4237467508834181
35	93	0.3989167407390345
35	38	0.36939299682317034
35	45	0.35996875120193994
35	168	0.3456719820681475
35	164	0.32714703412940954
109	112	0.8410936479451112
109	106	0.7544952085675546
109	11	0.8077427625902975
109	0	0.7835497171643955
109	5	0.5490567583175374
109	52	0.5017333832566554
109	156	0.4838814316438837
109	101	0.4554616329508773
109	95	0.4342073751892617
109	102	0.42009716060804586
109	13	0.35654316231765515
109	118	0.3275041773022542
109	10	0.32102548373451906
112	11	0.759397392964233
112	0	0.7112257587513076
112	106	0.6893572835716922
112	95	0.5492174014637112
112	156	0.5225927438021621
112	52	0.49129049819480036
112	5	0.4791651057694745
112	197	0.40911678443290067
112	101	0.376830137469234
112	13	0.3315511763428529
112	139	0.3224060917628892
4	107	0.8404488205470796
4	8	0.5184297858940631
4	1	0.5067819023002033
4	134	0.3266111441139826
4	114	0.32623589609334236
4	2	0.3174780804736717
107	1	0.7158642374189851
107	8	0.7072249679173903
107	110	0.5602105604885504
107	102	0.5302263637784658
107	134	0.4839197236554176
107	104	0.4816112447803517
107	114	0.4175987273340651
107	2	0.41218451988557225
107	13	0.3754908727480713
107	100	0.35361553859735956
107	30	0.3519169607411728
107	172	0.3247070397509768
154	153	0.7181140671534895
154	48	0.6741708111228976
154	46	0.6703012721327212
154	157	0.7194818872200156
154	47	0.7086914231413982
154	53	0.6798526495544863
154	149	0.664176510858648
154	119	0.6633541703106817
154	49	0.632852473122558
154	164	0.6215089442660198
154	179	0.5783700679636405
154	122	0.5201387890427611
154	89	0.5198542436363256
154	17	0.5115449125024399
154	152	0.5050110201040369
154	44	0.4909642168184212
154	82	0.48247099734834487
154	120	0.47957331448833324
154	50	0.4752109874791877
154	146	0.46447322704988164
154	173	0.45694244728629674
154	125	0.45667339627282727
154	124	0.4435165365867666
154	18	0.43141177449594303
154	156	0.4238698088643495
154	20	0.4101320777906125
154	45	0.40890860728087214
154	41	0.40369037816581477
154	144	0.3958431202213326
154	118	0.39241379632816553
154	52	0.3686155446337195
154	43	0.3614562565950846
154	67	0.34540780141587407
154	168	0.3406785741853114
154	159	0.3405636571423062
154	27	0.3377583059455703
154	171	0.3355327663559473
154	191	0.3337389691220416
154	40	0.3298589721265862
154	145	0.3281824915076225
11	0	0.7759059228860193
11	106	0.6525172537566705
11	52	0.5298740308651808
11	5	0.5038330382381069
11	156	0.4765028325110169
11	13	0.37797927524522024
11	124	0.35203961632071434
11	10	0.33924580495765033
11	102	0.3342098534864054
11	101	0.3336501043265245
95	197	0.8280812158964155
95	96	0.6512924620903718
95	198	0.5975899828601562
95	98	0.5761230019204477
95	97	0.5402864123008025
95	190	0.5342328743057664
95	199	0.4840039595582186
95	181	0.4735060238131996
95	101	0.4578834674354076
95	106	0.44074093943665826
95	85	0.43428040409117247
95	83	0.4066909690156156
95	192	0.38994061614363784
95	99	0.3871047926124214
95	182	0.37104983342416653
95	193	0.37030799994771196
95	87	0.36957432800510487
95	79	0.36664369133639374
95	81	0.36159534444996067
95	191	0.3342276194431286
95	0	0.3314354617597445
95	177	0.3199666908307495
197	198	0.621122145087445
197	199	0.5968759057925942
197	190	0.5521367956388569
197	181	0.5451821255098469
197	96	0.5254363395009564
197	98	0.4712531396097851
197	97	0.46025911768828404
197	182	0.44593121790769263
197	192	0.39897559967572843
197	83	0.39783988371401846
197	193	0.3934623397282003
197	101	0.37998318728649927
197	87	0.3773877002023954
197	191	0.3670763981775198
197	78	0.36307215818372923
197	183	0.3599078200918377
197	79	0.35456887286119554
197	177	0.3540092061505413
197	85	0.3323164214398106
136	138	0.8272307564397037
136	143	0.68696728919811
136	33	0.6702351832725555
136	127	0.6489947621005603
136	34	0.6322886099745512
136	22	0.6308519370916473
136	149	0.6256342300422132
136	124	0.6196212075728622
136	120	0.6114663379075127
136	17	0.5828643843920339
136	44	0.5639319156361158
136	150	0.5609031941213458
136	18	0.5592285597731385
136	24	0.5428728976798229
136	20	0.5360027219958214
136	144	0.5252698185495558
136	130	0.5110426790519786
136	40	0.48612221447821846
136	42	0.48258607227994194
136	125	0.4819107282511427
136	118	0.477429836063004
136	14	0.46676799286183757
136	119	0.46336668998793024
136	48	0.45969934015936487
136	2	0.4512748589950923
136	27	0.4468600656212492
136	146	0.4455305559327923
136	26	0.41966059870866906
136	140	0.40659081183344725
136	117	0.4016627788297332
136	137	0.38528396626947237
136	104	0.3840911448723697
136	43	0.37405543293212007
136	114	0.3697642638185899
136	135	0.3513035016037785
136	21	0.3505055536078045
136	134	0.3473174718417701
136	49	0.34404199643350947
136	16	0.34043988894662114
136	39	0.33817462190983283
136	7	0.32267488205053585
136	186	0.3184488915099904
138	127	0.8149857422280274
138	143	0.7229702335706776
138	22	0.7183948512419048
138	34	0.7160055942034047
138	124	0.6640703122414863
138	24	0.6153397164786648
138	130	0.6007884208538761
138	125	0.5696604321581993
138	20	0.565804454144083
138	144	0.5569770992263718
138	18	0.5534215000818918
138	33	0.5525259564479602
138	118	0.539606292779797
138	17	0.5368218229826371
138	120	0.5102664856866992
138	26	0.5059788372034878
138	40	0.5044148082607289
138	27	0.5041911047052621
138	149	0.4888742764715538
138	14	0.45965201826319146
138	21	0.4360232852134183
138	44	0.42974183799750165
138	150	0.4292117307268927
138	119	0.42106843036786457
138	42	0.4066241986469078
138	43	0.390567915291919
138	104	0.37743915374868164
138	117	0.3760662623311078
138	48	0.37484643643057447
138	16	0.3551282856258055
138	186	0.3437333869983573
138	39	0.3371202889837687
138	2	0.33477824624807834
138	53	0.3199936192117586
87	191	0.8254228223501647
87	190	0.7099435306454087
87	82	0.6171198624943359
87	192	0.6948846338211316
87	83	0.6620699104102971
87	89	0.6576719586788462
87	179	0.6447319130072418
87	193	0.6370244391578139
87	180	0.5608552151051356
87	159	0.53244400075491
87	183	0.49148771774647226
87	88	0.46232947165193805
87	91	0.4565309236693009
87	94	0.4450575451616328
87	189	0.4407812259200448
87	93	0.4402251156549494
87	194	0.4378194853940403
87	90	0.436314797572712
87	85	0.4298478239296958
87	160	0.4026770724605306
87	96	0.40048798516107575
87	97	0.39293819575211963
87	198	0.39199917104395404
87	173	0.3901271483280979
87	122	0.3791614995342074
87	81	0.3725234676300712
87	92	0.3474229919122383
87	54	0.345522286423101
87	177	0.331889361769417
87	182	0.3239285481829653
191	179	0.7847051472096467
191	192	0.7045961257534488
191	190	0.7033805221568264
191	89	0.6888321351962976
191	83	0.6811680668307409
191	183	0.5466212068655485
191	180	0.5453437438248768
191	82	0.5314544996518643
191	159	0.5247700142654944
191	193	0.5082815726977739
191	177	0.5077102788405138
191	173	0.4813884789969285
191	97	0.4740721562168014
191	122	0.4440947228724045
191	93	0.4374071531708911
191	198	0.4265813015278934
191	170	0.4023670213451369
191	189	0.3991269361305299
191	54	0.38971164653708545
191	71	0.3633239034664841
191	194	0.3589325050289479
191	60	0.3548835738068463
191	178	0.3442183113201515
191	153	0.34249820710161644
191	50	0.3414120352516194
191	96	0.33753680741525155
191	165	0.33050047866104537
191	81	0.32985006016660456
191	185	0.32211036238683177
96	198	0.8233080630055774
96	98	0.7176294070872753
96	85	0.6732588106729968
96	97	0.6893467876962739
96	81	0.6600938878624323
96	61	0.5718315103459853
96	194	0.529449550439219
96	90	0.5149478926279406
96	185	0.49540642432175414
96	190	0.49522530539669896
96	183	0.48012752981995077
96	187	0.4760930681880157
96	92	0.47424269465754826
96	182	0.46399469010697536
96	93	0.4571164945789486
96	193	0.45647551133246883
96	80	0.4465398819747104
96	76	0.4441669701735319
96	88	0.44127257801168124
96	166	0.42652403783053033
96	160	0.40296190285297484
96	199	0.39800821500337913
96	192	0.36159534444996067
96	68	0.3583138185712131
96	74	0.3521622598105574
96	63	0.3519695288982967
96	177	0.33849341273858724
96	91	0.33653516793855365
96	83	0.31815232555503914
198	183	0.7174499064613322
198	97	0.7087312414011459
198	199	0.6514709296718673
198	98	0.6711099980985604
198	81	0.6353219304054657
198	166	0.6351787807304045
198	185	0.6183566604906836
198	182	0.6009226051098779
198	190	0.5879518144264049
198	187	0.5872250533644042
198	194	0.5758156026243565
198	61	0.5409375318146245
198	85	0.5344900791130042
198	193	0.5157410661623798
198	177	0.42691663450113193
198	93	0.4233446524668828
198	160	0.4204347449776696
198	192	0.3961045136865035
198	181	0.38405704538879837
198	167	0.38351131120478404
198	80	0.381137671610358
198	92	0.36698121629364205
198	83	0.36187347187639984
198	63	0.35780817904458273
198	76	0.3501458721377891
198	74	0.3256996491078224
1	102	0.8171901214558717
1	8	0.7763830424157556
1	110	0.7032137490246926
1	13	0.6794706269519584
1	134	0.5217199206749273
1	104	0.5104291856045937
1	114	0.4914953021074288
1	10	0.46017241552912885
1	30	0.43976546531234156
1	2	0.4058309685432894
1	100	0.39194838965064505
1	0	0.3339166809178997
102	110	0.8069419074192337
102	13	0.7016128471632959
102	8	0.6607423128201185
102	104	0.6523277199440316
102	10	0.6084458937188136
102	134	0.5807144447054006
102	30	0.5268465303044341
102	0	0.5267815082754974
102	114	0.5085040337221052
102	100	0.50394495261978
102	2	0.4543434134420609
102	7	0.43189184373648803
102	124	0.3599078200918377
102	52	0.3434864459774606
102	22	0.33557713649966353
102	148	0.32151871504921936
102	20	0.3205589957320337
166	167	0.8158235291216183
166	61	0.7274642352585835
166	140	0.6357451593166265
166	169	0.6178684904383714
166	141	0.5897873955352773
166	37	0.5799982033852529
166	63	0.5676915066579166
166	183	0.5606769743464654
166	185	0.5534145627970672
166	165	0.5332030656507157
166	97	0.5143377241836047
166	81	0.514300950402654
166	199	0.49655251057741023
166	147	0.4936538049641646
166	187	0.48147298368638525
166	137	0.46657243813602994
166	98	0.46292681275827535
166	92	0.4437574924436979
166	69	0.42170992662300766
166	172	0.41041484751969887
166	60	0.40483648027798347
166	171	0.402844629199108
166	68	0.3952948288785562
166	62	0.3946871617953004
166	31	0.39039841071286024
166	170	0.3888292393896511
166	79	0.37420163766426295
166	93	0.34838106273846536
166	76	0.34559273362363124
166	182	0.3368366264209197
166	181	0.3354883947234423
166	168	0.31715432872475685
167	63	0.740957863646753
167	169	0.7213193890632039
167	61	0.6151159783933589
167	185	0.6022944484457396
167	31	0.5992781165315539
167	141	0.5898917298212702
167	147	0.5690048477248436
167	37	0.5541910613799748
167	140	0.550222244819764
167	137	0.5240522713487133
167	165	0.5094672471841798
167	69	0.48611457758916804
167	81	0.4832225190740533
167	62	0.4786950239383641
167	187	0.448555127369681
167	134	0.43825587179308345
167	68	0.4317860867726689
167	76	0.416962802274138
167	171	0.4109967720003931
167	60	0.40649899249690813
167	77	0.40089931300267856
167	92	0.39680405754692283
167	79	0.38402294485751903
167	97	0.3833236531783178
167	172	0.37862194168938657
167	93	0.36593370866982416
167	183	0.3519344837068926
167	146	0.33931659601895925
167	65	0.3299035310445666
167	168	0.323427217928493
167	64	0.3224956943049494
127	22	0.6972096121481087
127	130	0.6774034932826274
127	34	0.6768186511741282
127	143	0.6731549200956185
127	124	0.6271775719795497
127	125	0.6119794898093415
127	24	0.611891914952184
127	26	0.5653895931651247
127	27	0.5370780294970927
127	21	0.5270632258683934
127	118	0.5195038754844766
127	17	0.4609760442214646
127	18	0.45225382683961624
127	14	0.4479638204643379
127	20	0.42792192899676135
127	144	0.4238287912758212
127	120	0.40913343676577735
127	43	0.40854211211439856
127	104	0.38192375110168936
127	16	0.37410703672588297
127	186	0.36036037786166447
127	117	0.3590283296654097
127	40	0.3509440496520588
127	39	0.34384802203183223
127	33	0.3415887107498726
127	152	0.33608285086408446
127	10	0.3311861964842475
127	42	0.32650394089358037
127	84	0.317585981282627
62	137	0.8054366612582428
62	67	0.6853214620623473
62	165	0.6842167932378943
62	31	0.651850652861186
62	140	0.6514191239280116
62	49	0.6371848455278233
62	145	0.6120170172975764
62	37	0.5921950885122428
62	171	0.5912332748679768
62	45	0.5876114678159953
62	141	0.5708076479496508
62	36	0.5703692692530685
62	33	0.5667622994561218
62	60	0.5509330462434596
62	146	0.5312679092835053
62	164	0.5099261769002957
62	38	0.5020326286289887
62	41	0.49800524726493095
62	150	0.4930409522472804
62	147	0.4802967969999807
62	65	0.47579914757904757
62	63	0.4167975600920687
62	44	0.40808380784203746
62	42	0.3981260309622793
62	135	0.39423118475281804
62	64	0.3917198438259338
62	169	0.39011019217963633
62	61	0.38714729928363606
62	170	0.37749917994061233
62	79	0.3583661141193026
62	40	0.35442897997981976
62	173	0.34975975761426853
62	69	0.34795924952916824
62	149	0.3384225770437825
62	114	0.33783803626110204
62	93	0.3293687270523851
62	66	0.31900590745049817
16	117	0.812247761902765
16	118	0.7377845865141621
16	17	0.6819391644351966
16	120	0.6259505896337999
16	26	0.5828445759723891
16	124	0.5585202707248127
16	125	0.5533243711070149
16	21	0.5368360592763955
16	18	0.5308227549795921
16	14	0.5023840883970043
16	22	0.48872206120239636
16	152	0.4874194060468106
16	27	0.47725224259192217
16	130	0.4483793744033434
16	122	0.4183909963249905
16	46	0.41821774182045035
16	119	0.41820123980401525
16	48	0.40693297517869137
16	20	0.39687145913035454
16	43	0.390432313746651
16	148	0.3773962759552686
16	116	0.36947071363248724
16	149	0.3662021668889382
16	34	0.36014282316715696
16	143	0.3390334087205242
16	156	0.3239733009728763
16	52	0.3230690136725136
16	151	0.3164886068877065
117	120	0.7201516776261849
117	17	0.7113542160534793
117	118	0.7073299172264639
117	124	0.5736525375502874
117	125	0.5408950872418832
117	26	0.536430205114462
117	21	0.5152270728782495
117	14	0.4982533634354031
117	18	0.4784868672496629
117	119	0.4715642491400186
117	130	0.46295824012695697
117	27	0.46197558489346136
117	20	0.4420775010647977
117	22	0.43487253865206543
117	152	0.4237139327795284
117	43	0.4088752949859868
117	122	0.39458585035210986
117	148	0.3467985369247229
117	48	0.3397235700213851
117	149	0.33929004982131017
117	116	0.3316846807749388
117	33	0.3307231526163454
117	34	0.3292260769374222
117	143	0.32631631504453484
117	46	0.3231854402156753
117	151	0.3208729951654314
68	69	0.8108823185788505
68	172	0.6943101707273697
68	92	0.7272099056501631
68	91	0.6757550852809333
68	86	0.6738160848115441
68	76	0.6575016848102196
68	80	0.6065277792111553
68	77	0.5861035932180969
68	84	0.5405200405332746
68	42	0.5218581905486459
68	61	0.5162326836843877
68	37	0.5126515452376864
68	146	0.45778862109680435
68	150	0.4426083606370232
68	31	0.4407087089714917
68	147	0.4386193693871952
68	90	0.43471845760657857
68	169	0.43298126164340645
68	94	0.42976629734073846
68	93	0.42634404394972286
68	65	0.4258857253493797
68	189	0.4217839182809373
68	81	0.4214879179509194
68	63	0.42082158878102566
68	98	0.41038990042295853
68	187	0.4074668556178992
68	79	0.40262680017546226
68	88	0.39268448597975714
68	182	0.37209277431124554
68	73	0.35337052665031204
68	185	0.35203961632071434
68	168	0.3416240429531981
68	134	0.33128412764353166
68	85	0.33060736675337704
68	194	0.32779874998978226
68	140	0.31883523241385425
69	92	0.7462906791803263
69	86	0.6972661366760821
69	91	0.6635109303386325
69	37	0.6060344891784151
69	76	0.5963928852908726
69	61	0.5914608828845224
69	94	0.5720468337290613
69	42	0.5580108995128008
69	80	0.5576320401669842
69	172	0.5266297662304652
69	77	0.5043402479299232
69	84	0.5032732125968992
69	150	0.5012318781249225
69	169	0.45395447657414145
69	81	0.45225382683961624
69	63	0.4332737258451688
69	93	0.42629494884852626
69	146	0.4047194186046382
69	147	0.3994883740828232
69	65	0.39753681988790135
69	90	0.39703152073742676
69	140	0.3842019609575094
69	60	0.3827092783779408
69	189	0.36680813863532225
69	187	0.3604821913710513
69	31	0.36036037786166447
69	141	0.3530204254744514
69	20	0.343080654041171
69	185	0.33910421130783946
69	79	0.31870047435583665
186	188	0.8098524066602424
186	116	0.7855873005379931
186	75	0.7593042479723386
186	148	0.7281884488643297
186	43	0.7122520874460679
186	77	0.701369050159393
186	14	0.65931447740747
186	184	0.6227165056641941
186	187	0.5268826509895765
186	73	0.5261164850237914
186	76	0.5243133549997836
186	152	0.5191971599759458
186	182	0.4790803572147203
186	185	0.476270915850108
186	20	0.42845275510786107
186	172	0.42793826651338923
186	17	0.4193474724960632
186	124	0.4108388541564387
186	42	0.4004292108573217
186	22	0.36660041192284354
186	80	0.35441149225389595
186	147	0.35060203593173833
186	189	0.35039151945100244
186	134	0.3460241377095557
186	34	0.3362957252857363
186	120	0.32366895341835267
186	78	0.31892506395886583
186	125	0.31698342993353146
186	119	0.3162816297838069
188	77	0.7498402361569658
188	75	0.7534379507262015
188	116	0.7251965144079295
188	76	0.6287885650325258
188	148	0.6248058544572981
188	187	0.6072668395510519
188	184	0.5822037304311806
188	43	0.565546049776636
188	185	0.5292696058316851
188	80	0.5034076093137865
188	182	0.48693893250609316
188	73	0.46215647873806875
188	172	0.45485115185277547
188	14	0.4108721020674762
188	189	0.4066492380442838
188	147	0.3718687504318008
188	152	0.3526264434527408
188	84	0.34706242869405834
188	42	0.3366061055550214
188	86	0.33560375787121366
188	20	0.3261554724196125
188	134	0.32426863301694037
22	34	0.8040977369298464
22	24	0.6333198505614835
22	124	0.5794604331711025
22	17	0.5439722166613701
22	143	0.5432888849129289
22	130	0.5426542212903885
22	27	0.5421248611479198
22	125	0.5095190763544097
22	21	0.5038181150423413
22	26	0.5031761331564207
22	118	0.49352522216804406
22	14	0.4885926548252333
22	20	0.4883490080298104
22	33	0.470708415671865
22	18	0.462494568426924
22	120	0.4577332892532869
22	104	0.4020065756683699
22	152	0.36876243626603594
22	48	0.3659770125035143
22	40	0.35672645275567566
22	116	0.3525563891093389
22	43	0.34018347444084474
22	110	0.3221282871696431
22	39	0.3201372285112698
22	149	0.3170913684078661
185	187	0.8094390382424577
185	184	0.6691652709443373
185	76	0.6581370311928935
185	182	0.6544824265606423
185	194	0.6509986972934738
185	81	0.6457708106008799
185	73	0.6222264823293786
185	183	0.6181960495619339
185	75	0.5842953561977212
185	63	0.5835704317327107
185	77	0.5817275829710671
185	74	0.5639864716382917
185	80	0.5263406409053561
185	169	0.5124598507089339
185	172	0.47548964262221155
185	61	0.4713075922469165
185	193	0.4712298016654976
185	92	0.46306037103650344
185	93	0.45970722688827587
185	147	0.45702156403083993
185	116	0.44614750110583257
185	190	0.4205829159952843
185	189	0.41124606575125777
185	90	0.3905170666981776
185	85	0.37950394220242195
185	199	0.3775163296985127
185	88	0.3690993533580146
185	148	0.3589063697238265
185	97	0.3421803977375288
185	134	0.3397412616590969
185	91	0.33613607268984536
187	182	0.7933473841040942
187	76	0.7299918890575421
187	80	0.7155374299978553
187	184	0.6690879532038512
187	75	0.6343249422454745
187	194	0.6224838054326522
187	183	0.6224225502286218
187	73	0.6210668633420103
187	77	0.5884161824912608
187	172	0.5664160213419634
187	189	0.5639319156361158
187	81	0.5604438118552955
187	74	0.5129684663650691
187	193	0.5027353822304852
187	147	0.47857167832037834
187	91	0.47083295566526506
187	88	0.45130671246015414
187	92	0.43832858278612086
187	116	0.42363188265290674
187	199	0.4214385758270508
187	86	0.417994941308985
187	61	0.4063403761199825
187	90	0.40134403673027813
187	85	0.3839376889459983
187	63	0.3744510028055147
187	98	0.37398662427055906
187	78	0.3692030006468615
187	180	0.36381855854497186
187	148	0.3449761886091732
187	169	0.34221571375714815
187	160	0.33544402160229564
110	104	0.8027861614970809
110	10	0.7922701689754608
110	8	0.764268917891203
110	13	0.7064994668168377
110	7	0.6280443011099502
110	2	0.5729812299105634
110	30	0.5375545945549808
110	134	0.5001903675824249
110	114	0.46688530379353554
110	0	0.41870442708818617
110	100	0.40912511063340345
110	148	0.40203172708642493
110	135	0.38825189478711947
110	52	0.3573023296049415
137	140	0.8014667713196788
137	165	0.7643105040148808
137	171	0.6788510754958326
137	146	0.6470689845232741
137	141	0.6353398210458131
137	164	0.6273049513424597
137	31	0.6098358662515471
137	33	0.6071658334201929
137	145	0.6053570373868812
137	150	0.5932718752566505
137	147	0.5804559055787734
137	49	0.5574183988251067
137	45	0.5284772838113181
137	67	0.49188200564946793
137	149	0.4879300621610685
137	135	0.47631730448532167
137	44	0.46387697557588786
137	37	0.44173147129046164
137	169	0.43541567385675684
137	36	0.4248864886154164
137	41	0.40607317738594484
137	114	0.4056555403378425
137	38	0.40465252026339993
137	42	0.39391019560784657
137	134	0.3759117085207911
137	60	0.37437361941767294
137	65	0.37167915792494377
137	168	0.3698419559279096
137	153	0.33789118711133087
137	139	0.31610162521364693
34	24	0.6106831035166089
34	33	0.5626894367361573
34	143	0.5166286653206202
34	40	0.5040046333723661
34	124	0.5031910692816891
34	130	0.5031462600040175
34	125	0.49058464660345347
34	17	0.4861909431384184
34	21	0.48049679391699135
34	27	0.46202277829881044
34	20	0.45052597159731245
34	18	0.43357421899405757
34	14	0.4291872570930627
34	120	0.4254189979306777
34	26	0.38852362436717885
34	42	0.373246671218809
34	118	0.3731605993142483
34	39	0.3585404163698247
34	44	0.3538430062520728
34	48	0.339175010053746
34	144	0.3329300810305716
104	2	0.783047340926663
104	134	0.6801805717498465
104	10	0.6713902039682272
104	30	0.6593879606833241
104	7	0.6376894682507696
104	100	0.6215334927210112
104	8	0.563631769630652
104	13	0.4623845074728954
104	114	0.4574486694798749
104	135	0.3854883208729367
104	24	0.35328301063095613
104	149	0.3413590278965111
104	143	0.34092605324236197
104	14	0.3275309592695254
104	57	0.3227196753738392
104	148	0.3195267874510746
104	124	0.31582257315146817
27	130	0.8019669212182388
27	125	0.7819618205114095
27	21	0.6975897010574944
27	26	0.6306351585691093
27	118	0.6139584192069812
27	143	0.5842755978832846
27	124	0.5806879332602431
27	53	0.5749660676106361
27	24	0.5695591004514546
27	17	0.5562869385417919
27	18	0.5375830353457416
27	39	0.5010446630181901
27	40	0.47816296104155925
27	122	0.4765569368598098
27	120	0.4616923695225787
27	144	0.45169682406267087
27	149	0.44668397877514493
27	20	0.442149909257174
27	119	0.4329487599914369
27	41	0.4064572537201494
27	43	0.3925914440827685
27	48	0.3881244982988566
27	44	0.3879376232828612
27	157	0.3776106487376539
27	142	0.37140333165517786
27	152	0.37014404273671503
27	52	0.3643997329496729
27	14	0.3525651461183902
130	125	0.7579288682793427
130	143	0.6717964361098402
130	21	0.6589468720474201
130	124	0.6162212725852534
130	118	0.5940424847412009
130	26	0.5768640990252413
130	144	0.5192482885192917
130	24	0.5147200593782987
130	17	0.508785720263946
130	39	0.5058077006447164
130	40	0.50520468527697
130	18	0.4823559057594473
130	120	0.4515535378180252
130	53	0.4320626568231094
130	20	0.43171286345757953
130	142	0.4150360229396862
130	43	0.41339574184990824
130	122	0.40420084318784283
130	14	0.3878866518324713
130	149	0.38071022314998354
130	119	0.3756111273502825
130	41	0.3664965348570197
130	42	0.34852163580320694
130	52	0.33141765863104133
130	44	0.31621863077398343
130	152	0.31609262438757013
140	141	0.7856638590269437
140	150	0.7149806490133993
140	146	0.6220119436444203
140	171	0.5998033682069411
140	37	0.5911812369495887
140	165	0.5902502287344711
140	114	0.5587541650364415
140	33	0.5274458872472376
140	147	0.5189999150668599
140	169	0.4962435390945531
140	145	0.4904023867385348
140	31	0.47418843628576285
140	168	0.46752631309479303
140	134	0.4460433712540303
140	164	0.4217921392295252
140	36	0.4024256867472989
140	61	0.3873938055217112
140	49	0.38700276988814847
140	172	0.3792299963809337
140	42	0.3565257046537012
140	139	0.32944896113552236
140	67	0.3182422006051183
140	135	0.3170643845592614
140	44	0.3170014202495794
71	177	0.7966590483414219
71	179	0.4586181731018162
71	98	0.4563884276483166
71	97	0.4344994565439669
71	153	0.4077837154302942
71	47	0.3672407851448535
71	67	0.35982947558184375
71	156	0.32684338892851633
71	50	0.3234451257093474
177	97	0.5964830819330067
177	179	0.5621561659266678
177	98	0.46691658393387336
177	170	0.40276085420408403
177	89	0.3830847699115349
177	183	0.35151386446739163
177	67	0.346860116583956
177	153	0.343080654041171
177	173	0.3405106150747918
177	165	0.3392281065918944
177	83	0.3332234707812692
177	66	0.32535097613801844
177	50	0.31862859812281924
76	77	0.7963665945264732
76	80	0.7599936291444024
76	73	0.6823775855365136
76	75	0.6659722242439361
76	184	0.6225695499073318
76	86	0.60793550948059
76	172	0.5868252584951708
76	90	0.562327137006272
76	182	0.5524495331460045
76	84	0.5370780294970927
76	91	0.5327233790475236
76	88	0.5274531052175266
76	92	0.5210645856487298
76	74	0.48751089137407777
76	81	0.48427957798233234
76	116	0.4811425962861554
76	194	0.4703113192492309
76	189	0.4504622071913334
76	85	0.44036215971157194
76	42	0.43246922988699876
76	61	0.42109311109739733
76	43	0.41173616401661817
76	63	0.40134403673027813
76	147	0.38999149173222214
76	169	0.3897201277523584
76	134	0.36604629534099803
76	55	0.3595508762323899
76	148	0.35353679004679045
76	37	0.34595371437656225
76	158	0.32993917712056503
77	75	0.7339331474347403
77	43	0.6932001456724483
77	116	0.664226806112687
77	73	0.6493592606742309
77	148	0.6294713058161305
77	80	0.5953158066184802
77	184	0.5940877808044245
77	172	0.5856570071468027
77	42	0.5815025968537907
77	147	0.5313827402269365
77	84	0.526716480080836
77	86	0.5037882677485748
77	182	0.49147254880090113
77	14	0.48206426586081047
77	134	0.4741961877022751
77	189	0.44302639526235077
77	31	0.41922384256580897
77	152	0.41417479660898887
77	20	0.40430123291945114
77	91	0.39962283093367973
77	169	0.386228789268037
77	78	0.3815735012343091
77	88	0.36664369133639374
77	92	0.3634367375828075
77	63	0.3620994029875968
77	74	0.3553467372018581
77	30	0.3523724776573947
77	146	0.342153910088368
77	90	0.329547018553607
38	142	0.7960371382618491
38	36	0.7591432878549356
38	41	0.6633037707898459
38	139	0.6854858308300219
38	135	0.6682531051929507
38	145	0.608162409002161
38	181	0.5423366568861229
38	199	0.5312607317012877
38	79	0.5081925692884034
38	45	0.47052157050657056
38	52	0.465233620906999
38	39	0.4635472877391001
38	156	0.46313892490800057
38	78	0.4611020351016496
38	40	0.4363714698995506
38	114	0.4349292989353874
38	44	0.42547632753068093
38	141	0.41925681206772036
38	173	0.41481250672104253
38	67	0.39290437123752714
38	31	0.39228688714711246
38	49	0.37824495492299226
38	50	0.3678375764274852
38	7	0.3508212862628676
38	165	0.3430365385012072
38	164	0.31698342993353146
142	139	0.7361810250757821
142	135	0.7027888862028695
142	52	0.6553276533030795
142	156	0.6380749872918978
142	39	0.6201261279534879
142	41	0.6039931472181422
142	36	0.5932848356725083
142	143	0.5507867700385498
142	145	0.5195476810623956
142	7	0.5060755489456301
142	122	0.46226656920876863
142	44	0.45607168600107695
142	40	0.4417073247712624
142	78	0.432347276421965
142	181	0.41370246338631145
142	149	0.4038745093070975
142	199	0.3986139857172319
142	13	0.3889480665755503
142	144	0.3834857233381694
142	45	0.34332767309157786
142	114	0.3344585552633756
142	164	0.32056796812257426
142	49	0.3159846100366469
17	120	0.7948250866098936
17	119	0.7722183800196404
17	124	0.7592915439711859
17	118	0.7021455808893787
17	20	0.6883430974836834
17	14	0.6836206675970457
17	18	0.6428816960181938
17	125	0.6377725301346419
17	149	0.63512508834868
17	43	0.6182516514962105
17	152	0.5810457338524517
17	48	0.5575562404019128
17	53	0.5201241997781916
17	33	0.5164820312070643
17	21	0.5103256535203508
17	26	0.5002578474081504
17	44	0.4934344448497621
17	146	0.4768505831934345
17	164	0.44658791681571275
17	46	0.44593121790769263
17	116	0.4450495258881278
17	122	0.438546681343585
17	42	0.4297499911819906
17	143	0.4267285353317831
17	49	0.4125496993581122
17	144	0.41172785924911237
17	148	0.3954888718927688
17	159	0.3845599064949862
17	40	0.3837927388719181
17	24	0.36280299252865433
17	150	0.3494086412656656
17	151	0.34272768735565023
17	52	0.34203912399209263
17	168	0.3378291775765618
17	7	0.3279415501757289
17	134	0.32582479216413784
17	172	0.3229257060400309
17	157	0.32232544453492323
17	153	0.3219131745352606
17	156	0.3216621677828967
120	118	0.6766994117883419
120	119	0.6524827991337645
120	124	0.6417714794693936
120	18	0.5977571073049178
120	125	0.5713871569499331
120	149	0.5595652265668754
120	14	0.5558171904276069
120	152	0.5141244099274799
120	48	0.48815098892758757
120	43	0.47576820238326967
120	20	0.46848690576475005
120	44	0.462518151062937
120	33	0.4540497424241049
120	21	0.45090846150103187
120	122	0.4488905594418901
120	26	0.4319081129846609
120	143	0.427137399439287
120	53	0.39895878317212585
120	46	0.3955900977145056
120	116	0.3815222359608931
120	52	0.3553467372018581
120	146	0.3552855746718394
120	164	0.3526877377610575
120	159	0.3453725731911399
120	156	0.3389537512188499
120	148	0.33114167996195876
120	7	0.31701041532206015
120	42	0.31621863077398343
182	78	0.6169836281239188
182	80	0.715053961551023
182	172	0.6458291048422313
182	184	0.6347848940383108
182	199	0.630948251502559
182	189	0.6217052977302817
182	183	0.6029949496015599
182	73	0.5759693226334467
182	75	0.569950820415115
182	147	0.5637613964007266
182	194	0.5635021150941333
182	193	0.5619098831352871
182	81	0.4638691273579666
182	148	0.4469480960627853
182	91	0.43286750093648496
182	88	0.43168845442135023
182	180	0.4264831330959641
182	98	0.42483731907367944
182	190	0.38949959467359463
182	181	0.3797007996703744
182	86	0.37828780065035134
182	90	0.36858097922087374
182	74	0.3564820594046088
182	92	0.34000660736900856
182	85	0.3395820282656261
182	43	0.3325565826503371
182	84	0.3265128748161763
10	7	0.643385981772676
10	8	0.6122233692203705
10	13	0.5676508416916599
10	30	0.4964168800475296
10	2	0.4776459841730579
10	0	0.4772908531853874
10	52	0.39815969025277453
10	134	0.3727473647683989
10	135	0.36097801941329244
10	148	0.34922426588338623
10	100	0.34169470446293576
10	14	0.3199846431421994
10	26	0.3198140869075813
0	101	0.5528593312395855
0	106	0.6792229225009262
0	52	0.6049957933488269
0	156	0.5451259009417545
0	13	0.5145730315925342
0	5	0.5014265320703093
37	61	0.682596612186712
37	141	0.6466560706644137
37	92	0.5490846991709237
37	63	0.5362307472231965
37	36	0.5223600979210872
37	150	0.44966476443943326
37	169	0.4484352995635166
37	60	0.44154633162318985
37	31	0.4345319043888972
37	81	0.39924462722988435
37	93	0.3773019391137897
37	67	0.37370274502413425
37	91	0.37061859244359835
37	98	0.36409616975352754
37	79	0.3573023296049415
37	42	0.3513385645450409
37	171	0.3503652024008793
37	65	0.3473350591310754
37	146	0.33531089330847486
37	147	0.3300906624460435
37	165	0.32294362030409657
37	145	0.31808042139725506
37	86	0.3158945918198878
183	81	0.6334336290027748
183	194	0.6077274309863193
183	60	0.5939389367359665
183	199	0.557232263939041
183	190	0.5223673692823853
183	61	0.5220255331866561
183	193	0.5193651398047011
183	170	0.4934268795879464
183	189	0.4864123612396583
183	97	0.4837818637423527
183	180	0.48224079751481264
183	165	0.47193742567882374
183	74	0.4475800603372309
183	98	0.4359179943654897
183	160	0.4342154897935806
183	92	0.4340044871807884
183	93	0.4325423943719442
183	192	0.4147131501056833
183	173	0.38884621549408466
183	179	0.38065036737412256
183	80	0.37756777741835823
183	181	0.3538430062520728
183	83	0.3475285031846498
183	184	0.3361715527144073
183	63	0.3336856509564153
183	91	0.32607504402423215
183	147	0.31922146739822704
53	157	0.7905513000748317
53	49	0.6871309578805148
53	119	0.6849553581996431
53	125	0.6002449481671172
53	144	0.5864842236791146
53	20	0.5807210723742494
53	41	0.5796862253837721
53	149	0.5773909687800521
53	40	0.5539762340767705
53	164	0.5390673648317031
53	124	0.528390792915457
53	146	0.5004302682462929
53	48	0.47626318415313723
53	43	0.4740411454051353
53	47	0.473924844387418
53	153	0.4737232167844287
53	18	0.46640031223558887
53	44	0.46137757534176926
53	122	0.44073288192690274
53	118	0.42921988846478054
53	145	0.42177569726299985
53	173	0.4147876684944257
53	94	0.4099823442361554
53	89	0.40050477721404815
53	42	0.3990008239279309
53	21	0.39760417490381644
53	52	0.37809069688640645
53	180	0.37719044002339447
53	50	0.3663753333984323
53	45	0.3648852730051352
53	156	0.35982947558184375
53	152	0.34813502216661496
53	82	0.3451611834046573
53	150	0.33055392376717957
53	46	0.31690247068864025
53	179	0.3160116143924365
157	49	0.6231754593447961
157	119	0.610758345939984
157	144	0.6008395426585654
157	164	0.5856767169766002
157	47	0.5795002853218735
157	153	0.5730282465004252
157	41	0.5246830548180111
157	173	0.5136975905683071
157	50	0.5079922719256897
157	180	0.500205363624329
157	149	0.4968839498080146
157	146	0.47834806623934245
157	82	0.46372784698520075
157	89	0.4421901335407694
157	125	0.4340613002620538
157	48	0.431598949212876
157	145	0.4287874318749256
157	179	0.42721097643839445
157	40	0.41504430035632833
157	124	0.40959959141946883
157	94	0.40825882103846706
157	20	0.4051123588616812
157	45	0.39869809305335446
157	52	0.39009323576658206
157	122	0.38952504307819513
157	156	0.38950807754121103
157	44	0.3729970449983786
157	67	0.3616822661873085
157	168	0.3370671069134619
157	159	0.3163176279655916
21	125	0.7905137942457334
21	118	0.6422299907611698
21	122	0.5796065441757309
21	26	0.5609031941213458
21	124	0.5144259735410418
21	18	0.45907605948871566
21	24	0.4332168649492239
21	143	0.4295461405487657
21	43	0.41356154893103325
21	48	0.39297201920345337
21	14	0.3854116923266944
21	20	0.3783820555452554
21	40	0.37681297735895747
21	39	0.37328970476178797
21	152	0.3645471499979546
21	119	0.36395737223234126
21	148	0.3560105916004217
21	52	0.34080231961773716
21	116	0.33551501788159177
21	149	0.3259141730720694
125	122	0.5835110785159519
125	118	0.7147068099037522
125	124	0.7013741309383126
125	26	0.5886972309137181
125	119	0.5732229893352802
125	18	0.5580728725455291
125	143	0.5427177155648782
125	20	0.5072202427260398
125	144	0.5005277059479041
125	48	0.48504468049412586
125	24	0.47035025869666475
125	43	0.46709642206557767
125	40	0.4639789957827848
125	152	0.4638691273579666
125	14	0.4631467798949833
125	149	0.4626753519111792
125	52	0.3865180325636974
125	156	0.3709291020703703
125	39	0.36153449549339
125	44	0.35759016622067963
125	41	0.3512859697636057
125	116	0.3449585686590203
125	82	0.3290923288048797
125	49	0.3275577407104865
125	159	0.32195799240925305
13	8	0.655658444022483
13	114	0.6006478105510547
13	2	0.4748625344549702
13	139	0.4721472632034615
13	7	0.4701088046017359
13	52	0.41745010612961836
13	135	0.39904286300633973
13	30	0.3684081368695464
13	156	0.3430453617302725
13	143	0.3250022146729391
13	36	0.3193022938647976
141	114	0.6617327784675662
141	36	0.6155695662393017
141	150	0.5915128943453133
141	169	0.4811656510074315
141	31	0.4770900579773247
141	145	0.4426324832518827
141	134	0.43957992709198446
141	139	0.4388293248316153
141	147	0.43068713980515066
141	146	0.430019006952958
141	171	0.4153753406716111
141	79	0.41516845336035896
141	33	0.40612328243958207
141	165	0.37900736643612276
141	63	0.3648332603422257
141	199	0.3588976578303814
141	172	0.3415710442861279
141	42	0.33626024860112275
141	61	0.3319160569871596
116	43	0.6746178687285749
116	148	0.6729689443038007
116	14	0.6627826233184255
116	75	0.5858737771815735
116	152	0.5620193544575878
116	118	0.4419004790047388
116	124	0.4386678248948535
116	184	0.4031210387910944
116	149	0.3882943569860923
116	73	0.357651213741592
116	20	0.3461033592988604
116	119	0.34561915031961477
116	172	0.33325902879204045
116	18	0.33074096494245053
179	89	0.752944669621225
179	153	0.6190109245458439
179	173	0.6050274913944429
179	82	0.5984058287337809
179	180	0.5970754280057584
179	47	0.5686801670002567
179	192	0.568612502865791
179	83	0.5315119017003997
179	159	0.5279942359665917
179	122	0.5215015440047296
179	50	0.5089635714451826
179	170	0.49713243414693403
179	190	0.46234519653572725
179	67	0.45683167169650934
179	46	0.4223099191483671
179	165	0.410764042361205
179	164	0.38089832053233535
179	60	0.37539637811895343
179	66	0.3721013897488609
179	171	0.36679948408568264
179	168	0.3459801235832888
179	54	0.3323431081476309
179	156	0.3300282881940847
179	97	0.3173701714429292
84	86	0.7833179783404312
84	189	0.6516435716136639
84	91	0.5685515985652276
84	172	0.5329596854110579
84	80	0.514661251896035
84	42	0.4968839498080146
84	94	0.4669713213679922
84	88	0.4281669623796681
84	43	0.42584479341035025
84	20	0.4218168016591837
84	73	0.40851711900780513
84	82	0.38155641307064053
84	75	0.3794440222376798
84	90	0.3790929985319365
84	92	0.3513999223208404
84	184	0.34502904700077414
84	180	0.3326544137442883
86	91	0.7561658636440264
86	189	0.7051043436539594
86	94	0.6306592499332532
86	92	0.6272139695074355
86	80	0.5998161727717248
86	172	0.5328522837296895
86	90	0.5230578021629864
86	88	0.5123271091836671
86	42	0.4521106312185249
86	180	0.4104481093597524
86	74	0.4054633703876296
86	82	0.40351458610912994
86	73	0.4009916297027308
86	194	0.38118040749967347
86	61	0.37845916735085583
86	184	0.3695052527776914
86	20	0.36719752764030716
86	65	0.35839226105003696
86	146	0.3535630401205141
86	81	0.3333390308500733
86	75	0.33022431185076295
86	60	0.31858367361632206
2	114	0.644907175330925
2	30	0.6570984356412284
2	134	0.6516953510357703
2	100	0.6200645797783868
2	7	0.5904000774622523
2	135	0.5413123392143508
2	44	0.49405454221719075
2	33	0.47898018831524797
2	149	0.47891853971476667
2	150	0.457076941449443
2	42	0.44233492623398746
2	8	0.41544980958685307
2	143	0.3750784752808789
2	24	0.3607257815030295
2	57	0.3365085653475582
2	31	0.3289407316244796
2	48	0.3255744946384528
88	90	0.7809495719397461
88	85	0.6692756997318754
88	194	0.6627433711537981
88	193	0.6134534936165387
88	80	0.5922145673154937
88	184	0.5601076272204893
88	91	0.5356106208482457
88	75	0.48230219065123664
88	73	0.4804352617253582
88	92	0.4777386013816811
88	74	0.44966476443943326
88	94	0.4491939366386316
88	160	0.4399509660035763
88	81	0.41942164298933216
88	189	0.4079671157111674
90	85	0.665866479475482
90	194	0.6485952072396027
90	80	0.524907677660034
90	193	0.5096745416827633
90	184	0.5073687731816023
90	91	0.49573082136129665
90	73	0.4843255050452057
90	81	0.4813884789969285
90	74	0.46318605373848637
90	92	0.44361292662604757
90	94	0.41579725755200286
90	189	0.3842616265724805
90	160	0.3798377237192153
90	75	0.32408070175299336
90	190	0.32082814241981833
41	145	0.7801681168955472
41	40	0.7453810358395287
41	49	0.6595405395449496
41	36	0.5674610352222159
41	44	0.563584005400251
41	135	0.5308443014525487
41	144	0.5286286164838628
41	173	0.4988920748254481
41	45	0.480012099874386
41	39	0.4742736978240732
41	164	0.46478687460933765
41	149	0.4593285821183396
41	139	0.45052597159731245
41	67	0.44701211276563124
41	33	0.44513773397065165
41	50	0.4410712361762444
41	146	0.42897512586882725
41	153	0.42318869185599906
41	156	0.3916267187015891
41	52	0.3838865322565405
41	122	0.38217142259519477
41	165	0.35724998838019034
41	47	0.3537905174301521
41	143	0.35342303329324476
41	150	0.3527840512736833
41	18	0.34496737866448834
41	42	0.3367302371906834
41	119	0.32411650015686144
145	40	0.6231020555743124
145	49	0.6053760433274328
145	165	0.6035419672946917
145	173	0.5863530010377872
145	146	0.5455263939751893
145	67	0.5321788422768128
145	171	0.5290320060255395
145	36	0.5231377027243924
145	164	0.523050538019635
145	45	0.49548187783096154
145	135	0.49120704398400605
145	44	0.48306920505972867
145	150	0.47936538502195325
145	33	0.47545094622226897
145	144	0.46388482372099704
145	153	0.4542561161525958
145	170	0.4505100309267024
145	139	0.4383689753035031
145	149	0.4099490671113553
145	180	0.3887528436523831
145	181	0.3690820779171427
145	147	0.36814018088795575
145	31	0.36609825480634145
145	50	0.3607953696475467
145	156	0.35147880645435176
145	60	0.3465873839682195
145	168	0.344482738132299
145	47	0.3194998501139036
8	114	0.39445075350302156
8	134	0.3817358257799938
8	30	0.3691857267364259
8	7	0.34021000242621685
14	152	0.6956750099763155
14	43	0.6892943039778713
14	124	0.5516013064656105
14	148	0.5464178251068437
14	149	0.5237402923025462
14	118	0.4891101513188821
14	20	0.48907971987313015
14	75	0.4841034995162795
14	119	0.4798504700234277
14	18	0.46805750915584904
14	48	0.458318046450624
14	46	0.4367923559259686
14	151	0.4302960948724806
14	33	0.425255180259392
14	44	0.39199917104395404
14	143	0.3736683306593885
14	7	0.3724804055147214
14	42	0.35620269297240253
14	26	0.3558097261711194
14	134	0.35132979890211347
14	184	0.3452668826770522
14	159	0.344861654587514
14	73	0.3429394789864952
14	164	0.338272038457382
14	146	0.33424538516233837
14	30	0.3308300230380485
14	122	0.326048233510003
7	135	0.774269047812396
7	30	0.5754144022269667
7	44	0.5583069367114927
7	149	0.5400739506923354
7	148	0.5297085869976588
7	78	0.5079700132709297
7	52	0.48847845487385366
7	143	0.4454183385807268
7	134	0.42287669539252154
7	33	0.4220222976309486
7	164	0.4021826228533907
7	43	0.3901271483280979
7	156	0.37743915374868164
7	39	0.36835627919663994
7	114	0.35316923056117167
7	31	0.34430645966104556
7	24	0.34259529989086773
7	45	0.33427203329579486
7	18	0.327522032005579
7	122	0.3226480053627562
7	118	0.3212497013946504
7	46	0.3168844791181298
135	44	0.6339123957571865
135	78	0.6142636243439031
135	149	0.5839791400458362
135	45	0.5673050776360937
135	164	0.5533451857257019
135	36	0.5372416651343862
135	114	0.5351826105938033
135	52	0.5260007630523912
135	139	0.5081183914877379
135	31	0.505867230921317
135	33	0.4991999655764983
135	30	0.4789416584935689
135	156	0.4770977817912408
135	147	0.4747231115360595
135	181	0.4419889943380673
135	49	0.4226960200205789
135	146	0.4099241085515394
135	40	0.405605412502869
135	143	0.4009328836539561
135	39	0.38598202171194296
135	134	0.3784505996318443
135	148	0.3765898723912601
135	144	0.3728679067934584
135	150	0.36189954302106886
135	79	0.36074317891572444
135	165	0.35359803935258444
135	173	0.3397235700213851
135	199	0.33057173833147335
135	153	0.3291725792693008
135	171	0.32560131441394286
135	122	0.3240896514409763
135	18	0.32330185697613345
119	124	0.7213625591110484
119	20	0.6641150307153262
119	149	0.6086159100548245
119	146	0.5732364174894219
119	49	0.5664431876420825
119	118	0.5432254464643363
119	43	0.5369285877343445
119	48	0.52635510006374
119	164	0.5082519061009162
119	144	0.5067596067981363
119	18	0.5003028305830717
119	152	0.48206426586081047
119	47	0.41459722155520934
119	153	0.4106393437436586
119	44	0.4042426734263354
119	159	0.39777254369676435
119	168	0.38752978525842857
119	150	0.38734280877405636
119	42	0.38575222294170763
119	122	0.384849587258585
119	82	0.3687365155513182
119	46	0.3556175632555364
119	33	0.3530379328824237
119	40	0.3509352812385468
119	156	0.33462729065890995
124	20	0.7509761420653345
124	118	0.6906303797353189
124	144	0.5615881972793766
124	43	0.5465861456445071
124	149	0.5421460438224516
124	18	0.5419200597714364
124	152	0.5046533507731727
124	26	0.4907364970432332
124	48	0.4890340704719567
124	143	0.4472921320038645
124	146	0.4251077205278427
124	159	0.38511364189402597
124	150	0.37598898804092334
124	33	0.36503262984848
124	40	0.35819178688138176
124	148	0.3565169757283614
124	42	0.34755487962782905
124	24	0.3430188918614756
124	122	0.338590805554892
124	164	0.3258694833462663
124	49	0.31935617559516727
124	52	0.3169744346899669
50	173	0.7710856331757044
50	67	0.6863965439509779
50	66	0.6279776848689016
50	89	0.5773109688771891
50	45	0.5625664157698169
50	170	0.5379526543176206
50	153	0.4955346908387349
50	49	0.4618261218498844
50	47	0.4581600430559098
50	164	0.4541529353804906
50	60	0.4232461539468696
50	171	0.42067345390744726
50	93	0.4037154888840559
50	180	0.3866966448635338
50	122	0.35424534649405154
50	44	0.33576347484238434
50	82	0.3258605452263418
50	156	0.32141111581241083
173	170	0.719395053728918
173	67	0.6363644108758391
173	171	0.5913178259867835
173	45	0.5892458453707863
173	180	0.5892132049424661
173	164	0.5557480798614708
173	165	0.5381231779642821
173	89	0.5347471849584273
173	153	0.5291256158548326
173	66	0.514800911758827
173	60	0.4853810906053715
173	49	0.4707862553663671
173	47	0.43701081751483223
173	159	0.4304753438605203
173	181	0.41584688307233075
173	122	0.41373561684853855
173	44	0.40699138190362233
173	82	0.39198224417825195
173	156	0.3834345458386806
173	189	0.3625511375806357
173	146	0.35629000182629855
173	83	0.34680733420196164
173	190	0.3350801058761795
173	192	0.3328856224124708
173	93	0.3202628745807801
146	150	0.7675346870056164
146	164	0.714608957082666
146	49	0.7028394914243653
146	168	0.5896895642568526
146	171	0.6607479469788516
146	42	0.6047167678511491
146	149	0.6010184302750333
146	33	0.5792013266423748
146	172	0.5614444103978948
146	147	0.5598742477738794
146	165	0.5219891577701066
146	31	0.5216616935788431
146	20	0.49551960178179033
146	44	0.4871143776633338
146	153	0.4845397960448042
146	45	0.4611965160629395
146	43	0.4584918167315937
146	65	0.4537321492272376
146	67	0.44936154803479317
146	134	0.43988644828114215
146	144	0.4374556723964147
146	47	0.4370755369756758
146	18	0.43019015906199193
146	180	0.4256401075705335
146	169	0.41123775695035436
146	114	0.4072082920297056
146	189	0.3724717928991664
146	30	0.3610649857606587
146	40	0.3567177252621637
146	48	0.34879395150053777
146	159	0.3420744438783488
146	64	0.3371202889837687
150	114	0.6559889832501073
150	42	0.6168969142659733
150	33	0.582553972897401
150	20	0.5636249463999117
150	172	0.5094672471841798
150	134	0.5031537284048507
150	144	0.4978623554990867
150	49	0.4960324619133028
150	168	0.4666037299584161
150	149	0.45971511354467565
150	147	0.4504622071913334
150	164	0.43063012248514765
150	31	0.42819962874227746
150	40	0.4219894211887705
150	100	0.4212658587431358
150	171	0.4183827468007335
150	44	0.3868412145281831
150	30	0.3414032008432362
150	169	0.32686125227972596
150	18	0.31828713598515185
152	151	0.5399676940659994
152	46	0.631507694073163
152	43	0.6257620154316248
152	149	0.5539693029350531
152	48	0.5239362025428212
152	118	0.5219455047638251
152	18	0.4335985790790918
152	20	0.4320301233864443
152	148	0.42845275510786107
152	122	0.38167602473896534
152	47	0.34700085886141746
152	75	0.3462089804074169
152	26	0.3293776421854376
152	44	0.32829848507104653
52	156	0.7653480928866855
52	122	0.5730148135739036
52	139	0.4804275698688112
52	78	0.4480677271067404
52	149	0.4130308697626921
52	148	0.38803955906505794
52	164	0.36500662702835707
52	153	0.3640354478274814
52	118	0.3636189855555833
52	44	0.3409614035373184
52	46	0.3364198861651785
52	45	0.3233197663785137
52	48	0.3223075222932337
52	26	0.3191226731875072
52	143	0.3179725582992132
156	139	0.5781703869034214
156	122	0.5749928435556554
156	153	0.47576820238326967
156	149	0.4447768281222395
156	164	0.4019646552901354
156	181	0.3923038092343075
156	118	0.3820091612642221
156	47	0.3661848488426431
156	171	0.3430277152116078
156	46	0.3371114254547807
156	45	0.3243939063085238
156	44	0.32095372648069614
165	171	0.7101567370243542
165	60	0.6824096458736852
165	45	0.6332479763834812
165	164	0.6331641093687659
165	67	0.6261390906665331
165	147	0.6127107787528098
165	170	0.5536295829213683
165	31	0.5055099769962419
165	49	0.4628796695229382
165	153	0.4320463902453364
165	169	0.4229341759619586
165	180	0.40008489520494867
165	168	0.39933708957888997
165	65	0.3821543435645796
165	63	0.375954642233161
165	33	0.365951030393467
165	61	0.3602907646230994
165	199	0.3479240920654257
165	181	0.3371114254547807
165	44	0.32803079268276564
165	47	0.31895201230513
30	134	0.7601752059583796
30	57	0.4824479803630993
30	100	0.693428644329307
30	31	0.5136755067844189
30	114	0.4654999883733931
30	42	0.43402883606690845
30	148	0.42756243289002244
30	149	0.41562354873222107
30	64	0.3942649674909904
30	33	0.38896504083153616
30	147	0.38357101393711185
30	78	0.3769931456152839
30	43	0.35379926572189896
30	44	0.34982996909850284
30	162	0.32501115837947614
30	73	0.3170463950416662
134	100	0.6948174001530186
134	114	0.5796198251468532
134	31	0.505301498787418
134	147	0.4996353031305308
134	42	0.4654138198877928
134	169	0.4599753325231975
134	172	0.4466679691636602
134	33	0.4148787389697254
134	149	0.4026603153020721
134	148	0.3927775198391488
134	73	0.3814966024440041
134	57	0.3784848701187841
134	43	0.37084285771147985
134	20	0.3590980155564041
134	164	0.32215517391080384
80	91	0.6364953014230739
80	73	0.5779306781791468
80	184	0.5712793844233791
80	172	0.5571839976021489
80	75	0.5490567583175374
80	189	0.5419271229596477
80	194	0.525942894761632
80	92	0.525704136587576
80	81	0.49982287083872734
80	98	0.48250935750976554
80	74	0.43364729734791624
80	78	0.43357421899405757
80	147	0.4016879385369172
80	85	0.3823251221210881
80	94	0.3737457615332472
80	193	0.3570493262332877
80	61	0.34428883047841424
80	42	0.3256191939731894
75	184	0.715410524782872
75	73	0.6800193325362053
75	148	0.5712995932729741
75	43	0.5073316433933086
75	172	0.4520628941650081
75	189	0.4062234852212745
75	194	0.39634055584105987
75	193	0.3800687453128908
75	74	0.36794133530910145
75	78	0.3302510401430809
75	42	0.3247070397509768
36	139	0.6787594075108604
36	79	0.5290320060255395
36	114	0.46276965845697693
36	31	0.4578360455688281
36	181	0.4518162114696084
36	39	0.4474441057387142
36	40	0.4142824905107702
36	33	0.37890459935273585
36	199	0.3326277332468042
36	45	0.3298233239339099
36	49	0.32353466113813467
36	67	0.31926637156420856
47	153	0.7575243104672075
47	46	0.54543507537558
47	49	0.5453296916675922
47	164	0.5308945738873212
47	48	0.5063953509746716
47	82	0.4861985792849601
47	168	0.4793037659528294
47	89	0.47212395056440315
47	149	0.44072482434612276
47	67	0.3936651655442011
47	45	0.3905085917008753
47	122	0.357930249191889
47	44	0.35622888628173643
47	171	0.3504441518914075
47	159	0.34848649400654347
47	180	0.32108826830825066
153	164	0.6148734836223952
153	49	0.5331529651664817
153	149	0.5169364983329803
153	89	0.502623285207737
153	46	0.49756896664848754
153	171	0.49452306291057113
153	67	0.48530464637547976
153	168	0.48424130339106664
153	45	0.4726599741542888
153	122	0.45499390004132023
153	82	0.44995990191404367
153	44	0.4342722900506289
153	48	0.42343493398587184
153	170	0.3986896826215166
153	159	0.37058408625771394
153	180	0.35456887286119554
5	106	0.7571575766908497
5	101	0.41616112052137205
106	101	0.5205981954935431
106	99	0.32911907948794195
91	92	0.7047672898041888
91	94	0.6397674745549358
91	189	0.6333617721206141
91	180	0.6157434370170349
91	172	0.47815524740284887
91	61	0.4605349297868648
91	81	0.4578518531471879
91	194	0.4434362037159612
91	60	0.4315501246077533
91	82	0.41574762955551464
91	98	0.38716430149135966
91	74	0.37474329297362324
91	42	0.3703770276614575
91	93	0.3691943637235308
91	193	0.36553523906414237
91	184	0.3366061055550214
91	85	0.3283966257380302
44	149	0.7558145110514293
44	33	0.6976769633717206
44	164	0.6358345250077463
44	49	0.6014015581767816
44	18	0.5744570906427888
44	45	0.5638841750960079
44	143	0.5214432986836837
44	40	0.5047055216798008
44	48	0.4829235293037086
44	42	0.4683307871350995
44	39	0.4321602503859264
44	43	0.4220058595486
44	122	0.4179454232534041
44	24	0.41466346808932797
44	46	0.3974610403739277
44	144	0.39483066991251337
44	171	0.38527545067401003
44	118	0.37266125561878427
44	31	0.37165330199854135
44	147	0.32802186869550204
44	20	0.3277808989131633
149	164	0.7278970775728516
149	18	0.6442993093276329
149	49	0.6375945222214733
149	33	0.5801441772151902
149	43	0.5751869323229747
149	48	0.5741018830317013
149	118	0.5534353744211877
149	143	0.5420118752469013
149	46	0.5209844469690019
149	20	0.5130863548247756
149	144	0.4906985372273281
149	42	0.4597308866399385
149	45	0.4568870612628206
149	40	0.44111150809630245
149	122	0.4206158398418094
149	24	0.39921940881601364
149	171	0.3878186862079532
149	31	0.3799232927990576
149	39	0.3639660475510786
149	100	0.3451083304847059
149	148	0.3328945142544948
149	26	0.32488594119814684
89	67	0.5743565821252165
89	82	0.5717305503783625
89	83	0.5413335482984648
89	192	0.5118401807904933
89	93	0.4935403506758177
89	66	0.4820489134319237
89	180	0.4762167924247474
89	49	0.4491460418594092
89	54	0.44411077832734175
89	60	0.42873030026652825
89	122	0.426139464459626
89	94	0.4253944270568116
89	159	0.4137604812250933
89	190	0.3886764425690972
89	170	0.38659458424346166
89	164	0.34982996909850284
89	97	0.3379886247393971
89	178	0.32173388861313884
83	190	0.7520728720081665
83	178	0.37225645666111024
83	192	0.5881807767328439
83	193	0.49393358703937973
83	159	0.4628010916448356
83	97	0.45338266353754486
83	54	0.4151601769744449
83	93	0.41477110933325595
83	55	0.4064405577344096
83	85	0.38106074290495195
83	160	0.3718859845762708
83	82	0.35789537325511295
83	81	0.32656647712655607
83	66	0.32454600857998356
83	99	0.3192484100698411
190	193	0.6776144760907815
190	55	0.43715642993727044
190	192	0.6618002262789393
190	85	0.5078735512609677
190	159	0.5025410699808585
190	97	0.4899161506766621
190	160	0.4452018798780373
190	194	0.44431947328519156
190	81	0.4191414139734982
190	93	0.4104896851239592
190	158	0.40810047705810204
190	180	0.34632339337181395
190	199	0.3413590278965111
190	178	0.3224956943049494
45	164	0.7511156396844659
45	67	0.6535610956020287
45	49	0.602491956395636
45	31	0.569910309666077
45	171	0.5692820387710006
45	60	0.5467754534702427
45	78	0.49865919574035394
45	147	0.4701243844094864
45	65	0.427423500430753
45	170	0.3940960431459707
45	180	0.34935596534531904
45	33	0.3435040861975032
45	64	0.33654403534951877
164	49	0.6979334972888308
164	171	0.651090879802356
164	67	0.5506822663153509
164	147	0.534011313096463
164	43	0.5162326836843877
164	31	0.4942283817854352
164	33	0.44335586372033947
164	18	0.4284364264032089
164	65	0.4171775759112131
164	180	0.4161693885861809
164	42	0.3901949702758695
164	48	0.38738530622839135
164	122	0.3870792878198521
164	168	0.38412524330817255
164	60	0.376383890561931
164	144	0.3730486962346365
164	20	0.3684081368695464
164	189	0.36652250498017125
164	78	0.35212722004727814
164	170	0.35165408666028186
164	46	0.3512947357144864
164	82	0.33152447386273987
164	40	0.32639672927230323
20	43	0.6093897219999045
20	42	0.599181978029363
20	144	0.5851508844879479
20	40	0.5018456143511195
20	118	0.49386554134961536
20	18	0.49036441053243124
20	48	0.4706928468535513
20	49	0.4337528448999636
20	33	0.42846091935524727
20	172	0.3989251493598304
20	26	0.37928992771258185
20	94	0.3499791554535524
20	143	0.3357102379966112
20	100	0.33090126527203945
20	189	0.32600354815408994
20	168	0.32232544453492323
20	24	0.3201462036040862
92	61	0.6961391519006981
92	93	0.6484155806091005
92	81	0.640941466533498
92	94	0.526730931323592
92	63	0.5051451014108552
92	194	0.49886202995799117
92	60	0.49715501959037606
92	98	0.478294081612863
92	74	0.43356609882488456
92	172	0.4316152235193351
92	189	0.4292525187160349
92	85	0.420977929024967
92	169	0.41077235505607423
92	97	0.38328953013605266
92	180	0.36363634105403225
92	67	0.3439185615743107
92	65	0.3294311317504071
40	144	0.6882694246552385
40	49	0.5674000131882792
40	143	0.5222219276232273
40	39	0.5194600671756128
40	33	0.5191021971067225
40	42	0.49792252374851603
40	24	0.4698361105451713
40	18	0.3842275323283605
40	48	0.3488203015081901
26	118	0.6142511705869109
26	143	0.5539554404212388
26	24	0.542661276516064
26	18	0.4872745323905542
26	39	0.3858713838367573
26	122	0.3750612888292082
63	61	0.6670837043253105
63	81	0.6593201304143974
63	169	0.6454792264468229
63	93	0.6207842156745413
63	31	0.5515178126195288
63	64	0.5188903106717573
63	74	0.49295768756366243
63	97	0.4645987000636106
63	60	0.4512589318313111
63	65	0.40653238229673744
63	67	0.40031165236515726
63	147	0.3898727783222943
63	171	0.38026550409182547
63	54	0.34616497267856566
63	194	0.34203029386951384
63	79	0.33969703211404734
61	81	0.7390033797842057
61	97	0.6153956355146847
61	60	0.606622589192668
61	98	0.563590829092482
61	93	0.5251611962493099
61	169	0.4797350001840924
61	74	0.3873173095113006
61	67	0.3601689317994718
61	194	0.35365928562638466
61	170	0.3400685135809971
81	93	0.7199638860838595
81	194	0.6238172741117703
81	97	0.5994511222836809
81	60	0.5605672618924121
81	74	0.5486305082363102
81	85	0.48946002735490396
81	98	0.4661968451722531
81	181	0.4282159615039605
81	193	0.42414048134075416
81	79	0.4129064512302275
81	160	0.3814709683403623
81	199	0.33699619414018916
81	169	0.3320139349035896
81	192	0.3226211281546688
81	184	0.3181073858853064
81	66	0.317244267185197
118	18	0.639081756779523
118	43	0.5179616430739611
118	122	0.4830002040871318
118	143	0.4759461211731169
118	48	0.45194354020162075
118	24	0.38229096849875494
118	148	0.3802740580407615
118	46	0.3664445928974929
118	33	0.35898477395063433
118	159	0.3286642460611794
139	114	0.4642379148816742
139	181	0.37807355580829244
139	39	0.3538867452345461
139	143	0.34405962901427395
139	79	0.3187274269983634
73	184	0.7334298821010046
73	172	0.4939638276263538
73	74	0.4687600429738694
73	194	0.46589155208472344
73	189	0.4483394257109378
73	147	0.4182754967039977
73	58	0.3618387094696206
73	43	0.3592896311107334
73	148	0.3537555236441609
73	78	0.34522284237781964
73	100	0.33375674136942324
73	42	0.32861964633763174
73	193	0.3256638918524536
184	194	0.5325443037515011
184	193	0.5138153592533748
184	172	0.4818569830947049
184	189	0.4761317340370775
184	74	0.4420292257353863
184	148	0.3961382372007336
184	43	0.37950394220242195
184	85	0.33559488414025634
67	171	0.72875633553304
67	65	0.5723024278758739
67	60	0.6483054511679767
67	170	0.6208026541398738
67	49	0.5951027170640449
67	66	0.5804757973606286
67	64	0.5465230306171904
67	93	0.5096523343873683
67	31	0.4674169072539735
67	180	0.3799232927990576
67	54	0.3255476743390474
67	169	0.3221372494744387
67	168	0.3199936192117586
171	170	0.6698494530051883
171	169	0.5494059307687656
171	64	0.5218654671509616
171	31	0.5209407310901758
171	65	0.5207148221810609
171	49	0.49540642432175414
171	168	0.48748039745421756
171	147	0.4500476265412413
171	60	0.4487468183213008
171	180	0.3927014018247925
171	33	0.38217142259519477
171	189	0.3298144117387658
171	159	0.32267488205053585
171	172	0.31857468854326837
148	43	0.6892890552080668
148	78	0.5154767730883897
148	147	0.4055051495133631
148	172	0.37870760298830336
148	189	0.32603035954246146
148	42	0.32426863301694037
143	39	0.7106718608924156
143	24	0.6984511499345148
143	18	0.5003328178660551
143	144	0.499042281175629
143	33	0.4905770532991568
143	48	0.3519344837068926
143	122	0.3401923171628002
143	42	0.3364819622194373
169	64	0.5524703767859462
169	147	0.5134767221014201
169	31	0.5000103916774663
169	172	0.4235744434277245
169	65	0.4230737574609469
169	168	0.39859716344531443
169	170	0.357703537755263
169	93	0.35186439036404676
169	54	0.3232391722439602
93	97	0.5665993699780817
93	66	0.5348685616494551
93	60	0.4655704832982922
93	194	0.4515535378180252
93	54	0.3934116272878222
93	85	0.390601813030468
93	193	0.38988973817438277
93	79	0.38790364257956594
93	94	0.38288850602869945
93	181	0.37586018593553255
93	192	0.3690129736032963
93	64	0.35005812927897906
93	170	0.34889056549906017
93	178	0.3328767305112474
93	199	0.32389274490724934
170	66	0.5698900532525849
170	60	0.5137711982653965
170	180	0.47596159053165815
170	159	0.39667766804410354
170	168	0.38837078478931225
98	97	0.566640106502392
98	199	0.5425695526097629
98	85	0.38890562978022486
98	79	0.31695644403176265
43	42	0.5986112007486355
43	18	0.4998003651883353
43	172	0.45110760943734735
43	49	0.42340210531558997
43	189	0.40909180542262735
43	144	0.3923714949275955
43	48	0.39058486429359296
43	147	0.3836989375675731
43	33	0.3803253803681538
43	78	0.34817896150205435
43	46	0.338272038457382
43	151	0.3372798222852374
39	24	0.5857883929296458
39	33	0.3730573045492254
39	122	0.31864656752463466
97	85	0.42943196506756287
97	192	0.38201770192160284
97	60	0.36789810355511154
97	199	0.3552768369191915
97	66	0.35066342989976657
97	54	0.3385642445971093
97	194	0.32878911748852585
189	180	0.6745415768212026
189	172	0.6399800767082725
189	82	0.5241828254912493
189	159	0.5235443266471494
189	194	0.5142200414271428
189	94	0.4838354787841881
189	193	0.47497870201556125
189	147	0.4208709620857502
189	78	0.41533396664603994
189	60	0.375954642233161
189	74	0.3724631802194519
189	192	0.36928073008682505
189	168	0.3295113621331047
192	193	0.5135798025224514
192	159	0.4765569368598098
192	180	0.4396928678690144
192	82	0.420928561123062
192	178	0.36967793318775927
192	122	0.365656526614928
192	194	0.34418305028450435
192	54	0.334849278227597
49	42	0.541305269366567
49	33	0.5394432427854051
49	144	0.50813322765097
49	48	0.46234519653572725
49	18	0.44017674226644365
49	31	0.4294890545244635
49	168	0.40067268294708547
49	65	0.40043760738817025
49	60	0.35026870181737535
49	180	0.34399791391999984
49	94	0.33729754701210085
49	46	0.3236331434184046
49	122	0.3231496177057525
24	18	0.4252879460232886
24	33	0.3738145846037727
24	48	0.3444651113779965
24	144	0.32958267403408414
33	42	0.6348684733494432
33	18	0.512445102859754
33	31	0.44241535665730425
33	147	0.43151757346627473
33	48	0.4150277454543353
33	114	0.4004795890337132
33	144	0.33030449513883164
193	194	0.6953600942460816
193	160	0.6905414542503268
193	85	0.611435031504518
193	180	0.5166579885075234
193	159	0.4970194968246222
193	172	0.3499001766529142
194	74	0.5766905937750973
194	160	0.5880564946042336
194	85	0.5752739166173698
194	180	0.33586994209881077
194	172	0.3296183285744594
100	114	0.4516649846882529
100	57	0.3653619495999713
100	42	0.354953496433469
100	162	0.3489608255677287
100	163	0.3460505454542999
100	48	0.31863758285235555
172	147	0.6439658061965242
172	42	0.4883337775761298
172	168	0.48075825295519053
172	180	0.4515137319492102
172	78	0.37721617155337483
172	159	0.3674137992761227
172	31	0.33740389035104223
172	158	0.32646820461981485
172	114	0.3239464494729016
172	199	0.3163536252364391
31	147	0.6896562943731879
31	79	0.5737665832975889
31	64	0.5316984246455849
31	65	0.48986295010070996
31	42	0.4606452297355495
31	78	0.4593285821183396
31	114	0.4007482317486534
31	60	0.36972973233229983
31	181	0.3405724972761539
160	85	0.5308371193711471
160	74	0.32511847832297097
147	78	0.5307581114432315
147	42	0.44169927578931734
147	199	0.4306464134987895
147	79	0.4228438478249005
147	60	0.4046023436649443
147	65	0.39505855497381875
147	181	0.384253103109705
147	114	0.3690993533580146
147	168	0.3401304168457264
144	42	0.4190095138530404
144	18	0.3774048516434129
144	48	0.3635322042770063
144	114	0.3228540466698613
56	162	0.6869303221044575
56	161	0.6100619326887932
56	163	0.5362806173121851
56	57	0.5972684437064697
56	58	0.4152181102326614
162	57	0.6097730523995191
162	161	0.5941524829312044
162	163	0.5295143188384187
162	58	0.41232562766326425
60	180	0.4654843220323251
60	66	0.41688844670208625
60	65	0.4041255444977717
60	94	0.36791539644757676
180	82	0.5767773529049727
180	94	0.5651854581641251
180	159	0.5427177155648782
180	168	0.41598747526482865
48	46	0.6145499763036447
48	18	0.5208751521477839
48	122	0.42641768189202217
48	151	0.3395289461413809
85	158	0.3297163737124632
46	151	0.49298039700935997
46	122	0.4661577112350022
46	18	0.4075168926402279
114	79	0.4105063149517977
114	42	0.3994799699588603
79	181	0.6571950225306912
79	199	0.4537003835652602
79	78	0.42714557494078603
181	199	0.6271169033454307
181	78	0.5061053038448354
181	101	0.417103236461952
199	78	0.5388899893370199
18	42	0.4506455174699752
18	122	0.39502479729086054
18	151	0.32845907519828904
94	82	0.4056137673114747
94	42	0.36225579191683094
42	65	0.31713634034802196
66	65	0.329796587172116
82	159	0.6211037185256697
82	168	0.37295400053542044
82	122	0.3708687316908631
159	168	0.4593206919095613
159	54	0.4260412508189529
161	58	0.6036563875399888
161	57	0.4342722900506289
161	163	0.4097327392003219
57	163	0.3908051772159804
99	101	0.6089243155271818
99	163	0.3733843729017505
58	59	0.37550805275113996
58	163	0.46568796171200105
55	158	0.5800048393676047
65	64	0.5418847426820731
64	54	0.46945418817536516
151	59	0.3750784752808789
54	178	0.32537780027846236
72	178	0.3791786241354908
