9	108	0.9639427009357366
9	3	0.9241440243501432
9	112	0.8955543730348328
9	12	0.8855244477419333
9	103	0.860560208139233
9	6	0.843100642588297
9	105	0.8399783550570118
9	109	0.8282382915975468
9	0	0.7915990582756497
9	70	0.7868093525736805
9	113	0.778164339204748
9	106	0.7683552073644024
9	11	0.7197711697935361
9	111	0.7192937195626542
108	112	0.8994438372190224
108	12	0.8926257465260101
108	3	0.8958114506693323
108	103	0.8643260097015627
108	6	0.8358074701258765
108	105	0.8316612033445138
108	113	0.805612226432649
108	70	0.7911131763283454
108	109	0.7849739659876644
108	0	0.7518425554364132
108	111	0.7401947501473327
108	106	0.7112899933414688
108	11	0.6903740084550103
3	103	0.8878757602911772
3	112	0.8596755402584645
3	0	0.8493457875273875
3	109	0.8403607045986272
3	12	0.8369193024541499
3	105	0.7955971283065256
3	6	0.7821171861916163
3	106	0.7564782867568952
3	70	0.7411562307974958
3	113	0.7241042875162504
3	111	0.7067297868604963
3	102	0.6986098870169577
3	11	0.6960412147946581
19	121	0.923660891893351
19	123	0.6324626392819872
19	120	0.6439950706562568
121	120	0.652080629175382
12	105	0.9137524848707146
12	111	0.8904718355952452
12	113	0.8490669390483465
12	6	0.8642247984955882
12	112	0.8383514553820335
12	103	0.8201252792966128
12	70	0.8070116651118325
12	0	0.7500852674274749
12	109	0.6998160844693518
12	13	0.6940666625905099
12	106	0.6618283263721084
12	11	0.6608324504254804
12	102	0.640399088350907
105	6	0.9135211100799238
105	111	0.824143897899997
105	103	0.7417100711781343
105	113	0.7417010737212592
105	112	0.7233280250301886
105	70	0.7118034425438098
105	13	0.6745143262190854
105	0	0.6437491906190235
6	111	0.7104886828971091
6	112	0.6980463155076353
6	70	0.6823508665833772
6	113	0.6821958606993738
6	103	0.6818375090596496
112	109	0.8811302817375983
112	70	0.8337156008410261
112	11	0.7809885806698397
112	103	0.8838510530238965
112	113	0.8372186179326562
112	0	0.797788791179091
112	106	0.7649750179413944
112	111	0.7349372651361173
112	102	0.671274848314962
111	13	0.8170239534215834
111	113	0.7969511296163154
111	103	0.7439153474182323
111	70	0.7115122521311801
111	102	0.6904734383198983
111	0	0.6866344573516011
111	11	0.6227287499947689
111	109	0.6205506023329891
103	0	0.8628004733497491
103	102	0.7679452622422656
103	109	0.8464225090024544
103	106	0.7681913048888893
103	70	0.766299174302856
103	113	0.7532606401488979
103	11	0.744415111563761
109	106	0.8277351911959011
109	0	0.7930136059370605
109	11	0.7578565165064585
109	70	0.7093230050668303
109	113	0.6972353061902171
109	102	0.6862431440827766
50	173	0.8677752290732312
50	157	0.7149024316387955
50	189	0.6762166718432308
50	45	0.6265583948345114
50	43	0.6201999756879957
173	157	0.7441742578512898
173	189	0.6935532212061267
173	148	0.6660835056196985
173	45	0.6259566714543238
173	155	0.6211160029764863
0	101	0.5968630308558394
0	102	0.7417955337056661
0	106	0.7011962612670026
0	70	0.6972507217555982
0	113	0.6970451278539602
0	11	0.6866555980958302
28	132	0.8569903162350654
28	131	0.6997701584065815
132	131	0.7276572039652917
132	133	0.6839135219873522
132	125	0.5900612310349792
113	70	0.7561187562753755
113	106	0.6322766056004742
113	11	0.6312310626381599
71	177	0.839919457890721
71	176	0.7620976647607814
177	176	0.8159906769108054
45	164	0.8387966454653977
45	49	0.6977077568939345
45	130	0.5842755978832846
45	154	0.6891735639647817
45	149	0.657654934315115
45	148	0.6541621836799884
45	43	0.6500584933148191
45	44	0.6332839148379851
45	146	0.6236767579913202
164	146	0.6655379435639918
164	165	0.6086347973101873
95	197	0.8354755966790255
95	98	0.5575011074597499
70	176	0.6541564629241908
70	11	0.6531771127295952
83	190	0.8278925532823471
83	55	0.6731330450084752
83	87	0.6009417715250264
190	198	0.6603420972222136
190	55	0.6345579610162909
190	96	0.626521947989719
106	5	0.732332846214531
106	11	0.625019173974921
13	114	0.6983077154097773
13	8	0.6905676109721881
13	1	0.6399918850671569
139	176	0.8164246233210094
139	199	0.6795298376895863
139	142	0.6320244436086432
139	38	0.6144068205564824
176	199	0.642271116756966
147	148	0.8140433591382961
147	43	0.6209009810227183
148	157	0.722205647319971
148	43	0.6862484347499415
148	154	0.6523392091650512
96	198	0.8104366381922272
96	98	0.7207961066563899
96	97	0.7398554780664957
198	97	0.7682732687188347
8	107	0.8102993167012137
8	4	0.6223183988804557
107	4	0.6911426019752391
44	136	0.8038148135281783
44	33	0.7731854149902493
44	149	0.7846667204112098
44	17	0.6943567818194281
44	154	0.6756029170748264
44	119	0.6614572553838642
44	120	0.6263579032766041
44	48	0.6197752011050208
136	149	0.7913001723163873
136	120	0.7529100215882956
136	137	0.653125507326716
136	33	0.6987736725485097
136	17	0.6818054018895015
136	154	0.6683250458552131
136	119	0.664729427982589
39	143	0.7930878200496706
39	27	0.5554369872500864
149	33	0.7327591523862517
149	154	0.7029052675784926
149	120	0.6293565765796669
149	118	0.6162708918464891
17	119	0.7891219040742815
17	120	0.7357914495176207
17	154	0.6580293151515728
17	53	0.6528157474896104
119	154	0.7747492103818192
119	120	0.704696820422206
119	49	0.6612547164153526
119	53	0.652534480056458
119	48	0.6443811849177639
68	69	0.7877598086310331
68	92	0.7485284575647251
68	63	0.7255376810228842
68	65	0.6629676201836117
68	91	0.6621934583682996
68	61	0.6473014450353886
69	91	0.7297956419267774
69	92	0.7275960312298172
69	65	0.6966284489327528
69	63	0.6408825433534157
69	61	0.6392532815927486
63	92	0.7816896966046188
63	61	0.6824897852311864
63	81	0.6008842702063854
63	65	0.6486299653423535
92	65	0.7249593834366682
92	61	0.6562111010101959
11	102	0.6379623301763404
154	155	0.7492179837568222
154	48	0.7427788639376947
154	49	0.7426084696185536
154	153	0.7351763047139265
154	46	0.7241233138843894
154	43	0.6568540312915466
154	152	0.6627041153470259
154	53	0.6335653382505378
154	157	0.6320604749483995
33	34	0.6976820958044603
33	24	0.6535381806872166
33	22	0.6290726547764153
51	155	0.7690915227116345
51	89	0.6428112862117197
51	47	0.6209132705095409
51	53	0.6199907118923697
155	153	0.6691873590667078
155	157	0.6252628534530518
155	179	0.6221039002353104
155	48	0.6147117558153072
97	98	0.6375292355880571
102	1	0.6450590144988932
53	157	0.7572770308360934
53	20	0.6219628931123663
53	49	0.6187394474134176
157	189	0.6328584680620913
89	179	0.755818798463273
89	82	0.6424532017191802
179	168	0.6619744168795061
15	116	0.7536799540960379
15	115	0.7302440300347965
15	14	0.7270072410155265
15	152	0.6321685525712268
116	188	0.6847323428693722
116	186	0.5889585435942867
116	115	0.7087611021329635
116	152	0.6729032854657526
116	14	0.6513442826842933
120	117	0.6830182935801131
120	115	0.6504740439955864
120	118	0.6489195109982603
115	152	0.7523116857185179
115	14	0.6731658571974406
115	118	0.6653986555801148
115	16	0.6582050484985827
115	117	0.6241287095269301
152	46	0.6908761238985189
152	118	0.667699297506447
152	151	0.6442525166438532
152	14	0.6325046367932825
58	161	0.7496388064674233
58	56	0.70868146787096
58	184	0.5925585787174613
161	163	0.6622832888217017
161	56	0.6914506462502115
48	46	0.6147055344824915
26	29	0.7394433220654849
26	127	0.6104886762098664
29	129	0.612879388940639
126	128	0.7369815585399224
126	123	0.655926314098306
128	25	0.6794760101120524
128	23	0.6573597385970904
153	47	0.6932884457708254
86	94	0.734481665251851
86	84	0.5998801909874835
86	76	0.599342199264907
22	34	0.7329165549335751
22	24	0.6298092955281835
22	25	0.6242507869576853
34	24	0.7217939513758487
2	104	0.7270543836352178
2	134	0.717241177859062
2	31	0.6270865661747315
2	10	0.6260478896256657
2	110	0.6151594907830449
104	134	0.6757496516935686
46	151	0.6881430953422187
16	117	0.7240329288189948
16	118	0.6941340318023207
117	118	0.6687674825140925
24	37	0.6266920098216153
24	27	0.6203722443252562
24	137	0.6156006189889756
98	199	0.6219138376988521
134	110	0.6706535665237886
134	30	0.6432687557942373
93	181	0.717241177859062
93	81	0.7102360363986976
93	55	0.6258776018486201
93	78	0.4971700761783948
93	79	0.6232366207678495
181	79	0.6965357897301822
175	183	0.7145502319624732
175	196	0.6078283279537419
175	174	0.5583138196067091
175	169	0.5368431773086377
175	158	0.4225153110423769
75	186	0.7143446147208264
35	140	0.7132901164955543
35	32	0.6895776301067369
35	62	0.6252567629513293
35	37	0.6201322823511768
140	37	0.6683803763204635
38	199	0.7131230621368945
38	142	0.654928088109286
38	41	0.5639523747138195
193	194	0.711205991872166
193	196	0.677333140901673
193	160	0.4454984952604997
81	90	0.6168101854285509
56	162	0.70940746123054
56	57	0.6423768523381246
56	163	0.6255246729798838
162	57	0.697492148093093
165	171	0.7088805196654551
165	174	0.6320724847876991
171	174	0.6430518082046701
171	67	0.6127170245695568
32	114	0.7079639465043948
32	36	0.6868986331944569
32	30	0.6228817783937673
114	110	0.6660556880551035
114	166	0.5393227015643631
114	36	0.6717031482335271
114	141	0.6651255166780239
41	145	0.7056520048968679
41	40	0.6152962196128288
87	191	0.7038702860133926
191	192	0.536743517902666
10	110	0.7031733075158023
10	4	0.6146433169475649
37	141	0.7022925785124147
37	36	0.6239516431107022
141	36	0.6338047155581723
23	25	0.6978462958416614
23	20	0.6573143059540143
23	123	0.6523392091650512
118	18	0.6534579690502553
189	82	0.6781657502714352
189	182	0.6076454377508899
189	187	0.5353039080843267
21	125	0.6925398332933742
20	124	0.6924877908314697
60	67	0.6855282372384706
133	129	0.6759777991399786
61	66	0.41055620279690436
82	159	0.5866744418354559
82	168	0.6308880572744228
7	135	0.6780361072816218
7	31	0.6047801957784125
196	195	0.6378496457464939
146	150	0.6400804381235645
123	138	0.6142698511076523
142	156	0.6296765422810161
137	127	0.6257559311745516
88	90	0.6512751872089824
88	85	0.35757272351047475
90	73	0.645648368185398
73	74	0.6353457844410433
73	84	0.618665382535004
73	184	0.6158303499269875
73	54	0.5760094168081807
73	59	0.4755205984174189
174	170	0.6241165001074478
150	144	0.6315978652357681
150	172	0.6258167703187633
74	185	0.5813238680196278
156	52	0.5808602356386265
156	122	0.4092000433720297
31	167	0.5095783051648932
172	180	0.6191836057447795
84	80	0.5780971531557344
40	42	0.5873757213617035
76	77	0.5634748158641694
101	99	0.5448728296978748
101	100	0.5091784169921314
54	178	0.3521184599522228
169	64	0.5253132626773735
72	178	0.43991064295922616
