88	90	0.8915230579941326
88	193	0.8062430910264214
88	85	0.675852877296505
88	81	0.7595032017741847
88	185	0.7278970775728516
88	74	0.7024344504483035
88	181	0.7005144671630322
88	87	0.7000507273436894
88	73	0.6999793302896573
88	194	0.6989169248157854
88	190	0.6458699063313232
88	93	0.6225450530110829
88	80	0.6169216911824547
88	91	0.6020394904764811
88	96	0.5996689017286015
90	73	0.7605084913268136
90	87	0.7549342222767433
90	55	0.6174912227906727
90	193	0.7902510873584745
90	81	0.7552222263539023
90	194	0.7455232121981475
90	185	0.711680086630293
90	80	0.7012064276004931
90	74	0.7002240619332979
90	181	0.6759560763920235
90	78	0.6494517842685651
90	184	0.6212572522250914
90	190	0.6190911054049126
90	91	0.6179241288118404
90	85	0.5961479899021683
185	193	0.8682929138395943
185	181	0.8429849310492923
185	74	0.7429894817870825
185	194	0.7920466779755173
185	81	0.7720568586269155
185	190	0.7673291628971807
185	198	0.713319588266786
185	96	0.7105134423090982
185	78	0.6899603097662086
185	80	0.681468117979878
185	73	0.676715673795385
185	175	0.6748303202067788
185	187	0.6728759244867901
185	184	0.664059131880589
185	87	0.6510735970447946
185	167	0.6406055032293871
185	196	0.6207227491632452
193	194	0.8646796982559173
193	190	0.8247524392565454
193	181	0.8342028197770841
193	81	0.7325136331257684
193	74	0.7202816253773899
193	87	0.7197904464170607
193	198	0.7056319221201011
193	73	0.6894150057133445
193	78	0.6872206820767068
193	96	0.6839081993280057
193	80	0.6606408852307752
193	184	0.660280058401501
193	191	0.658341050879174
193	187	0.6467607889410043
193	175	0.6374283200512653
193	196	0.6371492044369105
193	83	0.6293143009963208
194	181	0.7602933782261845
194	74	0.7341913928638661
194	81	0.7293981068481835
194	80	0.7053606936583737
194	78	0.6584543533714724
194	167	0.6543909525419891
194	175	0.6491452262157391
194	187	0.6487226403905622
194	190	0.6473421132513483
194	73	0.6330203027482153
194	87	0.6251897624055777
194	196	0.6220303363354595
194	183	0.6202184359042241
194	180	0.5991306970947671
96	198	0.8509537961677889
96	98	0.719636202346596
96	97	0.6812806128435024
96	181	0.7375521053676148
96	81	0.7281649609300201
96	190	0.68809044581132
96	175	0.6493303431078317
96	80	0.6263396726607328
96	187	0.6206059417676519
96	78	0.598591950464028
198	181	0.7674524962890185
198	190	0.7273323855853735
198	175	0.7100030431970523
198	98	0.7020695241420272
198	97	0.6779280392208087
198	196	0.6592975179394299
198	195	0.6184431219108191
198	187	0.6025046963109701
198	81	0.6021096161618805
198	191	0.6016504430937211
13	111	0.850456455173126
13	12	0.7947882583746462
13	108	0.6577457231590826
13	103	0.6557952493735838
13	105	0.6195472737288046
13	3	0.609534289893118
13	9	0.5984315045377506
111	105	0.7177360920098002
111	110	0.6339722074728988
111	102	0.6234750774805952
111	12	0.7633941398448121
111	103	0.6053950485776524
181	81	0.8035315260236168
181	196	0.7182351234645467
181	175	0.7527800542862718
181	190	0.7310132295595902
181	78	0.7192454544366351
181	80	0.7152103090769352
181	74	0.7079789097980996
181	187	0.6697612352774762
181	97	0.6325286337015208
181	170	0.6208456745548232
181	195	0.6157496455790037
181	167	0.6101874822561736
181	85	0.6051098973379622
181	87	0.601624921809766
190	83	0.7087013781296319
190	191	0.6923680658130185
190	87	0.6719555250805581
190	78	0.6197012901643841
190	97	0.618245473809063
190	74	0.6061483667503396
190	81	0.5952770692894465
78	80	0.818646556589384
78	7	0.6117480093967372
78	81	0.6668172193381526
78	187	0.6652091495405036
78	76	0.6400391154798536
78	74	0.624744888883913
78	73	0.6182145842275159
78	87	0.6142947573976725
78	189	0.5956256056325148
80	81	0.731882748678839
80	187	0.7095216930324492
80	76	0.6896929987948814
80	74	0.6855865384558054
80	73	0.6444045752304013
80	87	0.6375589124657269
80	63	0.5949670710353516
63	81	0.8059629327230937
63	167	0.7694181202789785
63	65	0.714129073808296
63	92	0.6977128888969877
63	61	0.6863066272963455
63	91	0.66949095085137
63	84	0.6405701243942431
63	175	0.6362572913463429
63	86	0.6104133942660286
63	183	0.6079039878016432
81	92	0.7309294069924449
81	66	0.6458699063313232
81	74	0.7189702106182858
81	91	0.6979642693301852
81	175	0.6940459311562457
81	167	0.6864176977615486
81	85	0.6576038571931886
81	93	0.61764587506079
81	73	0.6112659438497683
81	55	0.5995664283441319
150	172	0.7976433315505568
150	42	0.6688780177390123
150	166	0.6480503103859376
150	61	0.6319343533030253
172	42	0.6553276533030795
172	171	0.6501855084181348
172	165	0.6471096738012427
172	62	0.6169216911824547
12	108	0.7702328569587067
12	3	0.6645507868572988
12	9	0.759655495886312
12	105	0.6982872201839253
12	103	0.6881588887885796
61	68	0.7867712564721003
61	65	0.7161079193738723
61	166	0.711077479741774
61	92	0.6567573682257105
61	167	0.6312491087167839
61	37	0.6046152672104441
44	149	0.782272454690896
44	164	0.7529186839878421
44	45	0.6701195021844019
44	137	0.6316940289789178
149	154	0.6094274392707915
149	15	0.6069953410690143
149	143	0.5967149469895684
149	18	0.5521437470500644
149	164	0.7489941753282279
45	164	0.7818841012154889
45	31	0.7182351234645467
45	62	0.656552598707015
45	165	0.6486299653423535
164	173	0.6105200404312762
164	154	0.6006861625013085
195	196	0.7783614926100388
195	170	0.6043741244747016
196	175	0.6333737490262106
167	175	0.7703141926973428
167	183	0.7193516285493476
167	169	0.712695230527329
167	166	0.695855578701113
167	65	0.6543223344562042
175	170	0.627183638424434
175	166	0.6923524466947544
175	183	0.6429462287981114
175	92	0.6128107026363024
175	169	0.5933690708787116
108	9	0.7596724123133796
108	103	0.6919617578300483
108	112	0.6287825187451027
108	3	0.6304544345942306
84	86	0.7658033759344274
84	189	0.6737123368725255
84	64	0.5368787663234709
84	65	0.6502432305453977
84	91	0.6378496457464939
86	69	0.703254185983595
86	82	0.6005135569551983
86	189	0.6538359811360335
91	92	0.763769388375744
91	94	0.6255246729798838
92	94	0.6767210943176716
92	93	0.6648243001746251
92	69	0.6241958558857165
92	65	0.6117855538810064
73	184	0.7182060739142717
73	87	0.6584600177128204
73	74	0.6458349338522591
9	0	0.4180279519661974
9	5	0.3542978159928332
9	3	0.6267891612193177
9	112	0.6245009504076712
9	103	0.602103241483397
126	128	0.7578735421303455
128	125	0.6752657682621863
128	25	0.6563078860007829
128	129	0.6001169916073276
128	132	0.5997585498108944
128	130	0.6115790251086674
87	191	0.6867242974946242
87	83	0.6705049791974305
87	187	0.6266859372123107
87	74	0.6162770939101458
74	187	0.6185851331725019
38	142	0.7427519659654148
38	41	0.6547795848334556
38	139	0.6278625987735134
38	114	0.6349699425407983
38	199	0.6269409212726114
142	39	0.6861108538029084
142	145	0.6398324467159306
142	41	0.6247022084498091
142	139	0.6186900720497869
30	42	0.7415660798326031
30	32	0.7307756749901779
30	54	0.42535347420671854
42	67	0.6939422567175745
42	62	0.6784896731576154
42	49	0.6291512031396828
42	32	0.6906460703005805
19	121	0.7415210685199427
19	17	0.5265719509076612
19	136	0.6035292523993395
121	136	0.6737014144916132
121	120	0.566755511612692
65	169	0.7316226074063786
65	183	0.5982517480966859
169	183	0.670521491557463
169	166	0.6377191349119431
32	40	0.49303338310376743
32	67	0.6074246223400962
4	107	0.7280427960988589
4	8	0.5011794626236411
107	104	0.6298454945753061
95	197	0.7274406946130333
197	98	0.5926948253707583
197	99	0.38679869601208566
98	199	0.7165412416960751
98	70	0.5986561153906373
183	180	0.6406585663829456
183	60	0.592785637632968
183	166	0.647858859287387
184	75	0.6009417715250264
105	6	0.6613897531102879
199	70	0.6706150490500602
199	114	0.6456658619920872
187	191	0.6263700566398954
187	76	0.6128169472284621
83	191	0.6168039899383851
20	49	0.7041325646351287
20	43	0.6491162947529631
20	53	0.5991050547839448
49	47	0.6014845327907332
49	43	0.6374105091565717
69	94	0.6868616594979744
50	173	0.6991316981130323
173	156	0.5936735051331065
67	62	0.655578621015207
191	179	0.5767773529049727
103	3	0.6141764416190549
62	165	0.6901541235448034
62	137	0.6431280447994654
165	171	0.667605076612268
165	137	0.6487400148204968
165	146	0.6093331409218591
39	24	0.6590882960017105
39	140	0.6384068704419882
39	41	0.612935579937955
139	141	0.6852100757898865
141	37	0.6083136201648573
137	140	0.6843018795031521
140	35	0.5987908367314445
140	134	0.5861232873491474
14	15	0.6830396324375341
14	17	0.6203968492458135
15	116	0.5773909687800521
125	130	0.6812806128435024
125	21	0.5465230306171904
125	122	0.4031210387910944
130	143	0.6737887852976319
130	127	0.5967535814826178
130	27	0.520211730812547
130	138	0.5179616430739611
130	26	0.4651866061340056
85	162	0.3658817419776531
85	66	0.640163072302654
85	93	0.5939001011596898
143	127	0.5942236463908761
136	33	0.547357049775435
115	116	0.671505527097643
115	16	0.4189682914380806
116	118	0.5190875862968551
70	176	0.6232060410092269
70	112	0.5865891796302773
24	34	0.5183566590474835
154	155	0.6568085454789143
154	152	0.5934921604977793
154	153	0.5910966648335366
154	46	0.5511489159296767
154	48	0.5159905861908474
154	148	0.4671902353186465
155	51	0.6443402489691492
25	23	0.6268984332523709
43	77	0.5872316049932982
114	79	0.5279004706598572
114	113	0.5200731349618954
51	157	0.5304994755383177
135	147	0.6438018903937538
135	7	0.5576664915317853
135	186	0.47169643515894977
147	188	0.4246979917595816
147	59	0.3157505508437371
10	110	0.6414243517442321
110	2	0.5624433698862665
145	174	0.595025209198663
28	132	0.6386556271284751
28	131	0.5282394074539466
132	133	0.42691663450113193
52	156	0.6320184381196604
156	178	0.3851051249863982
104	2	0.5377038950609331
112	11	0.6193192418319132
112	109	0.509171009581018
112	106	0.49346470515043245
112	101	0.3717136315965421
170	160	0.6140269506349488
23	123	0.5951027170640449
23	22	0.5495315859031693
23	29	0.48804434243426026
102	1	0.5886514885388823
176	177	0.478332642429235
176	71	0.4564359289237042
17	119	0.5917078934848586
55	158	0.5532827397965075
60	182	0.6130417015748829
146	144	0.5779639770234588
37	36	0.6021542367618621
119	124	0.5236749765743998
179	89	0.570908766085398
179	192	0.4211424706857463
179	168	0.37644397244054806
120	117	0.46580542371437145
2	100	0.31582257315146817
46	151	0.35657807689863047
56	58	0.5190437520470138
56	163	0.49744104355814184
56	57	0.46533547724425334
58	161	0.47904953734367584
57	162	0.44431947328519156
54	159	0.34683372566755943
178	72	0.2748198283925649
