126	128	0.938019377785937
126	123	0.9294044807965395
126	131	0.7857786516571593
126	23	0.8809288735878963
126	22	0.8586281121896525
126	25	0.8379349332132459
126	124	0.7623490740611676
126	132	0.7381762174871739
126	121	0.7358510632376266
126	129	0.7289157268625313
126	26	0.7012725018179703
126	28	0.6921597575491555
126	19	0.6620474432779674
126	29	0.5620946045721356
126	184	0.5359884678213773
126	20	0.532099991236435
126	133	0.5271498849097145
126	75	0.5125409584756698
126	185	0.4857632004375268
126	130	0.47727540916913436
126	158	0.4704125580030638
126	104	0.4703658339628289
126	34	0.469228069695637
126	14	0.4577649078837905
126	63	0.45443070200611324
126	55	0.43934593411811357
126	74	0.436719523943642
126	16	0.415102240348909
126	117	0.4148539023916493
126	93	0.40232511546308786
126	21	0.39809237059971575
126	118	0.3945689641787173
126	39	0.3925576086731256
126	186	0.38240196395189957
126	102	0.38213726427288947
126	76	0.38147951310676936
126	110	0.3770446170210497
126	90	0.35025115545772834
126	125	0.33758111011270714
126	194	0.33300121174078723
126	73	0.32601248534182004
126	77	0.3170913684078661
126	169	0.3109077665271167
126	190	0.30683708515192415
128	132	0.7685190091226192
128	129	0.7529793134803173
128	123	0.8814206412307112
128	25	0.8539601876132961
128	23	0.852190501479724
128	22	0.8128932467573772
128	124	0.7471003543999374
128	131	0.746113406182039
128	28	0.7444596928590809
128	121	0.7028040685162091
128	26	0.6528444381330929
128	29	0.6276262833825383
128	133	0.6273898522753993
128	19	0.6191466076705654
128	20	0.5793607906700584
128	184	0.5647769804550178
128	75	0.5500060587528658
128	130	0.5288879657597577
128	14	0.5003103275163411
128	104	0.477993243950572
128	76	0.45797830335172646
128	185	0.44929769980372236
128	34	0.4490023420334089
128	158	0.44256011348545987
128	55	0.43629050837286465
128	39	0.43154198692773593
128	16	0.42985597620313576
128	74	0.42359085498250953
128	77	0.42037711685797813
128	117	0.41128760873067394
128	186	0.4096744891939617
128	21	0.40061391900094406
128	63	0.39921940881601364
128	110	0.3980166308644909
128	118	0.3961550985570833
128	102	0.385326543262492
128	93	0.36459050447645236
128	90	0.36253376632122597
128	92	0.3495490995883162
128	125	0.34851285044589464
128	194	0.3333034749723853
128	73	0.3325210059323318
128	96	0.30671026056428
123	22	0.8908026598255052
123	23	0.8878969260752767
123	25	0.8411813942442382
123	124	0.7858933901791727
123	131	0.7780065059806152
123	121	0.7721376317949524
123	129	0.7336423674778788
123	26	0.7213721516938187
123	132	0.7186850714140973
123	19	0.7035371173172802
123	28	0.6621316888885741
123	20	0.5590017209913953
123	34	0.55188649371214
123	184	0.5355393049024422
123	158	0.5101629303537597
123	29	0.5095486913632506
123	185	0.5067001488117171
123	63	0.4882728527863949
123	104	0.48038910947746616
123	75	0.473893827989782
123	130	0.4717975042822651
123	133	0.4583101469687365
123	14	0.45651509193443474
123	55	0.4486110414947897
123	74	0.44857909099613497
123	117	0.42409947522856634
123	39	0.4232871962129448
123	16	0.4212411823789963
123	93	0.40451034690709886
123	21	0.39606235779091975
123	102	0.3918044960660507
123	76	0.3761006047811414
123	167	0.37311756095291715
123	118	0.3643650439306796
123	110	0.3600296792414581
123	190	0.357703537755263
123	143	0.3526877377610575
123	144	0.35264395642105534
123	166	0.35181181776715675
123	42	0.3502599286682807
123	17	0.3496456555722779
123	127	0.34761642252285646
123	195	0.3437069313047942
123	186	0.34360110307498987
123	174	0.3358788139828324
123	169	0.335381896732052
123	73	0.3341654375555388
123	33	0.33149777085146986
123	98	0.3254135649844451
123	193	0.3239464494729016
123	77	0.31135936446718665
123	194	0.3055683495632038
22	23	0.9166751142905171
22	26	0.7770970566858008
22	34	0.6940562970172656
22	25	0.8234046882869837
22	131	0.7409713927893423
22	121	0.7266440131909198
22	124	0.7124786538022089
22	129	0.6953600942460816
22	19	0.6876320890985088
22	132	0.6837378357856878
22	28	0.6489195109982603
22	63	0.5169731362188112
22	20	0.5051599978288865
22	184	0.49717760436012015
22	158	0.49252608048549507
22	39	0.4744131975162998
22	104	0.46850251601886655
22	185	0.4597782041853936
22	16	0.45936803207496457
22	29	0.45147392428306493
22	33	0.4416670791504945
22	130	0.43617715036669963
22	55	0.43579649009618815
22	102	0.4280117818773923
22	74	0.3980755400164261
22	75	0.39778937910289847
22	42	0.3962141112001679
22	14	0.3961888204682166
22	117	0.3942649674909904
22	93	0.3918806774108253
22	167	0.3890499081499123
22	166	0.3778849868418804
22	24	0.3707738576185809
22	21	0.3638792915221198
22	133	0.3614475630699159
22	110	0.3584358380184792
22	169	0.33857309830965643
22	68	0.33848455848652126
22	17	0.33450296139447855
22	10	0.3302955861200002
22	30	0.32963615549208486
22	144	0.3241254496127977
22	143	0.32098063588275155
22	36	0.3180264908773338
22	186	0.3151652347638834
22	64	0.3150931792773026
22	98	0.31360622567815144
22	190	0.31340784874491134
22	118	0.3093712840967036
22	73	0.30572246831300776
22	61	0.3052691321670787
23	25	0.8959101673677564
23	124	0.8347190667810745
23	121	0.8231469147649885
23	19	0.7735872884476419
23	131	0.7443170093478452
23	132	0.7349602576520109
23	129	0.7294168254381103
23	26	0.727605443173161
23	28	0.6966233018088553
23	20	0.6620923763526732
23	29	0.5735854414249085
23	34	0.549685130645542
23	184	0.5445704200155744
23	158	0.5001153828723941
23	133	0.498283432579538
23	185	0.48625966578413626
23	39	0.4743667002657396
23	16	0.46799503304313933
23	75	0.4678856885888146
23	104	0.46482607235643464
23	63	0.45705320870393157
23	14	0.45327937970975146
23	130	0.4476120466481401
23	74	0.4355534339008029
23	55	0.42450945807520146
23	102	0.4121762188121411
23	117	0.4114288420799278
23	21	0.4057056657327194
23	17	0.39895037481968704
23	110	0.38137697160743433
23	93	0.38114621891853345
23	42	0.37376296768674494
23	76	0.36275957304162393
23	144	0.36209071411591115
23	186	0.35577478969635806
23	150	0.3557311177045739
23	167	0.35465629785252584
23	73	0.34367165619802614
23	166	0.3416505414720124
23	190	0.3323342126374829
23	118	0.3291904120601583
23	77	0.32552085351575977
23	195	0.3235973324913004
23	194	0.30577685934157106
9	108	0.9128400985665427
9	109	0.897438745295621
9	112	0.8563516416152953
9	3	0.7861990951761446
9	6	0.7683552073644024
9	12	0.7117590394720399
9	176	0.6945535199901207
9	103	0.6857772809655701
9	11	0.6418361691328702
9	0	0.6174417239783897
9	106	0.6129730371588691
9	5	0.5158878532501315
9	52	0.4574644841494806
9	113	0.44841133206762446
9	4	0.44702811622597516
9	114	0.4433880005735239
9	70	0.4247635600609674
9	111	0.41436532408064997
9	156	0.3969472807959623
9	105	0.3936905160769279
9	1	0.3686760316534866
9	13	0.36848591908035444
9	45	0.3520834189550917
9	85	0.3425423410946956
9	164	0.3343608565471615
9	189	0.3291012457579256
9	160	0.3250827059387774
9	139	0.31588558968538233
108	6	0.7817285896860793
108	112	0.8420855166741691
108	109	0.8411521503982
108	3	0.6980411881584301
108	176	0.667787956457785
108	103	0.6636956084660194
108	12	0.6587884218911458
108	0	0.5852626651026268
108	11	0.5171416460979498
108	106	0.49677097543752574
108	4	0.49078963765601663
108	111	0.4562379897804968
108	45	0.45572313668806164
108	5	0.4428013236170142
108	114	0.43849821945997836
108	52	0.418572468392604
108	164	0.41039821619012745
108	113	0.39682933364222306
108	105	0.3929466517146357
108	70	0.3843553803395029
108	189	0.38357101393711185
108	160	0.3696865665381005
108	156	0.368917948509691
108	1	0.3550234150891198
108	13	0.3471064053144195
108	49	0.3356481256325624
108	149	0.33074096494245053
108	47	0.32687018386774924
108	85	0.31976920024235855
108	44	0.3118649872471641
19	121	0.9106809342285944
19	124	0.7547406230761975
19	20	0.7450697885138804
19	25	0.7220668767489389
19	26	0.5828247668600182
19	132	0.5786827623299838
19	131	0.5696604321581993
19	129	0.5658656389070131
19	28	0.5219964330053223
19	16	0.510399606518829
19	29	0.49749372039237516
19	17	0.4962510764806482
19	42	0.4892546844249237
19	150	0.4821333481273579
19	18	0.4691500835347065
19	21	0.4586339663443787
19	185	0.43840936605024144
19	34	0.42725185010435696
19	158	0.4197017920933673
19	130	0.4155987307108077
19	184	0.4153753406716111
19	133	0.40741681614889935
19	119	0.38887167915565435
19	195	0.38782718214167045
19	14	0.38433833478964213
19	63	0.38195791594967027
19	167	0.3800088553772097
19	75	0.3743306263932819
19	93	0.36705909295211725
19	117	0.3599165247241191
19	39	0.35988170581905243
19	33	0.3590457515134785
19	74	0.3555564142030295
19	174	0.3406343765270338
19	166	0.33890949495111866
19	55	0.3361538128213937
19	169	0.33130193254209506
19	125	0.31503012774652206
19	172	0.31468779949531606
19	193	0.3134890062523373
19	118	0.31292080758430335
19	57	0.312433601798155
19	183	0.30911806113374407
19	144	0.3056136802697718
19	43	0.305196585534978
121	124	0.8225980176282736
121	25	0.800067565932374
121	20	0.7592110718560746
121	26	0.6467200680637718
121	132	0.6431221808985734
121	129	0.629972169695558
121	131	0.6160351567813175
121	28	0.6103632001759559
121	29	0.5947732321875322
121	150	0.5135798025224514
121	133	0.5106509902472155
121	185	0.47900330532243934
121	184	0.4766805903880322
121	75	0.476000262639521
121	158	0.4661968451722531
121	17	0.45794669253771425
121	74	0.4528422749898588
121	21	0.4364200434241417
121	63	0.4306952848559468
121	119	0.42511591332727366
121	16	0.4250585622684915
121	55	0.4197841736760942
121	42	0.416747982064654
121	14	0.4159957447746326
121	130	0.4115866677390651
121	39	0.37799641774897746
121	73	0.36949661808710443
121	117	0.36774245607218586
121	195	0.3620385795644424
121	93	0.35942026071382094
121	104	0.3576163298181871
121	118	0.35424534649405154
121	76	0.3499089523208716
121	34	0.34851285044589464
121	190	0.34524045867996833
121	186	0.34002429515886584
121	144	0.3356924919047406
121	193	0.33552389214854467
121	167	0.32477860311892065
121	125	0.3239285481829653
121	98	0.31944597389041485
121	57	0.31620963068774827
121	18	0.3136783559591745
121	96	0.3098866381254088
109	106	0.6214107382399582
109	112	0.7692956932965338
109	3	0.7305799088126076
109	6	0.6772952537182411
109	176	0.6522875053095735
109	12	0.642488435593987
109	103	0.6095971328573586
109	11	0.5780904950804293
109	5	0.5577147202149157
109	0	0.5465440696495447
109	52	0.4187868922953303
109	111	0.40900853762701406
109	105	0.4054215895678711
109	113	0.4052126600624126
109	114	0.4017634140201334
109	70	0.4001184919503339
109	85	0.39171137823713326
109	4	0.3863819275380509
109	156	0.3690129736032963
109	160	0.3254135649844451
109	95	0.32158147743667814
109	13	0.31168442794160056
109	197	0.30584031301914116
45	164	0.8970293064936532
45	44	0.7163270839851119
45	189	0.7197326132164145
45	149	0.696334948403514
45	170	0.6117480093967372
45	137	0.6101058785227236
45	153	0.6015547319450919
45	31	0.5963606685538891
45	157	0.594514672766724
45	173	0.5488401750907599
45	49	0.5469226542527974
45	154	0.5448376730601364
45	177	0.5322290154052438
45	165	0.5309735658786522
45	180	0.5051376530889654
45	155	0.499882882606802
45	47	0.4946741373546474
45	46	0.49221547637622604
45	52	0.4827548187118155
45	60	0.4637670938993702
45	62	0.4616766325741497
45	146	0.4594784823125748
45	71	0.45763052070792176
45	171	0.45225382683961624
45	70	0.4518241700547605
45	50	0.44883466287698554
45	54	0.4453542080953796
45	142	0.43608807364891894
45	6	0.4315501246077533
45	145	0.4272763734657176
45	51	0.4233364446390835
45	67	0.4229834423126823
45	176	0.41697106365990616
45	66	0.409333243501934
45	48	0.40373222902496914
45	4	0.3873343090856488
45	179	0.38673916732657626
45	156	0.3846877161732035
45	162	0.3813256973378747
45	7	0.3627769410254569
45	0	0.36216022332745174
45	53	0.35600185900474646
45	41	0.3475636716533282
45	181	0.3298054994848341
45	72	0.31960759636389036
45	178	0.31882624894426637
164	189	0.7911879924781875
164	162	0.4369137298384494
164	149	0.6690934763800049
164	153	0.6183319544779946
164	157	0.6181898711872967
164	170	0.5953997280049934
164	173	0.5905694226778836
164	177	0.5800977350378899
164	44	0.578835721008874
164	154	0.5782835480104733
164	165	0.5728401575108159
164	155	0.5668573211852663
164	180	0.5566321149254744
164	31	0.5517613054436928
164	70	0.5493640402005261
164	52	0.5447251589471857
164	137	0.5390815528062591
164	49	0.5145068592146018
164	60	0.5044446302870546
164	176	0.5012393657534353
164	71	0.5011045769561504
164	47	0.4707551203679964
164	51	0.4706227835437407
164	142	0.465452988475093
164	50	0.4602985248586049
164	46	0.44945731177432624
164	156	0.4292117307268927
164	181	0.42287669539252154
164	66	0.4206981446111934
164	145	0.41825074502514875
164	48	0.4134703584300067
164	6	0.4066241986469078
164	179	0.40394982625348647
164	146	0.3896183488063675
164	4	0.37420163766426295
164	72	0.3741500381177445
164	178	0.37388340355809063
164	54	0.3715929692614216
164	62	0.3603342733675195
164	97	0.3520571375595194
164	0	0.34821411186892154
164	147	0.3457952476253331
164	135	0.3397854897015118
164	112	0.3257264664379396
164	53	0.322119324807107
164	7	0.3212138289885354
164	192	0.32020005295414067
164	188	0.31566051784227606
164	171	0.31529132312211766
164	78	0.31499409705176656
25	29	0.7519642549896537
25	124	0.8326145951963779
25	28	0.759388926523655
25	132	0.7571106344168955
25	129	0.7406239543535102
25	26	0.7394251925863274
25	131	0.7185254812870449
25	20	0.6879429885745297
25	133	0.6581710411887486
25	184	0.5360811144924814
25	75	0.5064473985920153
25	185	0.5024364192725458
25	104	0.49359329810107067
25	14	0.4913587722039771
25	39	0.48750326800560534
25	16	0.47442094680071606
25	17	0.47338188768231987
25	21	0.46918907752992817
25	130	0.46137757534176926
25	74	0.4339882542377849
25	158	0.43060568543852684
25	34	0.4280199499015776
25	102	0.4246570093085678
25	77	0.4241158778821392
25	76	0.42243315949042837
25	63	0.4191991147137265
25	110	0.3966102541587067
25	55	0.3890838532283997
25	150	0.3876317589956603
25	117	0.38465363503435673
25	144	0.3737801735830038
25	186	0.3737801735830038
25	119	0.36777704618279744
25	118	0.35775585952300387
25	73	0.34188900369414416
25	42	0.3408288349600028
25	125	0.3334456927938721
25	167	0.32355256752872635
25	166	0.32288987681770775
25	190	0.32095372648069614
25	69	0.3192573908456965
25	93	0.31468779949531606
25	18	0.308647673632774
13	114	0.8800749547646686
13	1	0.8025371475390454
13	8	0.7441876436926623
13	10	0.7359060811646904
13	102	0.7191633877870284
13	110	0.6979796543843961
13	12	0.6935532212061267
13	0	0.6782791532746847
13	113	0.6317180668776712
13	100	0.5513090296508254
13	112	0.5467333898941243
13	37	0.528333126224339
13	141	0.5221782892004447
13	2	0.5152711439796016
13	11	0.5114341557343376
13	140	0.4917910340291261
13	3	0.4909110882029641
13	30	0.4868473802997712
13	103	0.4783634897543348
13	111	0.47666513472839095
13	6	0.47466113814518573
13	134	0.4582469485069769
13	7	0.4193886790169019
13	101	0.4141333727892955
13	139	0.4052126600624126
13	32	0.4036820077912389
13	144	0.3893553758143648
13	104	0.38480699189922085
13	176	0.36939299682317034
13	35	0.36075187752793303
13	24	0.3221999839911726
13	135	0.32142904959501867
13	166	0.31403895305094254
13	4	0.31039277359156103
13	65	0.3051149663393314
114	102	0.7307477157495249
114	0	0.7088009124916043
114	12	0.7036885959988404
114	1	0.7554369649427405
114	110	0.7367667608080991
114	8	0.684971282957124
114	10	0.6800300838641291
114	113	0.6573938099436658
114	112	0.613116597649449
114	111	0.555333255145388
114	11	0.5502919665314184
114	103	0.5420824937317693
114	3	0.5333175669998683
114	141	0.5260803240003666
114	100	0.5152270728782495
114	139	0.5122090961615595
114	176	0.5064994425191767
114	6	0.4893915857407937
114	37	0.4736146274994178
114	140	0.46851812598044806
114	2	0.4517286622865702
114	101	0.4290404020558501
114	134	0.42618856751349204
114	30	0.4124003237730512
114	135	0.404619069468466
114	144	0.3854883208729367
114	7	0.38210310490631477
114	106	0.3721358508581514
114	4	0.35358053986029975
114	104	0.3404045244377799
114	32	0.3318715646622551
114	166	0.32739704417072063
114	160	0.3056136802697718
95	197	0.8760447069961046
95	198	0.7591305765213926
95	96	0.7561915552695673
95	199	0.6955975964566242
95	98	0.6760538195072604
95	79	0.6758691736527294
95	182	0.6266069863650024
95	81	0.6082632213491402
95	181	0.6015993992974422
95	5	0.5819657065793904
95	190	0.5723763949115243
95	99	0.5676033957299107
95	78	0.5394857814677906
95	83	0.5014789302313613
95	183	0.4992600271293018
95	70	0.49745609445656475
95	185	0.4814806654870589
95	11	0.4810349987868094
95	106	0.46841665600121984
95	186	0.46437911004999166
95	97	0.4589892376958307
95	147	0.4529217647773585
95	38	0.44208554670406
95	156	0.42998640304601704
95	93	0.4278075585505059
95	194	0.4171610565159816
95	75	0.40310428878748933
95	74	0.3959696089435564
95	195	0.3868327109565407
95	55	0.3808897713350776
95	87	0.37959809571492686
95	148	0.3791186868947344
95	191	0.37767923948129667
95	101	0.3709291020703703
95	80	0.364815922281875
95	184	0.3645558210200987
95	16	0.3535017890823206
95	63	0.345522286423101
95	135	0.3446501801831084
95	61	0.3435217261751682
95	90	0.3347338493286673
95	14	0.3280754117408598
95	117	0.3219848824410549
95	176	0.3182422006051183
95	85	0.31627263009603623
95	7	0.314102048231353
95	187	0.3134980234704986
95	15	0.31340784874491134
95	71	0.30819523554171446
197	198	0.7943089583083127
197	190	0.6089620668185532
197	96	0.7901384096830795
197	199	0.7891973494902516
197	98	0.7128280626507831
197	182	0.6915237046179904
197	79	0.6526263422651267
197	181	0.6361382408667414
197	5	0.6006733788250471
197	185	0.598226063688234
197	81	0.5847430255373349
197	99	0.5794737175292733
197	194	0.5766038216356217
197	183	0.5657228647664782
197	186	0.5650833646999476
197	106	0.5509330462434596
197	195	0.5037957296847949
197	147	0.4883718531525025
197	75	0.4834907472972003
197	184	0.48304620540212906
197	78	0.4743434506478709
197	74	0.46973480133410817
197	11	0.4615192471066227
197	83	0.4586971364172818
197	38	0.4510120240325248
197	93	0.4465558938743854
197	101	0.42578748576731773
197	70	0.42520602952345504
197	156	0.4212658587431358
197	148	0.4198747854288454
197	193	0.4052460916285241
197	55	0.403882878127105
197	191	0.39144044438269043
197	87	0.3823165838134343
197	90	0.3799917433817611
197	14	0.36800185709237404
197	97	0.3591589874267287
197	187	0.34768675359267115
197	117	0.3428335875276297
197	63	0.3365174329375722
197	80	0.3362691178617508
197	85	0.3306429942329718
197	16	0.3233824474627958
197	135	0.32046926866302544
197	129	0.3082947838931238
197	139	0.30821333574407994
29	133	0.862262791704293
29	28	0.73619018569087
29	129	0.6679541409335649
29	26	0.6375707826870288
29	132	0.6330502660646365
29	124	0.604342386919777
29	20	0.5432183973649009
29	131	0.5191606373123993
29	21	0.490903498102669
29	75	0.4818185914773814
29	76	0.4680496998976162
29	17	0.4368085400333407
29	39	0.42953798561260537
29	14	0.4273417660223767
29	77	0.42715375037244296
29	16	0.4230819675121696
29	118	0.39734315035376744
29	184	0.3890074753160747
29	185	0.38700276988814847
29	74	0.3714205727184125
29	119	0.3639660475510786
29	130	0.3548835738068463
29	88	0.3503125666409414
29	125	0.34760763086406765
29	117	0.336073980351099
29	81	0.31623663077569336
29	186	0.3072356057640062
29	69	0.3057677943087297
133	129	0.6994382983850751
133	28	0.6873684174109038
133	132	0.6485372710563683
133	124	0.5465300437046321
133	26	0.5237040065470498
133	20	0.50813322765097
133	77	0.4916545564650878
133	76	0.4857020753332231
133	75	0.48176484010543696
133	131	0.4801660027740779
133	14	0.44631568535153826
133	39	0.4456107026141185
133	88	0.44314694639231195
133	21	0.4396041298574367
133	118	0.43569117354572706
133	17	0.4347995560670701
133	16	0.43209518913527534
133	184	0.40233349677438224
133	130	0.3993707102373884
133	117	0.3927521477655917
133	119	0.37767923948129667
133	69	0.37273875414228275
133	125	0.3583225346520561
133	74	0.3515489214945752
133	86	0.33871474955609554
133	185	0.33849341273858724
133	84	0.3291458296427599
133	186	0.32236128832508176
133	87	0.31109745477521267
112	12	0.7745092406641984
112	176	0.7435802180332428
112	11	0.705807607980254
112	3	0.752094590511213
112	6	0.7489327078016494
112	103	0.7037491695667415
112	0	0.661766503712294
112	113	0.5537959994346074
112	106	0.5479031287254107
112	1	0.536743517902666
112	111	0.5231086490386854
112	4	0.5058449076322047
112	52	0.42594302713543136
112	102	0.42122473112307424
112	8	0.4109801502306973
112	5	0.41003225787691777
112	70	0.4059562560992599
112	156	0.3990680856481893
112	110	0.36296797221203214
112	105	0.3433894204351292
112	10	0.33474272883144546
112	37	0.3230600573794549
112	139	0.3217069937344096
112	15	0.319410055260681
112	160	0.3154264054397968
112	189	0.3066649634288597
112	85	0.30563181216451096
96	198	0.8447124312158303
96	98	0.8017527087347855
96	81	0.8014310033516672
96	194	0.6961494595628093
96	75	0.6690437651338189
96	199	0.7369632836739076
96	182	0.6473653505771725
96	74	0.6403341959890573
96	185	0.6349401009347935
96	186	0.6314175058258046
96	79	0.6204091512481584
96	184	0.6181219040245958
96	90	0.610777154822634
96	190	0.606805839569965
96	55	0.5626279293676636
96	93	0.5549112332012174
96	80	0.5432395444334531
96	183	0.5364373275026056
96	78	0.5103700262252673
96	193	0.4999203875245513
96	87	0.4887601178097542
96	88	0.47244249946465633
96	83	0.46665066550189316
96	148	0.4653119730293315
96	181	0.4622822952557538
96	14	0.447644031813673
96	99	0.44623560154663844
96	63	0.4450495258881278
96	195	0.4388858431130482
96	97	0.4352859987132953
96	76	0.42845275510786107
96	187	0.42685939083744334
96	73	0.4116448078129384
96	147	0.41069753834383
96	5	0.3979661346929592
96	85	0.38701977433365287
96	129	0.38694325225597465
96	11	0.3798890659472693
96	117	0.36051699297280654
96	191	0.359751125997366
96	26	0.3552768369191915
96	116	0.3412971832378406
96	118	0.3396085685166228
96	38	0.3266200773364109
96	106	0.31945495340442753
96	135	0.3061303523683474
198	182	0.729159349067772
198	97	0.6145686458092375
198	199	0.7772554555066459
198	81	0.698563809139622
198	98	0.6922951710430912
198	183	0.6792067624849969
198	185	0.648328638568343
198	190	0.6030585854732123
198	79	0.5846377235912472
198	194	0.5838802861326855
198	147	0.5558171904276069
198	186	0.5502780228029265
198	181	0.5467123570711391
198	78	0.5382155265513168
198	75	0.5221201003830308
198	99	0.508889472065747
198	195	0.5055546432212245
198	187	0.5049663209175013
198	184	0.4988244721874618
198	74	0.49300310578334866
198	191	0.48458570798114237
198	156	0.48393503994119963
198	148	0.4832225190740533
198	193	0.47373872836374026
198	83	0.47217834569489847
198	80	0.462494568426924
198	14	0.4568712360339509
198	5	0.4492657739668932
198	70	0.4477399804376068
198	11	0.4461314819147512
198	93	0.4246160251171685
198	55	0.420977929024967
198	87	0.4160701672667116
198	106	0.4038996155643186
198	177	0.4007062608649629
198	63	0.3948728745163994
198	117	0.39150818421153744
198	61	0.3766070358633462
198	135	0.36985058806526033
198	118	0.36671293509751135
198	16	0.36169095801525464
198	125	0.3592373753266399
198	73	0.3569446198541129
198	116	0.3555651499683319
198	38	0.3491628014120964
198	176	0.34780103323644884
198	15	0.34219805586818924
198	71	0.3419949727751743
198	90	0.34111163153276075
198	101	0.33657950439651485
198	196	0.329208244616202
198	76	0.3263788598521528
198	129	0.31934719545015783
198	18	0.3178736765612888
198	120	0.3174241269858884
198	21	0.31164831337867077
198	159	0.3115038461236244
198	122	0.30848481199605615
198	7	0.3075344255297371
198	52	0.3060850374644038
98	199	0.8400960900380127
98	81	0.6912261642385732
98	186	0.6379564000978561
98	79	0.6006925542242558
98	182	0.5943336079855862
98	184	0.5907387158962447
98	75	0.5868908182593389
98	190	0.5629354039156064
98	185	0.5595240119777568
98	194	0.5342828941016501
98	38	0.5318060105820714
98	74	0.530506661203262
98	55	0.5194381619970951
98	183	0.5149405443034221
98	93	0.5072350971278561
98	80	0.49248820864988124
98	90	0.4913511865011345
98	78	0.48078131876757774
98	14	0.4644575416117473
98	181	0.44942539167547874
98	148	0.4245422491871786
98	87	0.4232461539468696
98	99	0.41910844060169183
98	76	0.4131967371589342
98	61	0.4126492707577233
98	147	0.4083504826425699
98	5	0.40829215348352044
98	83	0.4076252977943037
98	195	0.3999084946506582
98	193	0.3935553063167454
98	63	0.38235073665231784
98	88	0.37002321740204785
98	85	0.3695829621213559
98	129	0.357494228227321
98	26	0.34210976279805577
98	73	0.34065205577101887
98	70	0.3399535425561122
98	11	0.324000151950906
98	77	0.3233555844884133
98	187	0.3203974828669398
98	158	0.3164616115825521
199	183	0.6873578667726868
199	182	0.726044034463202
199	185	0.628915519504382
199	79	0.6041011188179833
199	190	0.5867203468671403
199	81	0.5862348743430822
199	181	0.5806017625576096
199	147	0.580409488726926
199	186	0.5673728902837107
199	195	0.5571564151477109
199	38	0.5569288129880821
199	194	0.5549112332012174
199	184	0.5090450720510852
199	78	0.46313106984825864
199	99	0.4526037624322488
199	75	0.45093236162450223
199	74	0.4482195688874528
199	93	0.4311024479262108
199	70	0.42523060520492945
199	148	0.41869618018762894
199	193	0.4161941923676964
199	139	0.40425940504827995
199	61	0.4030707879700398
199	196	0.4014614793456111
199	55	0.39607078910361365
199	5	0.3916097859987014
199	14	0.386892234576407
199	83	0.372945391450178
199	166	0.37173948617750197
199	187	0.3681747592910379
199	63	0.36199513237465525
199	156	0.3587756847565907
199	135	0.3432306355552675
199	106	0.34018347444084474
199	11	0.33593204403537674
199	80	0.33298342941849923
199	191	0.33154227557516797
199	142	0.31467878975107527
199	97	0.31143160709525175
199	101	0.3063206598147292
199	17	0.3061303523683474
51	155	0.8395361436721293
51	48	0.6732588106729968
51	157	0.6776198844403514
51	179	0.6232610832025823
51	89	0.6224654296721402
51	47	0.6191589406674092
51	49	0.6187949888550156
51	53	0.5938871553525242
51	40	0.5820648953074355
51	173	0.5643954847383826
51	154	0.5549596764660472
51	50	0.5375190418465408
51	66	0.5297373627404474
51	153	0.52916881604824
51	189	0.5245888363920581
51	145	0.5221782892004447
51	52	0.49044036108232175
51	27	0.49027326003984784
51	180	0.47901871629146897
51	178	0.4655626508205759
51	72	0.4630210913724545
51	17	0.4545021134316183
51	170	0.45010344678199554
51	146	0.42805262129909927
51	41	0.4144481507861424
51	150	0.3925829853299802
51	60	0.38047933329600253
51	69	0.375748545695534
51	54	0.3646598683542751
51	70	0.3602646586239869
51	192	0.35980335961747767
51	91	0.3569097157342436
51	149	0.3563336539203519
51	44	0.34886421696208614
51	175	0.34241876210491984
51	46	0.3317469782974954
51	177	0.32296153433675184
51	71	0.31300199254881855
51	137	0.3058856354111793
51	142	0.305250995841213
51	191	0.30506962040471725
155	157	0.706659705305762
155	179	0.6815805781371198
155	48	0.6587884218911458
155	154	0.6236645372928558
155	49	0.5979948486958212
155	173	0.5970239454720899
155	153	0.581383450532603
155	145	0.5601762513211652
155	17	0.5543365476223014
155	47	0.5490567583175374
155	178	0.5487772822827022
155	89	0.5441763717757563
155	170	0.5419553749469479
155	189	0.54045633200651
155	180	0.5256679538784972
155	52	0.5222292004278299
155	27	0.5168192443708538
155	50	0.5082444892632207
155	53	0.49892211849379714
155	72	0.49505169268867116
155	146	0.4836209968288275
155	149	0.47308698900503376
155	44	0.47084073879189786
155	66	0.4381750750733053
155	191	0.4350184866836295
155	70	0.43259929614437626
155	137	0.43117571864431137
155	177	0.42549270678919326
155	142	0.4254435681773768
155	40	0.4151353474043813
155	46	0.4080504685936159
155	192	0.39907649306126775
155	150	0.3989251493598304
155	165	0.3906780790693224
155	175	0.36456449197902147
155	156	0.3635929518346003
155	54	0.3623861004462842
155	71	0.3607779729879915
155	41	0.35219729858667587
155	60	0.3379354778403052
155	31	0.33100812155077813
155	120	0.317621946391507
155	171	0.3158765874940037
155	168	0.3132725760585459
155	119	0.3127133141236056
155	176	0.3097329550845978
155	97	0.30717221196095285
155	162	0.30572246831300776
28	132	0.8361988982340205
28	39	0.62038454693818
28	131	0.7272287517320755
28	129	0.6940459311562457
28	26	0.6883799285735637
28	124	0.5972041128237883
28	20	0.47749159856402246
28	184	0.4425359889487918
28	75	0.4332331112714167
28	104	0.43005976025937226
28	55	0.4280036137832864
28	158	0.42384519851985547
28	130	0.40527116459185153
28	185	0.3799660749009056
28	16	0.37876756203731987
28	21	0.3754908727480713
28	76	0.37450258883325627
28	77	0.3643043357143489
28	74	0.3624729649295668
28	14	0.35897606262004145
28	63	0.3586885536300255
28	190	0.3497334272946392
28	17	0.33961741514678045
28	143	0.3195716818653938
28	186	0.31155802303221153
28	117	0.3089009779870475
132	131	0.752996633844772
132	129	0.7312273425883143
132	26	0.6586412372519956
132	124	0.6547567336871577
132	39	0.5544473715506705
132	20	0.5306934617307615
132	130	0.49394114729815286
132	184	0.44091013073367347
132	104	0.4313466615383762
132	185	0.4257792986822889
132	75	0.40862541804498576
132	158	0.40026126612014684
132	16	0.39826066169128604
132	55	0.39477158066754586
132	63	0.38257270463890125
132	74	0.375370605501934
132	17	0.37173948617750197
132	21	0.36516263540593624
132	14	0.3629332415377598
132	93	0.3610649857606587
132	143	0.35703187579310386
132	77	0.3491803629962192
132	102	0.34872368211757315
132	76	0.34430645966104556
132	117	0.3437333869983573
132	34	0.34337177863985274
132	190	0.334076601241198
132	193	0.3183051097367146
132	127	0.31689347493189207
132	186	0.31610162521364693
132	144	0.3110071301281737
124	20	0.7910757593741417
124	129	0.6595348894449181
124	131	0.598765178135539
124	26	0.555222588517118
124	150	0.5464669231580285
124	17	0.5231594921907389
124	184	0.49294254756003136
124	14	0.46447322704988164
124	75	0.4627853751963745
124	102	0.4613854466127824
124	144	0.45847602088167067
124	119	0.45646759499525746
124	185	0.45257990761332567
124	21	0.44328355163310623
124	110	0.4327699807841605
124	104	0.42165237367251096
124	16	0.41338745077602734
124	74	0.3969388564339596
124	63	0.39457740729872814
124	158	0.38983037753494787
124	76	0.38440651541669524
124	118	0.3619169234696822
124	186	0.35982077032303494
124	73	0.3542278561654467
124	130	0.3449145177199742
124	11	0.34476473316290035
124	193	0.3435922836618669
124	77	0.33998891933859104
124	34	0.3385642445971093
124	39	0.3366947722031226
124	117	0.3325476885595662
124	42	0.3251631924948162
124	195	0.3232123064903205
124	55	0.3219221382254856
124	122	0.31918554303334296
124	18	0.3136693398720032
124	93	0.30671931982465467
124	125	0.3049063635868281
195	196	0.8307338735252467
195	93	0.7315714831725475
195	183	0.717721546049533
195	185	0.6695350910364978
195	174	0.6677048392459258
195	194	0.5476931535694366
195	190	0.5440707823461971
195	63	0.5292984001694446
195	191	0.5207804161535224
195	182	0.5026008637746626
195	79	0.49496109644853936
195	193	0.4832685075004631
195	147	0.4699529904115216
195	74	0.4697425947896634
195	167	0.4368166319809876
195	166	0.4115700556740224
195	187	0.4109469058715595
195	50	0.3844661700255478
195	83	0.3577732996131152
195	99	0.3519344837068926
195	81	0.35032133942126553
195	175	0.34290418280178575
195	169	0.3354795202182997
195	181	0.3336056697048865
195	173	0.33000155548954657
195	129	0.32761130201334704
195	55	0.3269505655322998
195	130	0.316290629414649
195	145	0.31113358306056194
195	87	0.31108842256337765
195	17	0.3086024361040108
195	117	0.3064293959356374
196	174	0.7368079038064518
196	183	0.6980258056813174
196	93	0.5499502568308463
196	167	0.5323795123600575
196	166	0.5149038015456443
196	185	0.5087338388199131
196	145	0.4899693476038043
196	191	0.4853505138038564
196	63	0.47810896402150305
196	175	0.4614720257999938
196	147	0.4590918443272167
196	173	0.452675323002164
196	50	0.42973368474293727
196	169	0.41481250672104253
196	79	0.4041004437171346
196	41	0.3953538891841017
196	182	0.3808470243719146
196	190	0.37480346111769836
196	61	0.3724459546675488
196	187	0.36284641044044136
196	193	0.3557049137637781
196	170	0.3549010548357501
196	179	0.34110279507407043
196	168	0.339166160420605
196	42	0.3345296043601706
196	31	0.315777559635577
196	32	0.3155344620911377
196	172	0.31307415312196524
196	139	0.3071088154316468
196	137	0.3050877589445786
76	77	0.8202561941535007
76	92	0.6953084432207145
76	80	0.6889950086011767
76	75	0.6887638127408934
76	88	0.6481431056906152
76	184	0.6344026279816908
76	81	0.608080484522626
76	69	0.6007309029493801
76	86	0.598880632137983
76	73	0.5973070385477036
76	91	0.5660763387240484
76	14	0.5525120619930723
76	84	0.5498944499984859
76	186	0.5090969313211143
76	116	0.4960400013938716
76	82	0.4798273773852116
76	94	0.4523810922657035
76	187	0.45100405811505606
76	20	0.4446324253197656
76	129	0.43650099364561173
76	188	0.43076858715580724
76	60	0.3975957557611409
76	74	0.39633212666601386
76	87	0.3879291282059016
76	148	0.38061616264142645
76	90	0.37479486586182803
76	61	0.3610823782765809
76	78	0.3431600581990078
76	65	0.3395820282656261
76	85	0.33733299574840225
76	117	0.32822710558812074
76	193	0.32683445716533266
76	93	0.3250558760400984
76	185	0.31861961333602684
76	104	0.3139938833664999
77	69	0.6896772687623969
77	86	0.6670504030325799
77	80	0.590725695187019
77	88	0.5885599924796734
77	84	0.5848483077814008
77	184	0.5826332430597622
77	75	0.5770709026578525
77	14	0.5288015269718396
77	92	0.5156750020923417
77	20	0.4851364429515694
77	186	0.4829005254244967
77	73	0.4813731135463497
77	91	0.45658633246460373
77	94	0.4425279472942201
77	81	0.40444343503157826
77	188	0.39532014083832584
77	129	0.38825189478711947
77	82	0.38394621483177405
77	60	0.3679845654724458
77	116	0.3646078458252811
77	78	0.3430541848988026
77	104	0.336162682797718
1	102	0.6976102352288653
1	10	0.6724926774418182
1	8	0.6398029150491827
1	110	0.6364239111229137
1	0	0.6339961300358428
1	12	0.5499781584056527
1	11	0.5354822466457765
1	100	0.5337825277950163
1	2	0.529053609436764
1	3	0.5118328005564252
1	7	0.47834035437117794
1	37	0.47588424079393166
1	30	0.4713698194328113
1	113	0.47006206342067536
1	6	0.4672058698382389
1	141	0.4555725835335572
1	32	0.4439662689658495
1	176	0.4350995590481859
1	134	0.4303694281066985
1	103	0.42819962874227746
1	139	0.41069753834383
1	111	0.40085734817448826
1	140	0.3858203164579841
1	101	0.37762779681210484
1	135	0.3723856632150161
1	35	0.36056919349346017
1	166	0.33746591998894243
1	24	0.32445653868774066
1	70	0.3212586693521341
1	156	0.3173162138450653
1	144	0.3112148684146025
1	104	0.3073533298780995
81	74	0.6643888276961242
81	75	0.6452808416831678
81	80	0.6432394445861215
81	90	0.5931941063026043
81	183	0.5868777069220932
81	185	0.5854532983495541
81	184	0.5850851207957607
81	93	0.5849404135832539
81	78	0.5655664541604087
81	194	0.5623886748288998
81	61	0.5387338593619586
81	88	0.5260441610745316
81	182	0.5250235834334614
81	79	0.52175631014186
81	186	0.5207366875217049
81	55	0.5107470844910943
81	187	0.5093561722280481
81	97	0.5039598732590891
81	73	0.49729051810300406
81	193	0.48168036633889155
81	190	0.4747076186296172
81	87	0.47255901091974306
81	63	0.46705733010599987
81	85	0.46221938932310463
81	92	0.42708834496364584
81	147	0.4229341759619586
81	148	0.4127654249277417
81	14	0.4038494024414824
81	83	0.3990260475762708
81	116	0.390008449732678
81	11	0.388820751238421
81	129	0.36777704618279744
81	5	0.3608910467871117
81	82	0.34708001952536544
81	181	0.33872360224929426
81	117	0.3356215051544442
81	118	0.3115038461236244
81	191	0.31115164686602426
81	26	0.30754347972766316
35	62	0.7972063953984769
35	32	0.7969146398186783
35	37	0.7676168524923973
35	140	0.7305612581477121
35	138	0.726469330497107
35	34	0.6526952263330149
35	141	0.6841955187604574
35	33	0.6110780032071255
35	24	0.5979627276273898
35	171	0.5632768596439016
35	166	0.5613827770680664
35	41	0.5535532939043911
35	67	0.5370851449307793
35	42	0.5258560831945235
35	61	0.5152564539152525
35	68	0.50329561374088
35	137	0.491700051670784
35	172	0.49151805474297783
35	2	0.48342178299370736
35	7	0.4820028543691123
35	36	0.46769820762391645
35	30	0.44569084215291943
35	167	0.4348076655252705
35	10	0.4347995560670701
35	31	0.4343290868544332
35	145	0.4316396344522086
35	169	0.4182754967039977
35	134	0.4176069834126168
35	136	0.40681615174643193
35	146	0.3829055738258349
35	168	0.38071877371469026
35	175	0.37885321230627483
35	40	0.3757399575329603
35	44	0.3662974116089097
35	135	0.35521567091229034
35	70	0.3472031485059822
35	153	0.33848455848652126
35	139	0.335373021512453
35	15	0.3325299002005623
35	64	0.3152102675979465
35	65	0.31448056103398964
35	142	0.31403895305094254
62	31	0.6411947501473854
62	32	0.6853532808235626
62	138	0.6663782579020711
62	41	0.6540820862877336
62	171	0.6540363097625512
62	137	0.6445624283025542
62	67	0.640345995280295
62	33	0.6161964611199641
62	37	0.5947990813646337
62	34	0.5828841921189537
62	145	0.555077308725891
62	61	0.5545166265218341
62	141	0.5264129336530271
62	153	0.5081777343313747
62	140	0.4943870703575332
62	44	0.4735448124971041
62	165	0.46918907752992817
62	170	0.4649514929031591
62	168	0.4583970372868979
62	68	0.44920990099135344
62	172	0.44877077678754645
62	24	0.44208554670406
62	42	0.4410873451574304
62	50	0.4392168090182935
62	47	0.43476711752907526
62	175	0.4344183319971538
62	167	0.42929330495437995
62	146	0.42659766195617393
62	40	0.4252797546868225
62	7	0.4243946804137623
62	30	0.4129064512302275
62	166	0.40324665520857167
62	179	0.4007314435970042
62	2	0.39515982162115904
62	54	0.3935975611962722
62	36	0.39046621572151113
62	48	0.3855223762979786
62	70	0.37912724955248395
62	169	0.37510425447491597
62	142	0.34368047506564514
62	72	0.3413501931262123
62	135	0.33898915515300054
62	134	0.3366504396253136
62	27	0.33608285086408446
62	173	0.33138205166560736
62	149	0.3286285663995988
62	60	0.3191136915516504
62	174	0.31095293264298995
32	36	0.6513960972030227
32	166	0.6134722035165385
32	61	0.5815555427690109
32	141	0.6707140866761663
32	37	0.667311191819635
32	34	0.6380690586509631
32	33	0.6092262486193014
32	7	0.5955288124646801
32	30	0.5876900278076349
32	24	0.5796131846997811
32	138	0.5795334933306088
32	10	0.5706593100257219
32	2	0.5588642022033952
32	140	0.5545720249690399
32	42	0.5503268245098646
32	79	0.5362592448753581
32	68	0.53317443726051
32	31	0.5318777250047273
32	67	0.50606067104427
32	172	0.5020027094985978
32	135	0.501329211440687
32	41	0.4701867007106952
32	63	0.44942539167547874
32	139	0.4479638204643379
32	167	0.4477479756909077
32	134	0.43948310964684484
32	169	0.43709980560670114
32	136	0.4181764862617731
32	181	0.41392622795982886
32	171	0.40428450197390536
32	142	0.3958009539755981
32	70	0.39530326626518597
32	64	0.3740640337252789
32	78	0.36709370314883055
32	65	0.3578430574776531
32	147	0.35181181776715675
32	168	0.3427188619480802
32	145	0.33733299574840225
32	175	0.3329122977609394
32	44	0.32476071262553496
32	0	0.32105239175453
32	100	0.3162276308032989
32	99	0.3051331043257919
189	153	0.643737478728643
189	180	0.6395429549025712
189	60	0.6302495314302031
189	47	0.6134784399968345
189	49	0.5817143509567362
189	165	0.5574942154961756
189	170	0.5442045260459617
189	154	0.5266297662304652
189	157	0.5262611100927737
189	177	0.4912298051177847
189	52	0.4880900498589595
189	66	0.47678877175387585
189	137	0.4703658339628289
189	173	0.4680496998976162
189	149	0.465241456447325
189	86	0.4461074525921259
189	84	0.43150943550532034
189	71	0.42819962874227746
189	31	0.42761963450353946
189	188	0.424730776467252
189	48	0.42360726625922546
189	179	0.42272887258808167
189	46	0.40918339212926813
189	89	0.4030707879700398
189	175	0.3961213755772046
189	44	0.39429874916363156
189	176	0.3866966448635338
189	146	0.3865265385689249
189	162	0.37689877532370225
189	54	0.3763753071779556
189	4	0.3732810981816976
189	70	0.3721358508581514
189	82	0.36320237788207343
189	50	0.35661299048363815
189	6	0.35415789237287276
189	72	0.3439890972353188
189	145	0.3426217784725314
189	53	0.33266330712511394
189	192	0.3310615465070765
189	178	0.32581585375296646
189	0	0.31324551999548367
189	40	0.312650158014404
189	171	0.3116573421038203
189	78	0.306674022967079
20	150	0.6417950040402107
20	69	0.5641910128025632
20	129	0.488897106194975
20	17	0.4389423579218774
20	184	0.4220469542341812
20	131	0.416268599995855
20	75	0.40672435257075495
20	144	0.3978567180486073
20	14	0.3912795452860528
20	26	0.381265874391252
20	119	0.36948798333270727
20	16	0.35253887490599634
20	73	0.3422245426109867
20	42	0.34142970388741517
20	21	0.3338633698708645
20	88	0.3279147762821387
20	91	0.3218324987263984
20	104	0.31990385593132376
20	158	0.3164616115825521
20	86	0.3104921723932377
3	103	0.771207233126757
3	12	0.7277324775998676
3	6	0.642106590586029
3	11	0.6411594166305449
3	0	0.6323306228929411
3	106	0.6046977379770039
3	176	0.5808999903362627
3	113	0.5462213953419004
3	5	0.4955346908387349
3	102	0.4431228374482879
3	111	0.39739367625439165
3	52	0.37928136628860215
3	10	0.37073935603704766
3	8	0.36856369613223655
3	156	0.3523374438181354
3	101	0.3466401755014598
3	70	0.34629699129429603
3	85	0.34111163153276075
3	4	0.33749250322239177
3	139	0.3314799685488854
3	105	0.325216847581847
3	110	0.31712734607408194
131	26	0.6914871772022633
131	129	0.6772681892447671
131	143	0.4876480992958743
131	39	0.4745991600475156
131	184	0.4500476265412413
131	158	0.4490342773357048
131	104	0.4412806307612654
131	127	0.4042928674804993
131	185	0.3958431202213326
131	75	0.3893299234453321
131	16	0.3702389681440029
131	55	0.3669033344907281
131	63	0.36426964391479316
131	14	0.35700569966555035
131	102	0.34382156870283004
131	74	0.34209210345902547
131	34	0.32256737217770437
131	110	0.31020299339552504
6	12	0.6390935881184606
6	176	0.6161468345199868
6	103	0.6071973999443971
6	4	0.5934209014698856
6	113	0.5685448310359533
6	0	0.5337682261180782
6	111	0.48404990263399345
6	70	0.45341444072765485
6	105	0.4095163651933326
6	11	0.4000512973842221
6	8	0.3954888718927688
6	106	0.39540450970139823
6	160	0.3925660676251578
6	52	0.36509330088063763
6	2	0.3539042403941486
6	139	0.33918385962685577
6	5	0.33223635812381114
6	102	0.3218324987263984
6	54	0.321608374737781
6	142	0.3182601749287473
6	37	0.3120635764692351
6	165	0.3098143187109766
75	184	0.7797372758477081
75	186	0.7748691116085118
75	14	0.6874844552865863
75	74	0.6405347428394796
75	80	0.6247753726228503
75	194	0.6201445909175641
75	73	0.6057053699472035
75	88	0.6053000154232013
75	90	0.6005647051753062
75	185	0.5952125009249772
75	148	0.5043477043014606
75	55	0.49962029568929056
75	116	0.4701243844094864
75	129	0.46790912074937274
75	87	0.44045082434482624
75	59	0.43226596532351586
75	26	0.4282731239667376
75	193	0.4244028792705189
75	190	0.41385164532457375
75	93	0.40425940504827995
75	118	0.4036317841246405
75	84	0.37337576702851716
75	182	0.37308312910762215
75	104	0.37126539392903235
75	85	0.3663060698392571
75	78	0.36121281413830364
75	117	0.357703537755263
75	125	0.350409063843714
75	82	0.3481965368078804
75	86	0.345751225581903
75	187	0.33557713649966353
75	130	0.3340854851397637
75	92	0.31384063585477795
75	83	0.31103422811228587
75	21	0.307561587956441
75	99	0.3051421732360058
184	73	0.6499776466038969
184	186	0.7444775235187314
184	194	0.655590025199112
184	14	0.6043042993219834
184	185	0.6023135653422351
184	74	0.5821971200045318
184	193	0.5344829358712713
184	80	0.5297517501545449
184	88	0.5264490771728404
184	129	0.5196790814098806
184	90	0.5178957855878228
184	55	0.4477239897162168
184	148	0.4472281353340927
184	26	0.4470201145315726
184	93	0.4286486777344317
184	87	0.4213152096002623
184	59	0.40302053471836985
184	116	0.40136920411617255
184	117	0.39677878084983614
184	190	0.392997386094155
184	187	0.37928136628860215
184	39	0.3791186868947344
184	104	0.3726354216223154
184	78	0.36726673888507927
184	82	0.35773841918331906
184	182	0.3509703545233252
184	92	0.349461314977408
184	16	0.3368898178110734
184	130	0.33566587232014233
184	158	0.3331790219348102
184	183	0.3286018060378199
137	171	0.7779670323220053
137	170	0.7259636383306806
137	165	0.7088506690913312
137	138	0.6541965066430265
137	179	0.5981361585783788
137	153	0.5798521922981561
137	146	0.5768040454045403
137	145	0.5718315103459853
137	31	0.5588573254569288
137	127	0.5093117374927261
137	175	0.5089709809682998
137	173	0.5059490771845341
137	44	0.5025335954185662
137	67	0.5007600062207481
137	167	0.47555929150544274
137	180	0.47180527831673663
137	149	0.44779594570715736
137	177	0.4316314975448271
137	140	0.4281016262976413
137	33	0.41915790024479627
137	141	0.41844049202086947
137	174	0.41472971022838967
137	134	0.4062568839777645
137	47	0.40605647515880844
137	54	0.40490336670553445
137	72	0.4000512973842221
137	142	0.3920668758525833
137	37	0.39061028729960356
137	168	0.3729109544670719
137	49	0.37100671652322065
137	48	0.3665657872496061
137	166	0.36503262984848
137	178	0.3606561893420383
137	154	0.3594463849444114
137	70	0.34972465039864536
137	41	0.346076952650745
137	169	0.3425423410946956
137	60	0.34221571375714815
137	2	0.3349735750344094
137	50	0.328432311495496
137	160	0.3269952199686579
137	172	0.32574434436685223
137	162	0.32315857342005766
137	176	0.31638062259172367
137	136	0.31429131712381625
137	46	0.306184728421954
137	66	0.30548675080082716
171	67	0.6886534198490897
171	138	0.6516608320958954
171	170	0.6077400441804024
171	140	0.5874674123877864
171	146	0.567888014943591
171	145	0.5597849909704776
171	153	0.5568667251494304
171	175	0.5289239786833713
171	172	0.5174419338640138
171	167	0.5166726496464839
171	31	0.4926624036491417
171	37	0.4844403110245996
171	179	0.45851550996331175
171	169	0.45098812606455846
171	33	0.44569084215291943
171	141	0.438732428270714
171	47	0.4371159843404633
171	134	0.433533617444071
171	42	0.43152571135699586
171	127	0.4306627042318073
171	44	0.43050793093851863
171	166	0.42341031258741213
171	41	0.42021244639951094
171	174	0.4180362044580132
171	165	0.4103566366717467
171	173	0.4084254723758782
171	168	0.40042081425922865
171	48	0.39947156576775156
171	149	0.384014419561002
171	30	0.38317862302274636
171	54	0.3690907156694597
171	180	0.36459050447645236
171	2	0.34979486384757796
171	49	0.34503785651994573
171	68	0.3403161089523972
171	50	0.3126321129039964
171	154	0.30523285929390065
26	129	0.7071249872080018
26	39	0.593096879539345
26	143	0.5037136442512514
26	185	0.5035345171842884
26	63	0.4856333039127293
26	16	0.4825784011360939
26	34	0.46375139535211063
26	74	0.4519355826952928
26	21	0.4451297154109802
26	55	0.43548050465362775
26	130	0.4262704003560891
26	17	0.4218990052500079
26	24	0.41323819972510983
26	104	0.4107474167665932
26	158	0.3939946757555854
26	117	0.384440604157756
26	14	0.3640527972650174
26	118	0.3626987831136226
26	93	0.35804358908921213
26	190	0.34541660831996124
26	127	0.34339824124189844
26	125	0.3160656215679322
26	33	0.313308650018211
26	167	0.307217493527063
26	186	0.3049063635868281
186	59	0.43666287288787253
186	14	0.6541450211880586
186	148	0.6454850599748507
186	194	0.5845916477944363
186	80	0.5483858096612144
186	182	0.546803494321085
186	73	0.5078883923993358
186	116	0.49931257705246235
186	185	0.4844173511633743
186	74	0.4786410625550951
186	90	0.4681199805899476
186	78	0.44533015798518233
186	88	0.435715478424076
186	99	0.40340574752316494
186	190	0.39943794833187524
186	193	0.3893977951080867
186	55	0.38888016691081917
186	152	0.37328970476178797
186	118	0.36264667500414854
186	125	0.3609867163305932
186	101	0.3548923143523176
186	87	0.34994405437855536
186	129	0.3413236884534294
186	188	0.3402188449676759
186	93	0.3334545809039343
186	83	0.33333014196953836
186	82	0.3287266832115526
186	79	0.32623589609334236
186	147	0.3242865298979429
186	181	0.3157505508437371
12	113	0.7196988725689896
12	103	0.7235091579303572
12	0	0.6712089161948872
12	11	0.6635053327690392
12	176	0.6286555291444476
12	8	0.6004432201278075
12	106	0.5927921236463978
12	102	0.5660219716557924
12	111	0.5657024656910691
12	4	0.5074133264409331
12	110	0.49646962813417495
12	10	0.4124916114885285
12	5	0.384483213609774
12	101	0.3763495566383629
12	52	0.3644777795449643
12	139	0.35579225805804
12	37	0.3509703545233252
12	100	0.3298589721265862
12	156	0.3258873594113552
12	105	0.3113142109969686
103	106	0.5958126900519071
103	0	0.5757955491861968
103	113	0.5577147202149157
103	176	0.5422378274498494
103	11	0.5110796198770403
103	4	0.46428498256008477
103	111	0.4612673699213899
103	8	0.4288772031875637
103	102	0.4247225803947658
103	5	0.3682612008428522
103	110	0.36075187752793303
103	52	0.3433629576513479
103	101	0.3367125048163181
103	156	0.3254940321686228
103	86	0.3128125538516598
172	175	0.7697443160296021
172	169	0.6167606193672163
172	68	0.6112408890793409
172	166	0.5729207744672264
172	167	0.5675152717978093
172	37	0.5654848324709904
172	140	0.5540316804459408
172	65	0.5217417545829164
172	168	0.4961907752972872
172	138	0.48479227865553715
172	67	0.48452449147277177
172	42	0.48104268480313617
172	61	0.4081754851629799
172	34	0.40801712825684877
172	33	0.39488131523719877
172	174	0.3857777585028629
172	141	0.3850199523023675
172	40	0.3568486311263881
172	145	0.353571790021344
172	41	0.3478186138029813
172	144	0.3246444187540521
172	30	0.3196884006279543
172	153	0.31892506395886583
172	134	0.3135972091385232
175	145	0.57299466360682
175	174	0.5332102225574625
175	165	0.5303773075696901
175	170	0.5213850485029742
175	180	0.5201825550152539
175	167	0.5017184178342419
175	166	0.4928668430640066
175	168	0.4870838682855649
175	37	0.4790649474268453
175	169	0.4680653183409785
175	153	0.46398684298128995
175	138	0.4562142340484554
175	179	0.45080488682754966
175	67	0.44387794631813315
175	40	0.43436965388564286
175	65	0.41729320395903957
175	42	0.4097327392003219
175	146	0.4060063668497214
175	144	0.3985214599026328
175	41	0.3966102541587067
175	140	0.393952436513745
175	47	0.3905085917008753
175	91	0.3874447998987222
175	68	0.3638619395586177
175	183	0.3564646008693116
175	61	0.3537555236441609
175	187	0.3512158399395096
175	48	0.3508388246283108
175	173	0.3472383260163605
175	150	0.34715917524395273
175	69	0.3329389725765801
175	141	0.33172917930055473
175	92	0.3259141730720694
175	134	0.32041542966099473
175	33	0.3087290976659542
175	31	0.3071450423536225
37	140	0.6949777065408842
37	141	0.6327265618640009
37	166	0.5716565020621819
37	34	0.5442749063589819
37	65	0.5409729001873247
37	138	0.5386060891240111
37	68	0.5348114459558851
37	67	0.5330599114884207
37	61	0.5038255766778176
37	10	0.4842719232123585
37	24	0.48241729001300615
37	2	0.44458428591518173
37	33	0.444463926167669
37	102	0.44333979486629504
37	134	0.43523736587724265
37	36	0.4224578056848528
37	42	0.41942988380962204
37	169	0.4161197791650849
37	30	0.40317128718134804
37	139	0.4014614793456111
37	168	0.39536232610376887
37	0	0.3924053361808425
37	167	0.3884472072499003
37	70	0.38064181628859506
37	7	0.3804451233562964
37	165	0.37022170955407985
37	110	0.3686414680244464
37	176	0.34382156870283004
37	11	0.3336056697048865
37	41	0.3325387944096408
37	15	0.33167578089269417
37	8	0.33099031276041413
37	40	0.3218324987263984
37	153	0.321142081410898
37	113	0.3199666908307495
37	146	0.31879929819180663
37	144	0.30919041502626055
50	173	0.7657620182484389
50	41	0.6580123048931685
50	54	0.46596201418559313
50	66	0.592097684114041
50	145	0.5402226810486515
50	170	0.4835060718829579
50	31	0.4807428753772903
50	179	0.4799890118903984
50	72	0.46737001465283734
50	67	0.46700259829515917
50	48	0.46118076996222923
50	191	0.4443997277396282
50	153	0.4430746176372519
50	157	0.4410148525039681
50	40	0.43853052766573863
50	174	0.41600401421563504
50	27	0.4139428011241814
50	180	0.40692463108919963
50	93	0.4011930196885945
50	47	0.39645855727559465
50	154	0.3932763824092286
50	89	0.39215150089091977
50	44	0.37789355883885495
50	70	0.36705044024413425
50	178	0.3643303539005143
50	83	0.362168911695712
50	38	0.3475460875412155
50	168	0.3437245684944588
50	162	0.3335079083194825
50	52	0.3269505655322998
50	87	0.32068460396437
50	97	0.31945495340442753
50	149	0.31870047435583665
50	177	0.31015780398952386
50	142	0.30963350449203625
50	53	0.30621191569957845
173	170	0.716010467528402
173	153	0.6216807578191201
173	66	0.6170455574230387
173	180	0.6138524887916214
173	145	0.609314279183371
173	179	0.6070142874236758
173	157	0.5882396375204637
173	154	0.5314042688552336
173	41	0.5071682499463236
173	48	0.49157114161650045
173	47	0.484998795259322
173	165	0.4745991600475156
173	177	0.47216280459593996
173	174	0.46461438287884216
173	149	0.4507491108207733
173	191	0.4504622071913334
173	72	0.44681204536890173
173	49	0.43941855900976245
173	178	0.42312301672621455
173	44	0.41048137010764324
173	53	0.40280274254521603
173	89	0.401008413682382
173	54	0.3955141792490641
173	168	0.38503698736391506
173	46	0.3734274013039117
173	162	0.36592504771292245
173	146	0.3657604774897364
173	71	0.3643303539005143
173	27	0.3586711266545808
173	31	0.34719435397571097
173	60	0.3328055931704192
173	52	0.3306875272572262
173	40	0.3296718086221631
173	70	0.319975667015196
173	97	0.3127313582184141
44	149	0.7643105040148808
44	18	0.5857095651538117
44	154	0.5811517057364534
44	46	0.5702073241525298
44	7	0.55256763797015
44	157	0.5459196183400399
44	31	0.5364017147977529
44	146	0.5145730315925342
44	49	0.5034374719436029
44	156	0.5031238543505931
44	48	0.5006551053489471
44	142	0.49206391667327753
44	33	0.48921665200188996
44	177	0.4702957429574592
44	27	0.46281680780235585
44	153	0.45234927763613264
44	52	0.44328355163310623
44	17	0.43858706429847494
44	170	0.42866500280069664
44	136	0.4239272305674622
44	120	0.4194793272796326
44	15	0.4029870312003397
44	67	0.3976546883539003
44	70	0.3970062494572834
44	145	0.39362291332570315
44	181	0.3886679532298714
44	71	0.3862968533506144
44	24	0.3833833659843511
44	54	0.372945391450178
44	41	0.37163606439395314
44	78	0.371118817137997
44	138	0.37100671652322065
44	43	0.3661935078974994
44	53	0.36570850319280374
44	135	0.34347762577655044
44	119	0.31879929819180663
44	42	0.31679451784500706
44	160	0.3087381445014662
44	2	0.3062209780144551
44	97	0.3052600640318273
149	154	0.7158544865115082
149	157	0.6103506508874879
149	49	0.5711850672995048
149	146	0.5621766849939673
149	46	0.5462705084170664
149	156	0.5233410444781885
149	153	0.5184078486361687
149	48	0.481396161611268
149	136	0.4795425135200556
149	120	0.4774375566336599
149	115	0.4718596945040333
149	31	0.4680965543504527
149	52	0.4575277399340231
149	135	0.44445590161381965
149	177	0.4327699807841605
149	7	0.431012887104751
149	142	0.42907303846907524
149	170	0.4124086229985544
149	181	0.3964417007296912
149	71	0.3952948288785562
149	145	0.39260836138909516
149	138	0.38859154620735936
149	152	0.3785277067682518
149	162	0.3758344237714323
149	17	0.3687365155513182
149	119	0.3622818547558174
149	53	0.35533799988384696
149	18	0.3453725731911399
149	180	0.3329300810305716
149	0	0.3248501627682011
149	67	0.3225404934088939
149	27	0.3204333762250339
149	70	0.32011030288803344
149	160	0.3152733111809087
149	2	0.31051927997905526
53	157	0.7627675787642711
53	27	0.600641418290583
53	40	0.506008596017831
53	48	0.5040643093124458
53	49	0.4930182445928308
53	154	0.4879605385364162
53	47	0.45620631532660294
53	41	0.43633099001935816
53	180	0.4319894550093556
53	153	0.4191414139734982
53	145	0.40030325482573137
53	150	0.38811600467215285
53	52	0.38008585613779955
53	130	0.3643476990419893
53	146	0.35708422636597176
53	125	0.34546944846678784
53	17	0.315327346323049
53	21	0.3149220329384329
157	154	0.6835940335475468
157	49	0.6355186899412256
157	48	0.5818201984503744
157	153	0.5587060175885253
157	27	0.5402934931684722
157	52	0.5324511657506208
157	180	0.5281673073327331
157	146	0.515520828747541
157	145	0.5031238543505931
157	47	0.5026830723902284
157	150	0.43958799475139737
157	170	0.43860321698452615
157	17	0.42789742219747834
157	177	0.4260412508189529
157	46	0.41716931624805437
157	156	0.4107806676826512
157	40	0.4031629126184526
157	41	0.4031629126184526
157	179	0.401536971199025
157	66	0.3797093579109057
157	71	0.3667735200558284
157	142	0.32808433537682535
157	18	0.31917656179878523
84	86	0.7584602943119301
84	82	0.5054801980075886
84	88	0.5504871465030858
84	69	0.5479801023237204
84	94	0.5353324454623042
84	91	0.48645053046206926
84	80	0.45031872047454063
84	60	0.38367335401933
84	73	0.36036907923428857
84	188	0.34529330612674175
84	65	0.34197731186560587
84	89	0.3261107905605975
84	92	0.32578009952583603
84	85	0.322522573940699
84	87	0.3138766955642901
84	14	0.3059218923266631
86	69	0.7065445412159673
86	94	0.6788241165199338
86	88	0.5778840565639533
86	80	0.5377465461561366
86	60	0.490683352779399
86	91	0.42554184289209923
86	49	0.4205499910409639
86	47	0.3827092783779408
86	188	0.38224827500195346
86	89	0.3814709683403623
86	92	0.3797435902230949
86	82	0.3738403921940375
86	4	0.31645261303359146
86	73	0.31295689035536933
129	39	0.5798389167154987
129	130	0.548637498243615
129	16	0.5238128581123624
129	117	0.504727879511362
129	185	0.4912146311031368
129	17	0.46964127415663076
129	21	0.462408093162736
129	118	0.4623845074728954
129	143	0.46007782134426845
129	63	0.4521663211743723
129	14	0.4360799753416832
129	74	0.4360718769638171
129	104	0.4341181098909737
129	93	0.42712104822676494
129	34	0.4142990577738586
129	55	0.4091750664056848
129	127	0.4082338209902286
129	193	0.3667735200558284
129	73	0.3656045477563332
129	102	0.3587059803554377
129	125	0.3586711266545808
129	158	0.3551632404852784
129	187	0.3540441927543779
129	183	0.3379531937128227
129	119	0.3293419813008676
129	144	0.32552085351575977
129	190	0.31740614203324147
129	24	0.31493104115119547
129	92	0.3125238375030343
129	91	0.3096154218382009
47	153	0.7501246282584536
47	66	0.6337089791972783
47	49	0.5926559012159575
47	180	0.545723036200437
47	154	0.5392305080679514
47	40	0.5311028055981598
47	170	0.5211447151423503
47	48	0.5158364812144599
47	179	0.5003178243745953
47	60	0.47451393247837576
47	89	0.46444185588220144
47	46	0.4546925153377587
47	145	0.4490342773357048
47	146	0.40310428878748933
47	165	0.3956660107742728
47	52	0.3881414853544689
47	41	0.3844917353035938
47	67	0.3732724915373534
47	54	0.37200661640892896
47	69	0.34468542834729005
47	82	0.34146504043509057
47	168	0.3371202889837687
47	94	0.3250469326242531
47	177	0.3220476238283115
47	138	0.31958963922942113
47	91	0.31637162353023623
153	170	0.6643553111109437
153	154	0.6484735325746939
153	180	0.6450765311259447
153	168	0.5262538795622824
153	179	0.575267225979672
153	49	0.5624160229728106
153	145	0.5610676650032875
153	66	0.5377891944991712
153	46	0.534011313096463
153	165	0.5111830441433403
153	48	0.511146108604561
153	146	0.4961455462679372
153	138	0.4651004055670628
153	177	0.4446163791369476
153	41	0.42118360177057895
153	67	0.3985214599026328
153	31	0.3959611768294801
153	60	0.3886424848162525
153	52	0.3791186868947344
153	72	0.37474329297362324
153	40	0.3717567222444414
153	162	0.36456449197902147
153	71	0.3530817003207061
153	89	0.3417035368800449
153	54	0.3403337925309546
153	70	0.32254945305629623
153	150	0.31565151422948073
8	110	0.7480752119771085
8	111	0.6521495986805762
8	113	0.6175592756728474
8	102	0.5953545411802991
8	10	0.5720333783267202
8	4	0.5428023649493309
8	0	0.4366952453438391
8	100	0.37664136203185045
8	104	0.3700663707445541
8	11	0.3424893801216032
8	65	0.3387058968029259
8	107	0.329270656713057
8	140	0.31109745477521267
110	102	0.657240467717475
110	10	0.5987780075871298
110	113	0.5772909671694226
110	111	0.4745294290618645
110	104	0.4683542067942627
110	100	0.4539703549366422
110	11	0.4353508385431934
110	0	0.41777209050192166
110	144	0.38117186045212476
110	4	0.34848649400654347
110	140	0.3467897395864663
110	2	0.33867048519056114
110	134	0.3367568353044047
110	135	0.33122180864058864
110	30	0.3229257060400309
110	141	0.31826916200475525
147	182	0.7451854325715855
147	187	0.5624843879493373
147	181	0.583352772792337
147	183	0.5708278729621783
147	135	0.5573012093173549
147	78	0.5434509772087258
147	79	0.5140949822786719
147	148	0.5136386989653993
147	185	0.4751955038416824
147	61	0.43897465053913315
147	70	0.4220962655675255
147	188	0.41260778387281394
147	7	0.36960886408718363
147	176	0.3683217061411873
147	63	0.36823526904573106
147	116	0.361151945828151
147	99	0.34649939320033635
147	93	0.34042220681258917
147	139	0.3312485171385919
147	194	0.3284858383736403
147	165	0.32764700837880734
147	97	0.3273702595723887
147	31	0.32681659346381337
147	193	0.32619121685757607
147	162	0.3211241439404199
147	11	0.307561587956441
182	181	0.7402580392309042
182	148	0.7127837909568943
182	78	0.6171508196928609
182	79	0.6181836927362707
182	194	0.5346115025393057
182	185	0.5252408542763
182	183	0.5165113604535851
182	135	0.4913511865011345
182	116	0.48670240076138716
182	187	0.47874898170540797
182	99	0.47051378437541863
182	97	0.3987821936830577
182	93	0.39585155327019234
182	80	0.3835539563407129
182	156	0.38176145381927135
182	190	0.3804622284563054
182	125	0.3728851260555276
182	101	0.3700404789306738
182	74	0.3653532844618546
182	188	0.36321973943660985
182	11	0.36297665472302854
182	7	0.36280299252865433
182	193	0.3472735025495539
182	63	0.3421892268330711
182	152	0.33961741514678045
182	70	0.325288384440659
182	5	0.31932923498807264
182	38	0.3170643845592614
182	118	0.31548043478816
182	14	0.31088969968756247
176	70	0.7159373603255633
176	11	0.6411535274467612
176	0	0.5891740338897596
176	177	0.5354180502633903
176	106	0.5144039122230487
176	139	0.48823477237568347
176	165	0.48481522761516255
176	71	0.47645645448208024
176	52	0.47166533447324077
176	156	0.46790131010227914
176	4	0.453819498852262
176	97	0.4496727424195549
176	5	0.4291790990750664
176	113	0.37675291493618795
176	15	0.36421760431987765
176	111	0.34353054607310607
176	60	0.33865277902458313
176	181	0.3308478339501155
176	170	0.32463547266499565
176	142	0.32431337478416755
176	160	0.3155434664427579
176	78	0.3133627592623618
176	101	0.3079689641882929
71	177	0.7417820412238251
71	97	0.6246290333065484
71	70	0.5414961283908664
71	156	0.46101541836823756
71	52	0.447707998708447
71	154	0.425378046125818
71	165	0.39741893830119696
71	60	0.3970904847165993
71	78	0.38944021275004276
71	46	0.37114468497469494
71	72	0.33462729065890995
71	178	0.3313464437562001
71	66	0.32902099106776594
71	115	0.32134834575763954
71	181	0.3179006449938765
71	188	0.31513821438217104
71	49	0.30700012932569504
177	97	0.7040014493280491
177	70	0.5510305449116871
177	156	0.5201533780037962
177	165	0.4998453758141992
177	52	0.48481522761516255
177	154	0.4520071976628362
177	180	0.43659812458332103
177	46	0.4283711087863101
177	60	0.40800879300260934
177	170	0.3966608149738475
177	178	0.39563227230400755
177	179	0.37984628091974804
177	191	0.3673878487770903
177	49	0.3662281434827388
177	78	0.3592722127663516
177	66	0.3537292776547441
177	192	0.33781146002791845
177	48	0.33687208758660003
177	72	0.3352842660424856
177	115	0.32652180868043157
177	181	0.3138045752398943
166	167	0.7417145698064705
166	139	0.6256098861606036
166	140	0.6061040839804528
166	183	0.5576596014125195
166	169	0.5348185856848735
166	61	0.5326804053259038
166	141	0.5156750020923417
166	138	0.5012992640792931
166	174	0.48877533993189765
166	134	0.471043074357364
166	36	0.46591504010828116
166	42	0.4653119730293315
166	127	0.4423590561081667
166	34	0.4338502628452036
166	10	0.4248864886154164
166	30	0.4187374139998075
166	2	0.39849622418155123
166	63	0.3925914440827685
166	33	0.3568660841829131
166	185	0.3449145177199742
166	143	0.3386350726187538
166	136	0.3386173659730825
166	102	0.33156897770115873
166	68	0.3235704736875732
166	168	0.3201192781532423
166	24	0.31404796681799513
166	144	0.310410846605886
166	135	0.3087924243413935
167	169	0.6868193994910653
167	174	0.6168101854285509
167	183	0.5139331085763996
167	63	0.4775301977311165
167	138	0.46481823295277064
167	61	0.46392406335434694
167	140	0.456182558727537
167	34	0.4515137319492102
167	127	0.44045082434482624
167	42	0.43911188151040653
167	185	0.4292035729189766
167	33	0.40845046772861404
167	68	0.408308819297776
167	158	0.3772933626489634
167	67	0.3486182706917202
167	134	0.3259767362412769
167	168	0.3242149409811477
167	65	0.32049618738765384
167	30	0.3195716818653938
167	179	0.3174870725218078
167	64	0.31035662688974924
167	145	0.30726277370206584
181	79	0.6779226350484362
181	135	0.6051162357197292
181	78	0.5955546256671072
181	142	0.5557549912637778
181	99	0.5552295057574838
181	7	0.5515665187062555
181	38	0.5400385337295868
181	156	0.5237330353034765
181	70	0.5089117026715092
181	101	0.5086745412162046
181	148	0.49775704952937494
181	139	0.460834282264602
181	5	0.40872537617518134
181	10	0.39537076295672335
181	31	0.39376656408215815
181	52	0.38983037753494787
181	194	0.38464511458577233
181	183	0.3763323892889224
181	0	0.3731864215601787
181	136	0.36995416873273956
181	100	0.36615887129757896
181	106	0.3645471499979546
181	185	0.362012511439313
181	2	0.35248633081412856
181	30	0.34488808642722213
181	11	0.3395289461413809
181	190	0.3388475336564746
181	36	0.335355270894665
181	27	0.30856624507582725
83	190	0.7377390157617839
83	87	0.684471996145848
83	191	0.6685076083238503
83	55	0.5163133645223454
83	99	0.42593484137518856
83	97	0.4073250707684511
83	74	0.39976567249904543
83	90	0.39834479718475474
83	93	0.39655969093715604
83	89	0.39345388782107343
83	79	0.3844661700255478
83	183	0.38410819422124604
83	5	0.36836492230131807
83	185	0.3679499814690262
83	72	0.36243821989183206
83	82	0.35742445040171356
83	194	0.3492857273496656
83	63	0.3363844128214322
83	156	0.32985006016660456
83	120	0.3257264664379396
83	117	0.32417019602223357
83	193	0.31341686647185224
190	55	0.6479516942873094
190	191	0.6280079661194443
190	185	0.6077841879450842
190	87	0.5749995373494647
190	183	0.5711244268966478
190	79	0.5562316924959368
190	194	0.5430491960034958
190	74	0.5314473240525815
190	99	0.49468169029226305
190	193	0.48601529127507015
190	63	0.46461438287884216
190	93	0.4643163595555521
190	90	0.44781992974868173
190	158	0.43470223706830113
190	5	0.4021910053110563
190	38	0.3952948288785562
190	39	0.3344585552633756
190	156	0.3227196753738392
190	101	0.31496707343484165
174	183	0.5980333914425292
174	191	0.5041985625809592
174	169	0.4953158702418913
174	179	0.47117534389605625
174	145	0.4537480316258436
174	93	0.44929769980372236
174	63	0.4406603611430812
174	170	0.4291138324102452
174	42	0.4049786087571396
174	185	0.4043932482833048
174	168	0.3935637574256941
174	127	0.3764268065125979
174	61	0.3732552780559082
174	41	0.36196906330583273
174	138	0.3587843975254114
174	34	0.34975975761426853
174	33	0.3383163163098471
174	193	0.33782031883216684
174	165	0.32329290218809
174	67	0.31976920024235855
174	187	0.3158765874940037
10	7	0.6155260891783136
10	102	0.6036436754071997
10	30	0.5972555781446646
10	2	0.5893502818170905
10	100	0.558134839353186
10	0	0.517354057946544
10	141	0.5121648362908855
10	135	0.5103256535203508
10	134	0.4611650235710444
10	140	0.45265942115715985
10	113	0.4524367650969543
10	139	0.44561871688942295
10	144	0.4268675687131396
10	36	0.42010539575720646
10	101	0.40013528991975605
10	11	0.399295062245327
10	78	0.3898982180012412
10	34	0.38415081644738974
10	104	0.38284583539223266
10	42	0.3697383652996313
10	33	0.3627769410254569
10	79	0.35358053986029975
10	24	0.347484541223811
10	138	0.3382808941477055
10	99	0.327522032005579
10	136	0.32472493094155325
10	63	0.3237942811156811
10	160	0.3146337401793416
10	142	0.3050877589445786
52	156	0.7331987570592383
52	154	0.5862873781743722
52	49	0.5306072525071336
52	70	0.5170390796403237
52	0	0.49732062558972556
52	46	0.48850129620309557
52	48	0.4813731135463497
52	17	0.47025680094607075
52	101	0.45704529764412993
52	97	0.4402089914760352
52	142	0.43339555900796256
52	106	0.42735811346295594
52	11	0.4118690309955005
52	89	0.41093859461099946
52	119	0.39417206239725544
52	122	0.38255563174575785
52	192	0.3791700618673149
52	27	0.3641829099929766
52	18	0.3606126922020444
52	150	0.3605604935635242
52	15	0.35861013027164224
52	120	0.3571976449115228
52	99	0.356621718724262
52	179	0.3513911571090939
52	7	0.3489432609182992
52	5	0.34581285601648715
52	16	0.3442183113201515
52	100	0.34292183101517876
52	38	0.3409437285103648
52	161	0.32739704417072063
52	146	0.32718275265470453
52	152	0.3145796788222624
52	21	0.3139037397522252
52	125	0.31360622567815144
52	60	0.31188304193914373
52	78	0.3117205416040338
52	115	0.30933511207275644
52	54	0.30712692900389726
156	154	0.5241973299864964
156	101	0.5093561722280481
156	106	0.49516492285283914
156	0	0.48470812675917463
156	70	0.4830002040871318
156	17	0.4824096172404086
156	142	0.47626318415313723
156	119	0.4735603274563726
156	46	0.46526496263085243
156	97	0.46044037565244733
156	99	0.4598728314443879
156	125	0.45199128372910896
156	18	0.4461074525921259
156	120	0.44536222465597053
156	11	0.4452018798780373
156	7	0.44314694639231195
156	5	0.4193145060352123
156	115	0.4147876684944257
156	135	0.41459722155520934
156	122	0.41295622049291686
156	16	0.40663254518057923
156	15	0.4006894720405674
156	78	0.38512215873605443
156	38	0.3832127494653816
156	49	0.37714755284600077
156	152	0.37628946978471955
156	191	0.3744424049088551
156	48	0.3696951998246093
156	100	0.35567870926372414
156	21	0.35485735179821004
156	136	0.35386924982728957
156	118	0.3443593457521508
156	79	0.3332145811304619
156	148	0.32884263029576916
156	43	0.3148409564705175
156	161	0.3107632255204086
156	14	0.3104469919613227
156	30	0.310410846605886
93	63	0.575875758781957
93	90	0.5708683209091678
93	74	0.5699575719372574
93	185	0.5558793833689019
93	194	0.5512881475548422
93	79	0.5350470166886796
93	183	0.4954667877272511
93	55	0.455810287125394
93	61	0.4396363992183501
93	91	0.4373181946429703
93	193	0.43218464719515864
93	87	0.41669840155779225
93	187	0.4060815283977794
93	92	0.4044768915106247
93	130	0.3937834629069323
93	191	0.3678635170067409
93	117	0.35196076769295287
93	41	0.33256547668195247
93	34	0.3304915709372696
93	88	0.32142904959501867
93	73	0.31943699431903266
93	82	0.31251481418632465
102	104	0.5345400796670595
102	113	0.5680031793688194
102	0	0.5484837003656392
102	100	0.5164527007486762
102	11	0.4816189252494505
102	30	0.4555250350166382
102	2	0.4542243695205312
102	144	0.43392331964784087
102	141	0.3880140760093945
102	101	0.37826209340842054
102	135	0.37673575366205725
102	134	0.3739006076534527
102	111	0.35270524986472185
102	139	0.33664157293064906
102	34	0.3347693669830944
102	7	0.3219131745352606
102	161	0.3143093414298759
102	140	0.31250579081321644
140	138	0.6779280392208087
140	141	0.6338525764579159
140	169	0.46243953973128843
140	34	0.4356182550985144
140	68	0.4293422461292133
140	24	0.4215290344811302
140	134	0.41303916378344113
140	42	0.391389636726751
140	30	0.3867901921115053
140	67	0.38220557987316917
140	146	0.37971791608644434
140	136	0.37464873665514575
140	33	0.36036907923428857
140	2	0.3508212862628676
140	139	0.34921548542860187
140	168	0.33731527149982554
140	7	0.32999264447040655
140	0	0.3281378759629443
140	65	0.3261286634790697
140	144	0.31392176892787765
138	141	0.7237044791239172
138	136	0.6744543684240542
138	33	0.6517413720898907
138	145	0.6227654811565476
138	146	0.6039994991025582
138	42	0.579114931780641
138	34	0.5425907208136175
138	24	0.5420118752469013
138	2	0.5390247990724351
138	134	0.5199564014198084
138	67	0.47892624604818246
138	41	0.4675653831387749
138	144	0.4659228693035576
138	31	0.4435647328890637
138	30	0.4413289457662737
138	7	0.4140919472540681
138	127	0.4039665626090287
138	169	0.3976631070279111
138	168	0.39173677480456665
138	135	0.3899745334672254
138	142	0.3739350150722599
138	40	0.3703597711164837
138	36	0.3637317917828794
138	48	0.35064588907357175
138	154	0.35040029167809605
138	68	0.3366770393511064
138	179	0.3302064926950017
138	170	0.3278612269146555
138	165	0.32585160704816546
138	143	0.32483227320453995
170	160	0.5149993287805223
170	165	0.6761786788739987
170	179	0.6218647774037762
170	180	0.6200522692273837
170	145	0.5532896785402147
170	66	0.5298668384919565
170	31	0.43671143114772554
170	54	0.418143480572649
170	146	0.41001562026953087
170	154	0.4097826651178306
170	67	0.4087836805566334
170	72	0.40512071766758523
170	168	0.4037405989940491
170	60	0.3934116272878222
170	48	0.39202456084486004
170	49	0.3876147640315185
170	162	0.38346013488279296
170	178	0.3770446170210497
170	127	0.36162142163127725
170	41	0.34398028048998064
170	46	0.305849377608447
141	2	0.6819766097759751
141	134	0.6118606345809791
141	24	0.6108022322606373
141	36	0.5806216492590155
141	142	0.5677660519014182
141	33	0.5557895471230038
141	136	0.5443874989252208
141	42	0.5130863548247756
141	146	0.4919047468766567
141	139	0.49009852494928957
141	135	0.477012815784776
141	7	0.47221719715811783
141	34	0.4658210840746205
141	30	0.4642692936253048
141	145	0.4582153475383845
141	31	0.45199128372910896
141	144	0.44985621615828447
141	143	0.38640744851240005
141	67	0.3664792211243148
141	0	0.36159534444996067
141	41	0.35629000182629855
141	127	0.3554428436014495
141	100	0.3380151973806379
141	169	0.3301975830288599
113	111	0.5095042683972963
113	0	0.4431710546953161
113	11	0.41066428469628014
113	4	0.40263517905832413
113	106	0.3392812009686663
113	105	0.3053054041544285
113	139	0.30520565405774264
116	148	0.7188880766680987
116	188	0.6212019855867186
116	14	0.46676799286183757
116	80	0.4490342773357048
116	118	0.4454183385807268
116	187	0.42659766195617393
116	73	0.40698303828951415
116	125	0.40360667137907363
116	152	0.40085734817448826
116	115	0.3832724682225402
116	78	0.37174810424300914
116	117	0.3675262448276764
116	82	0.34060785720939424
148	78	0.5718113197379093
148	188	0.5537890662963021
148	80	0.5240377638123234
148	125	0.44917797199906356
148	152	0.440297670946373
148	14	0.42663038197521763
148	194	0.41738404509087285
148	135	0.38737680686922116
148	118	0.3859309594567226
148	73	0.38340042619743053
148	43	0.3725062429764205
148	115	0.32319439569844444
148	97	0.3165875852872865
148	101	0.3155614749755217
148	122	0.31499409705176656
148	11	0.3075887498819022
183	185	0.7124146392315738
183	191	0.5831416295312297
183	61	0.5812510364810115
183	187	0.5543296204739825
183	193	0.506967671786055
183	63	0.5023317538407056
183	79	0.4883794680446437
183	74	0.46563314049445775
183	194	0.41686366027140836
183	70	0.4050120479084941
183	97	0.3802227333713297
183	87	0.37885321230627483
183	139	0.37413283775405703
183	17	0.37174810424300914
183	55	0.36169095801525464
183	5	0.33810376895912275
183	165	0.33802405480796166
183	179	0.336437622479043
183	117	0.31933821524779255
183	38	0.3121718863716751
183	169	0.3109619656976379
17	119	0.7170711874100766
17	18	0.6340619108278339
17	48	0.6302435035369313
17	120	0.5934144229151036
17	16	0.5632905138736654
17	154	0.5579007098620529
17	150	0.5379313357653247
17	15	0.5159025302931529
17	49	0.4742814484319094
17	21	0.4647476750403385
17	117	0.42576292430307733
17	39	0.42340210531558997
17	14	0.42103552175853326
17	191	0.40183888404535495
17	27	0.4011930196885945
17	146	0.39939592502635357
17	118	0.38918568212413235
17	46	0.3856245362709784
17	42	0.37847630259432674
17	136	0.3746659292928019
17	179	0.35306419353082397
17	185	0.3491628014120964
17	161	0.34714158551168545
17	125	0.34697447087460714
17	122	0.3447382987711358
17	144	0.34260412614523406
17	193	0.33937853504500887
17	130	0.3379620515592757
17	33	0.30938936977296894
17	127	0.30840337439440324
119	120	0.6491105082350433
119	150	0.4797503971229534
119	154	0.4476040501777901
119	18	0.4436932438199383
119	115	0.4372615802142019
119	14	0.43393955371800524
119	118	0.42581204660408845
119	48	0.4162934012997071
119	16	0.4076002822399041
119	49	0.3972252472168959
119	15	0.3551632404852784
119	161	0.3530291792093407
119	117	0.34340706198808707
119	46	0.32156354561428235
119	146	0.3140659941822544
46	154	0.7168427802595998
46	48	0.49944768855875726
46	152	0.4852434856490669
46	49	0.45403386550330066
46	18	0.4302472028940134
46	122	0.3864414755577991
46	120	0.38536911861493867
46	97	0.37571419265801187
46	115	0.36385326348215963
46	15	0.36382723487397
46	16	0.3519081991658121
46	161	0.3502774749050109
46	180	0.34565437172878555
46	43	0.34502904700077414
46	125	0.33951125161933265
46	54	0.3293419813008676
46	7	0.31933821524779255
46	179	0.3169744346899669
46	27	0.3143093414298759
46	151	0.31147675690986526
46	146	0.31077225975450984
46	162	0.307480099172742
154	49	0.667483111939334
154	48	0.6477892204059681
154	146	0.5264201625092062
154	152	0.49998789165171925
154	120	0.46348447549695604
154	150	0.4506534866202381
154	180	0.4502389955796462
154	18	0.4367033382811241
154	27	0.4206899144458584
154	179	0.4203030185775824
154	115	0.41053957378827677
154	136	0.4065073400486662
154	145	0.401956271012275
154	125	0.39254069056982377
154	122	0.371161929879142
154	162	0.36775975125470023
154	66	0.360255956498879
154	161	0.33693414232694535
154	118	0.32502010202787723
154	144	0.3239374988569279
154	54	0.3231048382660381
154	97	0.3222627156781419
154	21	0.3222179076190767
154	135	0.3219848824410549
154	89	0.317118351743095
154	192	0.31710036290998583
154	165	0.3120184449488655
154	16	0.30898238794026434
154	70	0.30733521908816136
74	185	0.7167017713857737
74	90	0.7000660248917874
74	194	0.6666894681443868
74	55	0.5630037104432642
74	63	0.5541702748663655
74	193	0.541891806253053
74	87	0.5245308494344183
74	73	0.5077548113002506
74	88	0.49554977959659624
74	79	0.47076290422751954
74	14	0.4197182689631719
74	85	0.3971662907304536
74	191	0.3946449498600944
74	80	0.3687019537062841
74	187	0.35759016622067963
74	118	0.3276648612105745
74	158	0.32495749526825823
74	78	0.32458179491092465
74	99	0.3226927995533128
74	130	0.3207474038514751
74	57	0.31854773298062106
74	39	0.314606709755923
74	5	0.3103837370002514
185	63	0.585637296624401
185	194	0.6612490889561407
185	193	0.5676779519769555
185	55	0.5353039080843267
185	79	0.5187075987623312
185	187	0.500250349949783
185	191	0.48645816408374937
185	90	0.4579387896532555
185	14	0.45440689689947517
185	73	0.4419889943380673
185	99	0.40822548750473475
185	87	0.40553021617562746
185	117	0.38944021275004276
185	118	0.3778678426535776
185	16	0.3674137992761227
185	158	0.3567439075558997
185	169	0.3367391032883019
185	21	0.33158677882337084
185	39	0.3299480884925567
185	5	0.32956484641135353
185	130	0.32820926013163276
185	78	0.3147148283878035
185	125	0.31192817768366
185	135	0.30919041502626055
185	159	0.3081137818698964
70	142	0.6006861625013085
70	38	0.5905108090645254
70	97	0.5305785136594438
70	139	0.5244583588935083
70	61	0.4715486964501602
70	11	0.45572313668806164
70	78	0.4518082528125396
70	165	0.4505498820646041
70	31	0.44010417739271523
70	72	0.4137604812250933
70	0	0.4123754256858308
70	7	0.4028278747400269
70	5	0.3996564424601043
70	2	0.38416786487940857
70	79	0.3770875080802606
70	54	0.3708687316908631
70	179	0.36890067039126384
70	48	0.36007319738953397
70	99	0.35957699764564494
70	178	0.3588889458744027
70	135	0.3571714723357931
70	36	0.35000548061486914
70	101	0.33763427137551477
70	60	0.33560375787121366
70	106	0.32133041093756187
70	15	0.3182601749287473
33	34	0.713815317865097
33	42	0.6599527955670296
33	136	0.6334635661464727
33	24	0.6065088151445027
33	2	0.5952060436657556
33	36	0.5738537797411709
33	31	0.5587197743865214
33	7	0.5399606096788525
33	30	0.5279293228943206
33	41	0.48595418576841176
33	67	0.46640813690658184
33	134	0.4654764887524032
33	146	0.464873107247943
33	142	0.4648025539268085
33	145	0.4626439140686261
33	18	0.4445040478669198
33	135	0.4304264611393109
33	169	0.3989671914574733
33	27	0.3935299525907842
33	144	0.3912626071471553
33	48	0.3652319658804127
33	40	0.35856655955171013
33	127	0.35586212901865566
33	168	0.3478537742022605
33	61	0.34722073738331494
33	143	0.34616497267856566
33	68	0.3336856509564153
33	39	0.3327344520415053
33	130	0.3302955861200002
33	159	0.31377752918463037
34	24	0.6525804135586915
34	42	0.5589742196934419
34	68	0.5339183784960567
34	61	0.49188200564946793
34	36	0.4523572314014638
34	41	0.4512748589950923
34	30	0.43919259604141814
34	2	0.43369601308162115
34	67	0.42583660681336905
34	130	0.4245750391854778
34	136	0.42431268801879823
34	16	0.42350879442801553
34	40	0.42136455796237965
34	169	0.4211095645706619
34	18	0.41144545646937086
34	63	0.40905017237633845
34	7	0.4025262483185865
34	27	0.3955057435303599
34	64	0.39388485026560666
34	39	0.365327288667607
34	144	0.3513911571090939
34	15	0.34439460193214
34	65	0.3268880468686272
34	168	0.32531520980288003
34	117	0.31610162521364693
34	135	0.31035662688974924
87	191	0.7127887103145031
87	88	0.6077022036782945
87	89	0.5724906892837582
87	193	0.506439963444036
87	90	0.5034971935951336
87	82	0.4919881256339358
87	194	0.4537003835652602
87	179	0.43173727186155525
87	55	0.4173344964165485
87	192	0.40942480847123425
87	97	0.38603308160212474
87	73	0.38317862302274636
87	91	0.3722306136185966
87	80	0.36999732463007023
87	72	0.33686322238476996
87	5	0.32902099106776594
87	85	0.32716489350891553
191	179	0.6024218813730859
191	193	0.5465090042123372
191	72	0.5004452594871818
191	192	0.4441749972949039
191	97	0.43474278788514514
191	178	0.42804445355460324
191	89	0.4277993887086265
191	99	0.3961972507790017
191	194	0.36321973943660985
191	82	0.36137801260622454
191	159	0.3430012449796171
191	5	0.3408995398884105
191	120	0.3362691178617508
191	48	0.3353375200387648
191	55	0.3333034749723853
191	63	0.3290655775936055
191	79	0.32401805231293984
191	180	0.3092175468132035
165	60	0.6320604749483995
165	180	0.5412133543803599
165	179	0.5282682453697348
165	168	0.4176895404054445
165	97	0.4027776097429988
165	187	0.40193950225434716
165	61	0.3986644509236265
165	145	0.3769159341406203
165	66	0.37609201926550073
165	127	0.37511284741066586
165	72	0.3630982032582728
165	31	0.34405081275422417
165	54	0.33981202580563596
165	67	0.3212048607429678
165	162	0.3117024848853843
165	178	0.3096877511097508
0	101	0.6145935374125039
0	11	0.6152837912486453
0	106	0.5192555922935156
0	7	0.48109648484691786
0	100	0.46375139535211063
0	139	0.43326560307119033
0	5	0.400588733443624
0	30	0.39173677480456665
0	2	0.38444912617921223
0	99	0.3769674090391714
0	4	0.3688920312364403
0	135	0.34339824124189844
0	134	0.3414032008432362
0	111	0.3390334087205242
0	142	0.33885638544996965
0	78	0.32716489350891553
0	15	0.3157505508437371
7	135	0.7084573996695493
7	78	0.6056103931680012
7	2	0.5440707823461971
7	18	0.5249004329027067
7	30	0.5145730315925342
7	142	0.5122017197053588
7	31	0.5087931315971465
7	24	0.491700051670784
7	79	0.4903947916462977
7	36	0.4750871101386045
7	136	0.43798113405693995
7	42	0.3951176283517711
7	15	0.3905509660254535
7	100	0.38087267274518455
7	11	0.37367693434702554
7	27	0.3725579161673799
7	139	0.36448645107284033
7	16	0.3637057605233259
7	101	0.36173441621184105
7	99	0.35954216896940927
7	43	0.35348428822888905
7	134	0.33760769101332566
7	146	0.33223635812381114
7	38	0.3069004933601236
135	78	0.5275541488065123
135	2	0.5222001087536557
135	142	0.5095560949268371
135	30	0.4966052492364949
135	136	0.4815421172294027
135	31	0.4671902353186465
135	36	0.4535415379613253
135	79	0.44669998810058265
135	100	0.3977388720808973
135	187	0.39591058274275653
135	24	0.3896437944352056
135	99	0.3479153025465835
135	162	0.3466929648387858
135	143	0.3403868418222026
135	139	0.33709369821752544
135	134	0.3347160901447753
135	11	0.3319160569871596
135	188	0.3159305997891541
135	38	0.3149760813638959
135	63	0.31274038018117506
135	144	0.3125418839672527
135	61	0.30898238794026434
5	106	0.7080886211981129
5	11	0.47478508021987975
5	79	0.4437976455171482
5	99	0.44233492623398746
5	101	0.432143985494988
5	85	0.4019730395005926
5	38	0.337740587439346
5	139	0.3094617102397346
5	97	0.30488822283401706
106	11	0.6074056909352746
106	101	0.5276190975183874
106	99	0.4050454859764054
106	139	0.3247964933798899
106	85	0.32417019602223357
69	40	0.5853547030265323
69	91	0.5569357112526361
69	94	0.5447110933039253
69	92	0.5282321977845784
69	88	0.4406523029231109
69	80	0.438296267497409
69	150	0.38996605423552627
69	49	0.35859270217115735
69	65	0.33618042257146036
69	82	0.3233197663785137
69	144	0.3199666908307495
69	68	0.3153183406080052
11	78	0.4326155531606981
11	101	0.41069753834383
11	15	0.3703425143158627
11	139	0.34558392793657505
11	97	0.34244524431461243
11	16	0.3276202286924499
11	99	0.319410055260681
11	80	0.31876336305328307
11	14	0.3187094586272799
11	187	0.31857468854326837
11	18	0.3184399055783401
11	100	0.3178916555735002
97	78	0.43425606175811915
97	60	0.41952876826084423
97	80	0.3988746966287666
97	82	0.38147951310676936
97	61	0.35753783734162364
97	187	0.3354795202182997
97	15	0.327986172161005
97	122	0.31363327495771515
97	72	0.3074348256773141
97	120	0.30683708515192415
2	134	0.7035623682052401
2	30	0.6590713275876628
2	142	0.5981618472891833
2	136	0.5880172418457611
2	36	0.5762298852329313
2	24	0.5689439835946355
2	31	0.5529912432279049
2	100	0.5044819061275923
2	42	0.4958816565951012
2	146	0.48455510032021243
2	144	0.4842106823835611
2	143	0.4246570093085678
2	139	0.42365649842089864
2	39	0.4107224778625045
2	104	0.3921430386857319
2	127	0.3564296830519185
2	145	0.348117446004113
2	48	0.32520790521274473
2	101	0.32482332833554156
2	67	0.32475176729168903
2	38	0.3127494020875057
2	99	0.30647470029273555
134	30	0.5869367055158282
134	146	0.5483438519004966
134	136	0.4967257809746244
134	144	0.4735060238131996
134	42	0.4685883671873298
134	36	0.4611177826546875
134	142	0.4583101469687365
134	100	0.4362824118316175
134	139	0.4298722805397577
134	31	0.4246734024978248
134	145	0.36537927968624967
134	24	0.35700569966555035
134	127	0.3259409862084517
134	143	0.31559749135910764
134	67	0.31341686647185224
134	162	0.3050877589445786
90	194	0.6601785208908167
90	88	0.642547152682299
90	55	0.5780505450120222
90	85	0.4778157742774518
90	193	0.40929994510491546
90	80	0.402266444395742
90	79	0.38447469185042504
90	63	0.3748894101325665
90	73	0.3671629204929915
90	14	0.348908130883956
90	130	0.3141290881736448
194	193	0.6284922075257633
194	88	0.4937294318226483
194	55	0.4563884276483166
194	73	0.4346941266933945
194	79	0.40128531047302096
194	80	0.39895037481968704
194	14	0.384781433896812
194	130	0.35705805135992075
194	99	0.3402630567724309
194	187	0.3227107168248173
92	91	0.6728102506254326
92	61	0.5041687306269464
92	68	0.4512668954491386
92	65	0.44533817475998494
92	94	0.42593484137518856
92	88	0.4028948909564705
92	80	0.3982943166929435
92	60	0.38682420731910877
92	82	0.36036907923428857
92	40	0.32389274490724934
38	142	0.6918262243285801
38	36	0.5771109206226108
38	79	0.5429434227526693
38	31	0.45698991820074325
38	139	0.44283348012695134
38	99	0.3962225413105471
38	78	0.3346184103834309
142	31	0.6079670292432803
142	36	0.5628602578522355
142	139	0.5541148407843738
142	24	0.47965801105795136
142	136	0.4597782041853936
142	143	0.45327143429569766
142	145	0.4523015535330508
142	146	0.4462996691623947
142	27	0.393301742120631
142	39	0.39124566874316524
142	30	0.37333273669839917
142	79	0.36242084699516713
142	42	0.34104977505602596
142	48	0.3328767305112474
142	99	0.32371371461435455
142	127	0.31616462940282075
142	100	0.31456165791637114
127	143	0.6893835219940675
127	169	0.35937671907756047
127	24	0.33769629012655306
127	179	0.3274684671939109
143	39	0.5231740181216639
143	24	0.44349243747366984
143	136	0.35705805135992075
143	104	0.31953576644870496
41	145	0.6891158052085152
41	40	0.6071090088466063
41	27	0.559544619618237
41	67	0.49724535462705993
41	31	0.48850129620309557
41	42	0.44936154803479317
41	168	0.42085450459455737
41	48	0.4092499954650161
41	24	0.3962141112001679
41	180	0.3864669951515157
41	66	0.35022483545733496
41	68	0.3464729947808178
41	36	0.323991201682892
41	179	0.31405698052843284
41	61	0.3103475900740617
145	146	0.5705379149261506
145	40	0.5462213953419004
145	180	0.544556351001192
145	179	0.5284268321217858
145	31	0.515909868701086
145	48	0.5100815550711819
145	42	0.5021149000417113
145	144	0.4704670660498549
145	67	0.45320786839027644
145	27	0.4487947346086893
145	168	0.43577218733588713
145	136	0.4346454629632496
145	49	0.375963228781949
145	162	0.37052369797083606
145	72	0.3162816297838069
80	88	0.6407941444212352
80	78	0.5783301372941371
80	73	0.49313177614758485
80	94	0.4568474976483859
80	14	0.45560428110076384
80	82	0.4065991586386269
80	60	0.39741051768585733
80	188	0.38507957386992864
80	85	0.36300270187782924
80	193	0.32783445144082773
80	187	0.315579483280975
67	68	0.6482764652263143
67	31	0.5742761628408928
67	65	0.5045639063575248
67	169	0.46068461912690595
67	30	0.4197265072943408
67	54	0.4028111200109771
67	42	0.38906688082122515
67	48	0.3818383344148736
67	146	0.37869903715034975
67	168	0.358575273820687
67	91	0.3563947642388515
67	40	0.3502599286682807
67	66	0.3334812448784638
67	61	0.33018867330387885
67	64	0.31358819254234344
67	24	0.31085356533444464
14	118	0.5085707587965197
14	16	0.4971851324669891
14	120	0.4837971826962963
14	15	0.4678153881602564
14	125	0.4378841482569062
14	73	0.4325098775262822
14	43	0.4303694281066985
14	117	0.42667945990990097
14	152	0.4251404913076188
14	21	0.4242224883474405
14	59	0.4170949761785971
14	115	0.4063403761199825
14	18	0.37260097539519627
14	88	0.3655179112576862
14	78	0.34895204327366003
14	55	0.3385022669307114
14	82	0.3316846807749388
14	122	0.32825387333355044
14	99	0.31583157568405873
14	130	0.31430032930517127
169	68	0.5281456758111239
169	65	0.5020101893938449
169	63	0.45145800071337167
169	64	0.3878611652175415
169	61	0.3761349461978933
169	42	0.35476994107068005
169	168	0.32467125667270175
179	89	0.677463012543148
179	72	0.5800711949573581
179	192	0.503527052616802
179	180	0.5411143545450964
179	178	0.5389538500217433
179	48	0.515160961117093
179	146	0.44561871688942295
179	49	0.4249438499123053
179	168	0.4188198764443332
179	66	0.41795367643514186
179	91	0.372730143451976
179	60	0.3713171224971049
179	54	0.3672494364551393
179	27	0.36633204414970877
179	40	0.36149972327821156
179	150	0.33060736675337704
94	91	0.4825323727182045
94	88	0.46133821789722135
94	60	0.4464838380736269
94	40	0.43697845608734265
94	66	0.3984036880421168
94	82	0.3791786241354908
94	188	0.3347338493286673
79	99	0.585433580670183
79	63	0.5832076202668061
79	78	0.5326804053259038
79	55	0.46992961575637493
79	36	0.4604167354860937
79	31	0.41132084188403717
79	30	0.39532014083832584
79	61	0.3822995070022667
79	101	0.3582789536232311
79	193	0.3275309592695254
79	57	0.317118351743095
79	139	0.3145166046596389
89	72	0.5062317487262066
89	178	0.49901975213429944
89	192	0.4950969867725359
89	66	0.485541599333698
89	49	0.429758144296403
89	91	0.42551727515427007
89	60	0.42419788697594285
89	48	0.37667568716607774
89	54	0.36003838299642243
89	88	0.3586362719536282
89	82	0.3505669523112454
89	40	0.30869290976531305
136	42	0.5669930403522598
136	146	0.556135000084298
136	24	0.5441200595582621
136	144	0.5318060105820714
136	30	0.4432996214844911
136	130	0.39782304911153255
136	150	0.39278597706412954
136	36	0.39110168160717673
136	48	0.37453697823051946
136	31	0.35687481061775067
136	49	0.3493823035815528
136	18	0.34780103323644884
136	120	0.33613607268984536
136	39	0.3205320782152746
136	27	0.32049618738765384
21	125	0.6738379230982869
21	122	0.6213493495559641
21	16	0.5207002449077716
21	18	0.49428128163669094
21	118	0.47608533479729354
21	130	0.4500635755403598
21	117	0.3937919122195034
21	43	0.33263662680513223
21	27	0.3280575642932718
21	15	0.32728097377842025
21	63	0.31126002497717903
125	118	0.5148156112079043
125	130	0.5079477539377556
125	122	0.4693684263428008
125	16	0.4562379897804968
125	152	0.4395153832633326
125	117	0.4221620101267501
125	18	0.37089460509450184
125	43	0.3563947642388515
125	115	0.3326544137442883
125	82	0.3305895526602091
125	120	0.3181792886706121
125	27	0.317585981282627
125	15	0.3065653048414414
48	49	0.6118856590310604
48	146	0.5426894966530487
48	27	0.5400951999518774
48	150	0.4744829384289925
48	40	0.45610336536782675
48	180	0.4131884444401051
48	18	0.4107806676826512
48	42	0.41071416475789924
48	144	0.38966075785727855
48	15	0.3721789258020543
48	120	0.36382723487397
48	16	0.3600819008311201
48	168	0.3543765160583096
48	54	0.3466401755014598
48	162	0.3459185012481962
48	24	0.33951125161933265
48	31	0.33463617087495745
48	192	0.32296153433675184
48	66	0.32280029971290747
48	72	0.32205658665272646
91	82	0.4973582582636871
91	65	0.47525743662578607
91	40	0.4721472632034615
91	88	0.4397977289982069
91	60	0.4285507214589133
91	68	0.4169462792959205
91	61	0.36972109930113095
91	187	0.3131282711798012
16	18	0.6679541409335649
16	15	0.6602574965958495
16	117	0.624750985784061
16	118	0.526203263717993
16	120	0.49611539208564204
16	43	0.4197676979128205
16	39	0.40332201776545096
16	122	0.3958431202213326
16	130	0.39072892011582455
16	24	0.3702389681440029
16	159	0.3357989648812735
16	27	0.33316124198154756
16	63	0.32900315604665775
16	82	0.3263252501920031
16	78	0.32161734038947937
16	115	0.3156875283396077
16	61	0.3148049210098341
18	43	0.5442397171600659
18	15	0.5783301372941371
18	120	0.5222801079331253
18	118	0.45011939477617235
18	122	0.4372373158265986
18	27	0.4218990052500079
18	42	0.40801712825684877
18	24	0.3870792878198521
18	78	0.381000905819225
18	117	0.3698333237267079
18	130	0.363749145640307
18	161	0.31026625620892195
49	146	0.646562967284066
49	150	0.5448657985235694
49	66	0.41686366027140836
49	180	0.39333555413826576
49	40	0.35454264415477493
49	120	0.34314241325442024
49	144	0.3323342126374829
49	54	0.30979623829718916
15	120	0.5282826638706147
15	115	0.46696350195362785
15	117	0.43093146080632916
15	43	0.42136455796237965
15	61	0.38550534871674313
15	118	0.38367335401933
15	78	0.34114697676466843
15	122	0.31306513324798013
15	24	0.30967871014678416
42	144	0.5390531765512127
42	146	0.5671694292573219
42	24	0.5133515330932509
42	30	0.5011569977114919
42	36	0.47679649844170696
42	150	0.4641908445811184
42	40	0.4338421450704907
42	27	0.4249848201779892
42	68	0.3822824299299589
42	130	0.38158204521833883
42	31	0.3597250083416779
42	39	0.31449858296017086
42	168	0.3097419957115611
42	63	0.3058946997232331
30	100	0.5639864716382917
30	36	0.5609922880132348
30	31	0.5214068928902235
30	144	0.4241896863796294
30	63	0.42045944170491784
30	146	0.4030959136844056
30	99	0.3994799699588603
30	24	0.3845258214235617
30	161	0.36862418582766887
30	101	0.36852912919057457
30	139	0.33956433446453704
30	57	0.3381126257875914
30	162	0.3224419334731264
30	104	0.32105239175453
30	64	0.31014876594012564
24	27	0.5447603217145147
24	39	0.5162326836843877
24	130	0.4426485646392131
24	36	0.44074093943665826
24	146	0.3467809421871929
24	31	0.3456631769289028
24	40	0.3230331881530719
24	144	0.31962555326879166
24	68	0.30688237700718407
111	4	0.5959481246243108
111	105	0.42102729443299935
111	107	0.4452419687499295
36	31	0.5488052354088637
36	139	0.5421672258079484
36	61	0.4504940899688327
36	63	0.40634872496104485
36	64	0.3279415501757289
73	88	0.48970332648145526
73	193	0.46850251601886655
73	187	0.45872082399942327
73	162	0.38530951266214625
73	188	0.3839376889459983
73	82	0.36258587934369607
73	117	0.35587086260902706
73	78	0.33720892098658417
73	59	0.3316490808917387
73	58	0.3277094922662723
73	57	0.3123523848426306
73	161	0.3090909275013989
120	115	0.6304664849864023
120	118	0.5238854163203959
120	117	0.48225614624303914
120	43	0.37095497413049866
120	146	0.3299035310445666
120	152	0.3293330659329123
120	101	0.32678979747367304
120	122	0.3087743312848825
68	65	0.5647769804550178
68	61	0.452420858933554
68	64	0.44573090924367026
68	63	0.37356508139272687
68	40	0.318592658632126
88	85	0.5460038494340643
88	193	0.5050557165818248
88	82	0.4064906448772845
88	55	0.3439450129020798
55	158	0.560135077783301
55	63	0.5679354382825071
55	193	0.418927067295996
55	85	0.3705927129000949
55	64	0.36546592631827
55	39	0.34493213827792946
55	99	0.34080231961773716
146	150	0.5305641437781418
146	144	0.4989746920279818
146	31	0.4283139521989863
146	160	0.32720954093514754
146	27	0.32380323265933136
146	40	0.3237047624910659
146	162	0.32028082309963607
180	168	0.4217592550190793
180	60	0.4176647740316771
180	40	0.404401612910486
180	162	0.40171309763772756
180	66	0.4006391039528903
180	72	0.33319680165111815
150	144	0.476448724552781
31	162	0.40052156899801067
31	54	0.3830335739713095
31	72	0.34856556167118347
31	61	0.33904225925399534
31	159	0.3169114663883731
31	27	0.31513821438217104
66	60	0.5246903018569068
66	54	0.3773448204671301
66	40	0.37588594751866106
66	72	0.32329290218809
60	188	0.4570373865120137
60	82	0.3488554339938647
60	40	0.3446501801831084
60	61	0.32863748640293833
115	152	0.5287799155606494
115	118	0.42400925566024006
115	43	0.4222524016448929
115	117	0.35969018392387286
99	101	0.628613191825628
99	100	0.4265158570231859
99	78	0.40120980043716487
99	163	0.38106074290495195
99	63	0.33500908626673864
99	139	0.32206554941941096
101	100	0.5187002893001467
101	152	0.37616070158232806
101	161	0.35138239183574665
101	139	0.347291090449684
101	162	0.3345473660402083
101	163	0.32603035954246146
101	122	0.30538701288672276
193	159	0.42365649842089864
193	187	0.45037452362890457
193	82	0.3611345543170933
193	63	0.3372355094219087
193	78	0.3238211355727189
193	160	0.31714533456491406
193	57	0.31560649531292556
139	160	0.37395221839568926
139	100	0.3098323989007025
117	118	0.4925639504558681
117	130	0.4648025539268085
117	187	0.37677865636246816
117	82	0.35645587150831143
117	39	0.3207832882351799
117	152	0.3178197381530725
122	161	0.40646560161122747
122	118	0.4052126600624126
122	43	0.33014412379642777
188	187	0.44752408153720147
188	78	0.36286377716405865
188	82	0.3456631769289028
39	130	0.4582469485069769
39	27	0.43513198601875885
39	104	0.37547369248696333
78	43	0.42904856126417756
78	61	0.39790721944492163
78	187	0.3418183528091818
78	82	0.3310793543542127
40	27	0.4645202816157712
40	144	0.44790786572074126
40	130	0.3606126922020444
40	82	0.3193741357131136
40	168	0.3176669014924917
4	107	0.6024218813730859
107	105	0.39204148704702196
27	130	0.5757955491861968
72	178	0.5894481730993164
72	54	0.41244181921602746
72	192	0.35765993456649464
178	192	0.4006474988023408
178	54	0.3845172999918683
63	64	0.4683229804358005
63	61	0.5034225407790298
63	158	0.3867306629655222
63	187	0.36417423625330797
63	118	0.353633037594616
63	57	0.3203167194475147
61	187	0.4439823267023061
61	65	0.41138730491008757
61	168	0.3859905318578842
61	64	0.33216518671211726
130	144	0.3945520777388121
130	118	0.39288745858152696
100	162	0.3470360419892136
100	144	0.338457995370683
100	161	0.334174320860457
100	104	0.3114496671898417
187	168	0.3964922695654502
187	82	0.3411204679311668
85	160	0.39895037481968704
85	105	0.3263252501920031
43	152	0.3653012923035347
43	118	0.3557049137637781
144	104	0.34150920976224775
104	161	0.3121718863716751
162	163	0.5344114992542179
162	57	0.4853428694179671
162	161	0.426466770713657
162	58	0.36604629534099803
162	56	0.41236712618652305
163	56	0.40919171778471675
163	161	0.39813444588541164
163	57	0.37689877532370225
163	58	0.35973371428954387
152	151	0.3769416718809415
152	118	0.4539147794064793
168	82	0.39423118475281804
82	159	0.40140275968790723
82	54	0.31427329259116
82	151	0.3058131189185498
56	161	0.49768934508375706
56	57	0.3804280179959834
161	57	0.39953039369541954
161	58	0.32168009833653904
57	58	0.34680733420196164
64	54	0.35203085560878805
54	159	0.4080588035077557
59	151	0.3363489385230587
