137	165	0.8358978752166538
137	140	0.8306718869809333
137	146	0.6770949332056759
137	174	0.6984306627225068
137	62	0.664176510858648
137	166	0.6327625399239759
137	145	0.6179055833749248
137	164	0.6019374728980689
137	134	0.5789819912056815
137	173	0.5521576496421899
137	35	0.5420259995563305
137	141	0.518290838403328
137	123	0.5087634858118497
137	180	0.5014415033488262
137	171	0.4890264619779696
137	175	0.48382016057137084
137	138	0.44993597550847303
137	183	0.4448971461301127
137	176	0.4419889943380673
137	114	0.3989924159109581
137	142	0.3905763898258554
137	170	0.3866541207561302
137	34	0.3776706658649956
137	156	0.37681297735895747
137	33	0.37119641891995503
137	32	0.36411351830677785
165	174	0.7371825109639765
165	164	0.672410506113674
165	140	0.7214824465025601
165	62	0.6188875441776712
165	146	0.6126608094634504
165	171	0.5802569496566964
165	166	0.5664363961824612
165	173	0.5589398413415538
165	134	0.5533521237783645
165	183	0.5217053643565553
165	180	0.5064622686620444
165	175	0.5051004103507895
165	145	0.5021747280885118
165	123	0.4392248798687915
165	170	0.42491107244620274
165	35	0.41699584740383755
165	141	0.4040753423278961
165	172	0.37914437467320267
165	33	0.36763867963480357
140	35	0.726469330497107
140	141	0.7234805646192366
140	166	0.7000150305659388
140	174	0.6587601210681975
140	146	0.6399564590836361
140	62	0.6222019683510743
140	145	0.6193130773569685
140	134	0.5866219743251164
140	123	0.5757955491861968
140	142	0.5730819751275658
140	164	0.5308299372134948
140	32	0.5094894601383912
140	114	0.48799101372208575
140	175	0.4827548187118155
140	173	0.4482994752274347
140	176	0.4479718137126862
140	183	0.44791585947037466
140	138	0.44074093943665826
140	180	0.4285588848667201
140	171	0.42678578681453005
140	34	0.413975946629646
140	24	0.4069580070397065
140	41	0.4038661404194906
140	33	0.40037043325858257
140	139	0.38937234373005797
140	60	0.3891262830906836
140	42	0.386858221474096
140	143	0.3668687187049951
9	108	0.8186795356709914
9	109	0.7454476894533895
9	106	0.5330813865589122
9	5	0.45810473502595883
9	12	0.5947021406083987
9	70	0.5755281038087025
9	103	0.5694509942117394
9	112	0.5598948436527404
9	3	0.5519004019845836
9	176	0.5382439389015021
9	139	0.46265177363835175
9	11	0.42198120190480215
108	12	0.7891973494902516
108	103	0.6853903994043807
108	109	0.6590600149388444
108	112	0.5715487787952042
108	111	0.5634065624052977
108	3	0.5593728681414976
108	70	0.5035121232563115
108	106	0.4981781853312968
108	6	0.48612985129301983
108	113	0.47865648046216497
108	13	0.478101249866436
108	139	0.4564913437900753
108	176	0.441522180198167
108	105	0.4242224883474405
108	5	0.41002393910733337
108	1	0.3877422198392053
108	11	0.38002596711255193
108	102	0.3799232927990576
88	90	0.8087137086464263
88	87	0.5425836648222355
88	85	0.520663800396221
88	194	0.6864229860326907
88	93	0.5960061576364823
88	74	0.5887299017305456
88	63	0.5804757973606286
88	193	0.5558102797166881
88	81	0.5407182052007621
88	96	0.5301041465626326
88	94	0.5202336118637108
88	185	0.5136386989653993
88	64	0.43431285954858934
88	91	0.3899830126327909
88	167	0.3883283255581753
88	97	0.3828629038428651
90	194	0.7516425091899699
90	74	0.6127232703097657
90	64	0.4441990782311654
90	63	0.636953129723384
90	81	0.5983994095907271
90	93	0.5954578198166803
90	185	0.5326302658453986
90	193	0.5092969253107666
90	85	0.5056886256378886
90	167	0.4694697802842715
90	55	0.4594074802194261
90	96	0.4338015551403853
90	97	0.42778304881516427
90	87	0.422622097681858
90	91	0.421537257579198
90	92	0.4167810343584353
90	94	0.4145309706264444
90	65	0.38785266954742537
90	73	0.3855564306727065
90	84	0.3830847699115349
12	111	0.7996713363017255
12	103	0.7009420102466652
12	113	0.6859255711532184
12	112	0.6219996814690382
12	13	0.7153031065661916
12	8	0.6412654090254
12	6	0.5882461772232829
12	105	0.5624980600217951
12	3	0.5613074389845477
12	102	0.5603340575770545
12	110	0.5323723466013605
12	1	0.5095560949268371
12	70	0.5000478902203628
12	10	0.4995677672830689
12	109	0.476000262639521
12	0	0.42971737802358456
12	11	0.40876702250239455
12	139	0.40666593063646495
111	13	0.7477403302061617
111	110	0.7170760454643625
111	102	0.6919721814643058
111	8	0.6904943675990818
111	105	0.5971655106057728
111	113	0.6851251885397892
111	103	0.6247875655851667
111	10	0.5763033560787945
111	1	0.5208751521477839
111	6	0.5101777248784951
111	0	0.4651787700833388
111	112	0.44664395421010633
111	2	0.3797350322425399
111	3	0.37017856196111815
6	105	0.7993105221353529
6	8	0.47487027947392546
6	103	0.4127986093679878
105	8	0.5492662848015158
105	103	0.39540450970139823
105	113	0.3814367886228252
105	107	0.3651799684043408
70	176	0.7839354646242316
70	112	0.622753237740944
70	139	0.6281593438483083
70	11	0.5409941202925712
70	109	0.526167107260478
70	142	0.49011372086905436
70	3	0.48740415745171123
70	103	0.448802720405711
70	114	0.44239927114193295
70	13	0.41806921373530315
70	113	0.3897031652557076
70	156	0.3744853937482473
70	36	0.3628116762370354
176	139	0.7012979117708936
176	142	0.5834846973073669
176	112	0.5783301372941371
176	109	0.5060829877833714
176	166	0.5010746205875972
176	114	0.5009023481650685
176	156	0.4618575899338834
176	141	0.45224587213888007
176	11	0.4448409997245926
176	199	0.43949924659693107
176	145	0.4238287912758212
176	3	0.42103552175853326
176	106	0.3903306014687221
176	177	0.38235927469881414
176	103	0.37749917994061233
176	164	0.3763238055172914
176	71	0.3685204872959175
166	183	0.7692956932965338
166	175	0.7015823815160653
166	145	0.6329244073890309
166	61	0.6294713058161305
166	199	0.6280927435043967
166	174	0.5971269056214288
166	141	0.5950122901449131
166	32	0.5161446577738324
166	182	0.5105770629157395
166	35	0.5080071106519618
166	170	0.48901124476674945
166	41	0.47671150082322933
166	171	0.4607240067036956
166	134	0.4516490645696117
166	195	0.44386188672818994
166	114	0.42896696603041007
166	142	0.42520602952345504
166	172	0.4249848201779892
166	196	0.4240912737974333
166	38	0.4234185197897336
166	62	0.4152512134396791
166	36	0.4151270707435888
166	198	0.4127073495205512
166	139	0.4089752286014388
166	197	0.40568895753889356
166	60	0.39976567249904543
166	146	0.3770703518506498
166	169	0.37676149547627114
183	182	0.6542937404066103
183	60	0.6092765536376625
183	169	0.5496223213752893
183	160	0.368961142690263
183	61	0.6208948361648474
183	175	0.610338101292637
183	170	0.5217999749960325
183	65	0.5184078486361687
183	174	0.5041016043310643
183	81	0.4916545564650878
183	199	0.4690330905726274
183	198	0.46706514864398657
183	167	0.4654764887524032
183	171	0.4499439510487674
183	92	0.44328355163310623
183	172	0.421866124645959
183	195	0.4112793002714736
183	145	0.39790721944492163
183	181	0.38883772747487266
183	134	0.3853606036757008
183	98	0.3707566069557311
19	121	0.7688463106489329
19	20	0.6508488597544074
19	119	0.634014071161812
19	17	0.6293867711444602
19	18	0.5174785456090146
19	124	0.48703047401375993
19	16	0.4540497424241049
19	154	0.4343939932585806
19	117	0.41725190977838844
19	15	0.4081921528823768
19	150	0.39519357503623626
19	23	0.3866541207561302
19	51	0.37899023923797465
19	77	0.3698937477942172
121	119	0.7323884839571051
121	117	0.4985089129530782
121	17	0.6179859419691535
121	124	0.5745709793582527
121	18	0.5415314665312105
121	20	0.5315692988675631
121	154	0.4855110287657705
121	16	0.4581205376822062
121	150	0.4233610679139973
121	120	0.4189682914380806
121	116	0.41182751194544914
121	126	0.3920838013911594
121	118	0.3886424848162525
121	15	0.36807102102668404
121	149	0.3648332603422257
194	193	0.7330507480714414
194	185	0.6478936746679246
194	81	0.6403695929561085
194	74	0.5925715560502788
194	93	0.5732364174894219
194	167	0.5387551519926839
194	63	0.5270271146989831
194	85	0.47489351408944586
194	181	0.47306370301352674
194	96	0.4543434134420609
194	97	0.4372454040265302
194	55	0.4174253337571222
194	87	0.415615276127181
194	92	0.4109469058715595
194	184	0.4086087574034742
194	64	0.38757227546835893
194	91	0.3860671202149017
194	75	0.38334071430705513
194	198	0.38065036737412256
194	65	0.3743392251269153
194	73	0.3645298077640072
67	92	0.7494328543393018
67	69	0.6836526260531296
67	61	0.6211589961509131
67	68	0.6643497247536246
67	65	0.6324386390344332
67	91	0.5668708944869304
67	171	0.5015462938902765
67	66	0.4556993668704144
67	93	0.4312489836759731
67	172	0.40865873851105344
67	60	0.3944760854613396
67	175	0.38920265268213267
67	42	0.38065036737412256
67	81	0.36190823327682625
92	65	0.6617552622616197
92	81	0.5977442534224362
92	93	0.5904131058633819
92	61	0.5872185016585642
92	69	0.5361238701395216
92	97	0.5124672245201599
92	68	0.47593838638340646
92	91	0.46869761951130356
92	66	0.43009236164263737
92	60	0.4284690835326725
92	98	0.39073739339182656
92	63	0.3667475554545927
13	2	0.5758958094488635
13	0	0.5382936575705234
13	102	0.6549223773798909
13	113	0.6376004569158863
13	110	0.5990601777826623
13	1	0.5703422814814954
13	10	0.5609031941213458
13	112	0.5451329292809621
13	114	0.5298812231621847
13	8	0.5280086602560065
13	103	0.5156382971813712
13	11	0.49146496421628744
13	7	0.44002354301292723
13	139	0.4159792056862244
13	3	0.3873343090856488
109	106	0.5121131963369654
109	112	0.5086152387861909
109	3	0.4846239658887297
109	11	0.45607168600107695
109	103	0.44476078450806183
109	139	0.4064322096397495
109	5	0.3925491496546807
173	174	0.7410255033451657
173	50	0.6060281619180906
173	170	0.6063570777664858
173	164	0.6035673961645311
173	180	0.5158731759042389
173	179	0.5024588456638416
173	153	0.4518321285679952
173	145	0.45132263876142487
173	146	0.4119520639654836
173	156	0.37979493674146364
173	157	0.3695397909019191
173	49	0.36126498452573846
174	170	0.6318262223893373
174	145	0.58165480308206
174	171	0.566314136752753
174	164	0.5647906008404134
174	175	0.5303485589633363
174	62	0.522679965950839
174	180	0.5163940361963729
174	134	0.4488985443787027
174	146	0.4449933889749946
174	50	0.4430344325028744
174	195	0.4359584922578774
174	35	0.4255008963139118
174	141	0.3891262830906836
174	179	0.37980349426702253
174	60	0.3795552996384106
174	196	0.3674483990516109
17	119	0.7398826336932833
17	18	0.7004278793405223
17	154	0.6834022146393519
17	149	0.5507031684412788
17	150	0.5429363705899833
17	120	0.537334136956624
17	157	0.5240232559718301
17	44	0.5120467966700992
17	16	0.5103552356255692
17	124	0.5029595255589624
17	49	0.49579870091836226
17	155	0.4915104706056821
17	116	0.4906909450406179
17	15	0.4905238980830383
17	148	0.48980214497473606
17	20	0.4849376107920134
17	51	0.4722560467867477
17	14	0.4466039278573549
17	115	0.4373343695574291
17	77	0.436444329232541
17	117	0.42859970085619337
17	23	0.41533396664603994
17	25	0.403188036104556
17	46	0.4009580609358006
17	21	0.3931580291774421
17	53	0.39221919614305967
17	147	0.3898812582814002
17	188	0.3708773562227157
119	124	0.5914153688185302
119	120	0.5534353744211877
119	154	0.6307375384726329
119	18	0.6233772631114166
119	149	0.5330026412758053
119	116	0.5235007711987271
119	150	0.5051004103507895
119	20	0.47852541884320265
119	117	0.4784483138114358
119	115	0.4759693251004876
119	16	0.45424024298076954
119	15	0.4362095397813214
119	157	0.4281669623796681
119	148	0.41918262913346943
119	44	0.4169214943119024
119	14	0.3939777802585434
119	126	0.3705064435991905
119	155	0.3681228913045139
119	49	0.36643593568216587
119	48	0.3649632877293254
119	51	0.36244690624571674
56	161	0.7397694693414664
56	162	0.5914608828845224
56	99	0.4332249881455118
56	100	0.39454363441891943
56	58	0.6479807012776221
56	73	0.5972555781446646
56	184	0.5434862093031192
56	163	0.488897106194975
56	185	0.39072892011582455
161	58	0.662575106336731
161	184	0.5669930403522598
161	73	0.5611087758037989
161	162	0.5146539006202431
161	163	0.45383537966536863
161	100	0.36159534444996067
4	107	0.7370044006073128
4	8	0.5201314944484181
107	8	0.5295431028121881
107	110	0.47610080150510187
193	185	0.554495850836899
193	81	0.49285170126925054
193	181	0.47051378437541863
193	167	0.4597860901891648
193	74	0.4535733093878556
193	63	0.40850045659640016
193	198	0.40787541968497637
193	184	0.3877167298635781
193	96	0.37950394220242195
193	75	0.3784934375783882
193	93	0.3707652323191358
98	199	0.7302860342031807
98	81	0.7012216765660853
98	78	0.564572637750027
98	96	0.6580463247383955
98	198	0.6231693427832107
98	61	0.6074624830798886
98	38	0.6056483859505275
98	97	0.5469366716116726
98	65	0.5134104482898664
98	167	0.4997328441877397
98	63	0.4986892487011506
98	93	0.48230219065123664
98	182	0.46400253715984074
98	36	0.45486701391706896
98	79	0.405396520262928
98	197	0.3915505194498573
98	181	0.3882434021494849
98	185	0.38764025637891564
98	85	0.375963228781949
98	68	0.36445176458206924
98	71	0.3606648885817945
199	38	0.7174450537701997
199	198	0.6779334433199091
199	61	0.5615950434278958
199	182	0.5556720493659688
199	197	0.5311028055981598
199	78	0.5050035704277197
199	79	0.48936877052955924
199	142	0.48877533993189765
199	36	0.4805813929566117
199	167	0.47317236531883455
199	96	0.47061499836514603
199	81	0.47008543434079086
199	196	0.42265495274893145
199	195	0.41703715226576776
199	97	0.41648352404750805
199	135	0.40672435257075495
199	35	0.391330358112117
199	139	0.3697815291786895
199	41	0.3694016322794102
199	32	0.3622384163761211
35	62	0.6747268321716234
35	32	0.6398147279426207
35	141	0.6442291184931009
35	123	0.5747652087642268
35	142	0.5731827030254765
35	41	0.5605535464517474
35	145	0.5298740308651808
35	38	0.5238201142752502
35	34	0.5221201003830308
35	36	0.5079996913265161
35	33	0.4910856399411282
35	24	0.47899559972719474
35	61	0.4677060201712428
35	37	0.46715114774141114
35	42	0.43809427127259504
35	40	0.43475089783697124
35	134	0.4249766262641404
35	146	0.4047026944254243
35	114	0.39041536236211827
35	60	0.37372855512251824
35	164	0.37344461221488795
35	68	0.3637838525976653
141	114	0.6875266421761689
141	142	0.6201692071343806
141	134	0.5902697765283469
141	139	0.6085403541361598
141	37	0.5725108565697051
141	32	0.5574252916339711
141	36	0.5451610418715197
141	175	0.5049812209473136
141	145	0.47010101458799625
141	146	0.4432273049093712
141	123	0.4146469068678189
141	62	0.3814709683403623
141	40	0.37571419265801187
28	131	0.7214680622988443
28	132	0.7182641705112005
28	25	0.5688290010081721
28	125	0.509474651577697
28	133	0.4865268633367392
28	21	0.46945418817536516
28	26	0.46636901282173354
28	128	0.4645202816157712
28	22	0.4624709851364913
28	23	0.4543830911437958
28	39	0.4456828285204715
28	29	0.43180235784765963
28	27	0.4112626831480468
28	75	0.3737801735830038
131	132	0.595703027714944
131	26	0.48755663002398497
131	25	0.4728773912882545
131	133	0.4638063389934392
131	143	0.4606137169160242
131	39	0.4409665208711358
131	23	0.42656494082044843
131	128	0.42448486401039626
131	125	0.41244181921602746
131	22	0.4085087878361363
132	25	0.495330963336146
132	125	0.4724347314471102
132	128	0.46075551545859106
132	39	0.4416590298130315
132	22	0.40908347894961733
132	27	0.40090770576644
132	143	0.369772896530561
132	23	0.36166488234279576
132	133	0.36154318839004757
38	142	0.5654848324709904
38	79	0.5445985571249597
38	36	0.5385847916754668
38	41	0.5088968823430888
38	78	0.47055271429846857
38	32	0.46256531437164333
38	198	0.45490666781515593
38	61	0.4499439510487674
38	197	0.41915790024479627
38	96	0.4180939699687769
38	182	0.3901780151858526
38	66	0.36660906793249004
38	95	0.36448645107284033
110	104	0.45767795386384424
110	102	0.6433273725541906
110	10	0.6012483401849968
110	8	0.566042359883409
110	113	0.5471048559982926
110	1	0.5165260246223895
110	2	0.45293766187085344
110	7	0.4310780230899482
110	103	0.4237139327795284
110	0	0.41410851767401685
110	112	0.3742532348937971
195	196	0.717042037621232
195	170	0.5265936322245672
195	175	0.508889472065747
195	91	0.47276092498206435
195	180	0.46689312393815524
195	61	0.4332087416825536
195	93	0.425255180259392
195	145	0.4247061880409298
195	182	0.42040181503888296
195	172	0.393715866010846
195	171	0.3675002968078059
195	198	0.3655439028723628
195	68	0.36249033707061973
196	170	0.47066949307646694
196	175	0.44389400562293907
196	180	0.4419889943380673
196	198	0.42759511994561394
196	93	0.4193392309845298
196	145	0.4171114966763994
196	191	0.4148952963449763
196	182	0.40989914937784894
196	197	0.399841286644965
196	41	0.3634627747110475
196	91	0.3617257246982799
44	149	0.7142809462783436
44	33	0.5874674123877864
44	31	0.4531760837089694
44	136	0.5348257253374932
44	34	0.5347329038967306
44	164	0.5291760158137819
44	49	0.5153519339214158
44	154	0.5047725931432739
44	18	0.4803814171774784
44	143	0.47550512066701167
44	127	0.4663455374949792
44	155	0.45343032889047313
44	47	0.4493296244930359
44	156	0.44881869178471195
44	46	0.4329406344025453
44	150	0.43050793093851863
44	157	0.4231312263606046
44	43	0.41884461383084337
44	62	0.40598966353748916
44	153	0.40249272887412957
44	51	0.3849858813922133
149	18	0.5950316686102318
149	155	0.5542880559712944
149	154	0.5865891796302773
149	51	0.5008349264104118
149	157	0.49462881815973775
149	150	0.48687789889057104
149	136	0.4862520302316336
149	127	0.48188769505665136
149	49	0.4769355662227728
149	16	0.47663422252504334
149	164	0.47333533178474785
149	143	0.45347004803678886
149	148	0.45120318449409713
149	118	0.4383447400055456
149	33	0.4353670477950046
149	43	0.428077124113039
149	153	0.4251322987171624
149	120	0.4124916114885285
149	46	0.40306241259688247
149	116	0.37465733300618054
149	156	0.3642956628592437
175	172	0.6996221350714934
175	171	0.6512751872089824
175	180	0.5440215013805484
175	145	0.5064325282207468
175	170	0.5063953509746716
175	169	0.4990873372345781
175	146	0.4716497836903023
175	61	0.44451207199276643
175	69	0.4175739586846839
175	134	0.41181920793024723
175	114	0.39859716344531443
175	32	0.3773791243847942
175	37	0.37058408625771394
139	142	0.6152713625785793
139	114	0.5746982404198631
139	36	0.5610813689110151
139	156	0.4504781487237079
139	112	0.44561871688942295
139	37	0.4393620734792997
139	134	0.38479847263064854
139	145	0.36211678054219343
81	63	0.6774413702020188
81	185	0.6413831496582687
81	97	0.6346654692504329
81	181	0.5834715062412728
81	96	0.6495327266416802
81	167	0.6336192087252458
81	65	0.6145126352272146
81	198	0.610758345939984
81	93	0.6089054388470145
81	61	0.5852955375212914
81	74	0.5717642056251361
81	182	0.5370993755688581
81	60	0.5046980689188227
81	85	0.48970332648145526
81	55	0.45630133522004845
81	73	0.43224970226021414
81	78	0.4274153273043066
81	184	0.4246979917595816
81	75	0.4228438478249005
81	84	0.39253223141855603
103	3	0.6324446392101641
103	102	0.564688440449715
103	112	0.5499293298441383
103	1	0.48809766750281053
103	113	0.4872516551502338
103	0	0.42012186584794997
103	5	0.41287327035172
103	8	0.4126409735176915
103	106	0.40164600535474787
103	11	0.36199513237465525
18	16	0.5856767169766002
18	116	0.543676429525219
18	154	0.49965781373002743
18	118	0.4790110108438643
18	15	0.46092879284941696
18	148	0.4380457855936066
18	155	0.42632767919506104
18	26	0.42620493464007847
18	120	0.4210190670381866
18	124	0.40434305909955054
18	157	0.4007398377064672
18	23	0.40030325482573137
18	43	0.3935637574256941
18	25	0.3867901921115053
18	22	0.38513067551248265
18	147	0.38410819422124604
18	51	0.3746401402396983
18	150	0.36451246527718734
172	171	0.5907777761779052
172	169	0.5247845064420338
172	146	0.47006985380062083
172	180	0.38167602473896534
172	68	0.3751558111224035
172	69	0.3746315437598396
102	1	0.6416714865684325
102	0	0.5340827924708937
102	113	0.5236241711957735
102	112	0.4247143842526581
102	8	0.42218666319163123
102	10	0.4172766864935506
102	3	0.39254069056982377
102	11	0.3870452805083316
102	2	0.3766327805866854
68	69	0.6918731452897297
68	42	0.5372914592592284
68	91	0.5793408600914276
68	61	0.509059889362522
68	86	0.4511633628114318
68	65	0.44841932130457235
68	93	0.44043470414139857
68	84	0.39519357503623626
68	32	0.372532079860649
69	61	0.5129905719254542
69	91	0.5052195804909847
69	42	0.44127257801168124
69	65	0.43084188377214894
69	93	0.4225235258157872
69	32	0.385343573600346
69	86	0.37840776006406507
8	10	0.6142387165239254
8	113	0.4241322802574494
8	1	0.42154548060793934
8	2	0.4025262483185865
33	34	0.6897821233508242
33	123	0.6088236319301769
33	40	0.5250453135982946
33	62	0.575401024107695
33	136	0.553081482829213
33	42	0.5330312769926493
33	49	0.5058821127376443
33	138	0.47961181403693487
33	164	0.46092879284941696
33	150	0.42188256508670097
33	47	0.4202453827058791
33	51	0.4152925909020293
33	146	0.4004040208613122
33	155	0.400152087620322
33	22	0.3966186811283472
33	46	0.3916436511392269
33	48	0.3860841391270644
33	143	0.3858543616398893
33	144	0.37910156138445966
33	32	0.36666100265752183
33	31	0.3642522976358906
33	24	0.36042998708660884
34	62	0.6175840198832346
34	22	0.5009023481650685
34	123	0.6057117011189032
34	138	0.5295502986151057
34	136	0.4979977273197445
34	24	0.4961832373127395
34	40	0.46372784698520075
34	42	0.4632096171714404
34	49	0.43920873809689814
34	48	0.40551350513521767
34	142	0.39767152563496616
34	164	0.38415081644738974
34	127	0.37828780065035134
34	32	0.3664445928974929
22	25	0.6892050650500847
22	26	0.537433707549135
22	23	0.6341874668614053
22	128	0.5385279951146327
22	27	0.4959419823124314
22	126	0.4746533911403746
22	123	0.39918578332452864
22	7	0.3835368984826114
22	21	0.37828780065035134
22	39	0.37365972690745264
22	16	0.3618821623208546
25	128	0.6811198229674494
25	23	0.6514709296718673
25	27	0.5822169510535623
25	126	0.4989897123632188
25	29	0.4460754124947803
25	26	0.4093582165841301
25	20	0.3678635170067409
25	39	0.3672407851448535
25	21	0.366816793121471
114	134	0.5889520122774808
114	32	0.544851735945095
114	142	0.5121279509873251
114	37	0.48165732648522247
114	112	0.45900502412850597
114	36	0.43618524782631507
114	11	0.40905849912184233
114	2	0.4049535286826468
114	31	0.39150818421153744
114	146	0.39144044438269043
114	145	0.3610041099768261
113	10	0.5243786105158361
113	112	0.49616816111923023
113	0	0.43207079000657445
113	3	0.4234923814829763
113	1	0.4088752949859868
73	184	0.685263120870211
73	58	0.6009609372491131
73	162	0.5030192856915325
73	167	0.49397138758638004
73	63	0.4836209968288275
73	185	0.4660168139561744
73	163	0.43243671050986277
73	74	0.419042490541413
73	75	0.41668187417121294
73	84	0.4038410333510826
73	100	0.3663753333984323
73	99	0.36557855747183615
184	185	0.5435355310184624
184	57	0.3486446243751313
184	59	0.2824477186239546
184	58	0.5694915363603962
184	167	0.5015837155175656
184	75	0.49058464660345347
184	162	0.4484432885855118
184	74	0.44809170384379504
184	63	0.4028865141656528
184	187	0.39962283093367973
184	163	0.3934707915688175
184	100	0.388820751238421
184	186	0.38633088381440545
184	76	0.3730314794127798
154	150	0.5479451154747719
154	153	0.5224982407953022
154	46	0.5162326836843877
154	152	0.4782555189521058
154	155	0.524487356022373
154	51	0.5174565787893556
154	124	0.507962593568584
154	157	0.49764420541693183
154	47	0.49094144785893146
154	49	0.4909186782287384
154	120	0.45894977034612505
154	14	0.44710812923523224
154	148	0.42617220010788376
154	115	0.4235580315948765
154	179	0.4036401549046816
154	16	0.3983616234791502
154	15	0.37700172434462403
154	116	0.3677856935514372
96	198	0.6821210083178346
96	93	0.6212511117926782
96	97	0.5920587175098178
96	185	0.535689059565454
96	197	0.4999803914931376
96	95	0.4899693476038043
96	85	0.4452980901719533
96	181	0.43156639975707933
96	75	0.3936313639024604
96	74	0.39354685514127696
96	79	0.36770786494393926
198	197	0.6183998930721221
198	177	0.41124606575125777
198	97	0.599700920628953
198	182	0.5588848319816166
198	181	0.5548835496458249
198	185	0.5547728031351301
198	167	0.48712963190638203
198	61	0.46575844088290214
198	95	0.46252601179617864
198	79	0.4464758315160558
198	93	0.4285099033703595
198	78	0.42623766805616287
198	135	0.40682449671866977
198	187	0.39903445532485493
198	75	0.39376656408215815
128	126	0.6235300894880695
128	23	0.5335894293926036
128	29	0.4316233605672023
128	133	0.41704541303145337
128	124	0.40138598203672726
128	27	0.3906950263496722
128	20	0.37582583625429866
63	167	0.6564387960280171
63	84	0.5563421796706413
63	80	0.46700259829515917
63	60	0.5777041950001232
63	74	0.5720333783267202
63	65	0.5318275257098222
63	185	0.4606688635881073
63	182	0.4328268687707699
63	97	0.3898134167571786
63	78	0.38919416743615676
63	85	0.3741500381177445
63	86	0.36194299367083216
63	189	0.3608997443322462
146	123	0.5371847529770016
146	164	0.51134553808359
146	180	0.5081109732930427
146	150	0.4872897835125243
146	134	0.4807198084559863
146	49	0.46845568437892926
146	62	0.4662359772851347
146	145	0.45980974776537303
146	157	0.45257990761332567
146	153	0.4162603327569147
146	171	0.4133211197172914
146	138	0.4108554782485583
146	42	0.40807547313196735
146	189	0.4065991586386269
146	144	0.3961719596462467
146	40	0.3791957484770448
146	179	0.378836082771615
62	123	0.5460178868767004
62	42	0.5337110163567971
62	164	0.4985013980269789
62	145	0.4933058252456248
62	41	0.4846851746844741
62	32	0.4842106823835611
62	136	0.4752884012518801
62	171	0.42683485679145944
62	138	0.4172849452607576
62	24	0.40184726926677233
62	61	0.3774048516434129
62	134	0.3684513498457441
164	156	0.49548942277066477
164	142	0.4540179882941474
164	123	0.4338502628452036
164	134	0.42815062877875365
164	153	0.42215379229968575
164	180	0.42071460473411876
164	145	0.41419136565649406
164	31	0.40089931300267856
164	136	0.39222765775089313
164	45	0.384236055987644
164	157	0.37410703672588297
164	49	0.3728851260555276
164	182	0.3602820626860981
167	182	0.6663059794387931
167	185	0.5851903390092328
167	78	0.5204013438984796
167	60	0.509156194532492
167	181	0.47569857138633437
167	135	0.47131537090178965
167	74	0.46939961348846787
167	84	0.4666193754315931
167	187	0.42350058799025037
167	162	0.4185394759566844
167	97	0.4146469068678189
167	75	0.4107972927309252
167	65	0.40062231405219106
167	61	0.3971325998377359
167	80	0.39636584296529664
167	189	0.3923038092343075
167	30	0.3833577751741854
167	55	0.38085557389479396
182	135	0.5552364229210368
182	60	0.5820913427099634
182	78	0.5203867600978674
182	181	0.4862367589038595
182	61	0.479126584806541
182	80	0.46404961794777855
182	185	0.41782987146570594
182	97	0.415582185019382
182	79	0.39720840284101844
123	138	0.6652871918222035
123	136	0.621735970902911
123	42	0.46401823104710876
123	144	0.4427370071797749
123	143	0.4369137298384494
123	40	0.4265076761460564
123	150	0.4126575679292781
123	142	0.40821715395120184
123	145	0.3975536590435522
123	41	0.3925660676251578
123	130	0.38063326513796913
123	171	0.37479486586182803
123	47	0.3739350150722599
123	127	0.36849456122978336
138	136	0.4663377122400903
138	150	0.42542718808259694
138	144	0.39741893830119696
138	48	0.3890753670578302
138	49	0.3872918096559596
138	180	0.36945344367703936
138	91	0.36321973943660985
58	163	0.490865546483394
58	54	0.30188288798779883
58	162	0.47782349116143746
58	100	0.3829823756778584
58	185	0.36478991471695815
58	99	0.3639226703259113
65	61	0.5576733815742037
65	60	0.5147935619207776
65	84	0.48223312303967125
65	169	0.43112687213070516
65	97	0.4043263288304463
65	93	0.3901017140061829
65	66	0.3850114346732099
65	181	0.36771651282140067
29	133	0.6592466355099125
29	23	0.4760698677949434
29	125	0.39312421157506994
29	129	0.3744939913229491
29	26	0.3698333237267079
133	129	0.42365649842089864
133	23	0.4477239897162168
133	125	0.4192980223900773
133	26	0.39221919614305967
23	126	0.5211884182669113
23	26	0.4769046643346341
23	20	0.41782987146570594
23	21	0.41689670870787277
23	16	0.4108721020674762
23	124	0.40224968062671984
23	125	0.3795381807529713
171	168	0.35620269297240253
171	169	0.5087560741769873
171	170	0.5057481655501812
171	180	0.46786225577043267
171	150	0.37268708903762
171	136	0.37074798152836813
20	124	0.5542326323336789
20	150	0.39462806461955213
20	117	0.36970383304728466
20	16	0.3676473280210208
20	126	0.3633933411073612
185	75	0.5563007492849754
185	190	0.4448329785240617
185	74	0.5600664490699311
185	181	0.5575079993464793
185	93	0.5040493907786083
185	97	0.49639427260241875
185	85	0.47773088368652344
185	55	0.43778715226388626
185	87	0.4110715665823677
185	99	0.3918129609252534
185	162	0.3715843500427416
185	163	0.36391399469143876
185	135	0.36319369701021753
1	112	0.5181738087623718
1	11	0.4524288120512362
1	3	0.4260412508189529
1	0	0.41707845540516775
1	10	0.400655893584524
1	7	0.37791927444106
1	2	0.37493238222355013
76	187	0.6414478941322327
76	75	0.5166579885075234
76	77	0.5005277059479041
76	188	0.45262761660337403
76	15	0.4033806293051015
76	147	0.37108432579305733
187	75	0.5030491639542718
187	77	0.48486112353174954
187	188	0.47321116979637695
187	186	0.44688407478183256
187	147	0.44306658075281075
187	135	0.41322161490423664
187	15	0.40092449109207967
32	37	0.5728737492563498
32	61	0.5828511788559068
32	36	0.5568736241055164
32	41	0.5345472222979113
32	79	0.4258857253493797
32	42	0.40800879300260934
32	142	0.40427613639967025
32	30	0.4030959136844056
32	31	0.3826324577074078
32	145	0.37239427647211965
97	93	0.6153583568455542
97	61	0.5023168004342945
97	181	0.4202453827058791
97	55	0.4171610565159816
97	85	0.4133128280265003
97	74	0.3861862470804046
97	30	0.38196645699855125
97	75	0.38107783862886396
97	190	0.3609519282846656
97	87	0.3607953696475467
145	41	0.5729140568108778
145	142	0.4603852142484069
145	170	0.4359827901458749
145	180	0.39316648341184424
145	134	0.39045774032707403
145	40	0.3706272188302164
3	112	0.5528107250994094
3	11	0.42350879442801553
3	106	0.4148042273808564
3	5	0.377773544986148
170	66	0.5262177257682964
170	180	0.47749159856402246
170	179	0.40880033833849283
170	191	0.38148805780798367
170	50	0.37839062378303484
61	60	0.5314257967971172
61	36	0.501883020961439
61	41	0.46596201418559313
61	30	0.42907303846907524
61	93	0.4152925909020293
61	181	0.3788103879829276
61	78	0.37821924670865764
61	169	0.377773544986148
51	155	0.6254272682107024
51	157	0.5058821127376443
51	49	0.49962779944740143
51	53	0.4744674409631062
51	150	0.4632645959682202
51	179	0.4206158398418094
51	124	0.39168598107280533
51	153	0.3741500381177445
51	21	0.36443442095742734
51	16	0.36268141399577514
155	49	0.5428023649493309
155	157	0.5241683206918787
155	150	0.4641829992761034
155	179	0.4410873451574304
155	153	0.4337772003371153
155	46	0.43061383119088714
155	53	0.42735811346295594
155	16	0.41322990734893994
155	47	0.3718859845762708
155	136	0.3633499430548873
11	112	0.6248058544572981
112	10	0.38087267274518455
112	106	0.36687737274667814
126	124	0.48297720242975906
126	26	0.3688056361827547
126	129	0.36027336068639354
53	157	0.6226736481053462
53	49	0.41778859969358584
53	21	0.3929212836277271
53	144	0.38069312182525306
157	49	0.5514064702989371
157	150	0.4513863410913239
157	153	0.4143818899709252
157	144	0.39909330768611284
157	21	0.3926421952047222
157	45	0.384440604157756
157	179	0.37682155744642726
157	148	0.3669725630140174
157	40	0.36202120087727147
136	47	0.4004292108573217
136	150	0.37880182292358294
136	153	0.3655005831978832
136	127	0.361699649780326
93	55	0.5201460835612207
93	85	0.5185175281019127
93	91	0.5138447983993715
93	87	0.4886916145773395
93	66	0.42777487876358306
93	181	0.4014363141821153
93	64	0.3922615035184451
93	75	0.39018649276393924
93	74	0.38344307558546487
93	94	0.38265806518552176
93	190	0.3812316884165914
142	143	0.5747986900497445
142	156	0.5491615301893178
142	24	0.497079732159025
142	79	0.44658791681571275
142	36	0.43989451324479145
142	127	0.39140657287722147
142	31	0.38527545067401003
197	95	0.5638568930951837
197	79	0.46795598309696046
197	99	0.3727473647683989
197	181	0.37178257586427993
15	77	0.6172127283585315
15	116	0.5826530588685181
15	115	0.4974259923602385
15	188	0.48681686052031675
15	148	0.48409584304119696
15	147	0.46332742451271686
15	16	0.457369591791261
15	14	0.44710812923523224
15	43	0.43821547431835367
15	120	0.4130723391812811
15	186	0.38624580568303696
77	147	0.559839919771606
77	188	0.5450134370932616
77	148	0.41137068956367573
77	116	0.3862968533506144
77	186	0.36547459063317156
10	7	0.53317443726051
10	2	0.40478631261400755
10	0	0.3839717920962811
74	75	0.41232562766326425
74	85	0.39634898494928955
74	181	0.39498259868694474
74	55	0.37669284934531794
60	84	0.4645673335587979
60	80	0.45691871085292224
60	94	0.4049618887751882
60	91	0.39148278227294214
50	94	0.6079039878016432
50	82	0.4079421085201366
50	66	0.5093265493729279
50	89	0.49611539208564204
50	179	0.48943721415347774
50	91	0.4848305265507189
50	180	0.44985621615828447
50	49	0.41423278707427064
50	86	0.4059061429076061
94	91	0.5830360283448741
94	86	0.5136534223198861
94	87	0.44111150809630245
94	66	0.4171197568219386
94	89	0.4163843341137638
94	180	0.4141499425230426
94	82	0.3615605739947909
36	37	0.601707861491433
36	79	0.5275757990624577
36	78	0.39260836138909516
36	41	0.384005894199008
36	30	0.38137697160743433
37	40	0.38322128091257424
37	42	0.3643910607897256
162	163	0.4169132325127817
162	100	0.3783734872426344
162	181	0.36947071363248724
162	99	0.3693239108766166
124	150	0.4537559727170488
124	144	0.40704144216201993
124	14	0.378836082771615
124	16	0.3719290688158374
124	117	0.36970383304728466
124	115	0.36129976352758075
134	31	0.42117537569219643
134	2	0.37465733300618054
127	143	0.5877947572279858
127	26	0.48126554710833214
127	24	0.4349292989353874
127	129	0.3778506982061435
143	39	0.5850916975112952
143	24	0.5149993287805223
143	130	0.478509998427153
143	26	0.43515630550592826
143	156	0.36444309280135223
16	118	0.49324529090777636
16	120	0.4386678248948535
16	117	0.42173459113309586
16	148	0.3695311564665823
16	116	0.3693239108766166
16	115	0.3675954367498899
16	43	0.3661935078974994
39	27	0.41591304658066564
39	24	0.41232562766326425
39	26	0.36163880610449134
89	179	0.5834781018128034
89	87	0.5783501029752973
89	192	0.31014876594012564
89	191	0.4933587888720242
89	91	0.4323310147647022
89	82	0.37902449337461946
89	180	0.3623774136516627
179	159	0.3057587292204522
179	180	0.5280663543672198
179	191	0.5168119153542897
179	153	0.4131884444401051
179	82	0.40766698902537885
179	91	0.3906950263496722
179	87	0.3857011500463302
179	47	0.37749060496455084
179	150	0.3633239034664841
181	79	0.5501385686375493
181	30	0.4376497238276783
181	135	0.4246406158408491
181	78	0.36981605913275656
147	148	0.5831218308096746
147	188	0.522738107971797
147	116	0.3956238375195859
147	43	0.3808897713350776
148	43	0.5234136520932084
148	188	0.4272028014956544
148	116	0.4142742067762718
148	120	0.3663407021263258
91	180	0.5522480090065334
91	87	0.5061796858222183
91	86	0.49480252713115463
91	66	0.38407409526155134
91	42	0.37975214813865327
91	84	0.3644170770799592
116	115	0.5394432427854051
116	120	0.4796041142749279
116	14	0.4035229578351365
116	188	0.369272093737509
27	130	0.5774109670237171
87	191	0.5385918909014529
87	178	0.29655667224678534
87	82	0.4036485256171472
87	83	0.3893977951080867
87	85	0.38367335401933
2	104	0.44645981818642916
2	31	0.3838609530280519
2	7	0.38124878153425523
41	40	0.39243917637174697
83	190	0.5687004647399928
83	85	0.3715843500427416
190	75	0.4140919472540681
190	55	0.3954804359738838
190	85	0.36110846657945517
71	177	0.5669319705357729
78	135	0.5459547159705019
78	79	0.543908845078552
78	80	0.4667132421381563
78	31	0.42185790432155174
95	79	0.4508287897528963
84	86	0.45512076769254456
84	80	0.38208602483144566
84	82	0.36696390967088244
75	186	0.495059241889514
75	55	0.4260821743897923
135	79	0.45539030010394427
135	31	0.44304246967218297
120	117	0.44321123377578636
120	115	0.36660906793249004
180	191	0.4119686697386055
180	150	0.3986896826215166
180	49	0.3955394860048015
49	150	0.551114103226733
49	86	0.5315119017003997
49	48	0.4479318467548101
49	45	0.47793923557145396
49	47	0.46647073164685876
49	153	0.44734812533300206
49	42	0.4366062183687595
49	46	0.408592096489653
49	40	0.3805734052609176
150	153	0.48147298368638525
150	47	0.4436530861138174
150	144	0.43538325676453926
150	42	0.4181352289778492
79	31	0.3877847018141149
169	158	0.3652059674272236
156	52	0.3990260475762708
156	122	0.36449512253750366
40	144	0.543169051524498
40	42	0.3976883626482059
115	14	0.37179981129044676
0	101	0.4058059092014521
26	129	0.4031377885246103
106	5	0.43503470172087544
86	45	0.48747277378843296
86	189	0.42901592401079314
47	153	0.5311028055981598
47	46	0.43310313281136253
153	46	0.4021658577357826
85	55	0.4436530861138174
85	64	0.39563227230400755
46	152	0.46222725281911925
46	14	0.3837842118078562
24	31	0.3952442031579961
125	21	0.46539815194242823
163	99	0.38421900860357633
163	100	0.37899023923797465
45	80	0.3722392280302337
45	31	0.3676905689982233
152	14	0.4702957429574592
99	101	0.3923038092343075
178	72	0.2821164045668157
59	151	0.25979634586958306
