19	121	0.8788743852807898
19	20	0.5337825277950163
19	124	0.5654780301634822
19	119	0.5374194840960538
19	17	0.5157117051105805
19	117	0.5051451014108552
19	23	0.4451297154109802
121	119	0.6451641040919467
121	124	0.6422769915973591
121	17	0.596573263512183
121	117	0.5658248497574692
121	20	0.509156194532492
121	128	0.494492844435228
121	23	0.4808582000033676
23	25	0.8560580371096522
23	28	0.5962511172764817
23	22	0.6910067738754163
23	128	0.6139085723540171
23	131	0.5690116100211984
23	132	0.5582036840606035
23	117	0.555381665611734
23	126	0.515594248789853
23	21	0.5049216190222934
23	125	0.4933058252456248
23	17	0.492048759062071
23	123	0.4699140322867895
23	124	0.462313746477343
23	16	0.4600699380240162
23	29	0.45999898487760954
23	26	0.4478998718994984
23	133	0.43948310964684484
25	22	0.7258264461807495
25	128	0.6062622194753615
25	132	0.5762098461129422
25	28	0.5747183317314376
25	126	0.5527690596993418
25	131	0.544851735945095
25	123	0.5121648362908855
25	125	0.4862367589038595
25	117	0.46312321471575796
25	21	0.46281680780235585
25	130	0.4563567586860752
25	27	0.44534619146338417
24	39	0.853227469576791
24	34	0.7780854348734547
24	143	0.7346934405605444
24	33	0.706364209223167
24	44	0.6758094171157226
24	36	0.6328644629257462
24	136	0.6291451614140355
24	137	0.6204337543369878
24	127	0.6137901664539565
24	149	0.6050908817324075
24	62	0.6043614296829021
24	138	0.5921366479497184
24	38	0.5886122777885388
24	41	0.5853415556751839
24	141	0.5658316481413961
24	40	0.5621288060936581
24	35	0.5618825122287731
24	142	0.5618551400918924
24	123	0.5472729962237546
24	30	0.5433452694371643
24	146	0.5381800093932031
24	42	0.5266008591779751
24	31	0.5265791780894099
24	49	0.5196571830589134
24	144	0.5191825511380689
24	7	0.5150140241429856
24	45	0.5114858443410852
24	120	0.5014939004588649
24	70	0.48649633107811496
24	67	0.4833681399419586
24	181	0.4821870746344599
24	134	0.47934998069771656
24	79	0.4720928660183771
24	140	0.468252716851706
24	52	0.4658993814988636
24	18	0.4658289141453224
24	155	0.4650925687144864
24	27	0.4548114954294372
39	143	0.8238549755237552
39	44	0.7470561669927964
39	142	0.6768240703025845
39	34	0.7015671477305788
39	136	0.7000405286213155
39	33	0.6995046945361774
39	149	0.6799225574243121
39	127	0.6795782762550372
39	38	0.6693033023100531
39	36	0.6310746346588669
39	144	0.6087355176903797
39	123	0.5962962293159011
39	52	0.5725713542710587
39	181	0.5670948095299629
39	138	0.5621630056926686
39	41	0.5617935482854085
39	120	0.557838719537806
39	18	0.5577491669688567
39	27	0.5436482522748626
39	40	0.543176101160021
39	7	0.5340041647391152
39	155	0.5299747160870533
39	156	0.5193724423652893
39	141	0.5193505344559617
39	26	0.5134104482898664
39	70	0.5066183862093322
39	49	0.5015462938902765
39	30	0.48886666641493226
39	31	0.4836669621388705
39	146	0.47358359934423416
39	11	0.4591549807825253
39	79	0.44622759277302165
39	137	0.44403852653414333
38	142	0.8407715324298609
38	36	0.784166622980935
38	41	0.7236377971124577
38	181	0.7029255039769035
38	11	0.6169278852205116
38	70	0.692305585446816
38	156	0.6680925771298256
38	31	0.6371729654669764
38	52	0.6339602457364293
38	176	0.6047801957784125
38	79	0.593057983989773
38	44	0.5632017558810084
38	13	0.5574046129768456
38	135	0.5460108681937053
38	143	0.5306000679095758
38	149	0.5180201779072366
38	139	0.5042060203814518
38	40	0.4973657845738834
38	45	0.4908807273546621
38	30	0.4806429139131937
38	141	0.4687990552605724
38	7	0.4644575416117473
38	144	0.45998321671386655
38	33	0.45636467603503156
38	12	0.45565182528536924
38	127	0.4437333997443288
38	35	0.4385789878491827
142	156	0.6699707215085386
142	181	0.689713971158987
142	143	0.668822753822976
142	70	0.666661690960819
142	176	0.6654599480028458
142	36	0.6567914870667585
142	139	0.6255794545951977
142	141	0.6129293367999404
142	11	0.6008203725577073
142	52	0.5965346161083931
142	13	0.5833725634322576
142	41	0.5755548538889402
142	135	0.5689642723306407
142	127	0.5582518707829616
142	31	0.5479101267086837
142	44	0.5385279951146327
142	197	0.5282177782173382
142	101	0.5196644825851016
142	79	0.5175224772022324
142	7	0.4893231380973629
142	149	0.48271647039695526
142	12	0.48248634163501375
142	9	0.47558250647504086
142	144	0.47305594086947816
142	30	0.46676799286183757
142	40	0.4617317106221678
142	109	0.46114927688938934
142	33	0.4577332892532869
142	145	0.4431228374482879
142	136	0.44258423738154296
142	134	0.4413611543481385
12	112	0.8364093150162699
12	70	0.8175552134600151
12	0	0.6680870405697527
12	13	0.7925678266352142
12	139	0.7624328260682536
12	108	0.7498708763220666
12	6	0.7269695219841255
12	103	0.7215735320003962
12	176	0.7201227934844893
12	3	0.7145355491087485
12	9	0.7130296729397326
12	111	0.6906094579702182
12	109	0.6837804336612879
12	102	0.67397438572037
12	113	0.6553961133991137
12	10	0.6283953981843501
12	1	0.6103255513914029
12	2	0.6022307204679143
12	114	0.601707861491433
12	110	0.6010567555037254
12	106	0.585315260048993
12	8	0.5591941956414002
12	5	0.5215452248062769
12	11	0.5198469460827353
12	104	0.5167899278500697
12	101	0.5051004103507895
12	31	0.5021448146659585
12	100	0.4553031075723634
12	156	0.44835540540283625
12	30	0.44821157785945503
12	36	0.44657991118763535
12	135	0.4401122404403597
112	103	0.7881768250354935
112	108	0.7847819827163672
112	9	0.7617620945230412
112	6	0.7643105040148808
112	111	0.7239234820418817
112	3	0.7140751674106859
112	109	0.6844507356403108
112	102	0.6844294739706003
112	176	0.6717580260352504
112	70	0.6581483681566299
112	113	0.6436964847373606
112	0	0.641883210423905
112	13	0.6357332426032601
112	1	0.6213063729377833
112	106	0.5824020074388297
112	139	0.5756350967396754
112	110	0.5743632832318938
112	8	0.5490358018720711
112	5	0.52643461999324
112	10	0.5198177551096516
112	11	0.5194016518490943
112	2	0.5174931897765486
112	114	0.5011345321238256
112	101	0.44999180278332895
44	149	0.8241118165725855
44	136	0.7539174372193802
44	33	0.7370637821043563
44	18	0.7320080977691572
44	120	0.7227697007938172
44	49	0.6773114915224814
44	143	0.6572347873304655
44	144	0.6099049526406047
44	17	0.604024905872921
44	34	0.5914023641074777
44	123	0.5855847318452573
44	127	0.5788290714783035
44	154	0.5713938920786179
44	155	0.5656752658467906
44	7	0.5647156849129239
44	45	0.5562731274912955
44	52	0.5503756224569833
44	30	0.5411921413927926
44	146	0.5371562950638837
44	115	0.5303413716211586
44	138	0.5249366559287792
44	40	0.5198907302661773
44	31	0.5188318480173862
44	15	0.5157484062360506
44	48	0.5141023393043416
44	156	0.49107805155492057
44	36	0.48654212902041893
44	41	0.4774143947005301
44	27	0.47178195599325534
44	51	0.4523015535330508
44	137	0.451139468939436
44	46	0.45094829468091013
44	135	0.44249577996420497
149	136	0.8197320190266408
149	18	0.7380988414797781
149	120	0.7369952639823697
149	144	0.725816982523971
149	49	0.7232326519206105
149	154	0.6768078126971474
149	146	0.7111911659747286
149	33	0.68025579420085
149	143	0.6436144856713697
149	138	0.6371670253230067
149	155	0.6366439961919121
149	127	0.6107207261068597
149	31	0.6011653286407472
149	17	0.6011142381639392
149	15	0.585394143233593
149	34	0.5813437295500564
149	45	0.5749058172311271
149	36	0.5528037810580002
149	150	0.5501943539866803
149	157	0.5440496623919671
149	30	0.5404138562119907
149	137	0.5256896637321935
149	40	0.5203502992682154
149	7	0.5169731362188112
149	134	0.5059044348975064
149	51	0.4911159927406488
149	123	0.4880138693305947
149	135	0.48770907286355286
149	115	0.4833451489513335
149	153	0.4798581674217556
149	70	0.4757527293436882
149	41	0.47064613863985877
149	164	0.4700542729674904
149	48	0.4680965543504527
149	124	0.46361009532278563
149	52	0.45702156403083993
149	156	0.4506694247052848
149	62	0.4445040478669198
143	127	0.7921211985817456
143	136	0.6720048849148479
143	138	0.6515630137731099
143	141	0.6393419763736148
143	144	0.6216316743352556
143	33	0.5961737735902842
143	34	0.5801309084065627
143	36	0.5424848729031441
143	123	0.5287222817786533
143	146	0.5264779906187325
143	120	0.5188245398443345
143	40	0.5020849842157937
143	70	0.4945986038686698
143	137	0.49349496425653505
143	52	0.4919578071299287
143	155	0.48635892120913493
143	7	0.48574027908011014
143	156	0.48506762211002546
143	181	0.48176484010543696
143	26	0.4774066739087128
143	134	0.477244520252098
143	18	0.4742194415107292
143	140	0.4703424709536938
143	131	0.45293766187085344
143	41	0.4527230268095633
143	13	0.44748409453265525
143	27	0.4409504097584993
1	102	0.8214630909481442
1	6	0.7858933901791727
1	111	0.6685407928474209
1	103	0.6216746226506255
1	0	0.5789421030288255
1	108	0.5735921513838348
1	8	0.5448447045409262
1	13	0.5345400796670595
1	70	0.5290104019285702
1	9	0.5204961312027431
1	109	0.5138006392265775
1	105	0.5115079954681102
1	110	0.5031985372315887
1	176	0.48475402890608205
1	114	0.4781475336903719
1	139	0.46298180988963233
1	100	0.44161878205920674
102	6	0.8004271699949022
102	100	0.5378389474208888
102	111	0.7575413562274572
102	103	0.6831943042851182
102	110	0.6311648878355399
102	8	0.6262788989929944
102	0	0.6224102982727261
102	108	0.6005327381136736
102	10	0.582553972897401
102	114	0.5823557489999135
102	109	0.5781637296748942
102	70	0.5624570428815724
102	113	0.5531717094548926
102	139	0.5498246845529692
102	9	0.5099631747216626
102	13	0.4991398992262674
102	105	0.47345947496806107
102	107	0.47220165679297715
102	176	0.4717664074108265
102	2	0.44495328903862924
136	138	0.7641857265719753
136	33	0.7432223344499894
136	146	0.7227076064450283
136	34	0.6907558860529358
136	120	0.6769378550556877
136	144	0.6716317960688726
136	123	0.6446851649353155
136	18	0.6420713272799239
136	49	0.6065783466816451
136	127	0.5843612122432361
136	137	0.5761029591054403
136	154	0.5520394678218888
136	150	0.5499572323396343
136	155	0.5490846991709237
136	134	0.5281889381688495
136	30	0.5135282641646505
136	31	0.5092598935356957
136	42	0.5020849842157937
136	141	0.49951523520290886
136	40	0.4979150029794652
136	36	0.4969216041895114
136	62	0.4641673084475734
136	7	0.46118076996222923
136	17	0.46073188400129916
136	27	0.45010344678199554
136	153	0.4437012751473574
136	51	0.4419809478452142
4	107	0.8196007602280324
4	8	0.6545395880946623
4	10	0.5966827494653563
4	113	0.5822103407808573
4	110	0.5338325812596094
4	111	0.5025560188800675
4	104	0.4633431309211244
107	8	0.7010589878544655
107	113	0.5875525405511239
107	110	0.5691333181960572
107	111	0.5443663893129425
107	10	0.5423507741520068
107	104	0.5312391984970533
13	70	0.8177540779702877
13	114	0.7399459874468317
13	139	0.6993616724363686
13	2	0.6657217327432314
13	31	0.6534121272392828
13	3	0.629229738655114
13	36	0.6157248108723797
13	10	0.613116597649449
13	176	0.6113223126036792
13	111	0.5959029835329691
13	103	0.5836891194633692
13	30	0.583504483329256
13	9	0.5765170364865524
13	108	0.576069552874171
13	0	0.5754144022269667
13	181	0.5754077132058203
13	135	0.5636658846306218
13	109	0.5571495193420002
13	110	0.5534561853542465
13	134	0.5513577518552442
13	104	0.5477981497742238
13	11	0.5477071540602657
13	6	0.5466492544625252
13	101	0.5187587628743916
13	7	0.5054206364175855
13	113	0.4853505138038564
13	106	0.4803737248035856
13	141	0.4702178571033646
13	8	0.46093666825959584
13	40	0.4608185294841298
13	127	0.4461314819147512
13	79	0.43956379156037556
70	139	0.7786766190264551
70	176	0.7560330864359215
70	36	0.7206711654714706
70	114	0.689944590797721
70	31	0.6610633410484468
70	11	0.5943206724805795
70	30	0.5868580393391116
70	2	0.58306243048871
70	10	0.5827851465570961
70	109	0.5645181346695309
70	3	0.5560382926147572
70	6	0.555077308725891
70	9	0.5521993555762411
70	181	0.5499851336075433
70	135	0.5484837003656392
70	156	0.5443312050936073
70	0	0.5408314152170517
70	141	0.5388616048220142
70	108	0.5333175669998683
70	134	0.5305497735918709
70	35	0.5270993351345667
70	40	0.5223455549705939
70	103	0.5147862120070551
70	104	0.5143156601419957
70	41	0.5053163920448109
70	144	0.501059641952999
70	110	0.49911737310813364
70	101	0.4887372840685373
70	111	0.4838967486708514
70	127	0.48140384415164017
70	113	0.46353943646358564
70	7	0.44940943119567356
70	150	0.44094235409561666
28	131	0.8062780854127238
28	132	0.7988406006069215
28	26	0.6886218731576037
28	29	0.6256098861606036
28	125	0.6450356579415389
28	133	0.5757821798425276
28	129	0.5508982216452597
28	128	0.5486025474401018
28	21	0.5209042991035262
28	126	0.5007899751970882
28	117	0.48455510032021243
28	22	0.46075551545859106
28	16	0.45606376597878395
28	27	0.45483528949988433
28	130	0.44143361949927457
131	125	0.6590543585025982
131	132	0.7968416427738003
131	26	0.6020139879242767
131	129	0.5474410922860875
131	128	0.5443241680199109
131	133	0.5342686031131619
131	29	0.5233337832986764
131	21	0.5111239463750538
131	126	0.5016810029642261
131	117	0.4968688875315241
131	130	0.46181825464722015
131	22	0.4480996959462323
131	124	0.4448971461301127
6	111	0.7864662717826224
6	108	0.779344960294766
6	105	0.5555130464755591
6	103	0.717095476984798
6	8	0.6959741902687475
6	9	0.6474234386268468
6	109	0.619916833014158
6	110	0.5911682267008607
6	0	0.5797658955069611
6	113	0.5531231274995903
6	10	0.5387906381810461
6	176	0.5323078513397285
6	139	0.5197009790780516
6	3	0.5088079540372982
6	114	0.47193742567882374
6	100	0.4449773492145696
132	125	0.6359953402991596
132	128	0.5955933431648284
132	133	0.5488751128550787
132	129	0.5349185338718967
132	126	0.5118475609490117
132	29	0.5060383536275411
132	130	0.4981330748732286
132	26	0.49744104355814184
132	21	0.4768505831934345
96	198	0.7981520343113795
96	81	0.7079539706221358
96	75	0.5563974158824341
96	77	0.6535267227805267
96	95	0.6238417075824171
96	61	0.6133162666401742
96	199	0.5961350975969729
96	98	0.5931681808573754
96	147	0.5871922940657425
96	97	0.5781903581271233
96	87	0.563672707399869
96	183	0.5611567349059217
96	182	0.5557273451936275
96	187	0.5233991311782255
96	76	0.5106509902472155
96	90	0.4992600271293018
96	74	0.4915483905466123
96	92	0.47449068705163777
96	185	0.4698516954793066
96	78	0.4617317106221678
96	197	0.4591234131346195
96	190	0.454985970199731
198	199	0.7787159822335012
198	182	0.7087760315465206
198	95	0.6878376271905152
198	97	0.6330622508601079
198	197	0.6614122550587529
198	98	0.6472433411905864
198	183	0.620698160422
198	77	0.5591392090335374
198	147	0.5473640537396985
198	81	0.5404634110377827
198	61	0.5253060221795779
198	187	0.5140508385361285
198	190	0.5009697638410903
198	177	0.500610143330444
198	87	0.477993243950572
198	185	0.47213949239715364
198	195	0.4646535886417926
198	78	0.4640103841398854
198	166	0.46307608239285064
198	75	0.4550811235360929
198	167	0.4415141295809781
165	166	0.7923818348250597
165	169	0.6345818538575869
165	175	0.6306231124312413
165	196	0.6252445817193955
165	183	0.5885077022468896
165	60	0.5657092654598057
165	174	0.550981797457773
165	170	0.5416798658236818
165	61	0.5222801079331253
165	179	0.5047353319714236
165	171	0.4836439798173117
165	167	0.4738085268331428
165	65	0.45440689689947517
165	97	0.4424636114954571
166	61	0.6728157238522746
166	183	0.6661057583373415
166	199	0.6237317473617072
166	196	0.6011270112438294
166	169	0.5738604866210776
166	167	0.5511419535425792
166	32	0.5067298784075095
166	175	0.49535360241682685
166	63	0.48111185562246467
166	172	0.45169682406267087
166	81	0.44565077327637515
90	194	0.7923073968238203
90	87	0.7547104958231368
90	73	0.635137020519553
90	64	0.46637683778467887
90	88	0.6435676224270139
90	81	0.6222509950874537
90	193	0.5757286993886843
90	92	0.5712187537183624
90	91	0.5687004647399928
90	86	0.5613553824778225
90	184	0.5447251589471857
90	74	0.5440426222540169
90	75	0.508630064846151
90	191	0.48598473911566775
90	185	0.4720462369980881
90	190	0.4569820065624416
90	147	0.44825952295291316
90	84	0.4432755166005601
90	77	0.4389181377147538
194	193	0.7336746896392874
194	184	0.5609443159937826
194	87	0.745563187078448
194	88	0.6061989710289344
194	191	0.5925780446013389
194	91	0.5705986155929906
194	73	0.5703692692530685
194	180	0.5641637446471571
194	190	0.5627304381877102
194	81	0.5411002104869211
194	196	0.5355250407966062
194	74	0.5102886741904387
194	94	0.5064771384308313
194	174	0.4981857034787993
194	86	0.47696646693187733
194	82	0.4622744322686099
194	92	0.4595100369135832
194	185	0.4471241309785554
127	144	0.604583544232528
127	129	0.5610471085650285
127	138	0.5594209633978033
127	26	0.5407535854353239
127	141	0.5269043224871824
127	150	0.5200950203384577
127	155	0.5138889548493343
127	40	0.5124893455003786
127	33	0.5052642643269516
127	146	0.49954525398429134
127	134	0.4900225408819907
127	120	0.4738628104162454
127	52	0.46008570459198217
127	34	0.4588392521305619
127	181	0.4471001282562518
127	154	0.4458350753215291
127	36	0.4432031981021492
98	199	0.7918602731404318
98	78	0.6863912553168324
98	61	0.6289638742929389
98	182	0.6228634175019687
98	77	0.6146308725227304
98	95	0.5925975097931254
98	147	0.5691130352317684
98	197	0.5658724368293329
98	32	0.5067001488117171
98	81	0.4826397682137494
98	76	0.4579704007567979
98	11	0.45220609755596197
98	80	0.4419246204036883
98	176	0.44113567039567
199	182	0.6638074952406359
199	61	0.5971269056214288
199	183	0.5567218293225623
199	197	0.5539138510367669
199	147	0.5420824937317693
199	95	0.530506661203262
199	77	0.523899927049766
199	78	0.4815574794252366
199	97	0.4668070983311879
199	81	0.4598334046889112
199	175	0.4572667799815053
199	177	0.44184414658463234
199	176	0.44090207471558784
103	111	0.7515815980853221
103	108	0.7121683188200625
103	3	0.6700368528993683
103	0	0.629030354182123
103	113	0.6113974612941234
103	110	0.6106831035166089
103	8	0.5860379411126208
103	9	0.5804492748308681
103	10	0.57574206996402
103	109	0.5553885810853816
103	106	0.5304635460699967
103	139	0.5262104947811951
103	2	0.5120394185515398
103	114	0.5060904265458194
103	176	0.46715114774141114
103	5	0.4477479756909077
103	104	0.44730013126557067
111	8	0.7848203914259533
111	110	0.7493495559038542
111	113	0.7058577880003946
111	108	0.6905885350491844
111	10	0.6528100091361515
111	114	0.5673932325775557
111	109	0.5625048959426676
111	0	0.5468455532974708
111	2	0.5337825277950163
111	9	0.532759188383741
111	3	0.5269404401273726
111	139	0.5041016043310643
111	104	0.4924503349490782
111	105	0.48104268480313617
111	100	0.459801861979155
8	10	0.7237044791239172
8	110	0.7171586217279324
8	113	0.6564274141164467
8	104	0.5243858607485455
8	108	0.5084521322194031
8	2	0.5069825313109824
8	109	0.5004752410686905
8	100	0.475110338574665
8	114	0.4687288318277801
108	3	0.7231611039795964
108	9	0.7525372915470311
108	109	0.64839819355384
108	0	0.5514830202550093
108	139	0.5424848729031441
108	110	0.5407252814007253
108	113	0.5122681050907855
108	176	0.4943039518809585
108	106	0.49252608048549507
108	10	0.4741729332321996
108	5	0.46133034619041935
108	105	0.44933760548606017
36	31	0.665064175305126
36	41	0.7137809834111223
36	181	0.6918262243285801
36	141	0.6546938868628132
36	79	0.5982517480966859
36	62	0.5873888210030525
36	34	0.5795069270775772
36	139	0.5777108575402641
36	35	0.5720871980887958
36	30	0.5557964580643863
36	40	0.5472519811107027
36	42	0.5411779990183977
36	45	0.5240667785809984
36	146	0.5142935954195034
36	134	0.5085485177836936
36	144	0.5013217247129365
36	33	0.4981556304393431
36	67	0.49503659406274975
36	49	0.47397136677898755
36	114	0.47239589025842005
36	135	0.46497500717843954
36	176	0.4571481357807986
36	137	0.4562775812221418
36	138	0.4480757194240485
36	7	0.44247969587217
36	156	0.44190852620884447
138	146	0.7821560124255267
138	137	0.7592364866112368
138	34	0.7122619412449773
138	140	0.712247160441336
138	141	0.6950449112471189
138	33	0.6419420052441858
138	134	0.6333378173991222
138	144	0.5881153685484901
138	42	0.583623184913879
138	62	0.5658792346747178
138	123	0.5351326581523952
138	150	0.530441987474133
138	120	0.490645390355689
138	114	0.48596946259051965
138	145	0.47015554314605795
138	31	0.4631467798949833
138	172	0.4603300492888827
138	35	0.45630133522004845
138	155	0.43938628198925495
146	150	0.6892943039778713
146	144	0.6959535648975103
146	42	0.6909283893055952
146	49	0.6530108069311586
146	134	0.6526091195622108
146	137	0.6499718712757696
146	33	0.6497061250192081
146	34	0.6447435992717571
146	62	0.6206920130459072
146	140	0.598591950464028
146	155	0.5896895642568526
146	141	0.5816614198204737
146	31	0.5724100132125076
146	124	0.5438806779390231
146	120	0.5414113090465994
146	157	0.5333676551959736
146	154	0.5223237399751155
146	40	0.5194235581654641
146	153	0.5162986959606837
146	35	0.512076308388749
146	114	0.5066258195497808
146	51	0.5006251309700704
146	30	0.5000778877046391
146	172	0.49995039010882464
146	41	0.4829618676211951
146	45	0.4531204577438745
146	18	0.44700411092815195
146	17	0.44495328903862924
146	67	0.44429539555808284
139	176	0.6796428517926043
139	141	0.64549089342757
139	114	0.6359953402991596
139	10	0.5709424682823663
139	109	0.5655868578517913
139	0	0.52813846515159
139	2	0.513859517518566
139	9	0.5093561722280481
139	140	0.5041090631091892
139	3	0.49892211849379714
139	134	0.491942647430452
139	101	0.49173796229167904
139	31	0.46614205714929374
139	110	0.46578193262689305
139	113	0.45240495248229984
139	100	0.44603536076519074
34	33	0.7589822348449774
34	62	0.7005653915436656
34	137	0.6762709412745326
34	42	0.6621766130389478
34	123	0.5992140261170646
34	35	0.5976156976939607
34	141	0.5837682307632391
34	134	0.557377040358199
34	140	0.5513925511273463
34	30	0.5434650702762537
34	31	0.5412416372922627
34	49	0.5226581614393464
34	144	0.5185248394597323
34	41	0.5117811368025861
34	40	0.4822484719159353
34	45	0.47861022585539376
34	27	0.4761394669859766
34	79	0.469391816811842
34	18	0.4681590228602805
34	120	0.46639248749160717
34	7	0.44464044830415606
62	137	0.7699072633249859
62	42	0.7436428039018769
62	35	0.7291968130138105
62	67	0.6950604183009116
62	45	0.6424355837631162
62	140	0.6308519370916473
62	31	0.5972491452485003
62	37	0.5935115931634422
62	134	0.5811781956284502
62	172	0.5695793681780713
62	141	0.5652807297807473
62	41	0.5644091137392738
62	33	0.5531300680092588
62	171	0.5428235255725216
62	30	0.5356462759564949
62	32	0.528080777133402
62	68	0.5063953509746716
62	79	0.49921498141446563
62	49	0.4844632702184736
137	140	0.7435310342799853
137	141	0.6463417695426231
137	171	0.6107520761592623
137	134	0.5749928435556554
137	42	0.5723158771205524
137	33	0.5531300680092588
137	172	0.5445071070375036
137	145	0.5366794432319502
137	35	0.5243133549997836
137	67	0.4922003217485449
137	45	0.4705605000632627
137	37	0.4529058673958554
137	31	0.4495211485288298
95	197	0.7662578925820325
95	11	0.5436834736463212
95	78	0.5253784237343454
95	182	0.5015088703860725
95	77	0.49944018300120724
95	61	0.4526117138946023
197	99	0.5409233839298305
197	11	0.549831661442771
197	182	0.5297085869976588
197	78	0.5293055985633793
197	101	0.48022755565828085
197	9	0.4473561240937671
9	109	0.7245843659604881
9	3	0.640888436011307
9	176	0.5949089266454544
9	11	0.5868842626291902
9	106	0.5810324859813979
9	5	0.5256824271903775
9	0	0.5023616597521453
9	101	0.4993350973236278
9	113	0.48351373406469517
51	155	0.7617620945230412
51	157	0.609157071212085
51	47	0.605534399319444
51	144	0.6049260508978771
51	153	0.5974549598129717
51	49	0.5513855914264256
51	154	0.5425131006971098
51	40	0.5359171923650966
51	150	0.5327018925300965
51	41	0.5219091251699443
51	27	0.5053089454537429
51	124	0.45637259331172436
51	33	0.45170478372650835
51	42	0.4432273049093712
51	53	0.439394351350751
155	144	0.6901593603815184
155	157	0.6867982677460295
155	153	0.639489763208266
155	122	0.472473570800851
155	154	0.636840200822962
155	150	0.5873429709117921
155	47	0.5508076687112408
155	49	0.5485885665818063
155	40	0.5099039773018744
155	173	0.4929046962448966
155	18	0.4922382077583017
155	33	0.4829005254244967
155	41	0.47792380394220635
155	124	0.47544320672149426
155	156	0.47453717724330635
155	52	0.4661890185307504
155	145	0.4602512360365624
155	120	0.4566259080071384
155	15	0.4442552645865417
155	27	0.44209359227218537
33	123	0.660663426779919
33	120	0.6415832394197437
33	144	0.6280745781769502
33	49	0.6249521407529779
33	18	0.6078031055515702
33	42	0.5937641548459301
33	40	0.5820119968077075
33	27	0.563235895108725
33	45	0.5539346460745699
33	30	0.5499293298441383
33	31	0.5221419217592462
33	134	0.5178372404459035
33	17	0.5156603203550792
33	125	0.5146024395710227
33	41	0.5044222638801337
33	35	0.5039374921873366
33	7	0.49252608048549507
33	22	0.4834371089131221
33	154	0.4688224617547506
33	126	0.46339024839975584
33	48	0.46177891754393957
33	26	0.45777281236049744
33	141	0.45642009545431117
33	130	0.44981633379201197
176	156	0.6343667746186692
176	11	0.5721880968652717
176	109	0.5670337501008139
176	135	0.4985164278042528
176	52	0.48767858667442365
176	106	0.4803968017035482
176	3	0.48010444516079703
176	101	0.44881070613105206
87	191	0.7250589993869223
87	190	0.6672723613017267
87	193	0.6643720697375463
87	75	0.5548143353808367
87	185	0.5524078437933791
87	88	0.5499014261210631
87	73	0.542992785747275
87	91	0.5418423596485819
87	81	0.5386202870406829
87	89	0.5346186444065376
87	74	0.5344543621407492
87	92	0.5282682453697348
87	97	0.5076212057814131
87	83	0.49982287083872734
87	184	0.47770773015861256
87	187	0.46386127906723423
87	82	0.4611099089144753
87	64	0.44718013482642166
87	86	0.44570686920351943
87	179	0.44247165371939795
77	147	0.7539562793485443
77	81	0.704706888328134
77	76	0.6702241674289109
77	78	0.6419184882218598
77	61	0.6373273826411205
77	187	0.586011678115727
77	63	0.546719368088795
77	182	0.5251901638695057
77	92	0.49964280673867867
77	75	0.4851899661180796
77	73	0.47206178029834567
77	167	0.4672136869884683
147	187	0.6166676698180106
147	81	0.6521725861169516
147	76	0.5640682964113083
147	182	0.5484976835248555
147	61	0.5349756404009572
147	78	0.5285061116723277
147	188	0.4985840580931462
147	73	0.4953385097711335
147	185	0.4903416239148793
147	92	0.4745061840763299
147	84	0.448555127369681
2	114	0.7535416914663362
2	104	0.7513857255565202
2	10	0.744415111563761
2	110	0.6886954780493045
2	3	0.6274989887046121
2	134	0.5804890581636489
2	31	0.5541772037810319
2	113	0.5429081611734621
2	150	0.5175224772022324
2	30	0.5135356270140592
2	135	0.5069230914032739
2	140	0.4709963859325584
2	0	0.46382203652142306
2	7	0.4502071036114285
114	10	0.7505223115530221
114	134	0.6669282754850405
114	110	0.6796105653404073
114	104	0.6438545840617593
114	141	0.5760628713969789
114	30	0.5510514355264973
114	31	0.5338254309936875
114	140	0.5335751235935203
114	0	0.524712042517301
114	113	0.5229633623722199
114	150	0.5003403144992604
114	100	0.49279113110516676
114	3	0.472085094698431
114	135	0.4657114554254413
10	110	0.7517686414187236
10	104	0.6585789516503567
10	113	0.6436262007284452
10	3	0.5343757780822841
10	134	0.5182469545622955
10	100	0.4960400013938716
10	0	0.4810273126965375
10	150	0.47637915187450713
110	104	0.6737669443620842
110	113	0.6726514950079557
110	3	0.530671910454164
110	0	0.5057332810237658
110	100	0.4831228683350443
110	109	0.4763946129852713
110	150	0.44492120780483724
104	113	0.583623184913879
104	135	0.5807276999661226
104	134	0.5767306380670024
104	150	0.5204742583478855
104	3	0.5045489979017935
104	100	0.49772695941350253
104	31	0.49407721918435366
104	30	0.4672215040656526
42	35	0.6538073552747379
42	68	0.6515630137731099
42	172	0.631381425742952
42	67	0.626521947989719
42	41	0.5590017209913953
42	140	0.5377465461561366
42	134	0.5271932103192539
42	141	0.5237548060726398
42	49	0.5162766925501837
42	40	0.500295333574787
42	171	0.4925412286974761
42	30	0.4834447717616941
42	31	0.4724347314471102
42	45	0.458318046450624
42	144	0.44440775279278455
42	150	0.4419889943380673
42	37	0.44132089344312037
140	141	0.7226932753228489
140	35	0.6496656714428908
140	172	0.6069069156234265
140	134	0.6033957274654851
140	37	0.541460788336924
140	171	0.5356605374650516
140	145	0.49675591091589605
140	170	0.47453717724330635
140	31	0.4512668954491386
18	17	0.6633653693869956
18	120	0.6737778649770174
18	15	0.6208764011333938
18	154	0.6126795485210006
18	49	0.5622040426737528
18	115	0.5284700766556253
18	123	0.5204086356849453
18	144	0.5151536149874076
18	30	0.4506455174699752
18	27	0.4397573992135147
120	49	0.6240981854067092
120	154	0.6187826468470384
120	17	0.6110592053523025
120	115	0.57878252260889
120	144	0.5506752987865665
120	48	0.5301113364204566
120	123	0.4997178386960782
120	40	0.4729938410733319
120	157	0.459912256386777
120	15	0.45257990761332567
120	45	0.44421513183212147
61	81	0.7349050727748722
61	63	0.6306773176587247
61	183	0.6184554723201561
61	32	0.5808005983963075
61	92	0.5710233457045648
61	167	0.5481200305477697
61	65	0.5408314152170517
61	93	0.5277489764380251
61	76	0.5266153128564491
61	182	0.504817304066842
61	97	0.5011869507775741
61	60	0.4788106432966438
61	74	0.46791693132337325
61	169	0.46269107039610075
81	74	0.671790949177495
81	92	0.6503009451664642
81	183	0.6470747975029526
81	76	0.5929996354750794
81	97	0.5724906892837582
81	182	0.5621972033691582
81	185	0.5479101267086837
81	167	0.5321501702392886
81	65	0.5286574379458469
81	63	0.5267237057402732
81	187	0.5051302046918268
81	73	0.4821717245739289
81	93	0.47272209920894076
81	75	0.45104388698385195
81	88	0.4473161295742989
193	88	0.6860261642031915
193	191	0.6269166428605298
193	175	0.6055090655821898
193	180	0.58745431459311
193	174	0.5848417282183517
193	179	0.5696536772497991
193	91	0.5681250939327687
193	195	0.5631334716572393
193	190	0.5474971144924975
193	196	0.502473796215767
193	183	0.48160356423727263
193	73	0.4750871101386045
193	185	0.4691578824801087
193	184	0.4553665211888536
193	89	0.45027088639916385
193	85	0.4421338190457356
35	37	0.7042989110955723
35	67	0.6191157738421474
35	68	0.616456920504053
35	31	0.5970368165665718
35	45	0.576770679587631
35	32	0.5642796258078978
35	141	0.5422660659628941
35	172	0.5282826638706147
35	40	0.5279437485546046
35	30	0.5110500673680228
35	41	0.4973582582636871
35	134	0.4721084084381428
35	69	0.4675341272497251
22	123	0.6658108135859113
22	126	0.5686531022699176
22	27	0.485839600137366
22	125	0.4730171290476621
22	21	0.4564992599104689
144	150	0.680024708236723
144	157	0.6601841624967775
144	40	0.6429168968478488
144	49	0.6114663379075127
144	154	0.6086410929087048
144	124	0.6075886656143051
144	41	0.5536365178258235
144	153	0.5331314923855677
144	27	0.5220910041513461
144	31	0.505614193972822
144	47	0.46774508181167684
144	145	0.4633352777533073
144	134	0.45219814242353523
144	122	0.45158538121894765
144	17	0.4447768281222395
144	125	0.44466451682924574
144	123	0.442278620703754
191	179	0.615134627019215
191	190	0.5990409436298938
191	89	0.5754879763789791
191	174	0.5258560831945235
191	91	0.5091413791822361
191	175	0.48494525911006
191	185	0.47608533479729354
191	73	0.45672088193619226
191	195	0.45318402998733015
191	97	0.44421513183212147
191	180	0.4399751589786827
109	106	0.6275232378967124
109	3	0.5225854747959338
109	101	0.5224328081155645
109	113	0.5216980860834565
109	100	0.4887829508813677
109	0	0.4775765142986226
109	5	0.47015554314605795
41	40	0.6481373065478829
41	145	0.6140394099000187
41	181	0.6381283416557395
41	31	0.5622792699487948
41	45	0.5421954673834374
41	67	0.5182835246193535
41	49	0.4888590562839045
41	79	0.48450918660411885
41	52	0.46621249823633387
41	156	0.44153023074426573
41	27	0.44034603794621996
49	45	0.6612715983464503
49	17	0.6488558270711784
49	154	0.606755294182529
49	40	0.5717911284371084
49	157	0.5129537289468241
49	47	0.5093857938761059
49	48	0.49927504176788173
49	31	0.4953234168263983
49	164	0.4864199952326739
49	30	0.47731401865692435
49	119	0.4763095732302422
49	150	0.4591470889792538
49	15	0.45693453521414473
49	46	0.4499997778212159
49	124	0.44169927578931734
3	0	0.5374550421554501
3	113	0.5092302667577688
3	5	0.48481522761516255
3	106	0.4764641843377204
141	134	0.6410121643799542
141	145	0.491942647430452
141	172	0.4854651706874925
141	181	0.4593128016283001
141	31	0.44993597550847303
141	37	0.447995793028041
171	172	0.7209161982566558
171	170	0.5868711511380479
171	67	0.5807078169595754
171	175	0.4865802919298285
171	145	0.48211799703064184
171	37	0.44496130916864884
172	68	0.6943516030968742
172	67	0.6491336538559923
172	37	0.528390792915457
172	169	0.5185467730782578
172	32	0.47080182242582513
172	69	0.4546845827545252
172	134	0.4397977289982069
126	128	0.7160981754453631
126	123	0.7047270232886151
126	130	0.5653283599347186
126	125	0.5644908812831191
128	130	0.6157868953452054
128	117	0.5752538444733405
128	129	0.5327806730697654
128	125	0.5310597284369143
128	133	0.5251467119828213
128	29	0.4831995238607943
128	123	0.47168866009754473
128	124	0.469204674615757
162	163	0.7149562080061005
162	161	0.6270987012713052
162	56	0.6592409815339032
162	57	0.5152784888982369
162	58	0.46371999738396097
163	56	0.6780198989408148
163	161	0.6236706476801965
163	57	0.5093857938761059
163	58	0.4916166417432165
45	164	0.7146676721320029
45	31	0.5846903770270524
45	40	0.5584376985781603
45	67	0.5511419535425792
45	30	0.5054206364175855
45	37	0.45124300438003623
45	148	0.4424475268340717
164	148	0.5363945920275429
164	40	0.44472869642343554
164	31	0.43945083489564035
91	180	0.7115813702898596
91	92	0.6757713856024193
91	88	0.6646401169185084
91	94	0.5914868892301998
91	86	0.5872905661907787
91	82	0.5714949097727405
91	175	0.550647427904057
91	179	0.5388403156327372
91	65	0.5316625588528642
91	69	0.5210281601148783
91	73	0.514896452767054
91	84	0.4956855649580863
91	189	0.48466222194229214
180	94	0.5909535131790028
180	82	0.5759693226334467
180	88	0.5404492528987188
180	179	0.5402297626049439
180	173	0.503646476675629
180	189	0.486923674547981
180	175	0.4864047271723773
182	183	0.6467491547808776
182	175	0.5623886748288998
182	187	0.54543507537558
182	78	0.5135798025224514
182	195	0.49954525398429134
182	97	0.4981330748732286
182	185	0.4681434061714742
182	190	0.45887872455198936
182	92	0.45248448185998325
113	100	0.44476078450806183
113	106	0.4441027506355245
123	130	0.5967922132091334
123	27	0.5261454124727749
123	125	0.48201053106459385
84	86	0.7046061964975227
84	189	0.6831783065909591
84	65	0.5061648100291105
84	82	0.4790957667072973
84	88	0.4717664074108265
84	159	0.4607240067036956
84	73	0.4577095745205661
86	94	0.6401571703524636
86	88	0.5767439855484648
86	73	0.5487423391492089
86	189	0.5383007599316737
86	92	0.5377749786906255
86	69	0.5344829358712713
86	82	0.5196279841955093
86	65	0.44247969587217
37	60	0.5750330051638404
37	67	0.647284014671735
37	69	0.5029147023034202
37	68	0.4941074540948617
37	32	0.46284823924455576
37	66	0.445073583494501
181	79	0.6551336245520205
181	31	0.5844138915383148
181	135	0.5248859431598843
181	52	0.5010371734382075
181	134	0.48802910603114513
181	101	0.47898018831524797
181	11	0.4765723945821968
181	156	0.47061499836514603
181	30	0.4519753695076605
181	40	0.4420292257353863
124	150	0.6996272403244567
124	154	0.5870022521988061
124	129	0.5742225438265339
124	17	0.5571495193420002
124	157	0.5498456149922084
124	133	0.5422448871929533
124	119	0.5349185338718967
124	20	0.5228979734558102
124	117	0.47489351408944586
124	15	0.46018818021099694
124	26	0.44282544110626326
150	157	0.5946956772763217
150	153	0.5210500156629421
150	154	0.5092080458822467
150	40	0.5057035110676169
150	134	0.4611256563222856
67	68	0.6619238527787242
67	31	0.4522140526164417
67	47	0.4473161295742989
67	69	0.44048306389966485
68	69	0.6795728944847996
68	32	0.5547312681244161
68	65	0.4565705017416239
83	190	0.6918314380572633
190	195	0.5501315951236325
190	185	0.5124819719158825
190	183	0.48899602725787106
190	97	0.48760236599794865
190	74	0.4648495901301511
190	179	0.4426566052261034
26	129	0.6606577915043238
26	29	0.5335822765312286
26	133	0.533238849421224
26	125	0.5311387011354133
26	27	0.5067150137602577
26	21	0.4982683981572957
26	122	0.4460033180952434
157	154	0.5869760344489884
157	173	0.5822235612492954
157	153	0.5698968054673763
157	53	0.47957331448833324
157	47	0.4662516296194487
78	80	0.4791342891467845
78	11	0.5028997606170903
78	76	0.44872285920996935
52	156	0.6863648110570678
52	135	0.4622351162424395
52	122	0.45967567953756905
156	135	0.5219309531541229
156	31	0.4765414788427608
156	11	0.4651709339597685
156	122	0.44442380268511356
88	82	0.576770679587631
88	85	0.45424024298076954
88	73	0.6029503999248538
88	94	0.5390177045115341
88	92	0.5257909673287785
88	184	0.46886147111526266
88	50	0.4572984156865271
88	64	0.45480356392832777
88	189	0.44210163776917316
89	179	0.6841742431185165
89	50	0.576830736672429
89	174	0.4927229839618436
89	94	0.4600068688506822
179	175	0.6336730730562977
179	170	0.6169836281239188
179	168	0.5453156392037817
179	192	0.42187434490100895
179	178	0.2871799431903083
179	174	0.6133474578414985
179	173	0.5351255217838247
179	195	0.48856220314140475
179	177	0.48131164878543786
179	50	0.4573774998856566
179	97	0.4486030539776226
179	94	0.442278620703754
189	159	0.6241226048552897
189	82	0.49341174884034006
69	92	0.589180562590872
69	65	0.5822764400441782
56	57	0.5478401434251569
56	161	0.589904770222362
56	58	0.5261309489004793
154	152	0.5078216049023848
154	46	0.49986788011474065
154	17	0.6416185403176072
154	15	0.5273881407438262
154	119	0.5215306648428356
154	153	0.4948553872323367
154	48	0.4834371089131221
154	47	0.4685337356494903
154	129	0.4604797744783974
154	115	0.4487068861107092
154	117	0.4448329785240617
92	65	0.623456738772756
92	175	0.5790816995236144
92	93	0.5737062089083691
92	94	0.5647224958364135
92	76	0.5164380350650377
92	60	0.5082889891585057
92	183	0.48707624075536016
92	74	0.47612400101453994
92	187	0.4612673699213899
92	97	0.4605506877932894
92	73	0.4430906911924782
74	185	0.6334396165832239
74	97	0.5199199182043236
74	167	0.5006026493980849
74	65	0.49478742357250827
74	183	0.46511607905352065
74	63	0.4442793433834171
74	76	0.443098727863262
76	187	0.5693631433852833
76	63	0.49549696763559975
76	167	0.4669947791729121
76	73	0.45837334079634684
0	106	0.46694786290581575
0	5	0.45129874920170276
134	31	0.5959932619495647
134	30	0.5918638429600049
134	135	0.5022868927201045
183	97	0.6075129597732971
183	174	0.5473290331516435
183	195	0.5386699773401545
183	196	0.5347257632513326
183	185	0.5332173793878868
183	175	0.5197228760634188
183	167	0.4843943906348102
31	30	0.6457416606566863
31	135	0.5961995560487048
31	79	0.5809662420076049
31	7	0.5415738697736436
31	40	0.5259718295157534
31	11	0.515858498255477
17	15	0.6565013911996533
17	115	0.6377547324081262
17	117	0.6192329322342922
17	48	0.567264386354147
17	119	0.5792279070594728
17	125	0.458183745411367
17	21	0.4446885847121985
17	116	0.44251186377155677
129	133	0.5762232056032479
129	130	0.5323150177850946
129	125	0.5107249100288641
129	117	0.4869770761011817
129	29	0.4714864827571999
125	21	0.5712591748810784
125	130	0.4989746920279818
125	27	0.4697893539853986
125	117	0.4616608953351028
125	40	0.4535733093878556
15	43	0.4550731944882995
15	14	0.3966439616361913
15	115	0.5389467546960275
15	117	0.5073761989132063
15	16	0.49261696528068794
15	116	0.4902200839658439
15	135	0.45702947530758353
79	135	0.5012318781249225
79	11	0.4801813914384893
79	32	0.47623998862034617
40	53	0.5054131908801517
40	47	0.5541217703134081
40	30	0.49416792033049184
174	175	0.6470689845232741
174	196	0.596302673585543
174	170	0.5772376258949233
174	195	0.5487842706792958
175	196	0.6000785986491746
175	195	0.57657044427173
175	170	0.5612800410110572
175	60	0.5503268245098646
175	169	0.5333891204208331
175	145	0.46638466267463696
175	93	0.4486429908467973
30	135	0.5748790372832507
30	7	0.5489519691866244
94	82	0.5530051270880483
94	66	0.47940389454029675
94	50	0.4678075766360871
153	47	0.63070140689585
153	173	0.4596677925186182
32	63	0.6390935881184606
63	167	0.6389101683758539
63	93	0.5860904634126298
63	65	0.5124229805191693
63	169	0.4660246422029843
167	169	0.5637136424001195
167	196	0.5174565787893556
167	93	0.4618969234038585
167	185	0.451744580967063
115	116	0.5259284269280198
115	48	0.5394928709804594
115	117	0.5006176371877726
115	46	0.4394024206413348
73	57	0.42268780670511513
73	184	0.5360668619988999
73	75	0.4882728527863949
73	187	0.486313112572438
73	82	0.4583654418213359
73	185	0.44282544110626326
169	55	0.4197100305628471
169	65	0.619910675944788
169	196	0.5625390743934638
185	97	0.5082815726977739
185	187	0.4912525655807162
185	75	0.4655313201804111
185	159	0.441127616366938
27	130	0.6333138614638848
27	53	0.45663382289879806
130	133	0.48638182452494383
97	177	0.5676169521037192
97	187	0.477954666905689
97	196	0.4448730838130812
106	5	0.55256763797015
106	101	0.5210063038835624
161	58	0.5371136059012094
29	133	0.470708415671865
196	93	0.6216930279272638
196	195	0.5919223125925271
159	54	0.38224827500195346
65	60	0.5517195704943703
65	93	0.4777849060040602
93	195	0.5223600979210872
117	16	0.5342900394813639
117	118	0.44287367416239853
170	66	0.5675966174275855
170	173	0.5721141061225432
170	145	0.5419129965066714
11	101	0.48725928097132204
11	135	0.45120318449409713
11	99	0.4488426483155979
187	188	0.5363803462578849
187	75	0.4623373341301835
145	173	0.6001489836271724
145	195	0.4712453603683413
173	50	0.5979948486958212
173	168	0.4698205253181389
50	66	0.47816296104155925
135	7	0.5931681808573754
135	148	0.5284628694237566
21	122	0.4584523265636313
177	71	0.4816112447803517
5	101	0.45559635681727023
55	158	0.5506752987865665
99	101	0.4656644673421072
100	101	0.5371776386133728
152	151	0.2703209110087649
43	186	0.3776878130328365
85	160	0.43925716256179603
72	178	0.32730776013033835
59	151	0.28242011169145015
