126	128	0.9395971917901361
126	133	0.8508710117455206
126	118	0.7088456937487744
126	129	0.8039916833009437
126	25	0.801144653143314
126	23	0.7918229744562394
126	29	0.7632271971215768
126	132	0.6777064080655464
126	130	0.6680870405697527
126	28	0.6470050367816667
126	27	0.6340021104869975
126	131	0.6234811902307611
126	127	0.6008587120683468
126	125	0.5958191400858603
126	21	0.586005112174119
126	123	0.573498204954136
126	117	0.5685719006913303
128	25	0.8316612033445138
128	133	0.8443970312791651
128	23	0.8121797001324116
128	129	0.782272454690896
128	29	0.7789520327667899
128	130	0.7182883744710066
128	132	0.7097351568485532
128	118	0.7001323068420906
128	27	0.6599810177511217
128	28	0.6399387450716414
128	125	0.633577309998082
128	127	0.6329423892484266
128	131	0.6282077746815214
128	21	0.6111594526139339
23	25	0.9224326442567993
23	29	0.7699479844702876
23	133	0.7226884981440266
23	129	0.6853002481010779
23	27	0.6811627066935821
23	118	0.6546424600004499
23	132	0.6211712792283465
23	21	0.5777241823896057
23	130	0.5694915363603962
25	29	0.8342636307616296
25	27	0.7572258424048524
25	133	0.7647675319869364
25	129	0.6919356974821467
25	118	0.6644614377974732
25	132	0.663258966163803
25	21	0.6205506023329891
25	26	0.6051035588794863
25	28	0.5984379232966824
25	125	0.5841504458064762
25	130	0.5836957124950043
25	20	0.5755682284671856
129	133	0.8941998651897869
129	123	0.8195022596334887
129	127	0.7767006285903469
129	29	0.6987224974372429
129	130	0.6844879407610287
129	132	0.6827674746560441
129	27	0.6626872903148655
129	143	0.6501335520855446
129	118	0.6441413646872929
129	125	0.6312611390561543
129	17	0.6029058464874144
129	117	0.579094992657362
129	21	0.5690386584370557
129	28	0.5684230023500382
133	29	0.766134009455205
133	132	0.7201131648825688
133	123	0.7183367771752452
133	127	0.7024192525527577
133	27	0.7009064008786373
133	118	0.6825538849043608
133	130	0.677333140901673
133	28	0.6521151152772608
133	125	0.6441413646872929
133	21	0.6057433558269518
133	117	0.5943142046127571
133	17	0.5911356997330552
133	143	0.5885207752667044
133	131	0.5690859902019905
19	121	0.870247831928868
19	20	0.8540413924065533
19	124	0.7541115951597346
19	119	0.7186850714140973
19	17	0.6729251729233515
19	150	0.6304484092841848
19	120	0.6161716484315455
121	20	0.8550395030790883
121	124	0.8347797054729219
121	119	0.7517077568637983
121	17	0.6615303707552112
121	150	0.6375707826870288
121	120	0.6024409936639756
121	117	0.5864711028001048
121	118	0.5813569701854698
121	48	0.5764035285848463
125	132	0.8681451964506774
125	21	0.8444257282212648
125	130	0.7372053382198411
125	143	0.7340945757082862
125	122	0.6109589384865107
125	28	0.7658447272865299
125	155	0.7181043807706412
125	29	0.712355538333519
125	27	0.7059079609370434
125	52	0.695855578701113
125	118	0.671790949177495
125	49	0.6709230875910555
125	17	0.6598681178390257
125	154	0.6419831571272533
125	150	0.6343368947311906
125	48	0.6325466305858356
125	127	0.6282077746815214
125	136	0.6268559415029726
125	131	0.6040947681612366
125	124	0.5932005874716808
125	26	0.5924482589692349
125	149	0.5883900312199143
125	152	0.5845060684524597
125	156	0.5794338635310189
125	16	0.5707537111964415
125	53	0.568517760149323
132	28	0.836168818578604
132	29	0.7549557251810632
132	21	0.795376808035601
132	131	0.7362909346540653
132	130	0.7172557444984073
132	27	0.707364893401802
132	143	0.7039661408509473
132	118	0.6875688244252692
132	127	0.6330742353520986
132	52	0.6177139069313916
132	26	0.6059205867588356
132	16	0.59844434197879
132	17	0.5863923710621465
132	122	0.5792677753757552
132	155	0.5781637296748942
13	111	0.8637430886490509
13	113	0.8067674146519861
13	12	0.7842051282320935
13	10	0.7731451934491078
13	30	0.5723024278758739
13	102	0.7845898487209275
13	2	0.77863724968869
13	110	0.757745824787857
13	36	0.7242612220940078
13	114	0.7048075517794549
13	139	0.6833222622320497
13	104	0.6635389170724002
13	103	0.6536183776475378
13	32	0.647313064901741
13	0	0.6436262007284452
13	3	0.6384127947708444
13	1	0.6309843643936293
13	108	0.6266737917653626
13	112	0.6252263093002679
13	11	0.6169836281239188
13	7	0.5889128227610493
13	105	0.5781237846871563
111	110	0.8061030570420481
111	102	0.7940504633279928
111	113	0.7971699462965391
111	2	0.7740286316882281
111	10	0.7376341775114177
111	12	0.7323699391294916
111	104	0.7256560583169752
111	1	0.6621822282230965
111	139	0.6406231916271203
111	36	0.612998007108848
111	114	0.6073110235617665
111	103	0.5893959665694859
111	105	0.5853547030265323
111	108	0.574945984843602
111	8	0.5724234599940998
111	112	0.5697617465490243
20	124	0.838470282263124
20	119	0.7894612209549805
20	17	0.7431999525901943
20	150	0.7015163638141929
20	49	0.6552820072567824
20	48	0.6314235189071701
20	120	0.6184554723201561
20	29	0.6129730371588691
20	117	0.5777841404011337
20	118	0.5776375653648155
20	27	0.5769841875605126
9	108	0.8476937187225998
9	3	0.7841281116903962
9	109	0.7664642379289894
9	105	0.7520424633596866
9	5	0.561991988472585
9	103	0.6952412861488163
9	0	0.6204952567166154
9	12	0.6160041307914079
9	32	0.5996881132992273
108	12	0.7234567349636108
108	105	0.7508104015388449
108	103	0.7310085733289706
108	3	0.7204307623300691
108	109	0.6708625982839362
108	102	0.6541965066430265
108	139	0.5866941158821614
108	114	0.5822433913746644
108	36	0.5803962260764645
108	0	0.5780771786988798
21	28	0.7680683119122106
21	27	0.6974716073318894
21	52	0.6845198280269406
21	29	0.6819766097759751
21	130	0.6799709479414505
21	118	0.664176510858648
21	143	0.664081492305406
21	155	0.62050140653482
21	17	0.6093582888338422
21	26	0.6074498631399345
21	122	0.5968630308558394
21	16	0.5745910750575449
21	49	0.5727460903859186
21	48	0.5697414850561388
136	149	0.8434184471618655
136	123	0.7706392851249643
136	138	0.7278312476466194
136	33	0.6967468129907901
136	146	0.5796198251468532
136	150	0.7462064877011774
136	154	0.7263984864309551
136	143	0.7220237982012567
136	155	0.6931689759625924
136	49	0.6912261642385732
136	152	0.649139440073426
136	44	0.6435676224270139
136	17	0.630978345768334
136	48	0.6240737647388878
136	127	0.6170517499326286
136	130	0.6136592646405405
136	156	0.6099426322186265
136	52	0.572107379229562
149	44	0.7807934760804387
149	154	0.7798940308605187
149	150	0.7690506697468344
149	49	0.7342006119884654
149	123	0.7132213392185028
149	152	0.7126755473458796
149	155	0.702540817783356
149	143	0.6831943042851182
149	156	0.6748575494899451
149	33	0.6709230875910555
149	17	0.6648466199270605
149	164	0.6480503103859376
149	48	0.6448896521498493
149	138	0.6361263341524866
149	119	0.5913698509839015
124	119	0.8052961072689242
124	150	0.719920534594695
124	17	0.7169011116129974
124	49	0.6940096483763897
124	48	0.6442525166438532
124	118	0.6408295060334903
124	29	0.5957868891474857
124	117	0.5770909119866418
124	26	0.5721813708189682
28	131	0.7618040631770231
28	29	0.7097202682513346
28	143	0.6798257586216704
28	52	0.6653206340643856
28	118	0.6240188137783703
28	27	0.6151532749567988
28	130	0.609440011081483
28	16	0.5895460470725217
49	154	0.8356566941921744
49	150	0.791748359365421
49	17	0.7863518035374277
49	48	0.7729037335620444
49	42	0.5789155093713386
49	155	0.7545641181650926
49	119	0.745247683890702
49	152	0.6542708638198514
49	47	0.640452175301736
49	52	0.6307074290152216
49	153	0.6170827113342586
49	51	0.6135283290845502
49	44	0.6126108352755751
49	156	0.6124733810002869
49	123	0.5963864420971823
49	33	0.5932718752566505
49	120	0.5724705213050645
154	155	0.7929393682795961
154	150	0.7455853930273364
154	48	0.7162589145779095
154	47	0.7102608137574181
154	153	0.7071299869151719
154	152	0.674525226680508
154	17	0.6650530213639112
154	119	0.6516205565875495
154	156	0.6446559449415495
154	51	0.6430283482263647
154	44	0.6249277627507168
154	33	0.6107019151563771
154	123	0.5878471145517155
154	143	0.5850127718455634
154	52	0.5833065919386583
154	46	0.5831746258611209
29	26	0.6525918961849
29	27	0.7355023906690603
29	118	0.6812752542397297
29	130	0.6390225955480187
29	131	0.6267648751965469
29	17	0.6137839337993856
29	127	0.5792677753757552
61	81	0.8288339939834483
61	37	0.8048386810204544
61	93	0.7280850891593748
61	63	0.7136485183744801
61	74	0.6990498945841089
61	181	0.6502778602187613
61	90	0.631381425742952
61	79	0.6259566714543238
61	167	0.6245802437829644
61	183	0.6075066504549304
61	98	0.6028931162431079
61	196	0.5994126814000016
61	166	0.5738671934240087
61	95	0.5734713603459802
81	74	0.828646080030064
81	90	0.7874560696900423
81	96	0.7691732097915158
81	63	0.7522422330186932
81	185	0.7247458185278705
81	78	0.712449110089216
81	80	0.6949725364450794
81	93	0.7613798858348143
81	88	0.6233283486091191
81	95	0.6200953548200806
81	73	0.6195472737288046
81	181	0.6140207208876579
81	198	0.6095468590988778
81	37	0.6064582409261419
81	190	0.5969788942207989
81	65	0.5870088064438913
81	98	0.574477190267922
81	193	0.5722957031380779
74	185	0.7127985488193355
74	90	0.7108895688247491
74	93	0.6917845119020225
74	63	0.6734829050575762
74	80	0.6455958826990751
74	78	0.6246351316541637
74	96	0.6049957933488269
74	60	0.588945480883742
74	73	0.5810722286708564
36	139	0.8279554616492786
36	32	0.7754279140490018
36	113	0.7643520837821021
36	114	0.7588719871402194
36	141	0.7053405944396228
36	70	0.6572915878405813
36	110	0.6418773305267215
36	12	0.6261451701268583
36	7	0.6207842156745413
36	10	0.6170331721745936
36	2	0.6050908817324075
36	140	0.5821442338203533
36	102	0.5786228978488642
139	114	0.775706860676419
139	141	0.7121929587569363
139	70	0.7053405944396228
139	113	0.7430924965062192
139	110	0.6554474514048781
139	32	0.6311949684304424
139	7	0.6243972396425004
139	140	0.621435291577413
139	102	0.5923833546181598
139	31	0.5810722286708564
139	12	0.5800512890886963
139	2	0.5698292798562267
123	127	0.7070649852065242
123	150	0.6958039966105574
123	143	0.6847482767906123
123	17	0.676401157964566
123	152	0.641336057029589
123	130	0.6268134460243417
123	27	0.5987844221976966
123	48	0.5760628713969789
123	117	0.5679557614163726
113	112	0.6818375090596496
113	100	0.5929347964871133
113	110	0.7518642912578911
113	114	0.717857283986868
113	102	0.7177942695870506
113	2	0.7163806360711693
113	10	0.7143690994348509
113	104	0.7033350462524368
113	12	0.6883220495529607
113	7	0.6118356089059492
113	32	0.6083955077787984
113	11	0.6035483246272595
113	141	0.5972041128237883
113	103	0.5736525375502874
110	2	0.8026439020715453
110	10	0.755209336880209
110	104	0.7065595647418575
110	102	0.6991163613453034
110	114	0.6527009661849663
110	12	0.6072731517825755
110	100	0.5917078934848586
119	17	0.7641441213751738
119	120	0.6628274784755305
119	150	0.7208249325880559
119	48	0.6932053403720189
119	152	0.5953545411802991
37	63	0.63667967589428
37	93	0.6033321322687825
37	169	0.592954248990899
37	166	0.5714679734142711
2	104	0.7446334964968723
2	10	0.7619718738602599
2	102	0.7061035677165441
2	1	0.601733378783238
2	12	0.6001745758606907
2	11	0.5836363724395068
2	112	0.5764302383278979
166	183	0.7992021653486265
166	175	0.7534855032229301
166	165	0.6445098167158236
166	167	0.7109192457201502
166	169	0.621735970902911
166	196	0.6084521916164383
183	196	0.7574390661696083
183	167	0.7152689209519305
183	60	0.7070399813672432
183	169	0.6960566802705344
183	182	0.5650289077749725
183	93	0.6295256416664904
183	185	0.5891479183159972
183	170	0.5756752140081769
102	1	0.6950707559775022
102	103	0.6580576640898476
102	12	0.6420478168996954
102	104	0.633643149186401
102	114	0.6186900720497869
102	10	0.6044439403439237
102	3	0.6016632032750624
102	112	0.6014270902092008
102	0	0.5864973442503201
102	100	0.5727662488970198
102	30	0.5701870778979744
155	153	0.7454076990737253
155	156	0.739207555173688
155	52	0.720002416024783
155	51	0.7113344564840753
155	47	0.7272287517320755
155	143	0.6945017568542795
155	150	0.6579045576603982
155	48	0.6199845557390306
155	33	0.6188752044607817
155	130	0.6106893741397857
155	17	0.5896765187786427
155	53	0.5779972739432734
155	152	0.5778773960252916
150	17	0.7112899933414688
150	48	0.6933351844561805
150	152	0.5925456010770472
150	44	0.585762118235655
90	88	0.782466403717559
90	93	0.7727023458428437
90	193	0.718554503303791
90	65	0.6792983272011263
90	92	0.6294109254280442
90	190	0.6253359335330808
90	185	0.6459048760999716
90	85	0.6275474858714886
90	55	0.6011142381639392
90	80	0.6007372941348086
90	94	0.5923314256004262
90	63	0.5775842561140087
79	181	0.7871899840051358
79	99	0.597795667108348
79	197	0.62752930000453
79	98	0.6113035237081993
79	95	0.6065783466816451
181	197	0.6705049791974305
181	198	0.6496367737784565
181	196	0.6491567982750044
181	98	0.6346535251039808
181	167	0.5822103407808573
181	95	0.5697820073492685
17	152	0.7370637821043563
17	48	0.7426039842586365
17	118	0.6902850227783535
17	27	0.6664394068214238
17	120	0.6476034637860488
17	117	0.6341396399344583
17	14	0.5841109183257243
17	44	0.5785031501806085
17	52	0.5760361447184154
17	16	0.5728401575108159
12	105	0.6458349338522591
12	10	0.6304966096373136
12	3	0.6003153111812206
12	103	0.5809728667513738
3	103	0.7348452781731516
3	0	0.6485083001465541
3	105	0.6986917889375821
3	109	0.6224960555583801
88	193	0.6848226264342564
88	93	0.6320965035553813
88	85	0.6014462384273622
88	87	0.5880826615710797
88	94	0.5779772960223244
44	156	0.5796795857064821
44	33	0.5777908020175146
91	94	0.7793842193782845
91	84	0.7573580601611335
91	80	0.7315621869732317
91	87	0.7026623420266883
91	180	0.6303580205165599
91	86	0.6525689306327456
91	82	0.641683251571512
91	65	0.620851820023153
91	73	0.6077904938905662
91	64	0.5720871980887958
94	80	0.7298190109900771
94	65	0.6227042610286255
94	180	0.613203962475079
94	93	0.5735854414249085
94	73	0.5728468760138686
56	57	0.7773346179910728
56	162	0.7113640954165092
56	163	0.6770949332056759
57	162	0.7047572236009592
57	163	0.6137216030455708
57	85	0.5882919529887376
127	130	0.7287047508356775
127	143	0.6974202504143648
127	26	0.6185851331725019
127	138	0.6082758215129254
127	27	0.5715083774901664
114	7	0.6692812203953042
114	32	0.7522509155205224
114	141	0.6913097080206161
114	70	0.6136467960413744
114	140	0.5994062743172232
114	10	0.5897026094273551
114	135	0.5863792480285
114	199	0.5791348702111093
32	141	0.6551792861534855
32	140	0.6426176032286147
32	7	0.6382053982514906
32	35	0.615432911430981
32	70	0.5898265232002943
32	30	0.5687884136089266
95	197	0.7744292011797764
95	97	0.5396275571870222
95	198	0.6907035968106117
95	98	0.6748194279789936
95	96	0.6451524286757212
197	198	0.7557973607559455
197	98	0.7129067538596787
197	199	0.603211280252342
10	8	0.5914218710586899
10	104	0.6595970364462312
10	1	0.5869825890018645
48	152	0.6550251590645856
48	118	0.5990858222442814
93	196	0.7390306110170147
93	66	0.6077526570678676
93	60	0.6279655718362229
93	92	0.6233405776920592
93	185	0.6074751027132008
93	169	0.6026702872708527
11	112	0.7701514961572267
11	0	0.6206735704597494
11	103	0.5694577514289121
112	144	0.5427741497130298
112	0	0.643737478728643
112	103	0.6273049513424597
112	70	0.6101058785227236
112	7	0.6091130443984282
112	109	0.6016504430937211
112	104	0.580846983456942
96	198	0.6830609701289638
96	80	0.657365417341501
96	78	0.6371313828695274
96	63	0.6075508140736554
96	73	0.6004687982310419
47	153	0.7676989927544061
47	51	0.642200612785875
47	156	0.5702815544931181
153	173	0.6145375295841313
153	156	0.580986116007985
173	174	0.7671234810235872
173	50	0.7280474956015148
173	164	0.6003920602352756
174	171	0.6519369080356698
174	164	0.6015674944296331
174	50	0.5723226016274348
109	103	0.6246229348827487
109	0	0.6069511302246677
38	199	0.7592491931205374
38	70	0.7172557444984073
38	142	0.6838123790097459
38	176	0.6546138869027373
38	31	0.6308037725942994
38	41	0.6201692071343806
38	145	0.6168721361266775
38	164	0.5687004647399928
199	145	0.6343309185262418
199	98	0.6052049650101122
199	41	0.5822367814098464
199	70	0.5813768305612813
199	176	0.5765170364865524
196	195	0.6343309185262418
196	169	0.6726295928200151
196	167	0.5929023741095668
196	175	0.5856767169766002
196	185	0.5817341988627724
84	86	0.7363138275942304
84	82	0.6818375090596496
84	189	0.6232549677082454
84	65	0.6360012953605568
84	80	0.6317060480801435
84	68	0.5969660217431116
84	69	0.5965539401561168
84	76	0.5874674123877864
84	73	0.5855190189452463
84	43	0.5788423704624652
84	63	0.5724906892837582
27	130	0.7132606422015836
27	118	0.6572120650357494
27	143	0.59366702957697
27	26	0.5888017707573058
27	52	0.57299466360682
198	98	0.7137417398336828
198	78	0.5818201984503744
175	172	0.5895917156698719
175	140	0.6045454741272975
175	165	0.5974549598129717
175	169	0.5864645422451736
63	78	0.6921493391075317
63	80	0.6875002759140005
63	65	0.6474234386268468
63	167	0.6412889595683091
63	73	0.6294833809816126
63	76	0.5958642881714417
63	185	0.5782702360937517
105	6	0.6590430454064302
105	103	0.6259992420661216
70	176	0.7517555958072156
70	31	0.6757061803509429
70	7	0.6147677443687958
70	140	0.6058446380078255
70	164	0.5757019573142634
176	177	0.49564030586284225
176	164	0.6341276824444643
176	156	0.6191219407605526
176	140	0.5960899721078057
104	134	0.5562869385417919
104	100	0.5685854350572982
68	69	0.7392302329450087
68	86	0.6874158916931538
68	67	0.6861531916306461
156	52	0.7061737592625675
156	143	0.6736522601349934
156	142	0.6647126836050524
156	33	0.626521947989719
156	164	0.6265097984325074
75	76	0.7387809009775551
75	73	0.665348500560049
76	73	0.6697943191412022
76	43	0.6382172519775795
76	80	0.6074435530549664
76	184	0.5714275665675247
137	140	0.7384127765156894
137	165	0.6673278323596957
137	35	0.6147926261817402
137	31	0.585236365782447
137	164	0.575099935019227
137	146	0.572786406715366
140	141	0.6943360664977046
140	35	0.6924929954020241
140	31	0.6142760777949035
130	143	0.6957885205835646
130	52	0.5854270079564783
130	138	0.5742627585491633
130	118	0.57156897840865
152	46	0.608231719598421
152	117	0.6028485579703824
152	143	0.5989511751092779
152	14	0.586654767096203
152	120	0.5826530588685181
152	118	0.5818598861802601
86	45	0.5989640001054419
103	0	0.616834966624932
143	52	0.7026167752382066
143	138	0.6094525825857076
143	142	0.5739677862308641
80	73	0.7149806490133993
80	78	0.6393419763736148
80	65	0.6037326538908762
80	60	0.5718651598200547
138	33	0.6748466579971848
138	164	0.6013887916999114
138	146	0.5711850672995048
185	193	0.6624404463111139
185	184	0.6103004506697791
185	73	0.600762858108643
185	190	0.5961673277835395
73	184	0.7209738268511435
73	58	0.5617456392408
184	190	0.5742426515342437
52	51	0.6002001668654539
193	194	0.6767915544315006
193	85	0.6684080387796156
193	190	0.6171384370427082
41	145	0.7162735234590114
145	195	0.5895525713886414
167	60	0.615016507431119
167	169	0.6083766117867335
98	78	0.6112784707755388
162	160	0.6007309029493801
162	163	0.5849733048568826
51	53	0.7031227492308875
118	117	0.6540305873600697
118	115	0.6501681903162014
118	16	0.6129730371588691
118	14	0.578243611336552
60	65	0.6103945720567113
60	62	0.5809066158497872
53	157	0.5616018894995204
87	83	0.6940977575836254
87	82	0.6136467960413744
87	191	0.5780239100934869
87	89	0.5721477394328892
33	164	0.6991674814025763
33	31	0.6298696257534553
33	22	0.6169216911824547
164	31	0.6951121038097754
164	142	0.6085781334749426
31	22	0.6316880193144179
31	35	0.6752331259711594
83	191	0.5911226884075379
83	190	0.6188937139215638
35	62	0.6355782977523127
35	34	0.5745039886904189
15	116	0.6918105827096863
15	14	0.6815591596365735
15	115	0.5873429709117921
116	186	0.6889162075760223
116	188	0.6355604162045415
116	115	0.631772147708338
116	14	0.6227654811565476
186	14	0.6061167365838629
67	65	0.6479342891909284
67	66	0.5882527168491635
67	92	0.5858672096239241
82	64	0.6063064888250574
82	89	0.5780638620094107
82	159	0.4989296292235211
82	189	0.5826134265582731
65	66	0.5876703888484557
4	107	0.6786353524428881
107	8	0.6551907008059712
194	180	0.6170331721745936
7	135	0.598303113225906
85	160	0.6006478105510547
165	171	0.615644089627119
5	106	0.6661113213314731
120	59	0.3884217336900386
120	117	0.5740482480062262
147	148	0.6568881425140345
147	77	0.531002287951504
117	16	0.6255733680536619
26	24	0.4983360506975977
40	144	0.6489773975885182
40	39	0.4521822319428438
43	77	0.62050140653482
43	45	0.5896960868805673
43	187	0.5838671043025258
195	170	0.6051225740247875
22	34	0.5835968089390265
22	42	0.5705176799851838
180	189	0.6006542027347366
16	18	0.6126420697170465
190	55	0.6108022322606373
55	54	0.5864973442503201
46	151	0.45236518509483636
46	192	0.40825048775709555
46	178	0.3584096920248365
160	158	0.44181195506569887
45	187	0.5997969658093447
99	101	0.562327137006272
168	179	0.5976735515751179
179	89	0.5969788942207989
58	161	0.5350113294994965
71	177	0.5202044369770527
178	72	0.3166865567933334
