19	121	0.95465193895814
19	124	0.8598320342985148
19	20	0.8512845114650655
19	23	0.814414093765686
19	18	0.7826214537115466
19	128	0.7559559614261252
19	25	0.7143788928307232
19	131	0.6935584110094262
19	126	0.6901174636637926
19	118	0.6773656127709519
121	124	0.855281333619952
121	20	0.8229856338211163
121	23	0.7967321035725647
121	18	0.7797764737692348
121	128	0.7751885757939158
121	25	0.6985996479893821
121	120	0.6983640713774372
121	22	0.6759289213051244
121	118	0.6749555596949813
121	126	0.6732642778619269
121	123	0.6729361162103027
23	25	0.9454112045619611
23	128	0.8359882349771459
23	124	0.8230179006301492
23	7	0.7471091910891076
23	126	0.8196992123957874
23	22	0.8001395327937327
23	123	0.7899504948125888
23	131	0.7874940579923346
23	20	0.7816507974422188
23	28	0.7597104705155552
23	129	0.7517860346520782
23	26	0.7406781266776803
23	18	0.7392982562011765
23	133	0.7384582478150268
23	15	0.7321380370936472
23	29	0.7293419445244829
23	132	0.7010640729817711
23	116	0.6889897557062035
23	21	0.6871995723870725
25	28	0.7982246133906088
25	128	0.8082634587611547
25	131	0.7812225051284882
25	22	0.7784009048808903
25	29	0.7751486644329698
25	126	0.7703548511696804
25	26	0.7690915227116345
25	133	0.7384173239478252
25	129	0.7362222457193927
25	123	0.7341130193728572
25	124	0.7163562952601121
25	132	0.7062840322257569
25	7	0.7054963337215793
25	21	0.700117012078257
25	20	0.6965306413153856
9	108	0.9295949231105067
9	103	0.808575271016267
9	109	0.6895671403082266
9	3	0.7921584500315308
9	12	0.737045512086475
9	112	0.7282072379803566
108	12	0.7933844411568727
108	103	0.8076384718325499
108	3	0.7801289800714094
108	112	0.7032592402835491
129	133	0.9290905334312574
129	127	0.7773346179910728
129	128	0.8123158015635021
129	26	0.7935326105782569
129	126	0.7929764900517642
129	123	0.7767402991223566
129	29	0.7448561740496806
129	131	0.7362863558637569
129	132	0.7144229596491407
129	28	0.6848651055445393
129	22	0.6771328393805883
133	128	0.8642754128460111
133	126	0.8062080909968677
133	132	0.7733864294198086
133	131	0.7574177510593292
133	29	0.7552909603500165
133	123	0.7332126293415794
133	26	0.7262851038091619
133	127	0.7215495645538066
133	28	0.7214536774724503
20	124	0.9223431239115628
20	18	0.7623909532572992
20	128	0.7343619028464078
124	18	0.7892350632681202
124	128	0.8040270401954794
124	126	0.753031271443692
124	15	0.6931481947155763
124	118	0.6908918042789609
124	116	0.6800085809158329
124	123	0.671993916578741
3	103	0.9044046008163674
3	112	0.8200270367703287
3	12	0.7764227622689861
3	11	0.7629348019826874
3	70	0.6853161586810661
103	112	0.8570699660343076
103	11	0.7869236049146205
103	12	0.7520424633596866
103	70	0.7057273052131279
37	61	0.9000152958708258
37	63	0.8210398813328771
37	65	0.7809885806698397
37	69	0.7708828415345883
37	91	0.7574177510593292
37	183	0.7554412580602284
37	93	0.7513160500619783
37	166	0.7399912320923876
37	66	0.7282072379803566
37	81	0.7250779704146039
37	92	0.716239435093134
37	35	0.7106273129476762
37	68	0.7077344297321605
37	97	0.6990550078408134
37	185	0.6984665145923009
61	81	0.8639714641445392
61	166	0.8337156008410261
61	91	0.8204524054294184
61	93	0.8326452679360051
61	183	0.830919709613573
61	69	0.8002474399066897
61	92	0.7947514242848038
61	63	0.792530640064032
61	97	0.7778090762579374
61	65	0.7689280731454042
61	185	0.7452610217691868
61	196	0.7270119555859662
61	68	0.7265307161999734
61	74	0.7167017713857737
61	187	0.7057624399053322
61	198	0.6970399865372258
61	80	0.6960721451005333
61	182	0.6925606482599276
61	60	0.6737341807513401
22	123	0.8896197839537658
22	26	0.8210724680085986
22	27	0.7461577343530187
22	128	0.7527713877119951
22	138	0.6790235696081799
22	18	0.6736194872524363
123	128	0.8345673814466185
123	126	0.818712509353181
123	26	0.7421596037757481
123	138	0.6924409464527124
69	91	0.8878122403834606
69	68	0.7980794320567952
69	66	0.7459493344250625
69	94	0.8213980405836749
69	65	0.785395799036761
69	60	0.7447849352754692
69	92	0.7438036791636579
69	93	0.7413274437967227
69	180	0.736583837012919
69	183	0.7180171908038162
69	187	0.7159568571150574
69	35	0.7128821647851984
69	76	0.7074997690638686
69	175	0.6928051377415284
69	86	0.6875424610633759
69	87	0.6819338148089554
69	89	0.6813931266571959
69	97	0.6800784612208268
91	94	0.8372186179326562
91	87	0.7934585376241938
91	65	0.7893104729669008
91	93	0.8042743793109889
91	97	0.7738682301637031
91	183	0.7670823257101175
91	180	0.7646014289348992
91	81	0.7572002447004728
91	92	0.7536799540960379
91	187	0.7535503348344569
91	80	0.7422269761434638
91	76	0.7338500948794158
91	60	0.7321380370936472
91	89	0.7256986636300005
91	66	0.7239330005999094
91	185	0.7236711398071421
91	82	0.7067648224377765
91	194	0.7055314912298947
91	74	0.6908970309279981
91	196	0.6901331754750886
91	68	0.6899288711785069
91	84	0.6793521789210746
126	128	0.8769254443597722
126	131	0.746383705146488
128	132	0.7703141926973428
128	28	0.751028461530289
128	131	0.7277136608344928
128	18	0.714403375096096
128	29	0.7131427197960805
128	26	0.6915758805063253
28	132	0.8746185750219104
28	131	0.8484237879363054
28	29	0.7979704852095538
28	26	0.6986917889375821
132	125	0.700830083322909
132	131	0.8360785494251857
132	29	0.7434818424807478
96	198	0.870296357224619
96	81	0.8028217120809016
96	97	0.7325924053578532
96	190	0.7221578019644138
96	93	0.6802235577618798
198	97	0.8452843859956977
198	81	0.8055420173331989
198	190	0.736743901229001
198	197	0.661153410762452
198	199	0.7471268636752275
198	196	0.7435355058627483
198	93	0.7400545633476334
198	98	0.7316133127031689
198	166	0.7268138845987203
198	183	0.7164390469036737
198	185	0.7159958473440484
198	80	0.7010793279358927
198	182	0.6852312946943804
182	196	0.8659359018161151
182	199	0.8181181564189024
182	183	0.80974913985025
182	187	0.7976797051606821
182	60	0.7810275833073346
182	175	0.76493353344588
182	80	0.7555528563496275
182	194	0.7425815564597784
182	166	0.7419753760880338
182	98	0.7208825769715852
182	92	0.714736160295654
182	180	0.7085420644510824
182	185	0.7056369429205773
182	195	0.6919565459047269
182	193	0.6903059624636613
182	97	0.6875424610633759
182	148	0.6849075800002834
182	172	0.6816019954698229
196	183	0.8581807714512955
196	195	0.8220151567268542
196	194	0.7622233981554813
196	166	0.8164246233210094
196	93	0.7797372758477081
196	175	0.7791485730680021
196	92	0.7778090762579374
196	199	0.762642094367171
196	187	0.7272099056501631
196	97	0.7263512484758635
196	193	0.7211802474427964
196	185	0.7138447446662627
196	191	0.7107955752862873
196	80	0.7089153421260694
196	60	0.7030418411855296
196	81	0.6945535199901207
196	180	0.6880746495390951
196	87	0.675439815812681
81	93	0.8431295582809635
81	80	0.7865806860253116
81	90	0.6923159995621468
81	97	0.800642656287714
81	183	0.7615941559557649
81	185	0.7615941559557649
81	166	0.7434997313387327
81	92	0.7157081893914198
81	76	0.7091291757154382
81	74	0.7081733747808483
84	86	0.8626726305373894
84	94	0.8201252792966128
84	82	0.7681093158695135
84	76	0.752467893171672
84	189	0.6925242213116424
86	94	0.8345066718570142
86	77	0.6585676260258929
86	76	0.7208009111514855
86	189	0.7107164031389046
86	82	0.6950604183009116
165	170	0.861000604853459
165	137	0.8030348957454018
165	164	0.7475948024503111
165	45	0.7207528630836881
165	60	0.8167578020290838
165	175	0.8052609546202505
165	180	0.74305666929313
165	171	0.7353095358874414
165	62	0.6944810495866521
165	189	0.6728759244867901
170	175	0.8353245433272418
170	60	0.7497395386794716
170	195	0.7323792116791168
170	180	0.71620047277498
170	171	0.6831196427684778
183	166	0.8524913678075117
183	187	0.8080553317445136
183	175	0.7988406006069215
183	97	0.7852808259187325
183	93	0.7726620496208066
183	185	0.7661753101588356
183	60	0.7641857265719753
183	92	0.7552437075121731
183	194	0.7297909679094565
183	180	0.717425642309351
183	195	0.7086117730758245
183	87	0.7069849666976099
183	80	0.698246226297322
183	66	0.6840944490894041
98	199	0.8581544166133106
98	177	0.7087909603251944
98	97	0.7942720480487456
98	60	0.6853744918772874
199	97	0.6752548877923994
175	180	0.857123043150104
175	60	0.8277351911959011
175	169	0.7067147705518757
175	187	0.7658033759344274
175	92	0.725646589713857
175	195	0.7161468922969083
175	166	0.704203145303326
175	189	0.6765584467342842
180	189	0.8394475676469136
180	172	0.7246413583043158
180	60	0.8212353211390557
180	187	0.782233646674518
180	179	0.7503519423526185
180	89	0.7366615927983273
180	82	0.7204884748824469
180	169	0.7031985839920738
180	191	0.6912992660584931
180	194	0.6775874332434831
180	35	0.6766560432081482
112	70	0.8486757548394888
112	11	0.8381135624126432
112	12	0.7027939470451168
166	187	0.7189798721160828
166	185	0.7176148565330001
166	93	0.7057774965678872
166	97	0.6847642100572221
166	92	0.6737778649770174
15	116	0.850898611249204
15	115	0.8477499922531535
15	14	0.8407715324298609
15	186	0.7753082727555973
15	18	0.7742289939671243
15	43	0.7712477539419846
15	152	0.6804169369268707
15	118	0.6778631843162486
116	186	0.8255502511360546
116	115	0.8057174976693389
116	14	0.7521336797006414
116	18	0.7282354196021124
116	43	0.7280944868645859
70	176	0.6881273012437555
70	11	0.6903530725277387
131	29	0.7280568944015411
115	18	0.7909634729865193
115	16	0.7824276260507608
115	14	0.7753082727555973
115	152	0.7624328260682536
115	118	0.7552265227153433
115	17	0.6986047675389351
115	186	0.6967107931625787
115	43	0.6742471730355027
97	93	0.7961836215613812
97	87	0.7755474996914347
97	80	0.7569398693158724
97	185	0.7075646908223066
97	191	0.6992083723019579
97	187	0.6742035394220361
97	194	0.6718183831020095
76	80	0.8444831075678841
76	187	0.7709639769532516
76	94	0.7598372936073979
76	185	0.6912992660584931
76	74	0.6729415877433177
80	187	0.724736323520272
80	94	0.7204932838113748
80	194	0.7166969079652087
80	185	0.7102013451399434
80	92	0.7018514060030018
80	93	0.6987634380983887
93	92	0.8095079887679627
93	87	0.7284795571797903
93	66	0.7230609107816314
93	185	0.7140604641960556
93	88	0.6734118641371892
93	65	0.6731822622979963
14	152	0.7785191048846316
14	186	0.7664229815097724
14	43	0.7349648559524118
14	18	0.7273888991647091
14	17	0.6902431399385687
189	168	0.6692922615004712
189	60	0.7428505801434837
189	82	0.7339977286974657
189	187	0.7068699083713237
189	45	0.6945069334914247
189	172	0.6819498634687936
189	159	0.6788780326416807
88	90	0.8388855491473644
88	85	0.7446424067832909
88	193	0.680653160618617
6	105	0.838470282263124
6	4	0.7372692455841267
6	1	0.706394270925296
105	107	0.8013594502142674
105	1	0.7144914967705256
105	8	0.687447537951378
11	13	0.6991572579629607
11	12	0.6789858429255959
94	87	0.7247315759132508
94	82	0.7243087632188471
94	89	0.6962628249033409
94	65	0.6764174320785314
94	187	0.6730728824445937
94	92	0.6726405440613085
193	194	0.8358376101939348
193	87	0.7343158282034502
193	191	0.687315661318918
194	187	0.7584772833157799
194	87	0.7305192901660805
194	92	0.7235091579303572
194	191	0.69534976461564
194	185	0.6836259941884602
194	82	0.6824844431177968
60	35	0.7675346870056164
60	187	0.7497001258639642
60	92	0.7303980183277039
60	66	0.7185980316370209
60	62	0.7007944629718985
60	89	0.7006824905438335
60	45	0.6809053342271714
60	82	0.6787270490530798
18	118	0.8261861339474802
18	16	0.780676340181956
18	17	0.7583328439213497
18	120	0.7213625591110484
18	152	0.7152689209519305
18	119	0.705099315339859
18	43	0.6822386270698907
118	16	0.7803637094364054
118	17	0.7195252955323205
118	152	0.6934494100219237
186	43	0.7931990970835009
186	75	0.7514815020107762
7	104	0.8254865472621844
7	2	0.6910015487429259
104	110	0.680878514917832
110	111	0.8237907123400424
110	10	0.7926050073122877
110	113	0.7615017461187664
110	102	0.7501464930904721
110	13	0.7464767019553326
111	12	0.7943089583083127
111	13	0.7926421820959102
111	1	0.6145624227171969
111	113	0.7780854348734547
111	102	0.7661753101588356
111	10	0.7386809601239238
26	127	0.7488185196214259
26	143	0.7074348353619783
63	167	0.596991766391106
63	65	0.768150313528196
63	68	0.6941392135458111
8	107	0.8203216193747304
33	34	0.8181842821347185
33	136	0.8066277190432283
33	44	0.7399414626139941
34	42	0.6146744266711164
13	114	0.8175220504015681
13	102	0.7797372758477081
13	113	0.8089557590784529
13	12	0.7915617182268457
13	10	0.7623909532572992
114	113	0.812247761902765
114	79	0.6128419248317484
114	102	0.7351808998381542
62	67	0.8162911994221287
62	35	0.7342651382800998
62	41	0.6976410343372643
62	137	0.6887270186582651
67	35	0.7305845713085126
67	41	0.6946311512128629
67	171	0.6792390818582936
50	173	0.8149185716323145
50	174	0.6671392005562047
50	41	0.6946104511351667
50	164	0.6844028952463014
173	164	0.7152689209519305
113	102	0.7709234123713795
113	12	0.7293700269152265
92	65	0.6971325192726935
92	187	0.6799225574243121
87	191	0.8093355705873231
87	89	0.8040270401954794
87	82	0.7860462907373119
191	192	0.6308760175173258
191	89	0.6891840646160194
191	179	0.6776036591717531
82	89	0.8086791076345657
82	159	0.6974613365214793
89	179	0.8061030570420481
89	178	0.5088153651442486
187	185	0.7720164626875494
187	74	0.6805028528194678
187	169	0.6731603886833416
136	44	0.7556601210566692
136	138	0.7272099056501631
179	155	0.6060471434689931
137	171	0.787911534607053
137	140	0.7403393916364703
137	147	0.6954582114062898
137	146	0.6428816960181938
137	164	0.6845570265268147
44	149	0.7993466295180518
44	17	0.7299077978774483
44	152	0.6751787162748588
44	48	0.6749664482478428
149	154	0.7748291507262122
149	150	0.6314956699606515
149	17	0.7093975262685036
149	130	0.6740016727271797
68	35	0.733064626864244
68	65	0.6972044731247118
127	143	0.795486994460349
143	39	0.6745524765473777
12	10	0.7073449074400147
12	102	0.6764445541340963
65	66	0.7261055004691451
65	74	0.6754235020504604
171	164	0.7014604932760247
51	155	0.7861990951761446
155	47	0.6584147008933661
155	157	0.6515630137731099
47	153	0.783279334019
16	117	0.755106200062819
16	17	0.6967828293056347
152	17	0.7622233981554813
154	48	0.6944137430210944
154	46	0.6798687832366723
154	17	0.6914923956210162
185	74	0.76831424118935
71	177	0.7717335164194024
83	190	0.7692548717426577
190	55	0.5557619025892645
190	64	0.5098299737352566
17	119	0.7441117826884077
17	120	0.6990192135425981
38	142	0.7549213197549294
38	36	0.6625919358290556
142	156	0.540774812657752
75	184	0.7394841094725878
75	188	0.7334945667438767
75	78	0.730416678531912
164	31	0.5751601653074319
164	45	0.7203297413495391
85	160	0.4341343405793842
139	176	0.7441564091330388
139	36	0.6017397579142608
119	120	0.7382763223204831
140	141	0.6530509554778948
184	73	0.6890212719902938
184	188	0.7186657311874013
188	77	0.6686016242265799
2	134	0.7333004729586259
134	30	0.5940618978010191
138	135	0.6500584933148191
172	148	0.6994127581885691
21	125	0.7079240412803272
125	53	0.6999385256897807
125	122	0.42418148571374364
169	158	0.507316790950536
53	130	0.6996221350714934
41	145	0.6512924620903718
159	54	0.5867924757275105
95	106	0.6964173580435978
95	0	0.6315918543564375
106	109	0.6791636658894653
106	5	0.6314656083505468
49	157	0.6942117504015531
73	56	0.5082444892632207
46	151	0.3915335855534356
39	24	0.5864907840031928
32	36	0.6721693745789511
197	101	0.590992558231243
56	162	0.6539619126916636
56	161	0.6149481097876556
56	58	0.5762432442613593
56	163	0.5752136981068625
162	57	0.564899552846225
146	144	0.6063444309912335
52	156	0.6326366047622517
42	40	0.535168338849579
79	181	0.5843480416498377
30	100	0.5368787663234709
101	99	0.5907907956564545
178	72	0.43595039282063724
59	151	0.42752157249823897
