19	121	0.9574450844035889
19	124	0.7161712481062038
121	124	0.7105332485721146
45	164	0.8916051033864391
45	44	0.7507973127318041
45	149	0.6854646258815763
45	156	0.6798741609844865
45	154	0.6630797001079628
45	142	0.6612322061319627
45	174	0.6388805777407534
45	155	0.6374817486483118
45	47	0.6260174854719733
45	34	0.625025267447157
45	153	0.6242568900291365
45	52	0.6206059417676519
164	149	0.776502183473887
164	154	0.7577074982603502
164	174	0.7529186839878421
164	156	0.7314924568069733
164	44	0.7586089131470248
164	155	0.7427026467892273
164	153	0.716151763598309
164	47	0.6855017337782517
164	52	0.6760483899582227
164	50	0.6703618442488081
164	150	0.6584996660136333
164	148	0.6527640996112758
164	142	0.6422946156657497
20	124	0.877317562423468
20	18	0.6834128737219223
20	49	0.5999698035868473
20	120	0.6468189552270318
20	17	0.6435383304487017
88	90	0.8749237828800707
88	85	0.8605342622937064
88	193	0.7973521337025553
88	93	0.7810275833073346
88	87	0.7774137558650305
88	83	0.7522509155205224
88	55	0.6599527955670296
88	91	0.8088174781086115
88	81	0.7938656480362157
88	74	0.7931249182783005
88	96	0.7631854455105621
88	94	0.7558273730925325
88	196	0.7145649141867134
88	66	0.7095663822856493
88	185	0.6938644820008322
88	191	0.6527755774420332
88	184	0.6439599530784278
88	194	0.6378377826385694
90	91	0.8355359826934828
90	74	0.8002474399066897
90	94	0.7893858588607735
90	81	0.7810275833073346
90	85	0.7796196454007878
90	193	0.757899078630757
90	93	0.728263598761233
90	66	0.7249831042714346
90	87	0.7024395162711476
90	96	0.6966438898741745
90	194	0.6853426748605782
90	180	0.6773060789943872
90	185	0.6765421783440492
90	92	0.6700148102839752
90	73	0.6592692506684844
90	191	0.6360370241382389
90	196	0.6225389285963863
2	134	0.8733907818539237
2	13	0.8091975355343408
2	10	0.7944934216718652
2	114	0.7818063576087741
2	7	0.7566749789748274
2	110	0.7305006359583323
2	141	0.7187527534513031
2	1	0.7145991702620229
2	135	0.7114233656915456
2	30	0.6778577792645762
2	140	0.6752222446197
2	104	0.6717251002389323
2	8	0.6410416186061596
2	102	0.6384424152804878
2	37	0.6226307868102574
134	114	0.8017169866114702
134	141	0.7648920426033036
134	10	0.7628093941366694
134	13	0.7587701814066574
134	7	0.7501727287239407
134	135	0.7364648787284113
134	30	0.721530389351347
134	140	0.7203201187096362
134	110	0.7193081977465777
134	1	0.6524196253181865
134	104	0.6500180717986718
134	37	0.6279716283905955
134	102	0.6220119436444203
38	142	0.8704902895608434
38	139	0.7271203717872634
38	156	0.6471038612729285
38	34	0.6346535251039808
142	139	0.7299685326129653
142	156	0.7228031313795525
142	39	0.619793677122489
142	34	0.6459514982420772
74	81	0.870247831928868
74	73	0.7332033812211604
74	185	0.7809105571164066
74	96	0.7722587447798208
74	193	0.7575328334764596
74	91	0.7400726555817849
74	85	0.7275254329229888
74	87	0.7223395775542568
74	196	0.7109291374560256
74	66	0.7080237958656186
74	93	0.7047169559502691
74	184	0.6823348343363475
74	191	0.6799817005854186
74	94	0.6729689443038007
74	183	0.6626816818221463
74	83	0.6511600040812303
74	180	0.633176091281246
74	92	0.6223551606963831
81	185	0.8423471211238964
81	96	0.8416194619670267
81	61	0.795376808035601
81	183	0.7852424895059309
81	193	0.7811835329442752
81	196	0.7701514961572267
81	91	0.7620976647607814
81	93	0.7602385187870153
81	85	0.7555828945525853
81	66	0.7555399818613726
81	198	0.7372007729032924
81	73	0.6976307682542808
81	180	0.6766072479427678
81	184	0.6732041347346883
81	92	0.6692977819422101
81	87	0.6642882699240934
81	191	0.6624460580004905
81	83	0.6530509554778948
81	63	0.6400509223273284
81	55	0.6310866694030787
85	66	0.7684780681231003
85	193	0.7679862850992178
85	96	0.7292717277940147
85	93	0.7123259840951466
85	94	0.7004890022970635
85	83	0.6804706365520724
85	91	0.6777280360402167
85	185	0.6587997416983009
85	87	0.6534866177483298
85	55	0.6335354075543019
85	196	0.6227899670727943
13	114	0.8546356242111561
13	10	0.8499853440154178
13	1	0.8073601159641531
13	12	0.7748691116085118
13	0	0.7073998661135827
13	111	0.779344960294766
13	110	0.7705174224272988
13	7	0.7615185502105302
13	8	0.7424245152294165
13	6	0.7420113317570018
13	102	0.7405426778107415
13	141	0.7043291476004336
13	140	0.6972096121481087
13	135	0.6663726984648504
13	30	0.663348570661089
13	3	0.6334036899626977
13	37	0.6228817783937673
114	141	0.7732658394153877
114	30	0.7433386933084462
114	10	0.7796980718128887
114	140	0.7301319919237254
114	1	0.7153617025121352
114	110	0.7064143106444077
114	102	0.6816876531227472
114	7	0.6774143156261498
114	135	0.6732478760742849
114	37	0.6724926774418182
114	0	0.6514421494530279
114	12	0.6481025101128411
114	111	0.6381639078271245
10	8	0.7938656480362157
10	7	0.7755474996914347
10	110	0.7814562103934444
10	1	0.7604874091834427
10	111	0.739026072645915
10	12	0.6914193311908521
10	135	0.6884272776166184
10	6	0.6849235067212345
10	102	0.682126355390661
10	104	0.6384364913298433
10	140	0.6333677606113414
10	141	0.6270744307737637
154	155	0.8461102926048171
154	119	0.8204524054294184
154	153	0.7533557960281442
154	46	0.7519686004545694
154	48	0.646102986928633
154	17	0.7782037821614253
154	149	0.7324719222360837
154	47	0.7080237958656186
154	148	0.6942065696651321
154	120	0.6920920325224832
154	125	0.6878323583602883
154	152	0.6817732920923447
154	44	0.6757659522353582
154	157	0.6702792436939223
154	51	0.6638298690309188
154	150	0.6560288589107526
154	14	0.6470747975029526
154	174	0.6307556032355307
154	43	0.6234934155024235
155	51	0.7644767849512869
155	157	0.7213529662514848
155	125	0.7044853288345726
155	17	0.746689156630683
155	153	0.7268987869742106
155	119	0.720776887983385
155	47	0.7068699083713237
155	149	0.6965357897301822
155	174	0.6807765848875793
155	148	0.678057717377002
155	50	0.6777550693595905
155	120	0.6496483330695113
155	156	0.6451582664214964
155	150	0.6393360639174419
155	52	0.6320124325547654
155	44	0.6255733680536619
185	196	0.796073767833328
185	193	0.7655551347882272
185	96	0.7482249042800225
185	183	0.7401450138074259
185	198	0.7366524460696138
185	61	0.6790774586479992
185	191	0.6661669471967453
185	83	0.6636732275462944
185	93	0.6613447456414273
185	190	0.6585506370297874
185	180	0.6484445575313632
185	73	0.6478820698418258
185	184	0.6397084010179497
96	198	0.7941982099374829
96	196	0.7570508783952018
96	193	0.7244228338230215
96	87	0.7058728406251332
96	93	0.6708955935582325
96	83	0.6690934763800049
96	73	0.6666450237617881
96	91	0.6622439903407208
96	66	0.6592183648843918
96	98	0.645263332965171
96	197	0.6435559058619001
96	61	0.6389456746424971
96	184	0.6249582350631088
96	191	0.6228572970522154
1	102	0.8404781826572507
1	6	0.7754677821123993
1	111	0.7320545107860122
1	12	0.7297442239839671
1	8	0.7181576524332338
1	110	0.679050515042924
1	0	0.675717048627223
1	7	0.6649191509241498
1	3	0.6602856986667041
102	100	0.5731289836351927
102	6	0.7510023029765728
102	111	0.7008148178861299
102	12	0.7002699308061882
102	108	0.6756844429171165
102	103	0.6563534244064103
102	0	0.6561484639201015
102	110	0.6446208784624836
102	3	0.6415714718498098
102	9	0.6289940935648137
102	8	0.6256585727054241
8	111	0.8364994182419399
8	110	0.8162244547908584
8	6	0.7202527524668184
8	104	0.6835727249970103
8	12	0.6824149890079751
8	7	0.6566549955680261
111	113	0.6372086047411554
111	110	0.8005349390169532
111	6	0.7701108063563346
111	12	0.7309154344200006
111	7	0.6399446498178798
111	108	0.6228083307093956
111	104	0.620679718064782
91	92	0.7022216216175449
91	65	0.6818107532669547
91	126	0.462494568426924
91	87	0.7306824679861699
91	94	0.730248697437279
91	180	0.7150588484943994
91	80	0.6839667445766543
91	66	0.6793198687670952
91	93	0.6784518957400268
91	69	0.6714835632946192
91	194	0.6673278323596957
91	193	0.6512694287651738
91	184	0.6469352652270104
91	191	0.6355067674697935
91	86	0.6354709982370309
91	73	0.6324986373764919
44	149	0.8277666740351763
44	31	0.6305628771838613
44	150	0.7506402010510713
44	120	0.6572745484715348
44	34	0.6421300979473004
44	33	0.641300734386693
44	43	0.6219812876339273
149	150	0.7610771034217777
149	143	0.699029440842397
149	120	0.717192617867023
149	119	0.684578281211899
149	148	0.6652704696998862
149	43	0.6652370234527497
149	52	0.6480271085527035
149	26	0.6306291355381586
149	17	0.6198798894528775
17	119	0.8230824183164953
17	120	0.7690915227116345
17	148	0.7471091910891076
17	53	0.5473010153010803
17	157	0.7171343366815772
17	43	0.6982923440977267
17	125	0.6789319414434305
17	48	0.6427584717278565
17	18	0.6334575788694421
17	150	0.6284619566979142
119	118	0.6203353346547282
119	120	0.7677400534276979
119	125	0.7010437320447468
119	148	0.6965975651136689
119	43	0.6655825059309151
119	157	0.6334575788694421
108	112	0.8183164686586811
108	103	0.751403141812715
108	9	0.7695812683611156
108	12	0.7396924936692059
108	6	0.716307608406737
108	11	0.6908656699504441
108	3	0.6784518957400268
112	9	0.8119753821103441
112	12	0.7663817187660972
112	11	0.7175275400500312
112	106	0.5851574604338924
112	103	0.7294870104226827
112	3	0.705370742842443
112	109	0.6365904715272125
42	68	0.8177872030881536
42	40	0.6003600828066522
42	67	0.7275583807171213
42	171	0.7210218430632399
42	172	0.7039661408509473
42	30	0.620353789833448
68	67	0.7690098104979513
68	172	0.7064644049876766
68	171	0.7033855746796984
110	104	0.8020739501821028
110	7	0.7178863635895225
110	12	0.6881115064931779
110	107	0.6607479469788516
110	135	0.6573313437551291
110	6	0.6241348141223687
43	148	0.8148177746764624
43	15	0.7100575874615584
43	18	0.687162627637604
43	120	0.6798418934007379
43	14	0.6321265253070337
43	118	0.6202184359042241
148	147	0.6217789101408342
148	120	0.7029356217493786
148	18	0.6643888276961242
148	157	0.6643553111109437
148	15	0.6311528550659611
9	109	0.6912261642385732
9	12	0.7627257570123043
9	103	0.7344079707227696
9	3	0.7336654550747896
9	11	0.6693309030408428
9	6	0.6465047678883689
104	107	0.7212090401399204
104	4	0.6480967104438896
104	7	0.633691026468089
171	172	0.8011088335492917
171	67	0.752728050926086
172	146	0.7315761311701938
172	137	0.6801160839597772
172	67	0.670510483391253
193	196	0.7320080977691572
193	83	0.7012064276004931
193	191	0.7001425029943745
193	87	0.6833222622320497
193	66	0.662041826308952
193	93	0.6606746971077299
193	180	0.6497465749160819
193	198	0.6259505896337999
193	184	0.6217666421685384
196	198	0.7455409794739044
196	93	0.7424469546883768
196	183	0.7216262542956229
196	83	0.6455142264853666
196	87	0.6442174189655012
196	190	0.6345400405893266
196	191	0.6330143098573162
196	180	0.6298515274838377
61	63	0.7486691295123267
61	69	0.713073913082301
61	183	0.749446004555547
61	166	0.7272146172734305
61	198	0.6909179368019408
61	167	0.6619631809333215
61	66	0.63581069582343
198	197	0.7676579257761829
198	199	0.7445443790349119
198	181	0.6375885874513815
198	97	0.6271897047932236
198	98	0.7398147401055456
198	183	0.7247837958057617
198	70	0.6520748812293704
198	190	0.6387148352459119
94	93	0.7696220396904334
94	66	0.6936673802501611
94	87	0.6432922034032128
183	180	0.745003050404162
183	60	0.6916436983729823
183	160	0.5104291856045937
183	166	0.644392880224808
183	167	0.6369709581040196
3	12	0.7823112566360606
3	103	0.7447003171762179
3	6	0.6876689886700186
3	0	0.6443110067448985
12	6	0.7332866045410479
12	103	0.7098592038376247
12	0	0.7000966180603639
12	11	0.6361441941102555
12	113	0.6348147454977383
93	66	0.7449496491757422
93	83	0.656461558954589
93	87	0.6530624258170699
70	176	0.7803637094364054
70	199	0.7400590865065919
70	197	0.7133883459229706
70	98	0.6705930374413799
70	95	0.6256524871538455
7	135	0.7787946902580153
7	140	0.6539619126916636
135	140	0.6807819502834676
84	86	0.7787946902580153
84	189	0.6713572485290682
84	82	0.6206612750207432
86	69	0.6913305910786425
86	65	0.6477834166771131
145	166	0.7778880665771849
145	41	0.7280991856145562
166	167	0.7352865690487521
166	63	0.6766560432081482
166	41	0.667787956457785
166	36	0.6379979090583351
87	191	0.7464988397557185
87	194	0.7285968651969161
87	184	0.6861108538029084
87	89	0.6617721243260439
87	83	0.7237140040225897
87	66	0.622379667048462
98	199	0.7763830424157556
98	197	0.6244643491224866
199	181	0.6277959574299287
6	105	0.47756107573770284
6	103	0.6674942011172014
141	140	0.7592830743155431
141	37	0.6890685415306984
141	32	0.6808731508368303
141	30	0.7429177986053256
120	123	0.6175407167127842
120	150	0.706659705305762
120	18	0.66552680223078
120	157	0.633253966315554
120	15	0.6214168766887572
120	125	0.6208579654151747
67	69	0.6903111972043072
67	64	0.4906377976474267
197	95	0.7480355747956218
197	181	0.6310746346588669
51	72	0.36244690624571674
51	47	0.6353696372642065
51	153	0.6212388306989651
150	146	0.6477602010097735
150	18	0.6340021104869975
140	144	0.6493823933753841
140	138	0.564109204644176
140	30	0.6416950162726193
140	32	0.6400804381235645
50	174	0.7565424405670191
50	195	0.6090941746146445
50	156	0.7166093544736969
50	153	0.6596196331200116
174	153	0.6760918242949877
174	47	0.6212449712839696
153	47	0.7359702564660503
83	190	0.7519990168791411
83	191	0.674988224471652
46	152	0.6662448109581842
46	14	0.6489716092675794
52	156	0.7490424621994943
52	143	0.6268620119812053
63	167	0.746888194624984
63	69	0.6664671988211681
191	180	0.6464465609669479
191	194	0.6226920160880617
180	169	0.6460330753969288
180	194	0.6247570826080283
30	32	0.6610802305712642
28	132	0.7420517767824514
28	131	0.637861508551747
132	131	0.643468022009429
132	125	0.5580040132360146
80	92	0.7350338223477904
80	76	0.639619776540291
80	73	0.6724269417054631
92	65	0.6679264481454319
92	60	0.6439482466160827
92	69	0.6353398210458131
73	162	0.5766505467119164
73	184	0.6836206675970457
79	181	0.7319245372139352
181	78	0.6643608973940368
146	144	0.6885166986907564
65	169	0.726025119511488
65	69	0.678770193077777
65	60	0.6295618621463328
169	159	0.514131766650568
107	4	0.6690713832319268
14	152	0.7149268764906526
14	15	0.6859096856430096
69	60	0.6637067984802686
15	116	0.6588789719962647
15	16	0.5840450330340027
15	115	0.6459981155659287
175	182	0.7087561255206906
175	165	0.6769216020714129
182	165	0.679836515214175
0	101	0.5893176475432008
125	21	0.6530624258170699
125	122	0.5541910613799748
143	130	0.628256200647039
143	26	0.632804510874637
89	179	0.6941081220058041
179	168	0.41764826277102524
179	192	0.35962053208204775
179	178	0.3128215753065008
115	116	0.6867401494602186
184	187	0.623768403512287
184	76	0.6230225224346322
76	187	0.6852896406842951
76	77	0.5964508705757087
170	173	0.6851729399080929
170	165	0.6065151365767341
173	195	0.64820109298347
22	34	0.6832529568867433
22	25	0.6821637828579513
22	26	0.6431339086249332
34	33	0.6594783843454375
34	24	0.6505317285949693
25	23	0.6211528544977487
25	128	0.6051922903176918
32	36	0.6720816550126142
32	35	0.6435383304487017
137	24	0.6528960765714491
55	158	0.45939959073551045
71	177	0.6586695459057392
177	97	0.5808734875124082
27	130	0.6466735254035804
35	62	0.6161096113592368
26	129	0.6085592441504155
23	29	0.4971700761783948
56	162	0.6129480659843873
56	57	0.4882652368529964
162	163	0.493918466297777
77	188	0.5725377452066939
77	75	0.567264386354147
101	99	0.46317819911530883
106	5	0.422753511284618
16	117	0.5380023949303928
75	186	0.49051630418273456
138	127	0.5379952893579344
138	136	0.5369641721635836
54	159	0.5236822341815824
29	133	0.43775481800130994
59	151	0.49681616720635174
59	58	0.28120494406707874
163	161	0.47667286259504804
161	58	0.3014920245836163
