19	121	0.9321703651518378
19	20	0.8065228881616634
19	124	0.7620557408509733
19	25	0.7026218384993027
19	119	0.696211299508125
19	17	0.6836419735257406
19	27	0.6743725934559077
19	120	0.6739361808210764
19	130	0.6629844340672324
19	53	0.6574619445738225
19	125	0.632348627290894
19	144	0.6175159703629942
19	118	0.5935957933849145
19	18	0.5898852095053368
19	132	0.5812179281571973
19	23	0.5665246791562747
19	21	0.5586165909076416
19	16	0.5542949835804053
19	128	0.5467894740489883
19	115	0.5438806779390231
19	15	0.5248786981743899
19	28	0.5226945019119479
19	117	0.5178591954425957
19	157	0.5122312250767681
19	154	0.5049290695262603
19	123	0.5037808057371695
19	29	0.5005876613082768
19	116	0.5005352006305466
19	126	0.49515737469847176
19	152	0.4888742764715538
19	133	0.47080182242582513
19	150	0.4706072131132746
19	49	0.46607943788766504
19	14	0.46320176276655267
19	129	0.4630132352213898
19	48	0.44097457632088843
19	26	0.4184817365356483
19	7	0.40525444935070665
19	40	0.391389636726751
19	43	0.3878186862079532
19	131	0.3679499814690262
19	127	0.36185609079880005
19	155	0.3352221336720807
19	122	0.3191675805068954
19	104	0.3142642802398613
19	186	0.30391737028932675
19	148	0.3032637307254689
121	120	0.7547707471460696
121	119	0.7036583053783753
121	20	0.7837426664759929
121	124	0.7821560124255267
121	17	0.7256323862938562
121	130	0.712695230527329
121	27	0.7042384304190262
121	25	0.6935895483174874
121	144	0.6724762445023287
121	53	0.6695240564335008
121	125	0.6266555730240906
121	18	0.6163453115651507
121	118	0.6156813471921246
121	132	0.5876572958242883
121	16	0.5844731498576342
121	117	0.5804492748308681
121	21	0.5662326166174019
121	154	0.557377040358199
121	157	0.5525606912417101
121	115	0.5524356370022014
121	128	0.5499572323396343
121	23	0.5430703485860044
121	29	0.5240160019375456
121	152	0.5232103316190578
121	28	0.520211730812547
121	129	0.5196279841955093
121	123	0.5179104211153328
121	133	0.5118328005564252
121	126	0.5083779808064817
121	150	0.5036987186495969
121	15	0.49324529090777636
121	116	0.49072890522907303
121	14	0.4877700416734392
121	49	0.47224050715545063
121	48	0.46607161015160614
121	26	0.46063735163953645
121	7	0.42553365371585167
121	40	0.41088041387448254
121	127	0.408308819297776
121	131	0.3865690676087085
121	43	0.3792385581945629
121	155	0.378056414470953
121	135	0.3456807871465186
121	104	0.33367676438789895
121	143	0.3333656971361132
121	51	0.3244923273414272
121	148	0.3134258841422672
121	122	0.3049607845177322
9	108	0.9255328553722493
9	112	0.8673052190105061
9	109	0.8128932467573772
9	5	0.7112603480835996
9	3	0.9052746681747416
9	11	0.8165579601038991
9	103	0.7109736467865735
9	176	0.708208267384078
9	70	0.6696068087528583
9	12	0.6525804135586915
9	105	0.6417597167310526
9	32	0.6410180553762433
9	6	0.581621718235387
9	0	0.5815158337944397
9	1	0.5711244268966478
9	142	0.5595240119777568
9	36	0.5459898116848447
9	139	0.5371420656487238
9	106	0.49113116869321727
9	38	0.48926989687314193
9	113	0.4688302637731662
9	199	0.442745046983604
9	79	0.44010417739271523
9	102	0.43338743728986934
9	114	0.40117623867072905
9	52	0.3853180279951301
9	30	0.38011152188739517
9	156	0.343953829890035
9	13	0.33932544463141073
9	37	0.3053960802467555
9	101	0.3031547630273227
108	3	0.920821238349582
108	105	0.7434907870427421
108	112	0.8366494898236789
108	109	0.7563542147671382
108	11	0.7130935735452951
108	5	0.6684744211380802
108	176	0.6667838967172273
108	103	0.660804284471232
108	6	0.6400036931237553
108	70	0.6387799554399095
108	12	0.6229184981188092
108	32	0.603001313534093
108	1	0.5344757925531789
108	139	0.5321214969811122
108	142	0.5303485589633363
108	0	0.515006676499595
108	36	0.5086893660696045
108	38	0.4713309279915648
108	113	0.4499838276736675
108	79	0.44097457632088843
108	199	0.4316396344522086
108	106	0.41468002903614604
108	114	0.3919145340614834
108	102	0.37714755284600077
108	13	0.3491188963787273
108	30	0.31300199254881855
108	37	0.31184693232995797
108	52	0.30185562173921243
108	156	0.29534316232287894
108	47	0.2951514682289749
3	112	0.7994910013354529
3	105	0.7273418052003662
3	109	0.7272428855739949
3	11	0.7078641749687049
3	5	0.7022165527340091
3	103	0.6780036899406197
3	176	0.6387977139046475
3	32	0.6260357281925965
3	70	0.6240188137783703
3	6	0.6115164241707293
3	12	0.6102941752978814
3	1	0.5544404456311484
3	36	0.5434157431995889
3	0	0.5314473240525815
3	139	0.5101481355271164
3	142	0.5093265493729279
3	38	0.4703268952479772
3	106	0.4680965543504527
3	113	0.4362824118316175
3	199	0.4244766658495943
3	79	0.4154911788002626
3	114	0.4007398377064672
3	102	0.3847388359148954
3	13	0.36444309280135223
3	30	0.3450466659783251
3	37	0.31427329259116
28	132	0.8946798101108789
28	131	0.7238139988123977
28	128	0.7013893728474531
28	133	0.6759723685631185
28	25	0.6676438760413335
28	126	0.649214654064189
28	21	0.6446559449415495
28	130	0.6370482065467415
28	125	0.6350176851692513
28	27	0.6072037130192393
28	124	0.5805752458780659
28	29	0.5801309084065627
28	26	0.57657044427173
28	23	0.5746044718055193
28	129	0.5484767086709869
28	53	0.5357888772912297
28	123	0.5201023153122148
28	118	0.5117811368025861
28	20	0.5101333403985678
28	7	0.5064994425191767
28	18	0.48346775986286245
28	15	0.45093236162450223
28	144	0.434450782661763
28	122	0.43171286345757953
28	120	0.4316396344522086
28	17	0.4256564840410982
28	43	0.3977051993936124
28	115	0.38475587530434163
28	116	0.38287997203210455
28	157	0.37513862583111496
28	104	0.3720324644527724
28	135	0.3691770896855477
28	117	0.3686501090272723
28	16	0.3597075962580414
28	143	0.35947250861159236
28	119	0.3465081925515515
28	127	0.3448792758747574
28	14	0.3292884882123194
28	148	0.31783771785106485
28	39	0.29696704181812555
132	128	0.7438885508248482
132	25	0.6870781691487414
132	133	0.6825378609704235
132	131	0.6765584467342842
132	126	0.6599527955670296
132	125	0.6597947169141805
132	130	0.6532688406879811
132	21	0.6428464924728376
132	124	0.6223183988804557
132	23	0.5830030239332809
132	29	0.57878252260889
132	27	0.5769775166295497
132	20	0.552907933617777
132	118	0.550222244819764
132	53	0.5483158785261469
132	129	0.5420542472565081
132	123	0.49163180785564764
132	26	0.4815421172294027
132	15	0.4479718137126862
132	18	0.4459392293254559
132	7	0.44086179355959365
132	117	0.434848211758446
132	120	0.43423983318371767
132	17	0.4256155423418976
132	144	0.4165413802638761
132	16	0.4126741620669546
132	122	0.4119520639654836
132	157	0.39530326626518597
132	119	0.38802257042720284
132	116	0.3750612888292082
132	115	0.3618821623208546
132	104	0.3587059803554377
132	43	0.3540704320569611
132	14	0.3122079878693953
112	11	0.8289278808987568
112	176	0.8256139339770983
112	103	0.7739885406174654
112	32	0.7436383339148344
112	109	0.7273653530389005
112	12	0.6901907798838497
112	70	0.6878955795393311
112	139	0.6451115623461732
112	142	0.6424590742202878
112	0	0.6383120708926442
112	1	0.6214475677884015
112	5	0.6106141216068387
112	36	0.5746982404198631
112	102	0.5677457223038415
112	113	0.5511489159296767
112	105	0.5449431372267199
112	114	0.5389254682599981
112	6	0.5094228192387152
112	38	0.5049663209175013
112	106	0.4753812880659475
112	199	0.4629660967872625
112	79	0.43307875984439914
112	13	0.42532890166050596
112	52	0.4191414139734982
112	30	0.39549730774492775
112	101	0.3729367823007209
112	111	0.33230752575228867
112	39	0.32899423844808573
112	156	0.32863748640293833
112	10	0.31969737859251746
112	37	0.3067464972723365
112	110	0.30010955621760654
13	111	0.8434761664893843
13	10	0.7004227852969841
13	102	0.756555269581913
13	113	0.7498271036729447
13	12	0.7331987570592383
13	1	0.7195735203971677
13	110	0.6181157247332826
13	114	0.6161034072315449
13	176	0.5609511693700823
13	139	0.5496223213752893
13	104	0.5402651692387083
13	32	0.539372338861996
13	105	0.538350474318732
13	103	0.5371207209527368
13	2	0.5170610594170888
13	0	0.4939789474717185
13	7	0.42852623081568203
13	36	0.40522937598094283
13	11	0.3961382372007336
13	6	0.37216169601686144
13	135	0.3242954782513896
13	39	0.30700012932569504
13	101	0.29589985313483375
111	113	0.7941612820844692
111	102	0.7317852206858118
111	12	0.6823615543834167
111	1	0.6377310010466957
111	110	0.602491956395636
111	10	0.5660831342613675
111	104	0.5562524103393408
111	105	0.5554093270454332
111	103	0.5113012251796499
111	114	0.4809120124693525
111	176	0.4624788463060147
111	2	0.45756727244798867
111	7	0.45340649653818577
111	139	0.4377224826063555
111	0	0.39819334847114507
111	32	0.3625511375806357
111	11	0.35801743466463787
111	107	0.3168844791181298
111	6	0.302173697235986
96	198	0.8426953105941292
96	97	0.7550245235666012
96	98	0.6701250115460102
96	95	0.6629956429514083
96	81	0.6863912553168324
96	85	0.6283590896620147
96	75	0.622936856952063
96	190	0.6207965080610728
96	87	0.6063760473542371
96	83	0.5744101888232789
96	61	0.5668844674808257
96	55	0.5648042209181058
96	191	0.5280158722864731
96	195	0.4788800069404799
96	184	0.4532952703217703
96	93	0.4498641924162503
96	71	0.4402815480451786
96	177	0.43259116753072246
96	88	0.4258202334102374
96	197	0.40808380784203746
96	185	0.4053798070541937
96	58	0.4045354377439835
96	194	0.38573519890591884
96	160	0.3639400214054204
96	106	0.3448528438527375
96	73	0.3416858719854665
96	158	0.33933429318381136
96	199	0.33381894236675286
96	50	0.3335345712269584
96	92	0.3317024803623102
96	193	0.3305093863259413
96	54	0.329974822255693
96	161	0.3275755947120498
96	99	0.3134529368143433
96	5	0.2989352870728538
198	190	0.7285124077320035
198	97	0.7160640694975756
198	195	0.6485720336681188
198	81	0.6480445100403966
198	95	0.6342173562264513
198	98	0.6247326948550752
198	191	0.5811119685892071
198	185	0.5534353744211877
198	75	0.5503477383761612
198	184	0.5466913235582082
198	61	0.5356391450876284
198	83	0.5224037249493797
198	197	0.517361381356443
198	194	0.506930521655402
198	87	0.49859908622202886
198	55	0.49857654391631173
198	85	0.49009852494928957
198	177	0.48113491123115937
198	199	0.48011214012107023
198	193	0.4678388222942418
198	160	0.46451243937026304
198	182	0.4426566052261034
198	106	0.4117444687157369
198	158	0.40598966353748916
198	93	0.38810751097951857
198	161	0.381137671610358
198	183	0.37572278101419826
198	166	0.36264667500414854
198	58	0.3617170331218396
198	88	0.3541404008052341
198	71	0.35232868520401894
198	73	0.34225102880992503
198	99	0.3219042107873248
198	56	0.30820428567079006
198	5	0.29795148112382447
84	86	0.8416486271804522
84	69	0.6496541126023979
84	82	0.6164631202744856
84	45	0.6413654904888252
84	94	0.6218218456411001
84	91	0.606432951976607
84	189	0.5917728778163467
84	90	0.5889520122774808
84	180	0.5507867700385498
84	65	0.5350398794035928
84	88	0.5299315671070144
84	80	0.5162840270960842
84	60	0.4913360148718141
84	159	0.47868731539072346
84	73	0.4320463902453364
84	54	0.4276032915348063
84	64	0.40911678443290067
84	74	0.3997068577347965
84	193	0.399311873380138
84	76	0.3930734831773207
84	169	0.37211000512236025
84	164	0.33686322238476996
84	4	0.33250321721841947
84	92	0.31857468854326837
84	43	0.3162276308032989
84	50	0.3073442745109617
84	8	0.3048247284570022
84	89	0.3020101239505889
84	182	0.2994724685064002
86	94	0.7717335164194024
86	45	0.6663226601956066
86	69	0.64285235991899
86	90	0.6095028655379607
86	82	0.5823557489999135
86	80	0.5456949481326094
86	189	0.515498801258625
86	73	0.4934798348528063
86	180	0.47330429305054783
86	91	0.46344521548011974
86	88	0.4284282619459443
86	60	0.39482222879176454
86	159	0.3805990598845022
86	193	0.35848812831885485
86	43	0.3481086578310822
86	65	0.31467878975107527
86	76	0.31449858296017086
86	164	0.31094389953216467
86	186	0.30919041502626055
86	92	0.3036995221879434
86	53	0.30287322644931064
23	25	0.8415902918439857
23	27	0.6815966412461311
23	20	0.680894606722568
23	123	0.6787324423124029
23	126	0.6672113345870717
23	124	0.6659499644111093
23	128	0.6572234263324436
23	130	0.6036436754071997
23	118	0.5812973849014124
23	18	0.5646611947557074
23	53	0.5505568390565215
23	144	0.5245670918532743
23	15	0.5228834417496533
23	21	0.5204378020718684
23	133	0.5063879152995328
23	125	0.5058300250630529
23	26	0.5023392304312388
23	116	0.48486877259157085
23	7	0.4753116239488179
23	129	0.47207732330511
23	16	0.4645594917504417
23	17	0.4583970372868979
23	115	0.456404261695847
23	120	0.45504147757546937
23	104	0.42266316634212525
23	29	0.41039821619012745
23	131	0.39846257561484355
23	14	0.3882434021494849
23	117	0.38513067551248265
23	119	0.3701871916074955
23	127	0.3510404981385289
23	157	0.3225404934088939
23	152	0.32119589243978713
23	150	0.307480099172742
23	43	0.29926308135244467
25	27	0.781144554670701
25	128	0.7576436090973725
25	124	0.7339562136950212
25	126	0.7358648186303468
25	20	0.7330831309717595
25	130	0.7130591669990194
25	53	0.6939163336109221
25	133	0.6614572553838642
25	123	0.6456075466675942
25	118	0.6195164647156677
25	125	0.6130479433353394
25	21	0.5986625314607819
25	18	0.5922210600961049
25	17	0.5870940046277912
25	144	0.5852232156606069
25	29	0.5846048126926193
25	26	0.5835968089390265
25	120	0.5791215780011094
25	129	0.5629763887551091
25	15	0.560375217737834
25	16	0.5444226800801333
25	131	0.5022868927201045
25	115	0.4972302995361945
25	116	0.4862062153572483
25	119	0.48015061381409935
25	7	0.47376975064055554
25	117	0.4628796695229382
25	14	0.4563884276483166
25	157	0.4449372485644747
25	104	0.40365689626203666
25	152	0.39041536236211827
25	127	0.37073073048177074
25	43	0.3610649857606587
25	150	0.35615030467432307
25	154	0.3417830259176382
25	122	0.33460953004852156
25	48	0.3080956804404043
25	148	0.305532084000609
25	186	0.3007827579375229
27	130	0.8401255114221858
27	53	0.808575271016267
27	144	0.7186270473980816
27	17	0.6993259081579963
27	20	0.6931949509008577
27	125	0.6726295928200151
27	124	0.668739844087215
27	18	0.6604323194193832
27	120	0.639401096777327
27	157	0.6382172519775795
27	26	0.6287764723816432
27	123	0.6236339842128914
27	129	0.6102878998493871
27	21	0.606211621331711
27	126	0.6033384921337928
27	118	0.5991499280213402
27	128	0.5781770440549684
27	16	0.574818777897322
27	133	0.5691400790302401
27	15	0.5587954312799142
27	14	0.5567287298921927
27	115	0.5371064907732497
27	154	0.5279437485546046
27	40	0.5254652955584836
27	7	0.5251467119828213
27	116	0.5208605782144442
27	127	0.5176762162936251
27	131	0.5165480203075192
27	152	0.5102590893678227
27	29	0.49646962813417495
27	119	0.4891786177182012
27	49	0.4721861161343063
27	150	0.46435557916091663
27	155	0.4600068688506822
27	48	0.4545973195780602
27	43	0.43468601624797704
27	117	0.4338259093097545
27	135	0.41722713244293064
27	122	0.41443158599423346
27	143	0.4140008050383834
27	104	0.410007301363511
27	51	0.407375114722545
27	148	0.376126360940579
27	24	0.355661239286337
27	186	0.3520571375595194
27	39	0.33663270617628643
27	22	0.33374785527538964
27	52	0.3241433483506249
27	44	0.3047158746495742
27	149	0.3037721417514442
130	144	0.7501158818663953
130	125	0.6896877555230452
130	129	0.7079789097980996
130	53	0.7042737120560192
130	124	0.6740180440485009
130	26	0.6589977900393637
130	126	0.6533376240741802
130	20	0.6451524286757212
130	128	0.6381401973488204
130	133	0.6345878268783907
130	123	0.6280321897507056
130	17	0.6267648751965469
130	131	0.6177386435013407
130	21	0.6164755195860364
130	127	0.6072920880171594
130	157	0.6058193193032871
130	120	0.5990794112440985
130	18	0.5823953993213269
130	118	0.572060288823521
130	7	0.5270921134335924
130	143	0.5242843505712719
130	29	0.5171416460979498
130	15	0.5008723836912092
130	115	0.4989671817479405
130	16	0.49414524605235605
130	119	0.4879300621610685
130	14	0.47563667216130207
130	152	0.47512582383084245
130	116	0.47003090116850293
130	154	0.46315463480920593
130	135	0.44978442660729995
130	40	0.44520989779520254
130	104	0.43640385253190933
130	117	0.43605567999619593
130	122	0.43165590805623927
130	150	0.4280199499015776
130	155	0.40661585204535805
130	49	0.37963233140650565
130	48	0.3738748014139234
130	43	0.3673445966741829
130	24	0.3602820626860981
130	148	0.3531867358674143
130	39	0.3482844096650604
130	51	0.31867352119791587
130	52	0.3079870671791292
104	110	0.8376964813802583
104	7	0.6938644820008322
104	102	0.6981796014630572
104	2	0.6755050642504263
104	135	0.6049387320339114
104	10	0.5855453050287303
104	113	0.5829634160993941
104	143	0.5465230306171904
104	144	0.5240885388592242
104	39	0.505584419199182
104	114	0.48241729001300615
104	129	0.4756676223626874
104	123	0.47500193354149883
104	1	0.4708251724653409
104	126	0.45971511354467565
104	26	0.45723514311918567
104	133	0.4501512899031086
104	134	0.43523736587724265
104	176	0.43016571065366394
104	24	0.42901592401079314
104	103	0.41576417249612896
104	138	0.4130723391812811
104	127	0.40719995018166827
104	124	0.3984373384858946
104	139	0.39039841071286024
104	100	0.3835795426371707
104	141	0.38317009124862617
104	136	0.37679581699003284
104	12	0.375035508668253
104	20	0.3706789758070813
104	0	0.36613289318179415
104	131	0.3618821623208546
104	53	0.353571790021344
104	40	0.32432232296349645
104	32	0.3200205470757581
104	18	0.2987076106389313
110	102	0.7648090418744584
110	2	0.6893100498531353
110	113	0.6517701328118345
110	114	0.6481083097066175
110	10	0.6175407167127842
110	7	0.5980141204149119
110	135	0.5265791780894099
110	1	0.5163647021024953
110	176	0.50813322765097
110	0	0.4790726523576949
110	139	0.4787875207534752
110	141	0.4750948530241966
110	103	0.44750808695011557
110	39	0.43907959371308497
110	32	0.4389988692578694
110	143	0.43197318716659183
110	12	0.41082222979112404
110	144	0.4035480726077723
110	138	0.36216022332745174
110	101	0.35982947558184375
110	134	0.34039568316008667
110	100	0.3329923206092501
110	129	0.31828713598515185
110	24	0.3158945918198878
110	40	0.31258699914073435
110	136	0.30340900865256526
110	127	0.30145566004272645
20	124	0.8373382038727628
20	53	0.6669782410865754
20	144	0.662894752292349
20	125	0.6554987833541142
20	17	0.6347968348494785
20	119	0.6114099850038689
20	115	0.5980783544845881
20	118	0.5958191400858603
20	150	0.5942818641204537
20	128	0.5887691041718882
20	120	0.5804293821252925
20	15	0.5788091224247164
20	18	0.5766438719319569
20	21	0.5704772080252246
20	116	0.5610402562651643
20	123	0.5588435717334076
20	126	0.5542949835804053
20	16	0.5521506983845087
20	154	0.535246829662025
20	157	0.5351469306604031
20	152	0.5347114817314383
20	14	0.5320856536918702
20	129	0.4822868428112547
20	49	0.47949630985205
20	40	0.46703387405383556
20	117	0.4633431309211244
20	133	0.46253387245670496
20	26	0.4590129172361542
20	29	0.45440689689947517
20	7	0.4204347449776696
20	48	0.4048197579941052
20	131	0.38249587456242073
20	155	0.37979493674146364
20	43	0.376830137469234
20	127	0.3697556310427773
20	122	0.3652926267222211
20	148	0.3614562565950846
20	51	0.3281914144408614
20	186	0.31884421582615735
20	135	0.30306395055563673
124	144	0.7071149875815341
124	126	0.6939215183761633
124	128	0.686132023297764
124	125	0.6761569669909963
124	123	0.6445565828721166
124	119	0.6399505544885448
124	118	0.6139646497193232
124	120	0.5882527168491635
124	17	0.5860838983944662
124	21	0.5789886389657304
124	150	0.574778601509367
124	53	0.5699575719372574
124	18	0.5430068887708089
124	129	0.5279148969294041
124	115	0.5246323234164014
124	133	0.5138889548493343
124	15	0.5068339225019606
124	116	0.5057407233246122
124	16	0.49418303614242515
124	152	0.48877533993189765
124	26	0.47091856602708454
124	157	0.4635158822003174
124	154	0.46323317994951496
124	117	0.4602039446026791
124	14	0.4479718137126862
124	7	0.43737480560565184
124	29	0.4286241896102027
124	40	0.4139593740141226
124	49	0.41188563813672513
124	131	0.401578908760054
124	127	0.3982438337883434
124	48	0.3509528180040266
124	148	0.3365529027007987
124	135	0.3342276194431286
124	122	0.32556555459686215
124	155	0.3102752935293845
124	43	0.2951971118358881
11	176	0.7658033759344274
11	103	0.7098095903248565
11	109	0.7088854945142775
11	70	0.6698549659853624
11	32	0.6479226854174227
11	12	0.6283046217449751
11	0	0.6125296167724539
11	1	0.6088928540104259
11	5	0.5656956658453994
11	102	0.5506265239364375
11	139	0.5459827926952665
11	142	0.5269765558644282
11	113	0.5240232559718301
11	36	0.49447017979420566
11	106	0.4651317522483815
11	105	0.451139468939436
11	114	0.44856311531682747
11	199	0.44682805240577916
11	38	0.4465719054880545
11	52	0.4270147585362294
11	6	0.3971241769473047
11	156	0.38483254931154265
11	30	0.37347042809930436
11	101	0.3667562103851565
11	79	0.3534580364847703
11	95	0.34631459274026355
11	39	0.3183500431144067
11	197	0.30448907031764516
11	155	0.3029640504790613
11	10	0.3018010877605771
11	147	0.29550745262210604
174	183	0.82697803782785
174	170	0.6876320890985088
174	196	0.6415538199286708
174	165	0.6860632181908727
174	166	0.6552534760474584
174	182	0.6244094420518582
174	60	0.6227348720456842
174	169	0.6180848271308519
174	185	0.5812510364810115
174	173	0.5761230019204477
174	195	0.5755080404402456
174	175	0.5538029324961221
174	194	0.5505080550748287
174	180	0.539152488089975
174	172	0.5240305099300895
174	45	0.5168925303699127
174	190	0.5038703449117381
174	193	0.497298045086979
174	179	0.454890806472378
174	191	0.4404185836539726
174	80	0.4354886081856387
174	76	0.423393897974268
174	164	0.3967450776509829
174	187	0.39263373685044595
174	177	0.3926252784297488
174	74	0.39088990103599336
174	91	0.3542715815222692
174	159	0.345381380338579
174	50	0.3293419813008676
174	81	0.32787015195555236
174	92	0.3241880941798705
174	66	0.3173701714429292
174	64	0.3143994595608674
174	65	0.30181017689418
174	184	0.30012775479345816
174	94	0.2965293103791588
183	185	0.7272146172734305
183	194	0.7045155495824192
183	169	0.6368223674454986
183	182	0.6165685046769468
183	60	0.6117918110270865
183	193	0.5933107555815295
183	195	0.5858869120660083
183	196	0.5852297907600061
183	166	0.5721141061225432
183	74	0.5674406952367524
183	190	0.5672101270026331
183	165	0.5494897036201157
183	170	0.5347043408569422
183	180	0.5065366144935028
183	81	0.4939109058149482
183	45	0.48943721415347774
183	90	0.4805967736392711
183	191	0.46477903484128785
183	80	0.45971511354467565
183	173	0.43434531387835984
183	160	0.4270801689732714
183	64	0.4223920811115309
183	159	0.41730146258839584
183	175	0.4086504084966581
183	177	0.40016888505202464
183	184	0.3989840078268902
183	65	0.3887188882753291
183	76	0.37922143450236634
183	73	0.37042016790538285
183	91	0.36816611478574507
183	94	0.3678029880978935
183	92	0.3638619395586177
183	187	0.3629853371709942
183	172	0.36268141399577514
183	158	0.3592896311107334
183	179	0.3553904228604619
183	66	0.3349913307695336
183	61	0.33495581906137545
183	50	0.3301975830288599
183	93	0.33018867330387885
183	55	0.329983733392455
183	97	0.3265128748161763
183	167	0.3106909496262944
183	87	0.3029731325793866
183	4	0.3010555922299409
183	82	0.2967481916861634
176	139	0.7831246961834394
176	32	0.782660201044987
176	70	0.7589991921688436
176	103	0.7105778085477141
176	102	0.6989629582819384
176	1	0.6863013374279077
176	142	0.674988224471652
176	114	0.665649340583853
176	12	0.665370792421675
176	113	0.660280058401501
176	0	0.6231693427832107
176	109	0.612866901210479
176	36	0.6065404215388561
176	199	0.5133515330932509
176	38	0.5117663750501321
176	2	0.480627534117566
176	105	0.46535114635629576
176	10	0.4395153832633326
176	5	0.43618524782631507
176	39	0.4286976520934699
176	141	0.4258939115280052
176	79	0.4120184854161051
176	6	0.405221018055546
176	30	0.39692200750931694
176	52	0.39492351784125634
176	147	0.38598202171194296
176	106	0.37218754059846343
176	101	0.3695829621213559
176	156	0.36800185709237404
176	143	0.33724437211413216
176	135	0.33551501788159177
176	37	0.32095372648069614
176	100	0.3188621824789044
176	31	0.3034271674018416
176	197	0.29676643038812955
44	149	0.82337248516354
44	49	0.7285734070119563
44	33	0.7167358133778237
44	77	0.6905466857392006
44	147	0.6184369465915789
44	154	0.6166118918338279
44	146	0.6139210345262985
44	153	0.6055090655821898
44	148	0.5671897784762278
44	34	0.5633314747170638
44	136	0.5351112488175512
44	52	0.5101407380005801
44	189	0.5052568172090922
44	48	0.5049141684430877
44	22	0.5022046403093483
44	155	0.48574027908011014
44	46	0.4851517356558206
44	152	0.4816957258714154
44	150	0.4760698677949434
44	47	0.4759770595956892
44	17	0.474715365119612
44	156	0.46992961575637493
44	157	0.46262033492310733
44	188	0.4579704007567979
44	40	0.45273892750280903
44	51	0.45162518385237344
44	164	0.4380215417983254
44	18	0.43090703154823373
44	42	0.4300516097382943
44	43	0.42434548581183146
44	31	0.3957587860608866
44	138	0.393191845716178
44	116	0.3849773635007096
44	14	0.3787161687613783
44	67	0.37714755284600077
44	145	0.36673024540301535
44	171	0.3664272784033925
44	122	0.3540441927543779
44	137	0.3466665704446273
44	135	0.3462529866127072
44	125	0.33790890358251713
44	120	0.3182781490235572
44	115	0.31251481418632465
44	53	0.29909008761255834
149	147	0.7551878531261158
149	154	0.7115023769843544
149	153	0.6509525988370796
149	148	0.602428252213475
149	52	0.5712793844233791
149	49	0.6632197582154491
149	146	0.6229490957930258
149	33	0.6109087977018622
149	152	0.5950316686102318
149	155	0.5948378528240816
149	136	0.579659666212743
149	156	0.5684433088624634
149	77	0.5624502064223714
149	51	0.5256245321168879
149	150	0.5168705453656414
149	46	0.49104769726479247
149	157	0.48732791001690384
149	17	0.47484704419638996
149	138	0.4695399411509115
149	34	0.4628403814931123
149	48	0.46147989619936786
149	22	0.4583101469687365
149	40	0.45156149877610174
149	47	0.45101998987813946
149	145	0.4342154897935806
149	122	0.4277013451539779
149	116	0.4037238589883045
149	135	0.3989083320511515
149	18	0.39076281282253145
149	188	0.3803253803681538
149	14	0.37922143450236634
149	115	0.37526750922948854
149	189	0.37147229437121093
149	164	0.37118779675576435
149	144	0.3657604774897364
149	125	0.3494525361788364
149	137	0.34824926125661404
149	171	0.33659723856187773
149	129	0.329796587172116
149	120	0.3281824915076225
149	151	0.3276559348239389
149	39	0.3179995248455315
149	31	0.3163176279655916
149	26	0.3162006305445947
149	43	0.3134890062523373
149	131	0.30659248512287335
149	127	0.3053054041544285
149	42	0.29918113940093527
61	93	0.8225009939373173
61	81	0.7613000171546033
61	97	0.7230370507730742
61	98	0.5382226297535558
61	85	0.5377181123984617
61	195	0.524712042517301
61	95	0.5245308494344183
61	166	0.49729051810300406
61	63	0.48329150071358906
61	64	0.4800736645808282
61	83	0.4399348369987088
61	66	0.41746662069991386
61	190	0.40818381905669576
61	68	0.39431563960035987
61	65	0.3864159553723661
61	35	0.38352836945542473
61	54	0.3721789258020543
61	76	0.3704287957624153
61	92	0.3606561893420383
61	55	0.3569707972899389
61	197	0.35459510100962904
61	181	0.35169790286000474
61	99	0.33657950439651485
61	87	0.3334990205650906
61	194	0.33318791182258406
61	160	0.3330545572864541
61	58	0.32930631947671507
61	60	0.32900315604665775
61	185	0.3222179076190767
61	199	0.3062844126644837
61	75	0.30524192759523705
61	50	0.30397182735015676
61	74	0.3035088790460705
61	158	0.2958451055662967
93	97	0.6823348343363475
93	81	0.6714176648060582
93	195	0.5703220398447029
93	64	0.5518517216877554
93	63	0.533567970579479
93	85	0.5314544996518643
93	66	0.5132705167963134
93	83	0.501269315516868
93	65	0.48648106450317746
93	50	0.45279457766151515
93	54	0.445891159747122
93	87	0.40790042850821495
93	92	0.4037405989940491
93	196	0.3990680856481893
93	190	0.38153932464616586
93	194	0.3793755383802436
93	91	0.3772419025009807
93	95	0.37719044002339447
93	68	0.36254245198241986
93	166	0.34947009371462273
93	167	0.3342897984211799
93	98	0.33294786406338195
93	55	0.33208511435259463
93	74	0.33101702585753856
93	69	0.32535097613801844
93	58	0.3177927681775117
93	99	0.306755556310412
93	181	0.3021100875166381
109	5	0.6888006032757521
109	103	0.6649247297122827
109	106	0.5756417831435399
109	70	0.5524634289827344
109	0	0.5372843460421318
109	32	0.5055546432212245
109	12	0.49863665523296463
109	142	0.48624439460487445
109	105	0.4654138198877928
109	1	0.45504147757546937
109	139	0.4457789873952102
109	36	0.43753653211235993
109	199	0.42566467217182047
109	6	0.4172023544871983
109	30	0.4007566257235619
109	79	0.39111015196879506
109	38	0.3907797587785745
109	52	0.3855138625401827
109	101	0.3651366354336264
109	113	0.33818347825913364
109	156	0.33582558178478317
109	102	0.3356392521994216
109	95	0.33091907524122305
109	197	0.32357942668008927
109	114	0.3203346672765173
32	36	0.8126556684095341
32	114	0.7568544479784001
32	139	0.7236997165711816
32	1	0.7024851054742336
32	0	0.6665227772641515
32	70	0.6629732248857999
32	142	0.655065123174965
32	102	0.6484387622972264
32	103	0.6330742353520986
32	37	0.5978727784172073
32	38	0.5834121426339789
32	12	0.5826134265582731
32	30	0.5374408191610145
32	79	0.5357960065558213
32	141	0.5282466170471466
32	113	0.5096005147238883
32	101	0.47360687057083395
32	2	0.4689238822878262
32	39	0.4656957930227545
32	105	0.45967567953756905
32	5	0.4450174480803161
32	31	0.4328593746440428
32	41	0.4078170633839835
32	6	0.3880140760093945
32	147	0.3801628516305276
32	10	0.37677007595169815
32	134	0.37539637811895343
32	100	0.36395737223234126
32	140	0.3327077731416709
32	106	0.3304915709372696
32	34	0.3236331434184046
32	199	0.3205500232839695
32	181	0.312433601798155
32	35	0.309380326962813
32	135	0.30834908014827694
32	52	0.30230090860150266
32	40	0.2951332104089849
36	37	0.6352563255559862
36	30	0.6165932977966289
36	38	0.6736631838404646
36	139	0.6733954683121227
36	114	0.6387207556416894
36	142	0.6155881981184933
36	1	0.6126483163757206
36	70	0.5921756090168644
36	5	0.5061573720196112
36	79	0.5018007239407287
36	0	0.4961907752972872
36	12	0.49375968047517216
36	102	0.47510259583621695
36	105	0.4476040501777901
36	101	0.44454416778278477
36	6	0.4373828926030753
36	103	0.4373667185374872
36	181	0.40795878004883585
36	141	0.40425103927112654
36	99	0.40110911190645715
36	199	0.3918806774108253
36	35	0.39094073214888636
36	41	0.38658607876430584
36	106	0.37779926330913055
36	113	0.3697642638185899
36	95	0.3649026100533631
36	100	0.3599948635948875
36	134	0.35849684315023145
36	39	0.3531867358674143
36	31	0.33776716510891514
36	68	0.32011030288803344
36	2	0.31405698052843284
36	197	0.2968120261958161
38	142	0.8125537663398222
38	70	0.7343987576887976
38	79	0.642476691270874
38	41	0.6362334836740752
38	199	0.5933755499717237
38	37	0.5506892337673979
38	139	0.44548246449585377
38	145	0.4338827332396719
38	30	0.43259116753072246
38	181	0.38312743139730415
38	35	0.38258124098749996
38	67	0.37928992771258185
38	98	0.3791614995342074
38	95	0.37646113811001974
38	5	0.3718773675360807
38	156	0.36187347187639984
38	1	0.35274902904296385
38	105	0.3414385381148252
38	52	0.3401923171628002
38	78	0.3396528010665078
38	114	0.33934314167615975
38	197	0.3390776607877294
38	34	0.33339236288878105
38	0	0.33228973419987906
38	31	0.31011261318191624
38	103	0.3046795882778829
38	39	0.3026824780800471
38	141	0.2957538552996551
142	70	0.6849447413310574
142	139	0.6588846307439826
142	79	0.6209378485675144
142	145	0.5778707354096501
142	41	0.5557273451936275
142	199	0.5173247635491875
142	141	0.5119361169582475
142	52	0.49037200592263475
142	114	0.4809811946020826
142	39	0.47779262318302446
142	1	0.47258231122884886
142	103	0.47175863300958126
142	156	0.46149563678019456
142	37	0.4566575671400719
142	0	0.45140226595497807
142	147	0.4241650841732576
142	12	0.40876702250239455
142	5	0.40414227801340624
142	143	0.40255138719358974
142	30	0.39959762158367035
142	102	0.3932425685298371
142	34	0.37481205630913833
142	181	0.36858097922087374
142	31	0.364000748194515
142	138	0.3632978633104265
142	135	0.35459510100962904
142	100	0.3528891120351077
142	105	0.34979486384757796
142	6	0.3227465506739693
142	197	0.3207832882351799
142	106	0.2969032137510664
53	157	0.7563542147671382
53	17	0.6661613849437068
53	125	0.6314956699606515
53	144	0.5952189581073304
53	21	0.589989525329286
53	133	0.5733505443682791
53	120	0.5647293066829779
53	14	0.5592079415246973
53	16	0.5530606594575079
53	26	0.5492662848015158
53	118	0.547896130665453
53	18	0.5456738812770258
53	129	0.5431831507189605
53	29	0.5327448648781796
53	15	0.5309304804817312
53	43	0.5233628275607176
53	126	0.5191825511380689
53	154	0.5141096962543663
53	131	0.5040792275454904
53	155	0.4942057093000813
53	128	0.48703047401375993
53	119	0.47759967158702393
53	115	0.46960230138782183
53	51	0.4695633267887997
53	152	0.4695555316493754
53	49	0.4688458675905288
53	123	0.46062947347094424
53	40	0.4435727653567116
53	48	0.44186024191740014
53	117	0.4415946325537278
53	116	0.4345319043888972
53	150	0.43129782387102206
53	7	0.40942480847123425
53	122	0.4011930196885945
53	186	0.3896946839082259
53	127	0.35793896802004843
53	148	0.3518731522477244
53	52	0.3352398860754802
53	143	0.33363233065576536
53	135	0.29696704181812555
1	102	0.8060330061770533
1	12	0.7566792533722461
1	113	0.6972198899799259
1	139	0.6755159379616834
1	103	0.6642826826760339
1	114	0.6460505542961299
1	0	0.6030394955175726
1	105	0.5580728725455291
1	10	0.5309304804817312
1	2	0.4984337603205325
1	6	0.4812885982797082
1	30	0.4650063585250272
1	70	0.4409665208711358
1	101	0.4167149286688965
1	5	0.4072583416912215
1	39	0.3909661468111283
1	141	0.3561328414107249
1	7	0.35586212901865566
1	100	0.3328144855451961
1	134	0.33263662680513223
1	106	0.3270845244607577
1	37	0.31674053834503946
1	135	0.29485931725027736
102	113	0.771490747609057
102	114	0.7317016014019294
102	103	0.6816983590156558
102	12	0.6668616453518149
102	0	0.6586638843241555
102	2	0.6418302886318072
102	139	0.6258106867469916
102	10	0.5928958894033712
102	7	0.511973012084427
102	101	0.4795964144390637
102	39	0.4648809461414434
102	135	0.456507175958589
102	141	0.4054633703876296
102	105	0.4043263288304463
102	30	0.4005719427357701
102	143	0.38369040978359925
102	100	0.3765297982029641
102	144	0.3564820594046088
102	40	0.3366947722031226
102	138	0.33316124198154756
102	70	0.3326277332468042
102	134	0.3314532646524257
102	26	0.30631159811043795
102	147	0.2949597503705051
113	12	0.7748291507262122
113	103	0.6329184132841476
113	139	0.618566612255814
113	10	0.5743766852143173
113	114	0.5589535929129014
113	2	0.4870609854720385
113	105	0.4763404978086569
113	0	0.4728308067482153
113	7	0.434848211758446
113	6	0.411844119770664
113	39	0.3231854402156753
39	143	0.7939765548192234
39	24	0.5599566271380353
39	135	0.5430844499247718
39	26	0.512570449941666
39	138	0.4939940670183308
39	7	0.46650985098725073
39	141	0.4647711950003624
39	100	0.4565784171392537
39	103	0.4309640321679142
39	129	0.42326257106176124
39	127	0.42296702047361057
39	34	0.42183324293219415
39	52	0.41859721199454797
39	131	0.4175987273340651
39	2	0.41342061466024993
39	41	0.40210717770034
39	40	0.39769678105438877
39	136	0.3913811685520852
39	147	0.39039841071286024
39	144	0.38612668525758526
39	0	0.3801542968359433
39	37	0.3750784752808789
39	139	0.374734697266768
39	145	0.36406147188904486
39	12	0.3546388133503005
39	30	0.35315172500763387
39	134	0.34563676114593833
39	133	0.33778488325606404
39	78	0.3281914144408614
39	31	0.3102120311085184
39	10	0.30057355162983107
143	127	0.6380987010990614
143	26	0.6343249422454745
143	129	0.6090690138301884
143	135	0.5677863808064595
143	24	0.557073660407741
143	131	0.5463336482805128
143	138	0.5216980860834565
143	7	0.49827591540587324
143	133	0.4915863086236397
143	144	0.4676513308053253
143	141	0.4087003875617783
143	52	0.4044768915106247
143	123	0.3869772627263328
143	136	0.3854883208729367
143	2	0.37902449337461946
143	40	0.3564122237698399
143	100	0.32783445144082773
143	120	0.32527944253690283
143	145	0.3204333762250339
143	34	0.3200295229155277
143	103	0.31892506395886583
143	126	0.30841242324008267
143	147	0.3081499840595982
143	78	0.3013829283300484
136	138	0.7915617182268457
136	146	0.6816234116347103
136	33	0.6485952072396027
136	147	0.6146930915874014
136	22	0.5828445759723891
136	34	0.5694577514289121
136	140	0.5314616751748774
136	135	0.5267526076168381
136	31	0.5231304394169558
136	49	0.5030192856915325
136	137	0.4750638810404027
136	141	0.4568554105158749
136	42	0.4478918780066465
136	144	0.44193266739442516
136	24	0.4389988692578694
136	40	0.41598747526482865
136	154	0.4151187940140787
136	134	0.40183888404535495
136	123	0.3909576753232875
136	120	0.37681297735895747
136	77	0.3607866713491515
136	48	0.35573985222722115
136	150	0.35514576317968266
136	7	0.3401215737026531
136	18	0.33979433512966595
136	145	0.3394581666114175
136	155	0.32535097613801844
136	152	0.3241343990107193
136	2	0.31822422605268047
136	78	0.31786468696945597
136	127	0.3104469919613227
136	17	0.30432574981504334
136	116	0.30184653287994123
136	37	0.30017325027723746
136	153	0.2976416332760267
138	140	0.641724426704273
138	147	0.5937512058095898
138	141	0.5880237841645239
138	34	0.5873495211556646
138	146	0.5668369606557045
138	135	0.5257764962994322
138	24	0.5035867670518306
138	33	0.49793756506193276
138	137	0.46339024839975584
138	144	0.4552159063065586
138	31	0.4537956770920719
138	22	0.45035858022952735
138	145	0.44835540540283625
138	40	0.44474474060845876
138	127	0.39560696775052284
138	2	0.3943325297706839
138	7	0.39235457390261175
138	42	0.3815478688910035
138	49	0.36086495377504707
138	123	0.36083886019801303
138	129	0.3320762171282804
138	134	0.32946679028568415
138	37	0.32315857342005766
138	41	0.31258699914073435
129	133	0.7910009077038852
129	26	0.7767402991223566
129	127	0.6852472081094276
129	131	0.6848332466482021
129	126	0.633691026468089
129	144	0.6002257566414684
129	29	0.5900938214606163
129	123	0.5453507697885716
129	7	0.5302479292355167
129	21	0.519445463799125
129	128	0.5151462687820338
129	17	0.48980214497473606
129	125	0.48503703314045377
129	18	0.4808582000033676
129	118	0.4630525152491989
129	120	0.45251629159597695
129	135	0.4518321285679952
129	157	0.4396606004942445
129	52	0.4377063144842502
129	24	0.41774732619714217
129	16	0.40435142413263236
129	116	0.39088142895202443
129	122	0.3818212502946809
129	117	0.38043657070867737
129	152	0.3704460512847196
129	115	0.3526264434527408
129	14	0.3497509809024518
129	40	0.34399791391999984
129	155	0.34260412614523406
129	43	0.3419861423505891
129	15	0.333427916395926
129	51	0.3266379436062004
129	154	0.32218206013226736
129	148	0.32104342247211665
129	156	0.30819523554171446
133	131	0.7656792838722919
133	29	0.715576468258007
133	26	0.7586853149666025
133	126	0.6854487214071223
133	128	0.6136966686017137
133	21	0.5376754594685017
133	123	0.5093487666274291
133	17	0.49944018300120724
133	144	0.48946002735490396
133	157	0.4888590562839045
133	7	0.48015061381409935
133	127	0.47643326447320694
133	125	0.4631703444193693
133	16	0.44762004304690384
133	18	0.4450014087481445
133	118	0.44242339930824404
133	120	0.4419729012812327
133	117	0.4292117307268927
133	122	0.40942480847123425
133	115	0.379324172759041
133	52	0.3790416200534571
133	15	0.3720238485022645
133	116	0.36295060700095105
133	14	0.36214284640213656
133	24	0.3592199562313271
133	152	0.35905446234368565
133	43	0.35042660799051856
133	135	0.34125300667237485
133	155	0.3310615465070765
133	148	0.31017587992012613
133	119	0.30957925585869595
139	114	0.7309480361358512
139	12	0.6219077054289299
139	141	0.6171012872581877
139	70	0.5726251247714895
139	103	0.556563095014971
139	6	0.5060234749732665
139	0	0.47688921294843667
139	199	0.45834174446182907
139	105	0.4379649704648309
139	2	0.43246110014818834
139	30	0.4233118207387257
139	79	0.41744184874105916
139	10	0.41251650670056267
139	134	0.39651755308110626
139	5	0.39527795390518133
139	37	0.3892705322720862
139	100	0.381308605393274
139	140	0.37893885608569977
139	101	0.36621948468155885
139	31	0.36411351830677785
139	106	0.31103422811228587
26	131	0.6753310449094485
26	127	0.6575073616882386
26	29	0.6199722432033479
26	144	0.5725713542710587
26	7	0.556135000084298
26	126	0.5535949072472776
26	123	0.5313540343214636
26	18	0.5213413576783702
26	17	0.5055918630054975
26	21	0.501770795498682
26	120	0.45634884126485575
26	135	0.45312840452637354
26	128	0.4519276251170391
26	125	0.4449693292272959
26	118	0.43985418771701534
26	24	0.4379649704648309
26	52	0.4336229385303844
26	157	0.4297907560532754
26	14	0.4109635281877505
26	115	0.40026126612014684
26	16	0.3995135860518282
26	122	0.3891262830906836
26	116	0.38543723576616706
26	15	0.37902449337461946
26	152	0.3726957000488642
26	43	0.3606648885817945
26	155	0.35780817904458273
26	117	0.3361715527144073
26	154	0.3346450510315723
26	40	0.32710238465819663
26	51	0.317244267185197
26	156	0.31434538936216416
26	103	0.30359966452638193
12	103	0.669121091152132
12	105	0.6184369465915789
12	6	0.6144379448132512
12	0	0.5061499339348156
12	10	0.49051630418273456
12	114	0.47088743601254623
12	5	0.43999935131513906
12	70	0.4350022713642276
12	30	0.38083847478391375
12	106	0.3453373439930433
12	2	0.3047430888478603
103	0	0.6782629548233705
103	5	0.5518099927254774
103	114	0.5101407380005801
103	106	0.4880824321407461
103	70	0.4800044039536051
103	105	0.4489464524941034
103	10	0.4341181098909737
103	2	0.4112543744838222
103	101	0.39703152073742676
103	6	0.39682933364222306
103	30	0.3911609727470844
103	135	0.36540527434076386
103	52	0.3461913774986958
103	100	0.3428159381039905
103	7	0.34074044837730183
95	197	0.7738281142631604
95	98	0.6279292309125802
95	97	0.605052848450147
95	106	0.5347900263107092
95	199	0.5278644036532439
95	81	0.4775842334684873
95	83	0.45170478372650835
95	5	0.44942539167547874
95	99	0.4435085036203216
95	85	0.39657654561170663
95	71	0.3496368780624327
95	70	0.3494437573189092
95	195	0.33776716510891514
95	190	0.33696960086438804
95	30	0.3113142109969686
95	87	0.3069186094906677
95	177	0.305250995841213
95	191	0.29958170252923877
95	181	0.2994451587738348
95	101	0.29532490676671885
197	106	0.60607245112987
197	199	0.5341828507686319
197	98	0.4813193321394242
197	99	0.4153753406716111
197	181	0.3898473380482461
197	97	0.3794525824275382
197	101	0.3583138185712131
197	5	0.35189943752878594
197	114	0.3009282756904086
197	81	0.2970399849311197
164	165	0.7729439924321517
164	45	0.734504691240394
164	189	0.6615416181577712
164	171	0.6417832419057788
164	188	0.5672033442374425
164	180	0.5611704368145188
164	169	0.5581004141174634
164	172	0.5467824637979465
164	179	0.5441974875933201
164	60	0.5314832012862966
164	170	0.5235806207639421
164	182	0.5132852477126243
164	67	0.5120541747131
164	62	0.49917744125734986
164	76	0.48748802104567485
164	173	0.4782015281285938
164	153	0.47783120797167744
164	156	0.45307277553653824
164	196	0.44862701631412694
164	148	0.43486442975805106
164	80	0.41391794127475035
164	137	0.4101653489119233
164	187	0.3988578785150748
164	77	0.39483066991251337
164	91	0.3848921809787001
164	168	0.36761273409461676
164	89	0.35848812831885485
164	175	0.3413413582955984
164	159	0.3288247929279678
164	46	0.32012825336098816
164	47	0.31619163034452386
164	64	0.31548043478816
164	166	0.3026643103037189
164	122	0.2999639597469835
165	170	0.7374882564102998
165	172	0.7308315861164317
165	169	0.7176488068517547
165	45	0.6962731291214236
165	60	0.6881536243789145
165	187	0.6450940470750355
165	166	0.6289638742929389
165	171	0.6195287885499685
165	180	0.6078283279537419
165	196	0.594611646963689
165	175	0.5940360135674962
165	62	0.591883333529668
165	76	0.577010870514565
165	179	0.5455263939751893
165	182	0.5263117216753277
165	189	0.49652237255465237
165	173	0.4941074540948617
165	188	0.4666428430938262
165	137	0.4512111486150257
165	91	0.42287669539252154
165	80	0.4199159698224247
165	168	0.40134403673027813
165	159	0.3942480762550921
165	65	0.37800498890366013
165	67	0.3699714312832709
165	64	0.35964665199242934
165	74	0.32832525141055907
165	177	0.30619379090332666
94	69	0.6276202224920148
94	45	0.5489729283935159
94	90	0.5460880694910913
94	82	0.5368218229826371
94	91	0.528808730623197
94	50	0.5128431886715523
94	180	0.5074504520848073
94	80	0.45617463971668093
94	66	0.45483528949988433
94	89	0.4023586403036133
94	60	0.391474314827482
94	65	0.3780307019789133
94	88	0.3768043972068257
94	73	0.3739006076534527
94	87	0.3554777895199772
94	92	0.34922426588338623
94	194	0.3456719820681475
94	193	0.3293241505062343
50	66	0.7699479844702876
50	89	0.6285406048958767
50	91	0.6073804479889149
50	87	0.6010823041205314
50	83	0.5650969781619097
50	82	0.5255811076163667
50	180	0.5215233847472116
50	88	0.49200328443845925
50	173	0.4820565896833709
50	191	0.46703387405383556
50	85	0.46514742515164115
50	179	0.4633509840161677
50	81	0.43373660758971544
50	64	0.40500368822222615
50	97	0.40270220769214105
50	182	0.3643997329496729
50	80	0.3555302065343987
50	98	0.35454264415477493
50	60	0.34609455714374926
50	190	0.3459625175063823
50	92	0.3451964174684802
50	193	0.3304113987738873
50	195	0.3302154023023031
50	170	0.32740597225324475
50	65	0.30957021422386183
50	177	0.30100102931259487
66	65	0.5948313911063567
66	91	0.5632017558810084
66	85	0.5530676006581884
66	89	0.5184370981617248
66	64	0.5052866052289988
66	173	0.49790748213551994
66	83	0.48187233922367056
66	67	0.4618261218498844
66	170	0.44742810972012487
66	180	0.4465078573173637
66	179	0.40591449527573464
66	87	0.3800516342278486
66	60	0.3667475554545927
66	97	0.35253011771170734
66	81	0.35248633081412856
66	191	0.3392988986139078
66	68	0.3390776607877294
66	82	0.3232749924383026
66	177	0.32069357554944705
66	71	0.31124196252080205
66	62	0.3030185422554999
66	54	0.3012647318168344
66	69	0.2998547532218028
66	4	0.29528839500744736
75	184	0.7678631976242928
75	55	0.661547241747443
75	73	0.7326896851476704
75	88	0.6323726320922477
75	185	0.6267527317285021
75	85	0.5856504370496248
75	81	0.5798057264117418
75	190	0.5668505344190211
75	193	0.5555130464755591
75	87	0.5538583942237713
75	186	0.5384285893569057
75	58	0.5228107786598283
75	161	0.49830598365105105
75	90	0.4916545564650878
75	194	0.48948283988637104
75	97	0.47972730160386406
75	83	0.4269084570443495
75	191	0.4186466973340698
75	158	0.4149863569969767
75	160	0.4125662952760883
75	56	0.4089002793093098
75	57	0.38759776880387464
75	163	0.3691511781502836
75	195	0.3615692667028745
75	92	0.35331801778081623
75	98	0.33937853504500887
75	14	0.33601188509081714
75	54	0.31978715508069955
75	80	0.3190148897741538
75	182	0.310193955626461
75	74	0.31011261318191624
75	162	0.30885574827922024
184	73	0.7514640904653217
184	193	0.7373422664192636
184	186	0.6501277787843659
184	161	0.5359171923650966
184	59	0.3652059674272236
184	185	0.7248787197344985
184	190	0.6143383404600744
184	88	0.5947086038636007
184	55	0.5916104025673499
184	194	0.565253510857447
184	182	0.5500688300456632
184	81	0.48458570798114237
184	191	0.48444796416337493
184	87	0.46638466267463696
184	158	0.45587366377281263
184	80	0.4473641227829665
184	58	0.4441830243449672
184	160	0.4415382812192736
184	90	0.44017674226644365
184	85	0.43246922988699876
184	57	0.42695752073770643
184	162	0.41729320395903957
184	56	0.41683887322076874
184	195	0.4118358158922551
184	83	0.39082212250980125
184	97	0.37040291199956227
184	163	0.3573808372342166
184	180	0.34693928603763396
184	82	0.3402542145318224
184	159	0.31831409652667997
185	194	0.7669588218808662
185	190	0.7320220223877091
185	74	0.5781437575274344
185	193	0.7124688061785283
185	195	0.6390048457040761
185	73	0.6036182502207776
185	160	0.5957223815061481
185	55	0.5819590933817406
185	81	0.5552917574641913
185	158	0.529348787326724
185	191	0.5209042991035262
185	182	0.5039822536541021
185	90	0.4926851218260441
185	161	0.4670495114949789
185	186	0.46499068299751417
185	85	0.44167512841685524
185	88	0.4347833369391101
185	97	0.4316152235193351
185	169	0.4045270741993542
185	87	0.404150644669784
185	166	0.39568287960894055
185	163	0.39204148704702196
185	83	0.378304938487486
185	56	0.37630663778021306
185	80	0.35479616494023625
185	180	0.3431777029013955
185	159	0.34274533798930706
185	4	0.3410851219758421
185	58	0.3390865110211194
185	57	0.3286642460611794
185	196	0.32362419077354637
185	59	0.32272863386503936
185	162	0.3170553898289822
185	60	0.31237043344963134
185	187	0.30154656975040167
194	193	0.7407458285422782
194	190	0.644539046128675
194	195	0.6401571703524636
194	90	0.6326426024335711
194	81	0.5736592467394614
194	160	0.5704367332945712
194	73	0.5475321258795177
194	74	0.5409233839298305
194	55	0.536529911594737
194	88	0.5215597844659743
194	191	0.5191021971067225
194	87	0.49556486805537137
194	158	0.49059223983324707
194	182	0.4773526263018734
194	92	0.4641908445811184
194	159	0.442254488694919
194	85	0.4330950085594129
194	97	0.425378046125818
194	161	0.4216605957305999
194	180	0.3573721144136713
194	83	0.35461258613191066
194	162	0.34897838997198494
194	64	0.34788893362309925
194	80	0.347484541223811
194	196	0.3462089804074169
194	169	0.34484403305719263
194	60	0.3406962528270361
194	56	0.3248501627682011
194	163	0.32152768127754966
194	4	0.31914063628724526
194	57	0.30491543388026643
194	58	0.3017192830895032
126	128	0.766299174302856
126	123	0.7589822348449774
126	144	0.5880303264063463
126	125	0.5488331873077863
126	131	0.5269621097979839
126	118	0.5099335766155035
126	7	0.5052344754039885
126	21	0.5043998967962754
126	29	0.4667914563624954
126	15	0.4612201346693551
126	18	0.4584049359722524
126	120	0.4428093628512941
126	17	0.4308174521982362
126	116	0.4293177758569664
126	157	0.39073739339182656
126	127	0.3884387161292453
126	115	0.378887470596843
126	117	0.37397802289834264
126	119	0.37043742355552783
126	16	0.3694102676718513
126	14	0.3590021964241854
126	150	0.35409667080211665
126	152	0.3355682625900305
126	135	0.3266647425731995
126	24	0.3169384531454667
126	22	0.30494264442869623
126	148	0.3027460635649308
128	125	0.5970882978707365
128	29	0.5812642792717136
128	123	0.5704502251793103
128	21	0.5680573666974759
128	118	0.537234551382236
128	131	0.4920108637288498
128	144	0.4287955932533131
128	15	0.4151601769744449
128	120	0.4043263288304463
128	117	0.3969809775751612
128	16	0.3952188893972541
128	18	0.39431563960035987
128	119	0.3882009379721641
128	17	0.3583661141193026
128	7	0.3580348710101147
128	116	0.3548923143523176
128	157	0.34324827928876406
128	115	0.33244984965715796
128	122	0.30853005315424636
128	127	0.3007008980458325
131	21	0.5799849311896164
131	29	0.5793009968557415
131	122	0.5438172973940285
131	125	0.4900757305110755
131	156	0.486313112572438
131	52	0.48494525911006
131	157	0.46400253715984074
131	7	0.4450014087481445
131	127	0.4294482766912136
131	17	0.402442447683729
131	123	0.3899066977619745
131	135	0.38026550409182547
131	118	0.37394361676613996
131	144	0.3682266249860346
131	43	0.3518205800207787
131	15	0.35100542682334285
131	18	0.35011954992525185
131	16	0.3462089804074169
131	14	0.34245407159693003
131	155	0.3411734850555711
131	117	0.33017976352005984
131	115	0.33000155548954657
131	120	0.31393979787714155
131	148	0.3128035323403781
131	152	0.31204552403008246
131	24	0.30612128949852985
131	116	0.30417148624318535
131	77	0.29672995276770386
17	18	0.7645598872932708
17	16	0.7501202550952288
17	152	0.7415345726146798
17	120	0.7402715994708186
17	115	0.739139511800916
17	116	0.7098294365751828
17	154	0.7029558564408873
17	14	0.6996374506160794
17	157	0.6824630739350466
17	15	0.675717048627223
17	144	0.6312491087167839
17	119	0.6211037185256697
17	155	0.6205629005193535
17	118	0.6063381074885814
17	125	0.6026448151158202
17	150	0.6019183424142525
17	117	0.6001489836271724
17	48	0.5683079190310578
17	49	0.5499293298441383
17	21	0.5356106208482457
17	46	0.5305569587231274
17	29	0.5113529233032326
17	51	0.5009772540965234
17	148	0.4885850420158614
17	40	0.47726768705044087
17	122	0.4624552625793109
17	123	0.4483074654674193
17	151	0.41688844670208625
17	52	0.4160618983761484
17	43	0.4029702790362702
17	7	0.3784248960857173
17	186	0.3554603166849323
17	153	0.35319548842779713
17	77	0.3351955046206563
17	135	0.3332768074419347
17	127	0.314570668397661
17	146	0.3056408780287564
17	22	0.3038356809742519
18	116	0.7453277022159507
18	118	0.7179105946781925
18	120	0.7262520264312046
18	115	0.6710055586222596
18	16	0.657160935504481
18	15	0.6565924225846561
18	14	0.612204613399508
18	144	0.593096879539345
18	152	0.5828577816624552
18	123	0.5726654494139758
18	125	0.5426259996219746
18	117	0.5393794295985509
18	154	0.5339755705462722
18	49	0.5264057047207406
18	48	0.5002203593661919
18	7	0.4955422352550512
18	21	0.490827593001159
18	148	0.484111155917232
18	119	0.45585782004430636
18	150	0.4459712742819847
18	157	0.4356182550985144
18	43	0.4294401209144126
18	135	0.4293177758569664
18	22	0.42746436501495866
18	40	0.42316406420340963
18	127	0.41962764275619835
18	155	0.41271564621274637
18	29	0.39977407433952844
18	122	0.38583733918029567
18	46	0.3736081030456199
18	51	0.3431600581990078
18	24	0.32899423844808573
18	77	0.3232033511233267
18	186	0.3230511010285275
18	151	0.3103204792904568
18	146	0.29937233042159145
115	116	0.7633941398448121
115	152	0.7208921833992863
115	15	0.6727938305030092
115	16	0.6624965598592477
115	14	0.6347729529239458
115	120	0.6284740572571973
115	118	0.6093520019707748
115	154	0.5766505467119164
115	119	0.5716363054505127
115	117	0.5466562661701216
115	150	0.5388119289763474
115	144	0.5343543444628482
115	125	0.5294063680770854
115	155	0.5084669615971854
115	157	0.5068562157442348
115	21	0.49701196707100026
115	46	0.47028795470169005
115	49	0.435845093710406
115	148	0.4328268687707699
115	48	0.43173727186155525
115	122	0.431680317935443
115	40	0.4187126739196834
115	123	0.41199357788521146
115	29	0.3773791243847942
115	51	0.3629592896380059
115	186	0.3345118424424591
115	7	0.3325921584218533
115	43	0.31958963922942113
115	52	0.297112924577473
116	15	0.7282448129287727
116	118	0.6596704712763924
116	152	0.6530796307640273
116	16	0.6298213621812134
116	14	0.6187826468470384
116	120	0.5922794916609888
116	148	0.5369570554305916
116	154	0.519898027364526
116	144	0.5117442318548534
116	125	0.5063209908345054
116	150	0.4977344820547989
116	119	0.4809504477269346
116	123	0.47387831934999924
116	21	0.4637121477099204
116	117	0.4566259080071384
116	46	0.44953710700009475
116	48	0.43680044801500084
116	49	0.4286078638441708
116	157	0.41113804600937354
116	43	0.41018198406318884
116	155	0.4037489688955434
116	40	0.3777221065913633
116	7	0.36876243626603594
116	122	0.3523549608612085
116	22	0.3307320588088535
116	186	0.32426863301694037
116	135	0.32361523807074205
116	77	0.3226569643164964
116	51	0.3160656215679322
116	52	0.3143634129883726
116	29	0.3091090166455434
81	97	0.7628512031301224
81	85	0.6439365398521998
81	195	0.5859328817374602
81	87	0.5677321688540488
81	190	0.5651446228555299
81	92	0.5392021382376847
81	55	0.5382510417978933
81	83	0.5275541488065123
81	98	0.5264273912892773
81	88	0.4724269633561661
81	64	0.46400253715984074
81	90	0.4529138161226076
81	160	0.43842552185313743
81	73	0.4306545589003768
81	193	0.4265813015278934
81	191	0.42432908705448547
81	54	0.4178463796917214
81	74	0.4142659229731385
81	182	0.4062902816487941
81	158	0.4008153816640733
81	58	0.399664845173802
81	80	0.37312616875365673
81	60	0.37270431099592294
81	76	0.3656738523943108
81	57	0.3595857046581638
81	56	0.3490925526229363
81	161	0.33857309830965643
81	166	0.3364819622194373
81	163	0.3317825755828004
81	162	0.32369581030982014
81	99	0.3217697476438338
81	63	0.3178916555735002
81	181	0.317585981282627
81	91	0.3092627653394849
97	83	0.6469934089415551
97	190	0.6199845557390306
97	85	0.5964251001065302
97	87	0.5787559215613944
97	195	0.5539554404212388
97	98	0.5186710506931242
97	191	0.5140140500038303
97	55	0.5124229805191693
97	64	0.46044037565244733
97	54	0.44548246449585377
97	58	0.39788196904816847
97	177	0.391067799498155
97	99	0.358949928253007
97	92	0.3512070734343828
97	160	0.3509528180040266
97	158	0.34534615138381625
97	161	0.33818347825913364
97	88	0.3245370618520645
97	182	0.32187731919726503
97	57	0.31155802303221153
97	63	0.30799611859091625
152	154	0.7617201194745462
152	46	0.6327925195538551
152	155	0.6806370589515841
152	14	0.6539848054454818
152	150	0.629917884461981
152	157	0.6148486057865742
152	16	0.598283851878647
152	51	0.5912592919812631
152	148	0.558231219791651
152	120	0.5521298441508864
152	49	0.5473150243797079
152	48	0.5441130201863517
152	144	0.5389609452709783
152	15	0.5190218338982221
152	117	0.5097633640732628
152	118	0.5084447174174102
152	125	0.5022569838041101
152	119	0.5018306511813503
152	21	0.47884147232089147
152	153	0.47059164238970347
152	122	0.4688926772868273
152	40	0.45605584588425
152	151	0.42636859055844223
152	52	0.42316406420340963
152	123	0.37940122031396933
152	47	0.37287651645659636
152	29	0.37225645666111024
152	147	0.3722219991428283
152	156	0.361464950057407
152	43	0.3418360158927018
152	22	0.3388121258826226
152	146	0.329350896610099
152	77	0.3172262799495737
152	33	0.30844861806463364
154	150	0.6791636658894653
154	48	0.6435559058619001
154	155	0.723008416485497
154	157	0.7053506441907682
154	49	0.6981796014630572
154	51	0.6325766238752096
154	153	0.6073993803136777
154	46	0.6042217667179267
154	14	0.5876049206498948
154	148	0.5687207617871406
154	125	0.5673525472973538
154	40	0.5411638563378579
154	144	0.5301257159074201
154	120	0.5264996749039987
154	146	0.5250453135982946
154	16	0.5169731362188112
154	119	0.5067596067981363
154	147	0.46578193262689305
154	47	0.45040640956600164
154	21	0.44976049546530394
154	118	0.44793984028961087
154	52	0.4263522262223999
154	15	0.42618856751349204
154	117	0.42432908705448547
154	122	0.40566389473977815
154	77	0.40425940504827995
154	156	0.38055630185307376
154	33	0.3665657872496061
154	43	0.348969607800504
154	29	0.3398385613687285
154	135	0.33466281116649954
154	22	0.32555661449705997
154	123	0.3225404934088939
154	151	0.30063722617780936
154	188	0.29876225608528584
70	199	0.6968085530938578
70	79	0.5187295266939085
70	0	0.4605506877932894
70	156	0.4585944826947387
70	5	0.4545179818439493
70	37	0.4465078573173637
70	35	0.4188775960458274
70	98	0.4188198764443332
70	52	0.40936654080855894
70	105	0.3945520777388121
70	41	0.36616753054268186
70	6	0.3635755957050838
70	114	0.3604734908137906
70	30	0.34518760904374035
70	147	0.3375545286736905
70	31	0.3287356025699094
70	145	0.32731668879741543
70	71	0.30131019311007046
70	67	0.30122836179611906
123	144	0.6935376513642953
123	120	0.5647974109177225
123	127	0.5434650702762537
123	7	0.5427670957125187
123	118	0.513918390969926
123	22	0.5005501897707514
123	125	0.49586657441787074
123	24	0.445073583494501
123	21	0.4377063144842502
123	135	0.4263604084253065
123	15	0.42600032550456335
123	119	0.394695603982423
123	150	0.3754135595411402
123	14	0.3576337719046463
123	16	0.3489432609182992
123	117	0.3474493705552348
123	49	0.34074044837730183
123	40	0.33668590580696645
123	157	0.3340499491893561
123	2	0.3122079878693953
123	48	0.29565347377207707
33	34	0.7584985181209909
33	22	0.6713352767612499
33	42	0.6408177191315402
33	146	0.6270258861259169
33	31	0.5824284391391299
33	49	0.5689845603740438
33	147	0.5622724314901182
33	77	0.5376043651361423
33	137	0.46838543198274724
33	37	0.4481076879770446
33	47	0.4454423863344899
33	153	0.4359179943654897
33	67	0.434450782661763
33	40	0.3911948519407136
33	48	0.38643296889506645
33	24	0.38118040749967347
33	78	0.3756798385879203
33	189	0.3647032187228526
33	41	0.3586275581221331
33	140	0.3528540927698254
33	135	0.3516365597489493
33	62	0.3449233280293405
33	145	0.33751908591754803
33	171	0.33306344800346155
33	150	0.3318003738711455
33	52	0.3103204792904568
33	46	0.30959733896041736
34	31	0.6140082611635626
34	22	0.6419302468839857
34	42	0.6146806483863649
34	37	0.5343329101562126
34	41	0.5280375079209063
34	147	0.5279437485546046
34	24	0.5256462433400598
34	146	0.5177128159130112
34	140	0.4480037859899268
34	141	0.44711613014266705
34	145	0.4419487611625256
34	77	0.4340450683053904
34	40	0.4338259093097545
34	49	0.4175326762233429
34	137	0.40716658211016404
34	135	0.39968165039970127
34	67	0.39943794833187524
34	62	0.38213726427288947
34	78	0.3805477500515184
34	47	0.3761950411906848
34	79	0.3593941359198497
34	134	0.3509966588406636
34	2	0.34399791391999984
34	52	0.3363312010159101
34	153	0.33324124990514875
34	35	0.3320317301203627
114	101	0.5612800410110572
114	0	0.5975642667969681
114	2	0.5796331058100627
114	141	0.5539900961298253
114	10	0.5050408180568722
114	30	0.4731180359655341
114	134	0.431371079424119
114	105	0.3893468917574187
114	79	0.3885321148281241
114	100	0.37365112309121906
114	37	0.35434153887112985
114	181	0.3466753686370159
114	135	0.3446501801831084
114	140	0.3320762171282804
114	31	0.31950882928367264
114	106	0.3181163739336249
157	155	0.7236425605613731
157	150	0.6621653824475536
157	51	0.6536871062185051
157	14	0.5882788745833001
157	125	0.5557135216976313
157	16	0.5456668588385536
157	144	0.5217708653970287
157	40	0.5197520709817565
157	43	0.5029744660429842
157	49	0.5022270736863347
157	148	0.5016435862171307
157	48	0.4885926548252333
157	29	0.4781783880976781
157	46	0.4745294290618645
157	21	0.4741729332321996
157	15	0.4666975984171434
157	120	0.4420775010647977
157	117	0.4394266280876052
157	52	0.438966577491133
157	119	0.4287629473198249
157	118	0.41744184874105916
157	153	0.4159957447746326
157	156	0.406682622957116
157	122	0.40349784245443
157	151	0.37118779675576435
157	186	0.3671629204929915
157	77	0.3638966432330629
157	146	0.3502599286682807
157	47	0.34228634289578597
157	189	0.3042168595384322
157	147	0.302173697235986
190	191	0.7561273218343709
190	195	0.6983077154097773
190	83	0.6499198899441441
190	193	0.6301289591280569
190	87	0.5883769551226158
190	55	0.5745843765680916
190	182	0.5152637989852733
190	160	0.5057407233246122
190	158	0.49463637154569867
190	85	0.4808889504275471
190	177	0.4469961090191352
190	88	0.42886088176067644
190	161	0.4216030398679207
190	173	0.3999000938851041
190	73	0.3886764425690972
190	166	0.37352205813266515
190	179	0.36985922013875927
190	98	0.34663137706507385
190	186	0.3463585952884334
190	180	0.3446413679902044
190	163	0.3366770393511064
190	74	0.32908341179314354
190	58	0.3239374988569279
190	159	0.32245089375622976
190	90	0.3168484952929646
190	64	0.312433601798155
190	56	0.29840702567822314
191	87	0.7072849427685876
191	83	0.6590373887465074
191	179	0.5956772215839353
191	173	0.5257909673287785
191	193	0.5164380350650377
191	177	0.5090006183065237
191	89	0.5083038218537879
191	182	0.4943568465028716
191	195	0.49252608048549507
191	180	0.4707395524290917
191	55	0.3981260309622793
191	88	0.3977388720808973
191	192	0.3707652323191358
191	91	0.36856369613223655
191	82	0.35589706300717483
191	98	0.3553292625037417
191	73	0.3522936501303799
191	71	0.34561034481515224
191	159	0.33635780718714425
191	161	0.3343430923720188
191	85	0.32004747442271436
191	64	0.31526430512512266
191	90	0.3098866381254088
191	158	0.2954344368684903
147	146	0.6558123470149292
147	135	0.5425766087542842
147	153	0.5312894415725734
147	31	0.5212321186582506
147	148	0.5035046584633083
147	156	0.5020176692139926
147	52	0.49888456372099915
147	40	0.47633276677452946
147	49	0.4657427793555195
147	155	0.45040640956600164
147	77	0.45035858022952735
147	145	0.4449051667597225
147	150	0.4440947228724045
147	141	0.40185565442079835
147	22	0.3940960431459707
147	137	0.39331864826243723
147	51	0.3914912496521053
147	144	0.3535455401332362
147	47	0.3460241377095557
147	79	0.3319694458277256
147	42	0.3302777679057812
147	0	0.3213124758869626
147	41	0.3133627592623618
147	37	0.30551395088689354
147	24	0.3035724294610224
147	188	0.2975140306355405
120	119	0.6333737490262106
120	144	0.6326905810722092
120	118	0.6151843533232905
120	16	0.6084899773927738
120	117	0.5973134707523006
120	14	0.5149772851692149
120	15	0.5065217459297119
120	48	0.4987568634792701
120	125	0.48648106450317746
120	49	0.4774221154186274
120	21	0.44721213545108346
120	127	0.43883739908441954
120	150	0.406682622957116
120	7	0.39591058274275653
120	29	0.39343698380729347
120	155	0.3556175632555364
120	22	0.3480822929448846
120	135	0.3433188518002033
120	40	0.34086418790622225
120	122	0.3022645635956106
73	90	0.7017194567306799
73	88	0.6632869696122928
73	193	0.6425941209203807
73	80	0.5487423391492089
73	82	0.5075098491964876
73	186	0.505584419199182
73	87	0.49920747353296213
73	55	0.4892622906862471
73	161	0.4224167283470941
73	92	0.41467174859707384
73	182	0.38153932464616586
73	74	0.36931527484623344
73	58	0.3636450187085915
73	158	0.36282035988240574
73	59	0.3611171625548067
73	85	0.3540092061505413
73	56	0.3525126031378993
73	162	0.34320416950083205
73	160	0.3265575435540221
73	57	0.3246444187540521
73	159	0.3081590344675823
73	163	0.302800563264151
73	60	0.29474974641588186
16	117	0.7030216113298614
16	15	0.6303339139581035
16	118	0.6242629930243905
16	14	0.584071388074263
16	29	0.5518725851326616
16	155	0.5312750867894589
16	46	0.5200804301632976
16	119	0.5163573683896825
16	21	0.5004677457858479
16	125	0.4879148235272741
16	48	0.47488576929116383
16	51	0.4473241286213199
16	151	0.44488110465679137
16	122	0.44395021094422693
16	150	0.43949117815734823
16	144	0.42429628870477604
16	148	0.39867286155665177
16	43	0.3664445928974929
16	49	0.35767737602915417
16	186	0.3556175632555364
16	40	0.34319534736157403
16	52	0.330170853677404
144	40	0.6395429549025712
144	150	0.6050591875222979
144	127	0.5965861453653072
144	125	0.5877162120093418
144	7	0.5850390816321581
144	135	0.549000872928825
144	119	0.49144979482340595
144	49	0.48770907286355286
144	118	0.4787258573909172
144	21	0.47065392352534097
144	14	0.47052157050657056
144	15	0.4659385274752426
144	155	0.4483234457324637
144	24	0.42890984520135317
144	146	0.412599486290411
144	48	0.37109294872529014
144	22	0.3622210405836458
144	117	0.35813948383874467
144	51	0.35415789237287276
144	52	0.3365174329375722
144	148	0.315588487348457
144	2	0.304997064031956
144	122	0.2997273356759134
51	155	0.7493013196512719
51	46	0.5100223673114873
51	47	0.5077102788405138
51	48	0.504727879511362
51	14	0.48166500651042937
51	150	0.4798889562763341
51	40	0.47818610151508545
51	153	0.47033468313746446
51	52	0.45803361948944077
51	49	0.4286813275870447
51	151	0.4256564840410982
51	148	0.4090168647131167
51	156	0.3839291629947542
51	117	0.36431300850626297
51	43	0.3615605739947909
51	89	0.3466665704446273
51	29	0.32098063588275155
51	125	0.3164796085096109
51	146	0.3136422912711251
51	122	0.3098052785320899
51	77	0.3092898957840229
51	15	0.3091542385273726
51	145	0.3087833778410721
51	192	0.30732616360969994
155	153	0.6323606298433679
155	46	0.6047801957784125
155	150	0.5757888645528518
155	14	0.5438243399831999
155	47	0.5410719214521598
155	52	0.5341828507686319
155	156	0.5249439003058233
155	40	0.5193797448500231
155	49	0.4999953917353015
155	148	0.4960400013938716
155	48	0.4951800189373196
155	122	0.4809427608232964
155	117	0.454525915941929
155	125	0.4524367650969543
155	151	0.450310748308141
155	146	0.42685939083744334
155	21	0.41968531494694544
155	29	0.3764525553075942
155	145	0.36779434085646956
155	15	0.36363634105403225
155	192	0.35086513171499034
155	89	0.34984752135554875
155	179	0.3479153025465835
155	43	0.32827171820428797
155	77	0.32373161868705574
155	118	0.32263904635120405
155	168	0.3092627653394849
155	119	0.30444370530672266
105	6	0.6431925427313374
105	5	0.49146496421628744
105	8	0.4392652330577969
105	0	0.3630982032582728
105	106	0.32861964633763174
193	88	0.7040871839995649
193	182	0.6356498171245213
193	180	0.5998865923866471
193	160	0.5905759349169941
193	90	0.5445844887234974
193	158	0.5319279205617874
193	80	0.5284700766556253
193	55	0.5152417635481343
193	186	0.5009248207324929
193	87	0.4787104408122437
193	159	0.472885155121269
193	195	0.459801861979155
193	162	0.44223035604572614
193	161	0.43629050837286465
193	85	0.41721887319327144
193	57	0.4063236782343096
193	82	0.4018640395074322
193	4	0.40016888505202464
193	56	0.3722219991428283
193	60	0.36742244931534196
193	74	0.3639226703259113
193	91	0.3623947871779464
193	163	0.3571627480192391
193	59	0.34974220412924173
193	92	0.3372355094219087
193	170	0.33463617087495745
193	8	0.3085571971791848
193	189	0.3038538345415147
193	83	0.3031366009734138
193	76	0.29959990743622944
170	172	0.7203586076057346
170	173	0.656734620837771
170	180	0.6545967421462745
170	175	0.6437140540431424
170	169	0.6247753726228503
170	179	0.5851508844879479
170	171	0.5808536095862722
170	166	0.5647020628351695
170	60	0.547896130665453
170	45	0.511596593177941
170	187	0.499470204781572
170	196	0.4367599868629314
170	168	0.4292606761037706
170	62	0.4197676979128205
170	182	0.4185394759566844
170	91	0.3725579161673799
170	65	0.3659770125035143
170	76	0.35181181776715675
170	177	0.3446413679902044
170	80	0.34408607743042147
170	4	0.314102048231353
170	137	0.310193955626461
170	67	0.30771549890548633
170	189	0.2971858607564988
45	60	0.706143678870781
45	80	0.628667624836879
45	180	0.6085277604101378
45	169	0.5969080917896691
45	189	0.5794936434891911
45	76	0.5498456149922084
45	91	0.5390177045115341
45	182	0.5019578285500508
45	69	0.49675591091589605
45	172	0.479226735470992
45	82	0.4703268952479772
45	196	0.46449675466067686
45	171	0.45257990761332567
45	62	0.44812367182379237
45	65	0.4380781096628014
45	179	0.41525948906961146
45	159	0.4064238614772304
45	74	0.3914658473157258
45	64	0.38753828343215063
45	90	0.37326388482875666
45	89	0.36568251518896966
45	173	0.3618387094696206
45	187	0.352696493843772
45	188	0.35168913974333416
45	67	0.34759883914415757
45	166	0.31494905740650186
45	175	0.30059174463126315
45	137	0.29793325651692804
172	175	0.70173975975295
172	180	0.6865340229569078
172	187	0.644398727765286
172	171	0.5859394485255639
172	166	0.5825077268508129
172	60	0.5732364174894219
172	189	0.5340613494602062
172	76	0.5160933042900508
172	188	0.5147494613033514
172	168	0.49658264740298325
172	169	0.4919729665310911
172	182	0.4798735619967925
172	62	0.4737309726108261
172	91	0.45413706033407303
172	179	0.45080488682754966
172	137	0.44526602121632514
172	67	0.4065657710106616
172	80	0.3901695375416103
172	68	0.3801628516305276
172	173	0.37022170955407985
172	65	0.3482580484505328
172	159	0.3439009270525562
172	35	0.34104977505602596
172	196	0.29541618239076245
49	146	0.6085277604101378
49	150	0.5827521275213259
49	48	0.5616703459865341
49	40	0.5595240119777568
49	125	0.5333604999683662
49	77	0.5196133843086203
49	42	0.46791693132337325
49	148	0.4616608953351028
49	22	0.45712440498789236
49	153	0.4502469683922178
49	46	0.4450575451616328
49	119	0.4380134603916382
49	14	0.42495204410472864
49	118	0.38453434278972115
49	21	0.38389505853511235
49	43	0.38081282562919216
49	47	0.3709463501744362
49	122	0.36242953347498186
49	135	0.36197775305835034
49	52	0.33797976707256405
49	15	0.3364198861651785
49	189	0.29929949858081756
49	188	0.2990263481198285
49	145	0.2960823309887496
15	14	0.7006621282112453
15	118	0.5883900312199143
15	43	0.5195038754844766
15	125	0.5127915973890916
15	117	0.46711987636488295
15	186	0.4650768947906415
15	21	0.4594232589697889
15	150	0.45363684878237903
15	148	0.44952912780033116
15	119	0.4227863619078397
15	7	0.39855510659209764
15	29	0.3734015844554192
15	48	0.37054957904881897
15	46	0.3501107757315243
15	122	0.3496105451646271
15	151	0.3178197381530725
15	40	0.3043529711416506
91	180	0.7249641277411973
91	60	0.6148921411962023
91	65	0.5882265578840093
91	89	0.5647429281453307
91	82	0.5636112997076854
91	69	0.5393368840318542
91	64	0.5381231779642821
91	76	0.5276479616327189
91	189	0.5118549410319803
91	159	0.49951523520290886
91	87	0.48404224564001247
91	54	0.47978119011427744
91	179	0.47946550592969833
91	80	0.47856396859199485
91	68	0.45227769051011935
91	88	0.45062160958823544
91	92	0.4400880510845115
91	67	0.4212082795899627
91	182	0.4116448078129384
91	90	0.3901695375416103
91	62	0.3621776000010394
91	74	0.36184740016565725
91	168	0.3611171625548067
91	47	0.35270524986472185
91	169	0.32527050057497414
91	35	0.3215456135612362
91	83	0.29984565232324395
180	179	0.6592692506684844
180	189	0.6418479299085386
180	60	0.6179426735611884
180	182	0.5903414458495929
180	159	0.55253290356025
180	80	0.5435778037873978
180	82	0.5322505170301784
180	169	0.49573082136129665
180	89	0.4891786177182012
180	173	0.4869541901670203
180	76	0.4841647486482159
180	175	0.482110321371267
180	168	0.4327537264406002
180	171	0.4229341759619586
180	88	0.4164669930803288
180	65	0.4031461632900829
180	187	0.4015872960701724
180	64	0.3831530275042387
180	186	0.3723512095451192
180	87	0.37229091315324475
180	69	0.35266146914233787
180	188	0.35022483545733496
180	90	0.3468865069511207
180	166	0.34525807473884423
180	196	0.3326810937092545
180	74	0.3197512451743598
180	177	0.31581357056201337
180	67	0.3128125538516598
180	192	0.30295496832370467
180	4	0.3002460402107004
180	158	0.2966296348468377
21	125	0.7210026374092692
21	122	0.6216255385564993
21	118	0.5600389954320063
21	29	0.5329310466415917
21	119	0.4693684263428008
21	14	0.4592733491347682
21	117	0.44871487269617616
21	148	0.41957820675308877
21	43	0.39046621572151113
21	186	0.36804508502859884
21	150	0.3653532844618546
21	52	0.3555651499683319
21	7	0.342851236709238
21	48	0.34024537223104157
21	46	0.3255387341228258
21	127	0.3189879426312627
21	156	0.30649282164682007
21	135	0.30031882664746495
21	40	0.295817731053141
125	118	0.5925650674223198
125	119	0.5433805072757283
125	122	0.5208970124784585
125	150	0.5089265226982432
125	29	0.4510120240325248
125	14	0.43809427127259504
125	148	0.4345643511058773
125	48	0.4332249881455118
125	40	0.4235826492398753
125	117	0.40349784245443
125	43	0.3610649857606587
125	7	0.34907498981252366
125	127	0.34590089431857735
125	135	0.3225584126459001
125	52	0.32095372648069614
125	156	0.3014283860615269
118	117	0.5646271359073936
118	14	0.49027326003984784
118	119	0.48645053046206926
118	148	0.47421169031475874
118	29	0.4397573992135147
118	43	0.4360718769638171
118	48	0.4047946740605724
118	150	0.39387640168508187
118	122	0.3878356780094887
118	186	0.37497535270340104
118	7	0.32892289554724014
118	127	0.32650394089358037
118	46	0.32498432708546227
169	187	0.6045010555137752
169	196	0.5932394728714049
169	171	0.5858934793927937
169	74	0.5286790532424269
169	60	0.5238128581123624
169	65	0.512570449941666
169	175	0.490827593001159
169	166	0.4774529975538066
169	167	0.4752419538712436
169	189	0.45653883942832
169	159	0.45378773636120306
169	64	0.4449693292272959
169	173	0.38102655067538893
169	76	0.38069312182525306
169	179	0.37959809571492686
169	137	0.3783820555452554
169	62	0.36704178747263133
169	188	0.34899595413105905
169	182	0.34081115812540447
169	63	0.29514233934592315
55	85	0.7168087490020139
55	160	0.6306712951595324
55	158	0.5656820659232601
55	88	0.5365085471812449
55	87	0.5038778060208988
55	54	0.4793114685949096
55	83	0.4733508507111062
55	58	0.4437012751473574
55	161	0.44348440429346453
55	56	0.41123775695035436
55	57	0.404619069468466
55	195	0.40430959829076013
55	90	0.3995135860518282
55	74	0.37420163766426295
55	64	0.3581656356410605
55	162	0.34267473400285975
55	163	0.3399358538040695
55	99	0.300045859481792
85	160	0.6103004506697791
85	88	0.5935957933849145
85	54	0.5237040065470498
85	87	0.5235007711987271
85	83	0.5224109958548776
85	58	0.4734206822434761
85	56	0.4431148009911675
85	158	0.4255909764859331
85	57	0.4121596164599885
85	195	0.39445075350302156
85	64	0.3863819275380509
85	65	0.38053064625314587
85	162	0.3800430785877799
85	161	0.3716446832282785
85	4	0.3611693370879714
85	74	0.35935930198490107
85	98	0.3449233280293405
85	163	0.34211859237695064
85	99	0.3384048675207319
85	106	0.32924390902380934
85	90	0.32276446725159724
85	5	0.3132725760585459
85	30	0.31204552403008246
29	117	0.5108875069715135
29	43	0.3841167187974535
29	122	0.3823934262318717
29	14	0.3608214641661326
29	151	0.34278946351474376
29	119	0.3392281065918944
29	148	0.3225942504263072
29	127	0.3043529711416506
5	106	0.708840718335682
5	6	0.5459125985840148
5	199	0.44126452519102766
5	0	0.43152571135699586
5	30	0.4253125196146447
5	99	0.37060996599303797
5	101	0.3417830259176382
5	58	0.311115519030288
5	57	0.3050968281315028
5	79	0.30202829963850225
5	161	0.2944118542244696
106	101	0.5187002893001467
106	99	0.48888188645376834
106	30	0.44024123954993527
106	199	0.4126741620669546
106	0	0.4063570737342566
106	58	0.3494876510049774
106	56	0.33260105221683445
106	6	0.3306786207701807
106	181	0.3225942504263072
106	160	0.3131823872041681
106	161	0.3101306896731418
106	163	0.29746845568754043
87	83	0.6709230875910555
87	88	0.6521783327886524
87	90	0.5289023711577724
87	82	0.5256679538784972
87	89	0.5048396585129734
87	92	0.45313635123685453
87	54	0.42359085498250953
87	195	0.37747345481820943
87	58	0.36756949025591695
87	161	0.3534055313263444
87	98	0.35321299336308065
87	64	0.33477824624807834
87	182	0.3306429942329718
87	159	0.3289407316244796
87	179	0.31238848183111945
87	158	0.31013972783466454
87	192	0.30683708515192415
87	177	0.30341808805475196
35	68	0.7063040781740538
35	37	0.6526607856478087
35	62	0.5585890723925897
35	67	0.5477001538531915
35	65	0.45000775278732785
35	137	0.4156649107259227
35	140	0.3956407070216879
35	69	0.38747879483293907
35	47	0.3715153939873851
35	76	0.3623513528900532
35	171	0.35963794541825966
35	31	0.35771225820586006
35	63	0.3550758514745725
35	60	0.31477789381874216
35	199	0.3097781576593506
35	175	0.2994633653167329
35	98	0.2972314441073328
68	67	0.5301185262020525
68	47	0.5157484062360506
68	65	0.5097115523326412
68	69	0.48717539285213945
68	54	0.4753116239488179
68	37	0.4622351162424395
68	62	0.35765993456649464
68	64	0.3553642116515932
68	63	0.34064321617913795
60	76	0.700157796687402
60	80	0.6863542328449362
60	182	0.5593110258488085
60	65	0.5081406456195062
60	74	0.49010612294641015
60	166	0.47939619278431567
60	92	0.47751475828545725
60	64	0.47637915187450713
60	69	0.4500476265412413
60	62	0.44149802813333233
60	187	0.42520602952345504
60	90	0.42434548581183146
60	159	0.4128981561133514
60	189	0.4092083688912065
60	175	0.40349784245443
60	196	0.39150818421153744
60	82	0.3847473556423978
60	179	0.355661239286337
60	171	0.35328301063095613
60	177	0.31511119348954464
60	173	0.30655624463652764
88	90	0.6243179165528354
88	82	0.5332173793878868
88	92	0.4466279438835269
88	57	0.4373424569085521
88	54	0.4353508385431934
88	58	0.4335985790790918
88	162	0.4277013451539779
88	161	0.42636859055844223
88	160	0.4247881470251918
88	80	0.4246979917595816
88	56	0.399664845173802
88	158	0.3854031777156042
88	83	0.37184289873443177
88	186	0.3614910300672852
88	182	0.36001227154351345
88	163	0.3565344335167995
88	159	0.3556262985859587
88	4	0.33508898305965995
88	74	0.3093531981966293
88	8	0.30319108647442444
88	107	0.2949049694763416
119	117	0.4779623824621757
119	14	0.44560268826738897
119	150	0.42570561177980243
119	48	0.39693043200507755
119	46	0.3323520035986519
119	40	0.3178916555735002
119	122	0.3064293959356374
117	151	0.44582706297495134
117	14	0.4401444919212042
117	46	0.4287711089081809
117	48	0.40821715395120184
117	122	0.38061616264142645
117	150	0.3235167545158079
117	186	0.30616660329272205
175	166	0.7007028517350512
175	187	0.6537386455712558
175	171	0.5514760615518497
175	196	0.5486095377542021
175	62	0.5085929991306885
175	137	0.45712440498789236
175	179	0.41468002903614604
175	173	0.41165311326427106
175	195	0.3816845679404792
175	65	0.37165330199854135
175	76	0.3647205584276184
175	188	0.34239227935114136
175	67	0.3369873297746656
175	182	0.30555021689271594
175	168	0.30367228894182313
90	92	0.6496945672300043
90	82	0.516291361566251
90	80	0.4753812880659475
90	74	0.4717042101470058
90	69	0.4697036267797172
90	159	0.3554341069665468
90	8	0.3534667871280045
90	107	0.33271666616745976
90	4	0.3309814082768129
90	158	0.3243312710847837
90	160	0.32072048995941865
90	54	0.3056046142392808
90	64	0.3013011009609999
90	182	0.2972679098125085
166	187	0.6233283486091191
166	196	0.5416586679915263
166	195	0.5258777871135158
166	76	0.48601529127507015
166	182	0.47418843628576285
166	62	0.45550918493338866
166	173	0.4422062227561934
166	199	0.4356425618829274
166	177	0.37940978082863064
166	181	0.35740700532176484
166	179	0.33938738323707923
166	171	0.3246086340493241
166	64	0.3134258841422672
166	65	0.3070907016368814
14	186	0.5866416502186182
14	46	0.5114341557343376
14	43	0.5086152387861909
14	150	0.48053524913463075
14	148	0.479912047141585
14	48	0.47269103726893397
14	122	0.4330381368253961
14	40	0.4089918832504577
14	151	0.38567561271215894
14	52	0.3500844527817123
14	77	0.3445884935572566
14	7	0.31853874767858076
14	153	0.3049698544792711
10	2	0.4858319605014205
10	7	0.44513773397065165
10	107	0.41456409664013194
10	0	0.41255799735133414
10	101	0.31714533456491406
10	135	0.3089009779870475
76	80	0.5475181215547408
76	182	0.532099991236435
76	187	0.4960173827277749
76	64	0.46542948754147695
76	189	0.4365495603865404
76	62	0.4321602503859264
76	74	0.4113623817879426
76	65	0.3978483009148004
76	69	0.3707911080255888
76	159	0.36325446178895293
76	92	0.3576163298181871
76	188	0.34525807473884423
76	57	0.32056796812257426
76	196	0.29613707013144286
195	83	0.4710275118423118
195	160	0.45622215269805577
195	196	0.45491459837831477
195	182	0.4276032915348063
195	158	0.4016627788297332
195	181	0.34523165055930255
195	92	0.3377140092311899
195	173	0.3368366264209197
195	98	0.3100493436968728
195	161	0.294704089613704
199	98	0.6684025064357003
199	177	0.4125496993581122
199	71	0.37756777741835823
199	173	0.338741307455774
199	6	0.329279572492046
199	79	0.3193112742965739
199	156	0.3151832480678336
41	145	0.6952257866389231
41	79	0.47823238047037187
41	37	0.4369137298384494
41	40	0.4123422272779084
41	141	0.3692202743021957
41	67	0.35980335961747767
41	47	0.3597685374546347
41	181	0.35519819435159095
41	78	0.3528453377990413
41	42	0.35111063781412327
41	31	0.30593095641689166
41	135	0.304507215935261
145	141	0.44581905055693094
145	156	0.4406603611430812
145	40	0.4397977289982069
145	52	0.4112793002714736
145	79	0.3785277067682518
145	135	0.376486886129563
145	153	0.37278180663093835
145	146	0.3582615207744892
145	77	0.31405698052843284
173	179	0.6939422567175745
173	177	0.5228325783845995
173	196	0.524487356022373
173	89	0.467487241224141
173	182	0.44074899687538865
173	83	0.36320237788207343
173	171	0.35804358908921213
173	71	0.32425073590380055
173	156	0.31015780398952386
173	168	0.3039899792623645
179	89	0.6867190133609448
179	168	0.5366011213392802
179	177	0.48597710089021406
179	196	0.4531125108893582
179	171	0.4528581735233458
179	153	0.43360669896660614
179	192	0.42018774344310683
179	83	0.39519357503623626
179	82	0.38835380129472624
179	182	0.37889603500723945
179	67	0.34751091858363964
179	71	0.336047368454408
179	187	0.3360030141008791
179	62	0.33492030640161646
179	189	0.3296183285744594
179	47	0.32156354561428235
179	156	0.3212317653068265
179	159	0.32065768886389695
179	46	0.3177568074101482
7	135	0.6316519597329816
7	2	0.56303103090087
7	127	0.48538873462023746
7	24	0.4530012473646533
7	40	0.3940791492466409
7	43	0.31007645952678153
7	22	0.2998183493001078
77	188	0.5417999738592104
77	146	0.48929271498724897
77	148	0.48872206120239636
77	189	0.4729705524380881
77	52	0.45849971454792265
77	43	0.45377979555826553
77	153	0.4209450173674503
77	156	0.4038242949674962
77	40	0.3938257088043273
77	22	0.37722474860061966
77	135	0.3650152946983415
77	48	0.35818306986372034
77	47	0.34474711029581245
77	31	0.34076696498464065
77	46	0.3334101397608925
77	150	0.3322274619042316
77	122	0.32542250601546674
77	78	0.3244475913791658
2	135	0.5111313338604087
2	134	0.46751068456572875
2	141	0.4638534307036913
2	0	0.4561983965324986
2	140	0.3803510406535197
2	24	0.3660722753589835
2	31	0.31936515568281965
2	40	0.3137865445929635
2	100	0.3120184449488655
2	101	0.30418056101265173
137	171	0.6891368094058115
137	140	0.6243057118576635
137	187	0.5322003455038945
137	62	0.531612343539468
137	31	0.4911008164899514
137	188	0.48670240076138716
137	153	0.4200806901021509
137	141	0.416747982064654
137	189	0.4149532449944129
137	146	0.3997068577347965
137	67	0.3634540957313889
137	168	0.35063711856821383
137	37	0.3439361958534734
137	42	0.29697615989680826
171	67	0.6451757792068737
171	187	0.5575493490531019
171	153	0.5531439487982566
171	189	0.5504732070715875
171	62	0.5332889434943575
171	188	0.5259211928970766
171	168	0.4423912282775027
171	65	0.4041004437171346
171	196	0.390601813030468
171	47	0.39011867028694164
171	31	0.3019010652124874
171	167	0.2950693063417064
89	192	0.48500644298391643
89	82	0.5509748332288131
89	83	0.4581600430559098
89	168	0.43196505313979966
89	47	0.41366930882681263
89	67	0.39035603043159006
89	64	0.3594986317153349
89	153	0.3279950963824432
89	177	0.32323021705063854
89	46	0.30031882664746495
89	71	0.2948958391388264
80	182	0.6381046293617098
80	82	0.46716678299143194
80	92	0.44377355388690604
80	186	0.43031239163764456
80	159	0.3858118049983113
80	189	0.3774220028255111
80	69	0.3545339011286427
80	162	0.3144264938952668
80	74	0.3135340917777569
127	135	0.5072648050273343
127	24	0.4336797747854089
127	40	0.402785987411226
127	22	0.3361449427854358
127	78	0.3231675290764806
127	52	0.31625463054971437
146	40	0.59175988156531
146	150	0.5859460152367134
146	42	0.5439299696288983
146	135	0.5189706888966141
146	22	0.4866642437942101
146	153	0.478294081612863
146	189	0.44513773397065165
146	31	0.44413486097497096
146	188	0.3961045136865035
146	47	0.3906187615025367
146	48	0.3891262830906836
146	78	0.38195791594967027
146	148	0.3747690797076444
146	134	0.32878911748852585
146	140	0.31544441544983276
150	40	0.6161902580625281
150	148	0.555125739086724
150	153	0.45600040319981294
150	46	0.441876336965695
150	48	0.4185147309047765
150	47	0.36599433359325606
150	188	0.3637838525976653
150	43	0.3588366728253805
150	42	0.34381275080522355
150	135	0.3375545286736905
150	52	0.32129454060585155
150	156	0.314660770092484
150	122	0.2985072272458981
0	101	0.5418988697474794
0	30	0.4146055026123148
0	40	0.37631522168105463
0	135	0.3736941415293994
0	100	0.35189943752878594
0	79	0.34734385268409895
0	52	0.3306786207701807
0	141	0.3101849178013276
158	160	0.6753799954522927
158	161	0.42276172404458506
158	54	0.37840776006406507
158	4	0.3699714312832709
158	57	0.3638619395586177
158	58	0.3605343933972969
158	56	0.3605256932164183
158	187	0.33490254971491024
158	64	0.33227194241099006
158	74	0.3307142463649274
158	163	0.32188628311832573
158	159	0.300091357423291
160	4	0.480012099874386
160	56	0.49015170936511937
160	161	0.4896501113117246
160	162	0.45133856477518214
160	57	0.4448329785240617
160	74	0.4197182689631719
160	54	0.40613163304446265
160	58	0.40391635273112464
160	163	0.38206040422968635
160	64	0.3160656215679322
160	8	0.30145566004272645
57	162	0.6731603886833416
57	56	0.6680372082000147
57	161	0.56303103090087
57	58	0.5396559086590185
57	163	0.4859083535203644
57	54	0.43924909199489437
57	30	0.42775853845072365
57	100	0.4064405577344096
57	99	0.4006307090361735
57	64	0.37200661640892896
57	74	0.31991283251783664
57	181	0.3161376279489083
57	63	0.3003370227102174
162	56	0.633253966315554
162	161	0.4975764908622833
162	163	0.4758687699629
162	58	0.43515630550592826
162	99	0.37179981129044676
162	181	0.3580087163982605
162	100	0.33959972182637704
162	54	0.330375765170654
162	30	0.3035088790460705
162	64	0.2951971118358881
22	42	0.513874236335221
22	24	0.4983661165454889
22	78	0.4293748721783138
22	135	0.419899496272511
22	40	0.38834530944849793
22	31	0.3879800976789772
22	48	0.3855904839970599
83	64	0.39519357503623626
83	54	0.3776363707521977
83	58	0.342136251353494
83	99	0.3409348909064939
83	161	0.3340055279158745
83	98	0.32793262560306513
83	177	0.3160116143924365
83	182	0.31564251055984516
83	71	0.29766897531561887
98	71	0.47888771364296334
98	177	0.4688302637731662
98	182	0.3339788744395907
98	92	0.3095250052100081
56	163	0.5790085817840029
56	58	0.5733236929863526
56	161	0.5364586942085521
56	99	0.4094331321504169
56	54	0.3938341577841636
56	181	0.32585160704816546
56	30	0.32361523807074205
56	74	0.3183410565532978
56	100	0.301937419003331
140	141	0.6677159225028704
140	37	0.485541599333698
140	31	0.4804121859339936
140	134	0.4131884444401051
140	24	0.35614157307362093
140	62	0.31126002497717903
140	42	0.30621191569957845
140	187	0.29510582327486407
141	134	0.49178345257605294
141	37	0.5289815953992413
141	31	0.50791065354157
141	135	0.37611777561868154
141	24	0.35333552098469617
141	79	0.3322096692877389
141	100	0.3242149409811477
47	153	0.6676826718439806
47	67	0.6576946567855085
47	46	0.5358601664992927
47	168	0.45439896171969685
47	189	0.4147462700763793
47	48	0.36248165103157864
47	188	0.3588628096312744
47	54	0.3406608953026755
47	42	0.3394670142629143
47	52	0.33466281116649954
47	62	0.3326810937092545
47	156	0.31814333773546705
47	148	0.3181343498587065
47	151	0.31757698986262695
47	37	0.31125099377710025
47	40	0.29632864181051255
153	168	0.5366082418934368
153	46	0.5343614890790159
153	148	0.5130347810050577
153	156	0.5037211069393066
153	188	0.4881662229510955
153	67	0.4597860901891648
153	189	0.4259757694790644
153	52	0.4133128280265003
153	40	0.3673532472218783
153	48	0.35212722004727814
153	192	0.3122170131029406
189	159	0.5570667636799524
189	188	0.5932524340561781
189	67	0.44513773397065165
189	182	0.4116281967051391
189	82	0.3741844380728555
189	69	0.36632338610965764
189	187	0.36589040325147165
189	148	0.34892569602370527
189	46	0.33490254971491024
189	64	0.33213849645749594
189	168	0.3238211355727189
189	43	0.3143273655093285
189	65	0.30720843732512443
189	62	0.30255529902715117
67	62	0.6237989482085595
67	65	0.5282898730068006
67	64	0.43154198692773593
67	37	0.3921768871082653
67	168	0.3572150929837216
67	63	0.34761642252285646
67	79	0.34708001952536544
67	42	0.3351866281511663
67	31	0.3239374988569279
67	46	0.30507868970231633
67	69	0.2999821600702493
67	188	0.2951149523734539
187	188	0.6017971666387828
187	167	0.4314361906963574
187	62	0.4278729147690035
187	196	0.40052156899801067
187	74	0.38402294485751903
187	168	0.366816793121471
187	65	0.36348881127148197
187	63	0.3535630401205141
187	64	0.2997910457858105
187	159	0.29474974641588186
37	31	0.5805619870764355
37	79	0.477244520252098
37	30	0.42210448388026195
37	134	0.4189682914380806
37	62	0.37683871742737673
37	181	0.3685204872959175
37	63	0.326584344096579
37	42	0.3126411354874084
37	78	0.3083309816197706
37	24	0.29616443897335765
186	43	0.5043029649440729
186	182	0.4560241647837155
186	59	0.353493038686537
186	122	0.34361874171941365
186	148	0.3382366150969718
186	188	0.328887222688763
52	156	0.6500527190377304
52	122	0.48075825295519053
52	148	0.45637259331172436
52	40	0.4534859351910105
52	46	0.4257547370088962
52	135	0.40475286615083367
52	151	0.3404840932282401
52	24	0.30567714093154713
156	148	0.5142568193689641
156	122	0.5052568172090922
156	46	0.40243406724923975
156	188	0.33341902810804463
156	40	0.30137383661934275
156	79	0.29696704181812555
92	69	0.43060568543852684
92	182	0.33087454987626347
92	74	0.30732616360969994
92	159	0.302173697235986
92	82	0.29776011192057456
69	65	0.5880237841645239
69	167	0.3882434021494849
69	63	0.37646113811001974
69	64	0.37032525725960275
69	54	0.36874515585327894
69	74	0.33505347396879337
69	159	0.3126591804849818
69	82	0.3032637307254689
58	161	0.6476499101599386
58	163	0.4574012237348048
58	99	0.4466279438835269
58	54	0.4277258569862389
58	30	0.3720841588095151
58	101	0.2944666525560127
161	163	0.4542243695205312
161	54	0.373539267629542
161	99	0.3414473722819086
161	100	0.298543662548242
48	46	0.5001453776564966
48	40	0.41208490248817253
48	42	0.356246348176937
48	148	0.33759883077294345
6	4	0.3995892183326833
6	151	0.3785277067682518
6	8	0.3311950996117938
79	181	0.4557072902151779
79	31	0.4481556386577615
79	30	0.39650912530938787
79	100	0.2956169697794574
196	62	0.43612856412561557
196	74	0.3851902911105941
196	167	0.3757657218270618
196	64	0.36007319738953397
196	65	0.3473614396068825
196	177	0.3462353843134273
196	182	0.3457688345819343
42	40	0.4370431778109579
42	31	0.40984090891874037
42	62	0.3162816297838069
40	135	0.5425907208136175
40	24	0.36129976352758075
40	148	0.3598381807780046
40	78	0.3501107757315243
40	46	0.31575955383120624
40	43	0.3052600640318273
40	134	0.29606408417563534
182	159	0.4347752272693516
182	177	0.3779278461788856
182	82	0.3693843613031326
182	64	0.3313375416313614
64	65	0.633415665806296
64	54	0.6248241426438228
64	63	0.5063804795490868
64	74	0.45440689689947517
64	159	0.4399267723898381
64	167	0.4064906448772845
64	62	0.324232838558533
65	63	0.5561142783227307
65	74	0.5621972033691582
65	54	0.5263840174672371
65	167	0.48092738679420177
65	62	0.4629660967872625
65	4	0.3776363707521977
65	159	0.3068642604318597
46	151	0.46214861458783274
46	148	0.4507252057403518
46	122	0.41844049202086947
46	188	0.4053213086894629
46	168	0.327727344279038
46	192	0.3176579105865339
135	78	0.5368004679688172
135	24	0.44862701631412694
135	134	0.4454664334455484
135	100	0.4232051099436596
135	148	0.32267488205053585
135	101	0.30566807528898077
135	43	0.30091918124131223
135	30	0.2948045328021389
54	72	0.2745609557418574
54	63	0.46374354596927625
54	74	0.41713627690628863
54	159	0.3936313639024604
54	163	0.33363233065576536
54	167	0.3030548690056954
62	168	0.33566587232014233
62	31	0.3085933884307254
62	63	0.3038901410141103
122	148	0.466869663285229
122	151	0.3364996976978636
122	43	0.3099318359386368
30	100	0.54127698921004
30	99	0.49540642432175414
30	101	0.5060457928417421
30	134	0.41025683886621395
30	181	0.3389714533059345
82	159	0.4435165365867666
82	192	0.29796059334582314
82	168	0.29627390947729026
31	134	0.43664668623580377
31	24	0.3020919128169249
63	167	0.6054077183609493
63	74	0.5042433082558327
167	74	0.5044968159372835
4	8	0.6037453638750585
4	107	0.5107766493836984
4	74	0.33582558178478317
8	107	0.5953351742452904
148	43	0.5629422349144622
148	151	0.5012768027700698
148	188	0.480312183151916
188	168	0.37993184934946495
188	43	0.31137742546163827
71	177	0.6003984554906188
163	99	0.4175326762233429
74	159	0.3504967821184913
43	151	0.3160746225647115
101	99	0.49305609031039266
101	100	0.44488912542913545
101	134	0.34558392793657505
101	181	0.3437245684944588
24	134	0.31617362977363567
24	78	0.3072808853825204
100	134	0.42359085498250953
78	134	0.30310027620493246
99	181	0.45324759762136463
72	178	0.3465961827095766
