19	121	0.9467749365080099
19	124	0.7415930834160288
19	120	0.5931876250566358
19	18	0.5854467258667211
19	20	0.5845258186858081
19	117	0.4916469736698357
19	25	0.46631423603751776
19	126	0.44750008954920567
19	16	0.44672400155239017
19	128	0.41021525354690747
19	17	0.39624783124085905
19	129	0.39268448597975714
19	119	0.37199800026610313
19	23	0.3658817419776531
19	29	0.3594899240766935
121	124	0.6972764129314677
121	120	0.534889978774441
121	20	0.5144480341781109
121	18	0.478101249866436
121	117	0.4173179796403283
121	25	0.4141416576904802
121	16	0.40785874679612905
121	126	0.40331364441817985
121	128	0.3722995271159353
9	108	0.9351209284880119
9	109	0.9226262653863926
9	106	0.8840478230313897
9	3	0.8829286435754078
9	112	0.883236874184639
9	103	0.8261543896777112
9	12	0.8118731484163844
9	0	0.7728231971500104
9	6	0.7213145920452125
9	176	0.6773764361408555
9	113	0.6739962154729465
9	5	0.6472491519135496
9	11	0.6380572011421186
9	101	0.6359298296243479
9	13	0.6330143098573162
9	70	0.596888780421963
9	111	0.5469787218483281
9	114	0.5268104077162359
9	105	0.4872516551502338
9	1	0.4639711485114607
9	95	0.4618497230218835
9	102	0.4603379302150613
9	10	0.44582706297495134
9	139	0.43706744729056834
9	110	0.4341668011106507
9	142	0.39569131392615486
9	99	0.3798890659472693
9	40	0.3761006047811414
9	100	0.3711015715935251
108	103	0.8624422353802899
108	12	0.862262791704293
108	6	0.811770864909819
108	112	0.8669827394432941
108	109	0.8553350232033687
108	106	0.8351431126725372
108	3	0.820485088532859
108	113	0.7618879813039355
108	0	0.7475198055776678
108	13	0.6743562364768358
108	111	0.670763596522661
108	101	0.6531484438103548
108	176	0.6497234611398348
108	105	0.6126857947204395
108	102	0.6029694931039377
108	114	0.5991883878005286
108	70	0.5883311863585328
108	1	0.5877031200623736
108	5	0.5724772440416009
108	11	0.5285205251457722
108	110	0.5078438680797344
108	139	0.4912829118210657
108	8	0.4543830911437958
108	10	0.4533508851948356
108	100	0.41338745077602734
108	95	0.39969005291190096
108	142	0.39360601197260797
108	99	0.3667821747959346
109	112	0.886663079362034
109	106	0.8802326852204665
109	3	0.8043449964954856
109	103	0.7688871950404754
109	12	0.7259447187094594
109	0	0.716010467528402
109	176	0.7068849181010005
109	11	0.6797881082443792
109	101	0.6633597698859838
109	5	0.6451115623461732
109	113	0.6403105964999098
109	6	0.6305628771838613
109	70	0.6165870996313606
109	13	0.5807144447054006
109	114	0.5456598363234426
109	95	0.5301185262020525
109	142	0.4782863692282604
109	139	0.47543546714712553
109	111	0.47042813209704215
109	99	0.4327293443976974
109	144	0.4286813275870447
109	110	0.421677039638763
109	102	0.41178599118549397
109	105	0.4087003875617783
109	1	0.40663254518057923
109	10	0.4062568839777645
109	79	0.40294515028386707
109	52	0.39483066991251337
109	40	0.3880055815256669
109	38	0.3849092180077298
109	197	0.3790673095848353
109	100	0.3760405048155294
44	149	0.900508070063949
44	17	0.8325225463260096
44	39	0.7022064147533679
44	46	0.6815538048289583
44	136	0.7333420745504039
44	14	0.7316830163473304
44	33	0.719052324493293
44	18	0.7037945930291838
44	24	0.6796320899344412
44	152	0.6767265147665953
44	164	0.6492898553602168
44	52	0.635250361024088
44	43	0.6062748682444151
44	143	0.6025938671215002
44	115	0.5919872715448308
44	48	0.5871595328434234
44	122	0.5794072926592788
44	7	0.5731491289838537
44	15	0.5721006522596105
44	21	0.5604232344273143
44	119	0.5574597545256303
44	120	0.550222244819764
44	142	0.5424848729031441
44	117	0.5414678565007993
44	139	0.508155481330417
44	27	0.504727879511362
44	51	0.4862062153572483
44	154	0.4829925369420713
44	156	0.47094969486886884
44	40	0.4687678455775148
44	53	0.4677528939205202
44	45	0.4585944826947387
44	155	0.45506526536833997
44	134	0.44496130916864884
44	34	0.44435157592284774
44	125	0.4393701430535285
44	20	0.42491107244620274
44	26	0.4164669930803288
44	127	0.4133791596335976
44	144	0.40875869337313503
44	16	0.404401612910486
44	80	0.4041841106190114
44	130	0.3975199804644812
44	131	0.374476796109152
44	47	0.3729109544670719
44	25	0.36876243626603594
44	31	0.3617865639726878
44	133	0.35899348521868263
149	136	0.7452343454158021
149	152	0.7061386652243297
149	17	0.7519164505621384
149	33	0.6859626348013131
149	18	0.6793360241733267
149	14	0.671999400783648
149	164	0.6624123867489933
149	39	0.6562851150046527
149	46	0.6363941619460165
149	143	0.6343010363642176
149	115	0.6294773434368768
149	43	0.6279534584992775
149	24	0.6172931981996005
149	52	0.6151470590540787
149	15	0.5951156339654285
149	122	0.57878252260889
149	120	0.5751133200665651
149	142	0.5750396984957812
149	117	0.5678270365389306
149	119	0.5598742477738794
149	48	0.5272509732684715
149	139	0.5113381527884191
149	156	0.5024438948114315
149	154	0.4978021824565855
149	7	0.4894296096041243
149	51	0.48159588362021366
149	21	0.48125017929095076
149	45	0.45904448894213706
149	27	0.4547480414005127
149	155	0.44964880826394427
149	40	0.4456347452257534
149	134	0.4410953995414428
149	53	0.43417491606730624
149	118	0.42391902767565637
149	130	0.4181022219085986
149	125	0.41718583550545724
149	80	0.4145309706264444
149	34	0.4133542857950239
149	127	0.41205169449948414
149	47	0.4037238589883045
149	131	0.3876572509477906
149	20	0.38673916732657626
149	150	0.36556123029878335
149	144	0.3602907646230994
149	26	0.35710167605845494
12	113	0.8873241288565725
12	13	0.8515870741679885
12	0	0.806976789080175
12	112	0.8041330767710064
12	103	0.8014310033516672
12	114	0.7533168724351378
12	106	0.744267946190148
12	70	0.7266015314497869
12	6	0.7196795906726006
12	3	0.7192309735448918
12	111	0.7118725026816298
12	102	0.7048025192808361
12	105	0.6981847268797136
12	176	0.6926074777182629
12	101	0.6845198280269406
12	1	0.6789427223254172
12	10	0.663908167940303
12	110	0.6570302436669896
12	139	0.5911942468906639
12	2	0.5707537111964415
12	100	0.5222001087536557
12	5	0.5207731282379873
12	8	0.5118180398616416
12	11	0.49613046932639376
12	141	0.4731025126321679
12	30	0.46399469010697536
12	40	0.4433880005735239
12	99	0.4319813211231108
12	79	0.4238534020375619
12	4	0.42203873543581016
12	142	0.4178463796917214
12	36	0.39522732738419997
12	95	0.3899830126327909
12	39	0.38527545067401003
12	144	0.369652032753751
12	134	0.368511845337566
113	110	0.7827376775183436
113	105	0.7118429071651757
113	114	0.8243042252380148
113	13	0.8111219114483732
113	102	0.7517382007431845
113	112	0.7487833758502226
113	103	0.7428685065314321
113	111	0.7143739961677679
113	0	0.6994638367952645
113	139	0.6937866910928707
113	70	0.6844879407610287
113	10	0.6741926302831894
113	101	0.6660167403518449
113	1	0.6589355561178932
113	176	0.65354390952824
113	106	0.6511427240242004
113	2	0.6228511765262182
113	6	0.588625348346396
113	3	0.5401306138542533
113	100	0.5378247326826531
113	4	0.5117368506386692
113	104	0.4924276098333269
113	142	0.49185926375110944
113	5	0.4585865857475195
113	40	0.4498801447168884
113	79	0.44929769980372236
113	8	0.44019286701319815
113	134	0.4362257340647853
113	30	0.43124084339772767
113	25	0.42997010067195934
113	144	0.42532071067241345
113	39	0.4215537035673533
113	7	0.4174913920382881
113	99	0.4150360229396862
113	141	0.4113789972710577
113	11	0.40211556076480715
113	53	0.37409843625445754
113	127	0.36692929566325727
113	43	0.3660376352082015
113	107	0.3636450187085915
113	52	0.3612475946478746
113	143	0.356996974165096
112	176	0.7957438916766642
112	11	0.6932001456724483
112	106	0.836319166561346
112	103	0.7694997068742869
112	3	0.737164247947638
112	101	0.7321194775943468
112	0	0.7266015314497869
112	70	0.700539930245213
112	5	0.6303941780749424
112	114	0.6298756583580031
112	13	0.6275596094023848
112	6	0.6037771374926532
112	110	0.5512394199780309
112	139	0.5475811386008941
112	102	0.5219091251699443
112	142	0.5204888403270207
112	95	0.5115375292466466
112	105	0.5030566333320834
112	10	0.4882652368529964
112	100	0.4831228683350443
112	99	0.4613854466127824
112	1	0.4579704007567979
112	111	0.4496727424195549
112	144	0.44249577996420497
112	40	0.4322090433717636
112	79	0.4302635005006593
112	38	0.42614764847631864
112	39	0.38913476886502096
112	52	0.37555959121203086
112	143	0.3746315437598396
106	5	0.7088655946957938
106	3	0.810608164899907
106	103	0.7838969170837511
106	0	0.6802343035339172
106	176	0.6513154942154864
106	11	0.6402633938948633
106	101	0.6160537714578613
106	6	0.6044629794243659
106	95	0.5760762342743838
106	70	0.5515317290280712
106	13	0.5212248354495036
106	114	0.4987568634792701
106	111	0.4651709339597685
106	142	0.4547797689921271
106	99	0.4526912245592361
106	197	0.45171274331843786
106	105	0.4503904667410642
106	139	0.43671143114772554
106	79	0.41853122767509177
106	110	0.37568842720224305
106	102	0.368917948509691
106	1	0.3619169234696822
3	103	0.7944196539106646
3	0	0.751955563863762
3	6	0.7293513055944923
3	13	0.6014015581767816
3	111	0.5757888645528518
3	176	0.5448587672726429
3	5	0.5333533446644321
3	101	0.530068196130099
3	11	0.4920184429446587
3	70	0.4775456368818663
3	8	0.4471561336066323
3	1	0.4469480960627853
3	114	0.430173860193221
3	102	0.3862798377243332
3	10	0.38208602483144566
3	105	0.3785277067682518
3	95	0.37233398232529497
70	176	0.8638192532738088
70	114	0.7552909603500165
70	13	0.7130788283031964
70	139	0.7111664547397568
70	101	0.6739798432688613
70	11	0.6672612662017421
70	0	0.6612941065460057
70	10	0.647835647529944
70	142	0.6421359745989375
70	38	0.6329663639987042
70	40	0.6116040633399816
70	110	0.5944564799458494
70	52	0.5906736092734074
70	100	0.582322704948691
70	39	0.569606390736131
70	2	0.5641023867976638
70	102	0.5572115788271341
70	103	0.5519282176083621
70	144	0.5406403619505552
70	7	0.5358102648558158
70	79	0.5347543253747258
70	141	0.5153078678158434
70	156	0.49539887855962483
70	164	0.49352522216804406
70	37	0.49313934432077705
70	1	0.48740415745171123
70	134	0.4853810906053715
70	5	0.46737001465283734
70	99	0.46328815721818406
70	36	0.45112353933211735
70	30	0.4335498582753008
70	95	0.4282812897530783
70	80	0.4263849546153973
70	6	0.42429628870477604
70	122	0.42170992662300766
70	143	0.41697106365990616
70	111	0.4169214943119024
70	53	0.41605362941677754
70	135	0.3825983134887462
70	24	0.3818127081367371
70	105	0.381291513187979
70	127	0.37264403301865145
70	155	0.37118779675576435
70	51	0.35691844185764715
176	11	0.655236356424469
176	114	0.6202368954335032
176	101	0.6192575936464582
176	139	0.6155695662393017
176	0	0.6107646156441198
176	38	0.5941913005169654
176	103	0.5880303264063463
176	142	0.5855978735017809
176	13	0.575541479002779
176	110	0.5243133549997836
176	10	0.50791065354157
176	40	0.5050482673569707
176	52	0.5019802693622646
176	5	0.5002728420998462
176	100	0.49107805155492057
176	156	0.48670240076138716
176	39	0.477954666905689
176	141	0.4769819168442819
176	102	0.47308698900503376
176	6	0.46868201291418105
176	36	0.44960891656965357
176	144	0.442342969596539
176	164	0.4224413749579808
176	105	0.4152843155470233
176	143	0.4109302832821306
176	37	0.407750366388687
176	2	0.4059729599539996
176	153	0.40134403673027813
176	1	0.40115106663901823
176	95	0.39879060337714095
176	79	0.39118638224170266
176	122	0.38334071430705513
176	155	0.38124878153425523
176	134	0.3808897713350776
176	32	0.3771132419394728
176	99	0.375370605501934
176	51	0.357686096666909
32	36	0.8633362100916894
32	35	0.8229210842680013
32	41	0.7402670794577682
32	37	0.7558059360333104
32	62	0.7335823317984402
32	140	0.7262662028621535
32	166	0.6634605495381507
32	137	0.6460039423926341
32	38	0.618165156924859
32	141	0.5922794916609888
32	138	0.5614991903512287
32	61	0.5503686515518753
32	34	0.5500200084661221
32	42	0.543211348188881
32	68	0.5313109731752598
32	98	0.5271787688206067
32	93	0.47958101454576585
32	30	0.45397829400976936
32	66	0.43176167963325823
32	172	0.42182502233036556
32	199	0.4089918832504577
32	145	0.4015118078540894
32	67	0.3985214599026328
32	150	0.393715866010846
32	65	0.380949614348175
32	175	0.364503793938953
36	37	0.8182834301394826
36	35	0.7380715276641807
36	41	0.7298750897838673
36	38	0.670218659396341
36	141	0.66306849345312
36	140	0.6348326554638145
36	62	0.596927402465761
36	34	0.5839791400458362
36	166	0.5834253350854812
36	138	0.5661103156412803
36	137	0.5510235812199296
36	30	0.510251692973465
36	42	0.4862214872790631
36	93	0.4593285821183396
36	61	0.44292190465526377
36	139	0.4249438499123053
36	13	0.41146207058537954
36	2	0.4071916082656945
36	39	0.40624018473519863
36	68	0.39932868424643575
36	98	0.39199917104395404
36	127	0.3845513853254343
36	150	0.38264952942480784
36	134	0.3808897713350776
36	66	0.3775163296985127
36	67	0.372859297066115
103	0	0.7269459453614654
103	13	0.6958349467263054
103	6	0.6803954550305386
103	111	0.6675385548679549
103	102	0.6190355969539428
103	114	0.6186900720497869
103	101	0.6175097835845267
103	1	0.597152642585029
103	105	0.5522897089529534
103	5	0.535603489597422
103	139	0.5182250116183237
103	110	0.514705357961749
103	11	0.49431906500361006
103	10	0.4606531077589827
103	8	0.42708834496364584
103	2	0.41069753834383
103	100	0.4045354377439835
103	142	0.3916605833116075
103	4	0.38876133233164833
103	40	0.3809923574035582
103	141	0.366652347028694
103	95	0.3597946541707314
95	197	0.8574146422003917
95	11	0.744873981090323
95	79	0.6945793988617794
95	99	0.6682365017264741
95	5	0.5671015935262612
95	181	0.5640614781032788
95	98	0.5287222817786533
95	101	0.49766677558731215
95	38	0.47401788652459853
95	78	0.4730947508553216
95	96	0.4689238822878262
95	142	0.45779652535640325
95	199	0.44964880826394427
95	182	0.41745836344923676
95	156	0.40993242813968733
95	75	0.40297865515205883
95	198	0.39389329877957635
95	0	0.3713085012291475
197	11	0.6159668970806346
197	181	0.5915128943453133
197	198	0.5903935631463069
197	199	0.5571839976021489
197	96	0.5489310092893857
197	98	0.5351112488175512
197	99	0.5321573383631063
197	79	0.530183230806114
197	182	0.5272076515133658
197	78	0.45210267522278397
197	196	0.44750008954920567
197	5	0.4439742978697238
197	190	0.429285147846779
197	75	0.4230983874062034
197	55	0.39568287960894055
197	186	0.384483213609774
197	160	0.37486362610468427
197	38	0.3670677455965794
13	114	0.8412106331708145
13	0	0.8265032882853188
13	1	0.761266381323408
13	2	0.7566878019730241
13	10	0.7707204956255254
13	102	0.7275772065213425
13	110	0.7187237485317317
13	111	0.7022216216175449
13	101	0.6817037118526386
13	139	0.6235728723365773
13	6	0.5947732321875322
13	8	0.5792079718621176
13	100	0.5767906993087163
13	105	0.5566252132801713
13	141	0.5522688593251871
13	30	0.5291400162240917
13	40	0.5284124166677756
13	7	0.5116187409057888
13	104	0.4902048901314939
13	144	0.48473872848711613
13	134	0.4828008342460076
13	25	0.4562379897804968
13	37	0.4458831479006615
13	126	0.41601228358783543
13	43	0.41371075185473954
13	99	0.40873370557680533
13	127	0.3858203164579841
13	4	0.3849858813922133
13	79	0.384236055987644
13	39	0.3807615255616001
13	5	0.3731003451587349
13	142	0.37038565583807426
13	53	0.3700404789306738
13	11	0.36537927968624967
13	135	0.36042128615300423
114	139	0.7962934228237244
114	100	0.6754506912868693
114	101	0.7327591523862517
114	110	0.7258359095627736
114	102	0.7226502782276486
114	2	0.7021354409153207
114	0	0.6993361268805544
114	10	0.660714140909621
114	1	0.6497812433278024
114	111	0.6198491010525151
114	142	0.6178623080148872
114	79	0.609930072665708
114	134	0.5899308501014449
114	144	0.5880041569774146
114	40	0.5714140970028656
114	7	0.5600046766548624
114	141	0.5466071826071072
114	105	0.5454140000133725
114	99	0.5058151421927759
114	135	0.482141023564698
114	104	0.4819030505936435
114	52	0.47226381649231725
114	6	0.45199128372910896
114	30	0.45105981802837813
114	39	0.4438458268531145
114	43	0.4389585043722566
114	11	0.4364362340337354
114	25	0.41921560001755637
114	4	0.41765651843583135
114	38	0.4112543744838222
114	164	0.41121283013761867
114	5	0.39088142895202443
114	8	0.3870537824349334
114	127	0.3867306629655222
114	53	0.3845513853254343
114	107	0.3764697208478237
114	156	0.36800185709237404
114	126	0.3645731628747221
83	190	0.8373083148969108
83	88	0.6902221967840345
83	192	0.4320219898515803
83	55	0.6242141669288255
83	87	0.6185542645961345
83	191	0.6090564329782102
83	193	0.5192921100268768
83	75	0.47535032697199264
83	74	0.452675323002164
83	59	0.401008413682382
83	73	0.38117186045212476
83	89	0.38080427578071513
83	185	0.3771990172647612
83	184	0.37640964032617713
83	90	0.3760490907186301
190	191	0.6828208538688624
190	55	0.6432922034032128
190	193	0.6162212725852534
190	88	0.5999762039107949
190	87	0.5318346972665107
190	160	0.526853754593708
190	75	0.4790726523576949
190	185	0.4460593920173283
190	181	0.4441990782311654
190	195	0.4323228838306131
190	196	0.4322740967497184
190	158	0.4293422461292133
190	74	0.4077086785568748
190	184	0.3978062142411569
190	192	0.3776620921839342
190	59	0.37422743656866647
190	182	0.3704546789499894
140	166	0.8358376101939348
140	137	0.8090594110943309
140	138	0.7013182384502383
140	35	0.6918627189144401
140	172	0.6819980055084568
140	141	0.6819712606604583
140	62	0.6629283851874472
140	175	0.6417479536907537
140	37	0.621883175586494
140	150	0.6170517499326286
140	34	0.5640682964113083
140	41	0.5563352747984356
140	165	0.5535949072472776
140	68	0.547763152956338
140	199	0.5363945920275429
140	145	0.5306503584913561
140	38	0.4931166395772735
140	169	0.48701521783880986
140	61	0.4809504477269346
140	171	0.46123588004385874
140	42	0.44651586358894835
140	98	0.42145502347895114
140	31	0.4181599835552277
140	130	0.41797843556642006
140	170	0.41150360467908326
140	134	0.4114205347826704
140	153	0.39930346784629617
140	69	0.3900338862373309
140	146	0.386858221474096
140	167	0.378107837705287
140	174	0.37640105713604277
140	65	0.3698937477942172
166	175	0.7652237916612884
166	137	0.7351808998381542
166	172	0.698712261556772
166	141	0.6862219806879705
166	167	0.6381401973488204
166	61	0.61778192955729
166	145	0.6102565214579557
166	138	0.5775376064781019
166	199	0.5619030405240059
166	62	0.5584514613711812
166	35	0.5580797580537921
166	170	0.557838719537806
166	169	0.5341899972172761
166	68	0.5170903647254012
166	37	0.5067150137602577
166	171	0.4945608343236103
166	65	0.47658785200991743
166	98	0.4330706353813364
166	165	0.42066522353437275
166	198	0.4116281967051391
166	150	0.40734175235828674
166	41	0.4043932482833048
166	183	0.3981007857908599
166	174	0.3770703518506498
166	69	0.3763753071779556
166	34	0.37497535270340104
166	30	0.3724373417953623
166	177	0.35618523045517053
76	77	0.8344459419990043
76	147	0.6631749446736617
76	187	0.6577854372699493
76	188	0.6154142738169348
76	73	0.590080785521132
76	184	0.5796331058100627
76	84	0.5302191751403185
76	185	0.513984617816448
76	78	0.5008574010040178
76	194	0.4991999655764983
76	91	0.49416036231247756
76	75	0.4927835594988437
76	81	0.47248910602854705
76	183	0.453716266540375
76	63	0.4286160267621742
76	189	0.42663038197521763
76	88	0.42071460473411876
76	94	0.4200559838243852
76	96	0.41458065923500015
76	92	0.4107307908988224
76	180	0.4051374350762139
76	182	0.3896437944352056
76	177	0.3860245717846751
76	198	0.3846195528467392
76	60	0.3738748014139234
76	74	0.3707566069557311
77	78	0.651373069278041
77	147	0.6442115690886446
77	188	0.6066857862622084
77	187	0.5696536772497991
77	73	0.5662326166174019
77	184	0.5311961300294866
77	84	0.5008049592350239
77	75	0.49153322279390554
77	182	0.4826704499755692
77	185	0.4654138198877928
77	194	0.46427713812911486
77	189	0.4281179607377344
77	81	0.42107665734699257
77	94	0.4200559838243852
77	183	0.4172849452607576
77	88	0.3839035847482207
77	161	0.3560105916004217
17	14	0.7692548717426577
17	119	0.743611512596445
17	18	0.7297348743801606
17	48	0.6426821733517878
17	120	0.7044248796740222
17	46	0.6672612662017421
17	115	0.6517356197205613
17	117	0.611647877297014
17	152	0.6116353594064008
17	21	0.6042027188909602
17	122	0.5665518405322728
17	52	0.5591941956414002
17	136	0.5552917574641913
17	33	0.5468105043421397
17	15	0.5418141027618743
17	16	0.5411992124651851
17	20	0.5379952893579344
17	39	0.5364729382971111
17	51	0.5283547518047994
17	24	0.5282321977845784
17	154	0.5241610681781477
17	53	0.5196571830589134
17	125	0.5048098524343301
17	164	0.49675591091589605
17	143	0.47253570994998145
17	27	0.46985948783653625
17	155	0.4498801447168884
17	43	0.44193266739442516
17	25	0.4327049617217368
17	124	0.43098031742760434
17	7	0.4192650542704194
17	133	0.3894911117398964
17	26	0.384781433896812
17	142	0.37990617950319344
17	47	0.36768192092997076
17	126	0.3674570488365675
17	128	0.35812204899166256
17	156	0.35696207154029197
0	101	0.7449407480427217
0	10	0.6591561629479163
0	1	0.6218341122403913
0	111	0.607500341059904
0	110	0.6049006877052588
0	6	0.6000658003820681
0	102	0.5775909200397895
0	5	0.5281528863944924
0	99	0.5076954340843238
0	100	0.5059862770200068
0	139	0.5006251309700704
0	11	0.500235354808011
0	2	0.49419059393634346
0	40	0.46137757534176926
0	105	0.44983228695380706
0	141	0.43714834095935157
0	30	0.4263604084253065
0	8	0.4150360229396862
0	79	0.40923334503991043
0	144	0.406298630896942
0	142	0.36485926695834
0	7	0.36307215818372923
49	86	0.824976158450697
49	45	0.7812614712239873
49	164	0.5906280300607996
49	84	0.5712995932729741
49	80	0.5374123722548524
49	189	0.5211301468267905
49	154	0.5169804635686949
49	146	0.5108727269413925
49	51	0.4675731969283649
49	48	0.4570927629182002
49	155	0.4562142340484554
49	31	0.45007952425235853
49	20	0.4447367185516244
49	40	0.4440224697958101
49	165	0.4435888300782287
49	157	0.4290567204024913
49	53	0.4185064824160555
49	47	0.4176069834126168
49	46	0.3952357653044475
49	144	0.38031682680957213
49	52	0.37922143450236634
86	84	0.7448294614990936
86	45	0.6708296003532978
86	189	0.6113348381511369
86	80	0.48674818667067116
86	146	0.46668195440409255
86	164	0.4540814954006469
86	165	0.44139336179277405
86	31	0.41946284639948733
86	60	0.3766070358633462
86	94	0.3710325868557598
35	62	0.8095769169706817
35	61	0.6772465363461925
35	42	0.6585166570236668
35	37	0.7938656480362157
35	68	0.630400204068757
35	137	0.6216009946786356
35	41	0.5943724126555097
35	67	0.592785637632968
35	34	0.5790085817840029
35	69	0.5209917326831044
35	141	0.4958514919414873
35	66	0.49465147809345067
35	138	0.49434173412728905
35	98	0.47713639975531175
35	38	0.45810473502595883
35	65	0.4338096732672761
35	93	0.42963584022253287
35	71	0.4095246881227149
35	30	0.40297865515205883
35	172	0.3677683987505515
35	150	0.35759016622067963
1	102	0.8227596173996781
1	111	0.7433744869867862
1	8	0.6818856648894305
1	6	0.6735867117205978
1	2	0.6513270098280188
1	105	0.6245314493834608
1	110	0.6165437103343019
1	10	0.5840120875019771
1	104	0.5511837267139749
1	4	0.5496293004899689
1	101	0.4937672424516134
1	30	0.44805174225725825
1	107	0.43246922988699876
1	141	0.42067345390744726
1	100	0.4183002477616732
1	139	0.40825048775709555
1	40	0.3610736820500197
1	25	0.3567526348626095
102	111	0.7538224675995484
102	110	0.7458384238463376
102	105	0.7030468984716701
102	2	0.6644949459214025
102	6	0.6097165133826236
102	104	0.6074561731482419
102	10	0.596888780421963
102	101	0.5864251772996109
102	4	0.5672101270026331
102	8	0.5647633597619197
102	100	0.4963867366377496
102	139	0.49508188904356737
102	107	0.4862214872790631
102	30	0.45626966307832467
102	141	0.41712801689856854
102	134	0.4038745093070975
102	25	0.3946871617953004
102	7	0.3648939415608801
102	40	0.3623774136516627
37	141	0.7035674181696508
37	34	0.6684965462243975
37	42	0.6100242618436483
37	138	0.6032621686886254
37	62	0.5807475822798851
37	41	0.5777175200034248
37	137	0.5663005508329064
37	30	0.5622587543420584
37	38	0.5466913235582082
37	134	0.5176103322040491
37	2	0.4987718881612176
37	39	0.4775842334684873
37	31	0.4605191714901531
37	40	0.4409504097584993
37	68	0.4354318819794284
37	150	0.41966059870866906
37	127	0.3912880142560895
37	139	0.3837842118078562
37	61	0.38235073665231784
37	67	0.37320363606958723
6	111	0.7708828415345883
6	8	0.7688871950404754
6	105	0.6066668279464595
6	101	0.4658367441430753
6	110	0.4063570737342566
6	141	0.3792642432458117
142	156	0.8109508014447115
142	139	0.80974913985025
142	38	0.6842114747277059
142	39	0.6743671412030876
142	52	0.6787809783518609
142	79	0.673532079946677
142	143	0.638643784597412
142	164	0.634444453455622
142	122	0.5965281746054498
142	24	0.590992558231243
142	144	0.5639114558661483
142	11	0.5412345666790933
142	40	0.5242118341776181
142	80	0.5167459507962803
142	136	0.5064176575482418
142	7	0.49419059393634346
142	100	0.482770157519416
142	101	0.47500193354149883
142	99	0.4543434134420609
142	134	0.44104707217157174
142	5	0.43522926015761043
142	33	0.4303531323233295
142	130	0.4133791596335976
142	181	0.4018304987565471
142	154	0.39882424148272705
142	155	0.39879060337714095
142	152	0.3777049599416284
142	135	0.36756084129742794
142	127	0.3635842738013941
156	52	0.7377390157617839
156	164	0.663992043478507
156	38	0.6369947282183132
156	122	0.6305568532412976
156	79	0.5862414375913269
156	80	0.5698833009608323
156	139	0.563092497431265
156	154	0.4877243155120763
156	11	0.4870228459634355
156	39	0.4733120528442818
156	155	0.45215836568222056
156	153	0.445891159747122
156	51	0.43725349215573156
156	40	0.41844049202086947
156	144	0.41347864881835505
156	143	0.41140391998308806
156	33	0.40904184556271295
156	24	0.4084254723758782
156	99	0.40766698902537885
156	165	0.39947156576775156
156	7	0.3947546974262658
156	47	0.3850199523023675
156	136	0.37593746894189606
156	199	0.375052695506682
156	152	0.3722650708803477
139	39	0.6178437602860445
139	38	0.6050338307734343
139	79	0.586077333299349
139	134	0.5858475064892469
139	52	0.568612502865791
139	40	0.5668776810223491
139	2	0.563584005400251
139	164	0.5576596014125195
139	143	0.5550842275792992
139	100	0.5509957256854646
139	144	0.5466422426782698
139	101	0.5343400550014464
139	7	0.5328880861979745
139	110	0.5223237399751155
139	24	0.517749413637637
139	141	0.5165406884882198
139	136	0.5051451014108552
139	10	0.49225336164004974
139	127	0.47911117590457203
139	130	0.46214861458783274
139	122	0.4412242600217412
139	138	0.43920873809689814
139	33	0.42175103379309775
139	31	0.4171114966763994
139	111	0.4159295867698314
139	43	0.4119686697386055
139	11	0.40568895753889356
139	99	0.40183888404535495
139	53	0.3970736381998708
139	150	0.3898388578246562
139	135	0.3878101902083381
139	105	0.3778849868418804
139	80	0.37073935603704766
139	45	0.36952252196743135
139	26	0.3643650439306796
62	137	0.727976995876349
62	67	0.6807980460328168
62	68	0.6755213747071327
62	61	0.6729470592026925
62	69	0.6700809345856263
62	42	0.600954548751202
62	41	0.5906345416076415
62	65	0.5811848179090118
62	34	0.5270848916564876
62	138	0.495911820052091
62	175	0.4638691273579666
62	93	0.4599674482599973
62	60	0.4510757487854727
62	172	0.44094235409561666
62	66	0.43815083467655885
62	150	0.42983967158617076
62	169	0.38200062054158895
62	98	0.3692893663723565
62	174	0.3613258471192793
137	138	0.7658447272865299
137	172	0.7512637824467391
137	150	0.709834397961675
137	175	0.6528616516201439
137	169	0.6216868929113328
137	165	0.6191651070512912
137	141	0.6089054388470145
137	68	0.6040503114156076
137	34	0.5675627247617514
137	42	0.5560313843621735
137	31	0.5489310092893857
137	145	0.5207658402465445
137	67	0.5025186460686077
137	41	0.49344201003691895
137	167	0.4769432915105846
137	174	0.46794817288843366
137	171	0.4570690306065887
137	65	0.45551711001111334
137	69	0.45124300438003623
137	61	0.43337931550137887
137	134	0.4254026174177843
137	170	0.4243864814874144
137	146	0.4171197568219386
137	72	0.37839919195597177
96	198	0.8033188212481339
96	81	0.7116899567188906
96	97	0.6394720312828072
96	177	0.629917884461981
96	98	0.5756016635656678
96	78	0.5599154388397217
96	71	0.5594553148462141
96	75	0.5470207693250037
96	63	0.540873863922364
96	185	0.5382226297535558
96	85	0.5187660717299355
96	74	0.49344201003691895
96	92	0.4858625185998065
96	55	0.4816957258714154
96	184	0.4683932380970553
96	61	0.45537444756607315
96	90	0.4546607845720061
96	88	0.4435085036203216
96	183	0.4378841482569062
96	73	0.42759511994561394
96	182	0.41466346808932797
96	199	0.40026126612014684
96	160	0.355940729094134
198	177	0.6631581383695183
198	183	0.6359596083400539
198	196	0.5651310104705672
198	182	0.5549112332012174
198	185	0.5473500457344973
198	199	0.546537056715417
198	81	0.5383078622163605
198	160	0.500370300281908
198	98	0.49488559136028276
198	97	0.48283150978776224
198	184	0.45531896140960004
198	71	0.4445281200304504
198	75	0.43287562715857525
198	167	0.4246160251171685
198	78	0.421348108785574
198	61	0.40171309763772756
198	63	0.3999420970409614
198	147	0.3886000361404701
198	195	0.386968760207449
198	74	0.38070167252017073
198	181	0.36757813915082427
198	158	0.36382723487397
198	191	0.36126498452573846
24	39	0.8032123919408986
24	143	0.7431596610505404
24	136	0.6653819379075278
24	33	0.5956772215839353
24	127	0.5590292210595142
24	26	0.5476231465144782
24	27	0.5238128581123624
24	34	0.5079477539377556
24	130	0.5046906160826161
24	52	0.5016211352678939
24	7	0.48923186519438516
24	14	0.4780163892924279
24	18	0.46999973774453085
24	152	0.42059937805702435
24	40	0.4177803451322399
24	21	0.4166157618702712
24	164	0.41235882661876627
24	38	0.39436630931208955
24	48	0.3889480665755503
24	122	0.38518177479339405
24	134	0.3573633915307801
39	143	0.7725814384934345
39	52	0.5777241823896057
39	136	0.5213486396722936
39	7	0.5124229805191693
39	122	0.504765141059366
39	33	0.49977785886303333
39	14	0.4855721687141861
39	164	0.4831611970238437
39	27	0.4817418026933203
39	127	0.4780086742522332
39	26	0.4740799087359555
39	134	0.4731102743355722
39	40	0.4703969836160326
39	38	0.469991946705448
39	18	0.467330935476178
39	34	0.44740411515545797
39	152	0.44550651053569873
39	21	0.42732541830235743
39	100	0.4153505164624868
39	43	0.40676608048718355
39	130	0.4059980152275129
39	2	0.39806712462428223
39	10	0.3897455710015391
39	119	0.3885660760121355
39	120	0.38735130839661835
39	131	0.38445764813514316
39	115	0.3805905084083995
39	15	0.36732729538812875
39	46	0.356996974165096
39	110	0.356996974165096
81	92	0.7978978249934342
81	63	0.7694997068742869
81	90	0.6907506574537602
81	74	0.6228940186070846
81	183	0.6198306270962308
81	97	0.5806150204355233
81	185	0.5759492745068578
81	73	0.5674474753088534
81	78	0.5624570428815724
81	85	0.5442045260459617
81	61	0.5065440486624275
81	88	0.4997103358377684
81	91	0.4557548287672397
81	177	0.44395021094422693
81	75	0.43844167737271117
81	69	0.43715642993727044
81	184	0.4293748721783138
81	60	0.4192073574001952
81	162	0.41643393031981757
81	93	0.39235457390261175
81	98	0.37133436484094573
81	147	0.3622471041779472
92	69	0.6568824574970084
92	64	0.4402009292801068
92	63	0.7257649275002481
92	90	0.6696012924487041
92	91	0.5818598861802601
92	61	0.535396650094312
92	74	0.522098278323202
92	183	0.5220037081645852
92	65	0.5191095023978899
92	97	0.47035804636637657
92	60	0.4595573666401759
92	85	0.45892608906682764
92	185	0.4222770524198994
92	73	0.41866319189481593
92	94	0.3855564306727065
92	88	0.3728679067934584
92	84	0.37004910959917614
51	155	0.7886309280723086
51	47	0.716536375974721
51	53	0.6875477338807652
51	154	0.7567134462229328
51	52	0.6238966784330382
51	122	0.6204522058522384
51	48	0.5601693892570513
51	46	0.5498246845529692
51	164	0.5364943038568375
51	153	0.5132336881823625
51	157	0.4968312305305956
51	119	0.4861451246998742
51	40	0.4456107026141185
51	152	0.4163843341137638
51	20	0.41567318291835775
51	45	0.4088752949859868
51	14	0.4078504102497015
51	80	0.40146986759874126
51	125	0.4004795890337132
51	21	0.3999084946506582
51	50	0.3796665660583422
155	154	0.7698258022213971
155	122	0.625603799999825
155	53	0.6053316950589569
155	153	0.5974228064739403
155	47	0.5964251001065302
155	157	0.5738336586395953
155	164	0.5590223461577817
155	52	0.5279004706598572
155	46	0.5157557462340091
155	146	0.4725046409626369
155	48	0.4693294407638857
155	14	0.4387405033738495
155	144	0.43054866320777635
155	45	0.42908935625559574
155	21	0.41820123980401525
155	152	0.41210980776126666
155	150	0.39746946058767424
155	20	0.38736830744420164
155	119	0.37775639911363107
155	125	0.3712395287807369
155	80	0.36698986950975493
155	7	0.36691198827840815
155	40	0.3646685385544622
155	124	0.3590021964241854
8	111	0.7876839097772507
8	10	0.4405233617456263
8	105	0.4299374950826985
8	110	0.4141665119822978
8	2	0.37199800026610313
8	141	0.3644691079538764
8	30	0.3590283296654097
111	105	0.6580519944514311
111	110	0.5991755681813846
111	10	0.49545924256324503
111	2	0.48505997497891223
111	4	0.48101194029415967
111	101	0.4625967551230882
111	104	0.40702475568089314
111	30	0.4002780618040683
111	141	0.37484643643057447
110	10	0.7804809917203339
110	2	0.6560630351336527
110	101	0.6295980798899146
110	104	0.615140843074884
110	100	0.5435918940976369
110	105	0.5340970874296137
110	7	0.483452434536175
110	30	0.477012815784776
110	134	0.4319894550093556
110	4	0.4052043020015438
110	25	0.3923038092343075
110	40	0.37963233140650565
45	164	0.7332496191110052
45	80	0.6906094579702182
45	31	0.6091696496120906
45	165	0.6067805674896461
45	150	0.5367933494780295
45	52	0.5312391984970533
45	146	0.5115006118346368
45	40	0.48569443436117093
45	53	0.48331449325997916
45	154	0.4821256726160058
45	144	0.47001531960298976
45	48	0.4619441211697008
45	46	0.43694609352853375
45	20	0.39544669163110224
45	43	0.3939862280403475
45	189	0.38122314176001154
45	135	0.37821924670865764
45	84	0.3706444714116219
45	157	0.36754354318970917
45	122	0.36715426854732686
45	33	0.36463385737431575
10	7	0.6187147603425878
10	2	0.7023533876035299
10	101	0.5415243990562306
10	30	0.538378880857682
10	100	0.502503696418153
10	104	0.5020775050715561
10	134	0.457725384414745
10	105	0.4359017947142138
10	141	0.4060815283977794
10	43	0.3914997169649707
10	135	0.379606654735294
10	144	0.3769502509983629
10	99	0.37661561750243233
10	40	0.35933317587648683
10	4	0.3569795229772892
143	127	0.6438721472607472
143	131	0.5945405342438635
143	136	0.5681724984189087
143	130	0.5565561926013423
143	26	0.5251394697354801
143	125	0.5029968762054204
143	122	0.46692440378639744
143	18	0.4621092927463371
143	33	0.4571481357807986
143	120	0.4556439014351233
143	14	0.45414499789332974
143	152	0.4505020604836748
143	21	0.4391441681735116
143	52	0.43818315506393624
143	132	0.43757695931706064
143	115	0.43159081195428545
143	34	0.415582185019382
143	118	0.40506220460405284
143	27	0.4010587640059967
143	117	0.4002192757338834
143	38	0.3897625328371185
143	7	0.3830591722355883
143	134	0.381137671610358
143	129	0.38098380892275335
143	164	0.37000595561793315
52	164	0.7701108063563346
52	122	0.6856395319322961
52	40	0.6384424152804878
52	80	0.6946001006649536
52	53	0.5979049048638457
52	154	0.5752203893603884
52	79	0.547216954388851
52	7	0.540066867452803
52	144	0.5160052611137024
52	38	0.49339661779410326
52	48	0.4873050343372284
52	21	0.47504839460708526
52	11	0.46207783396479574
52	33	0.46105479069984345
52	152	0.45999110083200406
52	46	0.45156945966228146
52	14	0.4509801599315309
52	136	0.4379326424311205
52	101	0.4304753438605203
52	115	0.42726819908178393
52	47	0.42703111156448725
52	119	0.41796192954789096
52	26	0.41339574184990824
52	43	0.39936230517346333
52	100	0.3901017140061829
52	5	0.38444912617921223
52	99	0.3796751245588344
52	27	0.375447921611495
52	125	0.35629000182629855
164	80	0.7334345028731947
164	144	0.6499776466038969
164	154	0.6360429786694048
164	122	0.6489021435561162
164	40	0.5483438519004966
164	146	0.5422378274498494
164	48	0.5360312294278842
164	165	0.533424894269045
164	31	0.5140434809809533
164	33	0.5103330491598822
164	7	0.5102368999583073
164	136	0.510222106641229
164	53	0.5060011564271786
164	46	0.49713243414693403
164	152	0.4718674679516404
164	150	0.469890656533191
164	79	0.4645202816157712
164	153	0.427987277385316
164	157	0.4142493551609699
164	47	0.40931659443972057
164	135	0.406682622957116
164	14	0.4031377885246103
164	21	0.4004963812211878
164	134	0.3980587091651405
164	38	0.3695397909019191
164	100	0.3607257815030295
154	47	0.6555215956097666
154	46	0.6259870794148684
154	53	0.6210484347201158
154	153	0.6182701840993334
154	122	0.601337722721338
154	48	0.5924807082610036
154	157	0.5755816027375154
154	152	0.5146759542206146
154	14	0.4686273875201804
154	80	0.4593917011791057
154	119	0.4481556386577615
154	144	0.4337772003371153
154	146	0.41624379807255485
154	136	0.4042426734263354
154	21	0.39449297310046183
154	124	0.39345388782107343
154	20	0.3855649441022698
154	40	0.3748550312998476
154	117	0.3616822661873085
63	90	0.7385128045101722
63	74	0.7306032206108737
63	185	0.596785774780167
63	85	0.5848088292486979
63	73	0.5608620694809692
63	88	0.486984704597306
63	167	0.466869663285229
63	97	0.4580415215052808
63	183	0.4564121786112127
63	61	0.42098615676616247
63	184	0.4143901728130949
63	65	0.40802546344307
63	69	0.40359830032873967
63	162	0.37915293713616977
14	18	0.6863172068153947
14	152	0.6753799954522927
14	115	0.6667394624082691
14	46	0.6567687414715054
14	15	0.6506759072612892
14	119	0.5826992930616575
14	120	0.5415668027579351
14	43	0.5380095004263954
14	122	0.5145656794087505
14	21	0.5063358634649817
14	117	0.498215775319723
14	48	0.48463926853264083
14	136	0.48382781971483646
14	16	0.4648103934762286
14	33	0.4431790906538657
14	20	0.4325180068431803
14	7	0.40845879937673724
14	53	0.39390174722698984
14	25	0.39348769505051834
14	27	0.3784163281073139
14	125	0.36502396230504947
14	26	0.3602298497473592
14	133	0.35745061755399005
138	34	0.751363953764016
138	150	0.7174935775482055
138	130	0.58121130626151
138	141	0.6939837299466312
138	134	0.5696942055458046
138	41	0.5248859431598843
138	42	0.520634643420719
138	31	0.5127621149932685
138	172	0.5086523033705229
138	127	0.4860534798038602
138	30	0.4292035729189766
138	136	0.4160370912916158
138	145	0.4129064512302275
138	33	0.4114786844279474
138	165	0.40825048775709555
138	169	0.37437361941767294
138	175	0.37199800026610313
138	68	0.36426964391479316
98	199	0.765265231744924
98	38	0.6422652418411074
98	97	0.5855781609015609
98	71	0.5690386584370557
98	61	0.5615950434278958
98	11	0.531970942349906
98	177	0.5289887971458624
98	93	0.5200804301632976
98	66	0.5066629851222461
98	60	0.3945267475792591
98	41	0.3829226413615582
98	79	0.3573808372342166
98	78	0.3566653589935589
199	38	0.5857752557365611
199	145	0.5658452446784463
199	175	0.42700658191735436
199	177	0.41967707627000495
199	11	0.418572468392604
199	182	0.41205169449948414
199	196	0.3873938055217112
175	169	0.7165169123920005
175	180	0.7114283044243576
175	145	0.68159128694945
175	167	0.6611646681369423
175	174	0.6243728339094734
175	172	0.7402128340811719
175	171	0.6960154375662136
175	183	0.6099803090388635
175	170	0.5868514833242207
175	165	0.5820847309747897
175	65	0.510784040418091
175	61	0.5059416369915778
175	68	0.5009697638410903
175	69	0.4968236989058928
175	60	0.42546813779688875
175	141	0.4187291673754948
175	150	0.4099573864948735
23	25	0.7650994333518354
23	22	0.7308129501639425
23	26	0.5020700258522158
23	126	0.4719685160945476
23	128	0.433289971181963
23	127	0.38492625477445325
23	16	0.3790330567464962
23	129	0.37016993225085054
23	15	0.3591154364035904
23	20	0.3589673512269053
25	20	0.634211378505089
25	126	0.6111406577456352
25	22	0.590198097899565
25	26	0.5429011086278882
25	128	0.5295646899923092
25	124	0.5167679396640641
25	27	0.48929271498724897
25	18	0.46729185447318505
25	129	0.46504554606819826
25	53	0.4616687639909531
25	21	0.45897345097332043
25	127	0.449768472584393
25	40	0.4430183579506127
25	2	0.43406941613470185
25	7	0.42412407910457744
25	43	0.40435142413263236
25	104	0.4018891943629722
25	133	0.39943794833187524
25	15	0.39802504665860994
25	120	0.3886339952130686
25	148	0.37308312910762215
25	119	0.3599078200918377
193	194	0.7605590819297752
193	195	0.7509805023809298
193	88	0.6011589425998803
193	191	0.5819723197000677
193	160	0.5590085961237221
193	185	0.5277129014352344
193	73	0.49978536104645677
193	158	0.4877624208324029
193	196	0.4848917193259803
193	183	0.4796349128798087
193	74	0.47658785200991743
193	184	0.46214861458783274
193	187	0.4560241647837155
193	182	0.41792066329426686
193	90	0.41127099174393084
193	159	0.39301429702232415
193	180	0.3893044704817305
194	180	0.6541621836799884
194	94	0.5468665817507102
194	187	0.6507450963622404
194	195	0.6280745781769502
194	189	0.566429604645901
194	183	0.5619372528114304
194	88	0.5075024248212786
194	147	0.4867405558715009
194	73	0.48268579041221393
194	84	0.4460273502048916
194	173	0.4446805621558972
194	185	0.4412162067746849
194	184	0.42253995515435205
194	188	0.41946284639948733
194	90	0.3840826200997028
194	182	0.37385759693262194
194	179	0.3631416104549224
171	172	0.7568245444000427
171	169	0.6206920130459072
171	180	0.5670608883943161
171	170	0.519262895991889
171	68	0.4680653183409785
171	174	0.46063735163953645
171	145	0.4144067382914948
171	69	0.3807615255616001
171	167	0.3776192228072566
171	159	0.3759718152661727
171	183	0.36933254684321026
171	165	0.36843406484631697
171	150	0.3590457515134785
171	146	0.35729360622332035
172	159	0.4683698195347544
172	68	0.6409237903725276
172	169	0.6361441941102555
172	146	0.6020649918004316
172	165	0.5822566110733849
172	167	0.5699170616499859
172	150	0.5600664490699311
172	145	0.5091487868950801
172	141	0.5001228816809293
172	180	0.49580624271745155
172	170	0.4280362857401839
172	31	0.42636859055844223
172	174	0.4231065972490132
172	65	0.38659458424346166
172	67	0.37828780065035134
172	42	0.3750269151523522
172	178	0.3568573576857918
2	104	0.6477485927249474
2	30	0.6223000169429662
2	134	0.6284619566979142
2	7	0.586510464513722
2	141	0.5350898387953137
2	100	0.5306790942892757
2	4	0.4868016001848528
2	105	0.4442472381782853
2	101	0.44058783460676515
2	127	0.4259675839977583
2	40	0.42587753910102655
2	135	0.4252469886442405
2	107	0.4088752949859868
2	43	0.39450986047310416
2	144	0.378304938487486
2	126	0.36994553736167735
34	42	0.6436730579407618
34	33	0.6370303811186012
34	41	0.5654168059339952
34	127	0.5145362699169787
34	150	0.49210938771685775
34	130	0.48622912312858885
34	136	0.4783017939236902
34	22	0.462392369442215
34	134	0.45894977034612505
34	141	0.4531681373585873
34	31	0.44150607889269955
34	38	0.4015453588459527
34	27	0.3945942933388618
34	30	0.3806674693498792
195	196	0.739026072645915
195	183	0.6472317195190014
195	182	0.5115818276483463
195	181	0.5056960683903903
195	160	0.49880944855466186
195	185	0.4832685075004631
195	191	0.45918654727089697
195	180	0.44902629361767765
195	158	0.43238792933475084
195	74	0.4036820077912389
195	159	0.39958081501453896
195	167	0.3968798840273675
195	145	0.3876997362170584
195	88	0.372945391450178
195	187	0.3591328570005347
33	136	0.750875836730082
33	48	0.508170316739777
33	46	0.5042433082558327
33	130	0.49834356727194545
33	152	0.46655679178682957
33	18	0.4489783898038724
33	117	0.4334930141338324
33	115	0.4156814550420225
33	41	0.41159497366902803
33	40	0.4109302832821306
33	127	0.3882264166763835
33	27	0.38676468001505954
33	42	0.3846962362940376
33	7	0.38209456490151134
33	47	0.37827066255389336
33	122	0.3690648022212269
33	120	0.3656045477563332
33	15	0.36391399469143876
33	150	0.3628724604313421
136	130	0.5450907580963138
136	152	0.47552833718222404
136	127	0.47330429305054783
136	46	0.45702156403083993
136	18	0.44492120780483724
136	48	0.436719523943642
136	150	0.42845275510786107
136	117	0.4235334133242498
136	7	0.4221948807411518
136	115	0.39795771842990924
136	27	0.38596500122297495
136	43	0.3713947110275085
136	120	0.3651799684043408
136	40	0.3648766043861295
136	53	0.3561241096856359
101	99	0.6461204631177936
101	100	0.6428699618048227
101	11	0.5562938439517979
101	79	0.5289455855232567
101	5	0.512120573699926
101	144	0.4946741373546474
101	40	0.4733275722113825
101	7	0.42021244639951094
101	105	0.40145309102512944
11	38	0.6202307423334041
11	79	0.6082947211837821
11	5	0.5742158411033441
11	99	0.5336037348863533
11	40	0.42026185044383346
11	80	0.4146303453716252
11	144	0.3933862701698107
11	100	0.39219381092130484
11	122	0.35962053208204775
84	189	0.5949153874407084
84	91	0.48653449621571565
84	180	0.4409987422438756
84	73	0.4307115747470571
84	94	0.4282322939858881
84	60	0.4116281967051391
84	82	0.40568060334030437
84	187	0.40020247910881235
84	147	0.3566653589935589
18	120	0.7441073196786495
18	15	0.6820889243489634
18	16	0.6653039132770333
18	115	0.6705435070041523
18	117	0.6522128112447793
18	119	0.5724234599940998
18	43	0.5721006522596105
18	118	0.5358815517719594
18	152	0.5119361169582475
18	21	0.5062986813240117
18	46	0.4522697360252365
18	26	0.44999180278332895
18	20	0.4451216967799226
18	124	0.4394024206413348
18	27	0.426614022105284
18	29	0.42573836221138717
18	133	0.4224742361340755
18	129	0.4207310645800459
18	125	0.41853122767509177
18	131	0.4116614186472249
18	126	0.38547980685257177
18	132	0.3812060482513614
18	127	0.3783477819457315
18	48	0.36903025006429546
18	7	0.36646190713780313
18	128	0.3585404163698247
120	117	0.6700423633686035
120	119	0.7136239822093796
120	115	0.6571041178203494
120	124	0.5119508752353826
120	16	0.5023616597521453
120	15	0.4829848697229468
120	20	0.47843289191964616
120	152	0.4726599741542888
120	125	0.43698654655027813
120	21	0.4100738507015381
120	46	0.4096744891939617
120	126	0.3987653740936728
120	118	0.3860245717846751
120	27	0.3826751365109729
120	128	0.36772516063526284
120	131	0.3619169234696822
119	115	0.6176582451794419
119	117	0.5368787663234709
119	20	0.504832207106164
119	152	0.49180619671156356
119	125	0.47658785200991743
119	46	0.4740644036241416
119	21	0.471735309365729
119	122	0.4554695584617885
119	124	0.4527548279081026
119	27	0.41938043785098056
119	53	0.4187291673754948
119	48	0.40907515240848263
119	15	0.38898201482342826
119	16	0.38064181628859506
124	20	0.7384218713128033
124	126	0.5097707654486596
124	53	0.5073390695016694
124	157	0.4493296244930359
124	128	0.4208380468263138
124	117	0.4047779510997503
124	133	0.3947546974262658
124	21	0.38432981191644167
124	29	0.37671859212931413
73	88	0.7412553658686306
73	184	0.7291406154556438
73	58	0.47576820238326967
73	59	0.40224968062671984
73	90	0.6401866793477814
73	185	0.6177139069313916
73	74	0.6083766117867335
73	75	0.5979049048638457
73	78	0.5095783051648932
73	147	0.4738860737066374
73	161	0.4627067885901128
73	187	0.46091304181125853
73	162	0.45810473502595883
73	182	0.4161941923676964
73	188	0.3879291282059016
88	90	0.6869567275341297
88	184	0.6424532017191802
88	74	0.6214721192949092
88	185	0.6146308725227304
88	75	0.5759359087042354
88	78	0.5512324585886385
88	87	0.5259790630140525
88	55	0.47818610151508545
88	191	0.4537321492272376
88	187	0.4404911236108672
88	182	0.42255638421523706
88	58	0.40343923753485916
88	94	0.38155641307064053
88	59	0.3737543646421504
181	182	0.7406645844993925
181	79	0.6878481646335253
181	196	0.6247753726228503
181	99	0.5325156472785011
181	78	0.5229125048580266
181	135	0.46604812650563504
181	160	0.46337454286464846
181	7	0.41725190977838844
181	75	0.3945520777388121
181	185	0.39165211725857485
181	55	0.3808897713350776
181	186	0.38041091237537406
181	191	0.37060996599303797
181	158	0.36999732463007023
182	78	0.6896143421230161
182	184	0.5911682267008607
182	185	0.5906996528455557
182	196	0.5828379730119017
182	187	0.5519699387412443
182	75	0.5494757422453727
182	147	0.5264563056484775
182	183	0.5022943697613221
182	186	0.45607168600107695
182	135	0.43824779243976714
182	79	0.4248700990467087
182	160	0.4181352289778492
182	188	0.4074418361892218
182	191	0.4044768915106247
182	158	0.37941834127833335
182	161	0.376555544671459
182	80	0.3665657872496061
41	38	0.6914402081857888
41	130	0.49339661779410326
41	93	0.49129808449399315
41	42	0.475714045456496
41	145	0.4579545953497912
41	150	0.41375219316815903
41	40	0.39165211725857485
41	141	0.3840826200997028
41	67	0.36557855747183615
41	153	0.3560193241339194
173	179	0.7396109689128357
173	50	0.6525861549092628
173	174	0.6270380227444784
173	89	0.5105622765434934
173	82	0.5060383536275411
173	168	0.45923389482924676
173	87	0.4415543819560138
173	180	0.4207639834408808
173	189	0.4185229793244554
173	94	0.4089335907869122
173	187	0.4006810775274618
173	192	0.37646113811001974
179	89	0.6400922439130844
179	174	0.5992140261170646
179	82	0.5705311700227923
179	168	0.5334320488097024
179	50	0.5257692606706298
179	180	0.5135650776554768
179	189	0.5064920078983733
179	191	0.48159588362021366
179	87	0.4310943063843187
179	157	0.40963288000104
179	192	0.398647629456395
179	94	0.3978651351154382
179	153	0.3856245362709784
196	160	0.5664771437861016
196	183	0.5654576227793685
196	145	0.5566735231837925
196	158	0.4850523277736121
196	185	0.4295053651673973
196	191	0.3942058469999686
90	85	0.6114725989584043
90	74	0.6527296643208143
90	185	0.4690486905854858
90	162	0.45985706095976375
90	184	0.43102102934856806
90	94	0.42554184289209923
90	55	0.42360726625922546
90	97	0.39400312340425675
90	75	0.3889141172713276
90	91	0.3866881401735982
90	64	0.37690735476449766
20	27	0.5574666468734288
20	53	0.5603066159322527
20	21	0.46022759064609303
20	126	0.4575277399340231
20	48	0.42546813779688875
20	125	0.4079421085201366
20	40	0.4018137279767638
20	128	0.3816674814722366
20	148	0.3577209785940691
4	107	0.7355666491245905
4	105	0.672733617716285
4	104	0.4698750723313176
107	105	0.5369357047730475
107	104	0.49539887855962483
80	79	0.6065404215388561
80	40	0.5106435978538049
80	144	0.5088968823430888
80	165	0.49764420541693183
80	78	0.4969818473080376
80	122	0.4952026625033989
80	31	0.4556676727692308
80	53	0.4044936193441867
80	7	0.38053064625314587
80	135	0.3607344802407562
22	127	0.44522593341535427
22	123	0.42329540445769526
22	26	0.4152015582167909
22	128	0.3776106487376539
74	185	0.6631917503090868
74	75	0.5187879978415779
74	184	0.5057630497754866
74	55	0.4284445907905147
74	85	0.4084088084670909
74	183	0.3799232927990576
74	59	0.37498394660602435
74	78	0.3712740155170957
65	69	0.7295525025518903
65	68	0.6930494680544143
65	61	0.6631637405452021
65	67	0.6413301701112146
65	60	0.5190437520470138
65	169	0.4867710786224689
65	167	0.45440689689947517
65	66	0.4364281387642687
65	85	0.40648229718979584
65	91	0.3936905160769279
65	93	0.38530951266214625
65	42	0.35980335961747767
69	61	0.7128379000335965
69	68	0.6955666265250766
69	60	0.669865991724139
69	67	0.6769216020714129
69	91	0.5576940512403744
69	66	0.45092439498852593
69	169	0.44045888434003905
69	93	0.43907152158653817
69	97	0.402157475075842
69	42	0.3925829853299802
184	75	0.7029457392373718
184	185	0.7025256243711604
184	147	0.5432606908127411
184	78	0.5331243346392895
184	187	0.5251177425370726
184	188	0.4986141140511938
184	161	0.47217834569489847
184	186	0.45873661535865723
184	58	0.4127654249277417
184	191	0.40256814610627434
184	59	0.36948798333270727
125	132	0.7276995475415491
125	21	0.7193757543433061
125	131	0.567488154125585
125	117	0.4821333481273579
125	118	0.4759461211731169
125	27	0.46706514864398657
125	129	0.4650141961794466
125	28	0.4530012473646533
125	48	0.44377355388690604
125	115	0.43137921857892714
125	133	0.42675307210037355
125	128	0.41107987674987817
125	122	0.40684953122798884
125	26	0.39253223141855603
125	130	0.378887470596843
125	16	0.36686006459981385
125	53	0.35810461389482645
132	28	0.7218562172868159
132	131	0.6979642693301852
132	129	0.6068121573983585
132	133	0.5570184844339416
132	21	0.5508773259654425
132	118	0.5335894293926036
132	26	0.45204698123834297
132	29	0.42545175812023595
132	128	0.3933862701698107
132	127	0.36202989025231497
132	117	0.3608562559788086
15	115	0.7220333716957061
15	43	0.6408943285936676
15	116	0.43211958763141955
15	152	0.5275469319022389
15	117	0.47534258651453215
15	16	0.44893048340906444
15	46	0.400588733443624
15	21	0.3676905689982233
115	117	0.6000785986491746
115	152	0.5875328967445139
115	16	0.47771544807498884
115	46	0.47510259583621695
115	21	0.4708640877320427
115	43	0.4373828926030753
115	116	0.42813429489810706
115	122	0.41346206797310137
115	48	0.4047361425131103
115	118	0.40413391128940185
115	128	0.37799641774897746
28	26	0.5647497387611191
28	131	0.5560452007905163
28	129	0.500370300281908
28	133	0.46973480133410817
28	21	0.45073317417232495
28	29	0.4258939115280052
28	128	0.3851988073621864
28	127	0.38200062054158895
28	16	0.3748894101325665
21	48	0.5400810338553588
21	131	0.5179543258786979
21	122	0.5175078336409553
21	26	0.5072945117212554
21	117	0.48491466539279854
21	133	0.47651056192469193
21	16	0.4734749915436409
21	46	0.43924909199489437
21	129	0.4290077645224185
21	27	0.4245258537703968
21	152	0.4223345684660359
21	53	0.3956407070216879
21	128	0.380949614348175
21	7	0.3743822178294134
21	29	0.366539818078323
21	118	0.3589325050289479
150	146	0.6258715190382743
150	165	0.6110090743699652
150	31	0.5722688034171816
150	141	0.5338611815598908
150	42	0.520663800396221
150	130	0.5074133264409331
150	134	0.4893991906623336
150	153	0.47008543434079086
150	169	0.41957820675308877
150	145	0.3961719596462467
150	68	0.37479486586182803
150	144	0.37427903263962786
150	72	0.36371443767296396
150	135	0.3591328570005347
47	153	0.7091242043220632
47	46	0.5560037505835941
47	48	0.44464847121719997
47	122	0.4331275051449736
47	168	0.3931580291774421
47	89	0.3886000361404701
47	152	0.38715580042041037
47	50	0.3828116977068191
47	53	0.3804451233562964
47	42	0.3776192228072566
47	82	0.3712567722769507
169	174	0.6153086476711309
169	170	0.581383450532603
169	180	0.5569150162284623
169	167	0.5135209012396212
169	165	0.46957891684802994
169	68	0.4621722068204733
169	141	0.4209697012144973
169	67	0.39977407433952844
169	145	0.3676213826716005
29	133	0.7147459432002322
29	129	0.5007824830655612
29	131	0.44002354301292723
29	26	0.4177060509764731
133	129	0.6177881129739647
133	131	0.5481060391057495
133	26	0.4333143386592363
133	122	0.3925829853299802
133	128	0.3859394699968228
133	126	0.37410703672588297
133	16	0.35608918216337315
61	68	0.6050655265177389
61	66	0.5882003976878344
61	93	0.5849075203856254
61	97	0.5624091860521879
61	67	0.5595720953960118
61	85	0.5122238488472646
61	60	0.47859480706276986
61	71	0.47823238047037187
61	177	0.4726133772799461
61	170	0.41132084188403717
61	167	0.40310428878748933
61	91	0.3760233328156097
61	183	0.36666100265752183
105	30	0.35789537325511295
180	189	0.7052199753083214
180	183	0.60425986030026
180	174	0.5956578661786233
180	168	0.4939789474717185
180	165	0.4712453603683413
180	91	0.46539815194242823
180	187	0.4561192046177399
180	159	0.44129673604722247
180	94	0.4172766864935506
180	147	0.4013020897403453
180	146	0.39874014420656356
180	167	0.3942649674909904
180	145	0.3925576086731256
153	168	0.61963968931608
153	146	0.479942833927651
153	165	0.41780510860935827
153	38	0.4086504084966581
153	144	0.39591058274275653
5	79	0.4788568863901591
5	99	0.4689238822878262
5	40	0.37667568716607774
152	46	0.6659555294804977
152	122	0.538740956982009
152	43	0.48585487918655945
152	117	0.47918051363784253
152	48	0.46137757534176926
152	151	0.36581244950550185
189	168	0.5571219353507547
189	187	0.5358316517328324
189	146	0.5344615056879176
189	157	0.5127989677990731
189	165	0.47001531960298976
189	82	0.43775481800130994
189	147	0.4274807103595483
189	159	0.424861904157902
189	188	0.41776383580263216
189	94	0.40126014106703717
189	144	0.37568842720224305
141	134	0.6580349850884669
141	30	0.5871398751866741
141	135	0.4433317603324121
141	38	0.4401444919212042
141	31	0.43393143671814544
141	127	0.39947156576775156
141	170	0.3838609530280519
141	100	0.3833151225158489
141	130	0.3809410655416953
141	145	0.3805990598845022
141	165	0.37214446597517614
141	167	0.3614562565950846
75	186	0.5313109731752598
75	78	0.6183998930721221
75	185	0.6133349815905355
75	147	0.4558974288238699
75	55	0.44849122121276574
75	188	0.43060568543852684
75	58	0.381308605393274
75	191	0.37436502094155194
75	59	0.36668696916316074
185	187	0.5490218305248923
185	183	0.5394857814677906
185	78	0.5189779955529351
185	147	0.4944021818366061
185	188	0.46202277829881044
185	160	0.45247652924606246
185	158	0.38659458424346166
185	186	0.37563689454835164
185	55	0.36440840504641775
131	26	0.5087412506810186
131	122	0.46580542371437145
131	129	0.44190852620884447
131	118	0.43493740726517083
131	16	0.36701582877701383
131	117	0.3629158758224664
68	67	0.6746015216758037
68	42	0.6168721361266775
68	60	0.44846725522158204
68	93	0.35829638622214194
68	31	0.3564907885789038
79	99	0.6581483681566299
79	38	0.5655800566982628
79	7	0.5143744960731896
79	144	0.4800044039536051
79	78	0.4787952283416716
79	40	0.478270944237731
79	100	0.4648025539268085
79	122	0.42704746431341756
79	135	0.37755920296024964
38	40	0.48260908526724783
38	130	0.40458561759072825
78	147	0.4481156799362316
78	187	0.4081671512012298
78	183	0.3773877002023954
78	161	0.3754908727480713
53	157	0.6003408954279487
53	40	0.5519282176083621
53	48	0.544893922761061
53	122	0.5034076093137865
53	7	0.45366067486640316
53	144	0.4525401481422806
53	126	0.42073929439913316
53	43	0.4115119112927343
53	46	0.3737973792220158
53	26	0.3707911080255888
53	148	0.36652250498017125
122	46	0.5118328005564252
122	48	0.46009358776715686
122	7	0.4582469485069769
122	144	0.39493195816207394
122	40	0.39263373685044595
31	165	0.6855335377124936
31	72	0.4203441849810585
31	57	0.3250827059387774
31	134	0.6165189147686833
31	135	0.589735221007393
31	146	0.49393358703937973
31	42	0.4782015281285938
31	30	0.4521901872191624
31	167	0.4295135203837828
31	40	0.4140505200034072
31	178	0.3692202743021957
31	7	0.36036037786166447
165	146	0.627365596387766
165	135	0.5529704168618597
165	145	0.5273303893674379
165	60	0.47085630482528723
165	134	0.4226138837415189
165	167	0.3978735521152922
165	144	0.394374754030927
165	159	0.3820262425137302
71	177	0.6850190533028139
71	97	0.5116556522747284
71	66	0.4108139175060204
177	97	0.5448798607955585
177	183	0.4964168800475296
177	191	0.3605952929068341
191	87	0.6385194197555822
191	55	0.4654764887524032
191	89	0.41325478427184603
191	192	0.40145309102512944
191	159	0.37231675484889765
145	174	0.5227163052837763
145	170	0.5175151554594852
145	183	0.3789816755415337
46	48	0.5779106979488007
46	117	0.4445923093276379
46	43	0.4187786460854081
67	66	0.5671151612880257
67	42	0.54250604386347
67	93	0.49012131871722237
67	174	0.42622948480677975
67	50	0.39756207852096176
67	60	0.36785487021060426
126	128	0.6770136935875309
126	123	0.5850916975112952
126	129	0.5451399575435426
126	127	0.4984337603205325
126	26	0.4658367441430753
126	40	0.38440651541669524
126	43	0.365656526614928
128	123	0.670482961684013
128	129	0.6522128112447793
128	127	0.5980333914425292
128	130	0.4613067306342387
128	26	0.4427128873411455
128	118	0.3938595043243709
128	117	0.3762379642478261
128	148	0.3614214821173423
100	134	0.5476721522580885
100	99	0.49962779944740143
100	7	0.47966571030294536
100	40	0.4329731363359551
100	30	0.4306627042318073
100	144	0.4233118207387257
100	135	0.41107987674987817
82	89	0.6711814413433008
82	50	0.6488558270711784
82	91	0.6120170172975764
82	87	0.5875787312160579
82	168	0.5137932790997299
82	94	0.479211328488605
82	64	0.4252797546868225
82	60	0.39309039290911957
89	50	0.5925066663102178
89	87	0.5652330958572096
89	192	0.41172785924911237
89	66	0.38949959467359463
89	94	0.38319568637483503
89	168	0.3655179112576862
89	91	0.35597566084466487
123	127	0.5347257632513326
123	129	0.482018207686071
117	16	0.5859722813117685
117	118	0.48959689249391497
117	48	0.4178793953160046
60	91	0.5906736092734074
60	183	0.4132133223910007
60	97	0.3769931456152839
60	66	0.37364251921068864
60	50	0.35847941342499473
99	7	0.41053125918155886
16	26	0.40268545093854524
16	118	0.3943071944152958
147	188	0.6346893566336859
147	187	0.6092765536376625
147	183	0.4988394955204987
167	183	0.6166986549118596
42	30	0.43554533093344827
42	27	0.4110466356699091
42	134	0.3958852847979783
42	40	0.37292817308705023
134	135	0.6470224779775965
134	30	0.6179983036838751
134	7	0.5211884182669113
134	43	0.45395447657414145
134	104	0.4269411664525472
134	146	0.41707019491509484
134	127	0.38340042619743053
134	144	0.37254069202706036
134	130	0.36655713092263903
187	188	0.6284619566979142
187	183	0.5437116493647788
187	91	0.39444230938368335
187	116	0.37484643643057447
187	94	0.37275597533032356
50	94	0.5320713158421501
50	87	0.4650612205752106
50	66	0.461251625127872
50	91	0.4377063144842502
50	174	0.4199406796284847
50	64	0.39441697662598457
129	127	0.6239211079407513
129	118	0.5621356461672614
129	26	0.5289167762510284
129	130	0.35748550621737285
144	40	0.6064076618001584
144	7	0.5541425584397373
144	146	0.5504522973488375
144	135	0.5383717793376427
144	157	0.43080930819992197
144	148	0.42640950017752854
104	7	0.4951347297868663
104	127	0.37225645666111024
104	30	0.362012511439313
183	158	0.4255909764859331
183	160	0.41124606575125777
135	7	0.5556651370418237
135	146	0.4963415192786247
135	148	0.46449675466067686
135	30	0.40654907678944113
66	93	0.644568273657637
66	97	0.5281600969016955
66	170	0.5081183914877379
66	85	0.48881339393522666
66	91	0.3853180279951301
66	87	0.36348881127148197
93	97	0.597840650049759
93	85	0.5103182578053352
93	170	0.42360726625922546
93	55	0.38857456614319114
127	26	0.5907712663232548
127	130	0.5617661721498696
127	7	0.4486030539776226
127	43	0.3941636160801105
127	118	0.39094073214888636
127	40	0.3708342329237468
55	54	0.46004628762803434
55	85	0.5450977868186553
55	97	0.4383447400055456
55	160	0.4077086785568748
55	87	0.3703425143158627
43	148	0.47473085787895924
43	7	0.49004533688415014
43	30	0.3729367823007209
97	85	0.4762090602122594
87	91	0.5233119993041363
87	192	0.41745010612961836
40	7	0.5198323507479377
40	27	0.48041987793835617
188	186	0.402132326691484
188	116	0.36067358775880076
146	159	0.46200704745440574
146	157	0.39322566119121977
146	178	0.3721789258020543
146	72	0.3605604935635242
174	170	0.5993101588583664
174	168	0.42678578681453005
30	7	0.4066075053759308
168	91	0.37550805275113996
7	26	0.4472681337893859
7	148	0.40102519739281484
91	94	0.4194381245607833
91	64	0.3779449894601665
85	162	0.42098615676616247
58	161	0.6019629791350777
58	56	0.5219600560697246
58	163	0.4554695584617885
58	59	0.3886679532298714
58	162	0.3562114241377167
161	56	0.4253452834276593
161	163	0.37396081996090674
161	162	0.36422627774365424
158	160	0.5961479899021683
26	27	0.3610823782765809
26	118	0.36043868795749207
26	130	0.3566828146654738
130	27	0.41339574184990824
72	178	0.5582794043620706
186	116	0.37688161624809663
56	162	0.5161813365618365
56	163	0.48927750298560724
159	54	0.45767795386384424
59	151	0.4196441208707315
