28	132	0.8986001000813597
28	131	0.779854851274994
28	128	0.8250080972495146
28	29	0.7921584500315308
28	126	0.7748691116085118
28	133	0.7556129295782217
28	129	0.7388308592232905
28	25	0.7292904537576338
28	124	0.6863912553168324
28	23	0.6749610040081588
28	123	0.6736030998176825
28	125	0.6615697353620849
28	21	0.6130479433353394
28	130	0.5557411683823433
28	26	0.5557135216976313
28	121	0.5552433400077771
132	128	0.8920961484947305
132	133	0.8215606264257427
132	126	0.8352338507304424
132	29	0.819009029629073
132	25	0.7565937531326313
132	124	0.7498971367606494
132	129	0.7481676779799463
132	131	0.7455765108464549
132	123	0.7432670931794287
132	23	0.7261480470608287
132	125	0.6850880445151464
132	21	0.6461379386294641
132	121	0.5948443144649338
132	118	0.5937317816784348
132	22	0.561971463176393
128	126	0.8892855859202594
128	25	0.8590479474835081
128	124	0.8148513791376063
128	129	0.7757466854736793
128	123	0.7694589167155094
128	29	0.8196335829971496
128	133	0.814346736858526
128	23	0.7918229744562394
128	125	0.6751242992308083
128	121	0.6665450065669818
128	131	0.6500527190377304
128	21	0.6268013037740473
128	22	0.6119794898093415
128	118	0.6057053699472035
128	120	0.5753809563514473
128	130	0.5624502064223714
128	26	0.5594484447102721
126	29	0.8110192620996813
126	124	0.8095769169706817
126	133	0.7917110429574807
126	23	0.779462719188652
126	123	0.7679042330841676
126	25	0.7646014289348992
126	129	0.741988859964127
126	125	0.672015852956128
126	121	0.6534694287541388
126	21	0.6453100213734565
126	131	0.6446384120410945
126	118	0.6224102982727261
126	120	0.5979884246357966
126	22	0.5770909119866418
126	20	0.554620494578207
96	198	0.8765089842644695
96	81	0.8242080446930149
96	95	0.6920711916008
96	98	0.7545511988828962
96	193	0.7284795571797903
96	83	0.7113739744984307
96	199	0.7103549516719395
96	97	0.6897978490440697
96	195	0.6872206820767068
96	74	0.684647350899637
96	185	0.6837325107235595
96	87	0.6737778649770174
96	88	0.671505527097643
96	61	0.6666172436152217
96	183	0.6642379820192198
96	90	0.6480271085527035
96	191	0.6267284438790853
96	93	0.5853875700581436
198	199	0.8016812587598887
198	195	0.7930136059370605
198	55	0.4868702693543091
198	98	0.7751885757939158
198	183	0.7660927024227149
198	193	0.7638527069116797
198	81	0.7632271971215768
198	185	0.7220812350206708
198	83	0.6990550078408134
198	166	0.6893467876962739
198	97	0.6824043026664707
198	191	0.6740616976686452
198	95	0.6725912611551066
198	61	0.661535994493694
198	190	0.626376133207355
198	74	0.5955481724817966
198	87	0.589128330827895
198	93	0.5877227578674118
198	197	0.5707469687559477
198	88	0.5690048477248436
198	90	0.5571495193420002
137	140	0.8756021340971869
137	171	0.8394770979460187
137	165	0.751955563863762
137	143	0.650652841826428
137	35	0.6497927988643458
137	33	0.619886046903935
137	167	0.6105012221282063
137	172	0.6094022947300035
137	145	0.5898460859943047
137	62	0.5833395786475526
137	67	0.5827653353665434
137	42	0.5781570723693874
137	34	0.5745843765680916
140	35	0.745514328162882
140	143	0.6942635538096874
140	171	0.797788791179091
140	141	0.6718897026806294
140	167	0.6384364913298433
140	165	0.6340021104869975
140	34	0.6181898711872967
140	145	0.6094085809801265
140	33	0.5962382274306687
140	67	0.579951749353416
140	62	0.5744637905948103
140	172	0.573135698828387
140	32	0.5628056003247777
44	149	0.8597016338117267
44	33	0.7224782339099103
44	49	0.7345139011622691
44	164	0.7286109392875225
44	77	0.7042434708658605
44	53	0.677825347415699
44	46	0.6639417201603998
44	154	0.6596591744299635
44	48	0.658975160566356
44	155	0.6536241054402636
44	31	0.652649304819971
44	127	0.6498447950620665
44	157	0.6459107041312383
44	146	0.6423004902042845
44	47	0.6416597212633783
44	153	0.6278444247744837
44	136	0.6239272151271577
44	18	0.592123660312108
44	45	0.5788091224247164
44	148	0.5763768176101192
44	42	0.5726116826082154
44	67	0.5657636608400899
44	51	0.5615471187734731
149	154	0.7843590888559397
149	136	0.7437232523009678
149	18	0.719250281261681
149	46	0.7093230050668303
149	48	0.705275264145618
149	155	0.7031783629532495
149	148	0.6998926150523657
149	146	0.6981539733062206
149	77	0.6977642049888935
149	157	0.6809214249362536
149	49	0.6757387842985327
149	164	0.6674886565652771
149	127	0.6480619108514865
149	153	0.6428875630117251
149	53	0.6313333147133235
149	150	0.5949541505979211
149	17	0.5933431537377593
149	47	0.5851114271961442
149	20	0.5692347226283185
149	119	0.5568184303054144
149	33	0.5565907039011635
149	51	0.5557480798614708
25	23	0.8473838730327392
25	22	0.7205461774561928
25	27	0.6477079613594465
25	124	0.7550116251353818
25	29	0.7437366582735735
25	123	0.7271439357287992
25	129	0.7040972690822946
25	133	0.6931533901353658
25	121	0.673116637920044
25	125	0.6584203657568841
25	120	0.6432922034032128
25	118	0.6376538657600874
25	21	0.6246595242827832
25	16	0.6072857760156292
25	20	0.5808204781698629
25	26	0.5721544658640465
25	131	0.5659268174382368
25	130	0.5642182797272415
19	121	0.855281333619952
19	20	0.7515511377257313
19	120	0.723756862654543
19	17	0.6852312946943804
19	150	0.6810554886150186
19	118	0.636156100370058
19	124	0.6105012221282063
19	27	0.5997329376091854
19	119	0.5982902724045597
19	16	0.5883834932097337
19	115	0.5808867390782867
19	18	0.5717238190981004
19	26	0.5672236923021803
19	14	0.556162628024156
121	120	0.7352314417455278
121	118	0.713928106914837
121	124	0.7106718608924156
121	20	0.7072499586759028
121	16	0.6761406823079915
121	117	0.6457591508490875
121	115	0.6208333833892387
121	125	0.6083514160576781
121	27	0.6065214579322848
121	129	0.6015164426488829
121	17	0.6012036432735539
121	123	0.6007692489101325
121	14	0.6002769325072785
121	23	0.5836297787151761
121	15	0.5799451127552429
121	150	0.5641569274160046
121	152	0.5590292210595142
121	119	0.5575217828894019
121	133	0.5561833481723722
70	176	0.8506776836640555
70	71	0.7356125399193333
70	139	0.6509237848635738
70	177	0.7674524962890185
70	36	0.5634748158641694
176	177	0.770029407951075
176	71	0.625177579498027
176	98	0.6034593149880368
176	139	0.5708076479496508
88	90	0.8473838730327392
88	74	0.7929393682795961
88	193	0.7923073968238203
88	81	0.7523116857185179
88	194	0.7401178814810349
88	94	0.722607275539149
88	80	0.6766560432081482
88	73	0.6674553876993201
88	87	0.6491278675634373
88	185	0.6384957274324506
88	50	0.5937641548459301
88	183	0.5882788745833001
88	83	0.5807144447054006
88	76	0.5768173911924447
90	81	0.7940135120078258
90	94	0.7300666182233404
90	194	0.7869997431786115
90	193	0.7749889571035072
90	74	0.7554240852010893
90	87	0.6658609132201032
90	185	0.6383594730879638
90	80	0.6120045084410547
90	183	0.6112220971974901
90	50	0.5868514833242207
90	73	0.5718786190708949
90	93	0.5689169308692492
90	68	0.5636112997076854
90	76	0.557618259083135
90	195	0.5552502570177044
23	123	0.7407864424401315
23	29	0.737337703121795
23	124	0.7138447446662627
23	133	0.7042434708658605
23	22	0.6965048981655769
23	129	0.6361203806817451
23	120	0.6072289645519485
23	118	0.5990281204773065
23	21	0.5909274816058683
23	125	0.5905303476279189
29	133	0.8422599637032101
29	124	0.7420023432399404
29	129	0.7191826993923569
29	131	0.6984050520976974
29	123	0.6682531051929507
29	125	0.6070900659420586
29	21	0.5850785440032666
29	20	0.5645521996717685
133	124	0.7310365096915773
133	129	0.7176003053522096
133	131	0.6589695030116965
133	123	0.6529362356059302
171	67	0.7326109371494979
171	165	0.7034360959992664
171	172	0.6632757684557838
171	33	0.6479981045696303
171	164	0.6197197689301682
171	167	0.6176829844998972
171	35	0.6159793086233649
171	145	0.6140082611635626
171	42	0.6023071931201646
171	31	0.5995215900554977
171	62	0.5879256413043211
171	143	0.5740683617181018
171	170	0.5597643914016274
87	191	0.8364693888577557
87	193	0.749156563176993
87	83	0.7487658023856413
87	194	0.7010335611484282
87	94	0.661878901853443
87	74	0.6448078683394518
87	81	0.6233100044129962
87	89	0.6209439928912438
87	190	0.6073867588404979
87	50	0.5936411265835541
87	185	0.5891936197623029
87	183	0.5595102731664142
191	83	0.7816507974422188
191	192	0.5393085187909116
191	190	0.759562437159382
191	193	0.7405471937427223
191	185	0.6204276036792625
191	183	0.6180786473811912
191	194	0.609188516637428
191	89	0.6058889427880481
191	179	0.6028294604165155
38	142	0.8306718869809333
38	36	0.7141094724617532
38	41	0.6501104584304201
38	52	0.6346654692504329
38	139	0.6276081004827295
38	156	0.5824350468717772
142	145	0.6916645629555169
142	52	0.6502316867204508
142	36	0.6775549794078849
142	41	0.6528157474896104
142	156	0.6132725957443654
142	139	0.6093268537523158
14	15	0.829708458087739
14	115	0.8089211972246815
14	152	0.801144653143314
14	75	0.7021557205786514
14	186	0.6670448525579575
14	118	0.7270732387637892
14	120	0.718060788604575
14	16	0.6816448266318089
14	116	0.6784141147340452
14	18	0.6657718430524491
14	43	0.660223651652816
14	46	0.6490005501209838
14	154	0.6191281076025968
14	117	0.6139085723540171
14	188	0.6045962336538508
14	17	0.5858540742777606
14	20	0.5819855457105045
14	119	0.5788889144821845
14	122	0.5660355638844727
14	124	0.5580108995128008
15	116	0.7342467035504022
15	115	0.8040270401954794
15	152	0.7574902158475557
15	118	0.7502295644948769
15	16	0.7366936042264026
15	120	0.6997548484334202
15	18	0.6763848831901176
15	43	0.6391231651425929
15	75	0.5999057961233276
15	117	0.5911161826294083
15	186	0.5819194125794139
15	17	0.5687004647399928
15	46	0.5685448310359533
15	188	0.5575769139872697
15	20	0.5547935696036107
118	120	0.8293966155787413
118	16	0.7999595724480056
118	115	0.7775324165425952
118	117	0.7114332430868991
118	152	0.7279017791970729
118	18	0.7010335611484282
118	125	0.6881115064931779
118	20	0.6663004190383265
118	124	0.6630572865010422
118	129	0.6396375027963874
118	17	0.6395252250181407
118	123	0.630833875974832
118	119	0.6252506723734439
118	27	0.6123108872749801
118	116	0.5982389060461142
118	21	0.5967407036256615
118	122	0.5782169853476758
118	186	0.5703287871339302
120	17	0.7943827612386132
120	18	0.760310255872058
120	16	0.7586556056273484
120	20	0.7585452290232669
120	119	0.7556729900983702
120	115	0.7503868980112289
120	117	0.6957730439104757
120	124	0.6855017337782517
120	152	0.6768186511741282
120	123	0.655184993517122
120	154	0.6424238380817864
120	125	0.6385253426472692
120	27	0.618418420175569
120	150	0.6139584192069812
120	22	0.5960577373098328
120	129	0.5912918116423406
120	122	0.5726654494139758
120	43	0.5675288301722413
120	21	0.5602174220913899
120	48	0.5574666468734288
193	194	0.8255184018285555
193	185	0.8185805822252497
193	81	0.7938656480362157
193	183	0.7894988930788476
193	195	0.7425142630698577
193	74	0.7312645649366711
193	196	0.6948742909704778
193	83	0.6928623356968464
193	190	0.64261173276473
193	199	0.6329603704249466
193	61	0.6133536958521972
193	187	0.5753876456805084
193	80	0.5687545886599656
193	94	0.5674203545587732
194	94	0.6932572834067348
194	183	0.6929663096442883
194	196	0.6688890696351111
194	185	0.6641429773486128
194	81	0.652649304819971
194	50	0.644965581037625
194	74	0.6400745351154532
194	195	0.5645453868251683
81	183	0.7966590483414219
81	61	0.7708828415345883
81	74	0.7696628047445313
81	185	0.7646014289348992
81	195	0.7490951297119959
81	93	0.6852684249784152
81	98	0.656956356892788
81	199	0.6534235881413468
81	196	0.6381757626123519
81	80	0.6325766238752096
81	76	0.5983608931190834
81	83	0.5963735554792423
81	97	0.5795999035747023
81	166	0.5746513579986404
17	20	0.8191735743382527
17	119	0.7935696382394627
17	18	0.7263418000613306
17	154	0.7213481697179042
17	150	0.7099881660098117
17	48	0.6490179137314871
17	16	0.6411299699564456
17	115	0.5929477648998656
17	155	0.5847101207956171
17	46	0.5800313825272366
17	124	0.5777841404011337
17	49	0.5667351476207542
17	148	0.5647837906861786
20	150	0.8035669568851859
20	124	0.7735872884476419
20	119	0.755900246975172
20	18	0.7046817180311937
20	154	0.6478182379223786
20	16	0.6130104916246525
20	48	0.5834385272291143
20	148	0.5832274159865996
20	155	0.5688222366340185
20	115	0.5678676895012453
20	117	0.5573632535878146
185	183	0.7843590888559397
185	195	0.7496519474216854
185	74	0.6900598481227629
185	196	0.6503932729480558
185	61	0.6376241949367522
185	199	0.6260965323125414
185	83	0.6031985573758246
185	166	0.5655528513148259
185	93	0.5609306090105203
62	65	0.8185145862554449
62	35	0.740303237688437
62	67	0.7074648062470185
62	167	0.6149107980816784
62	34	0.5990730001671007
62	63	0.5933301947059398
62	172	0.5896895642568526
62	33	0.5814496460122313
62	42	0.5701803289925312
65	63	0.6919721814643058
65	91	0.661884520979444
65	92	0.626946990685372
65	35	0.6093520019707748
65	167	0.6072226517837698
65	67	0.5943206724805795
65	172	0.5763701396739881
65	169	0.5606564047605715
65	175	0.5554024118022312
98	199	0.818217336878168
98	61	0.6531312415599809
98	195	0.6524368554399184
98	93	0.6231509926410523
98	97	0.5967085076384239
98	183	0.5943271402715224
98	166	0.5877554860036251
199	195	0.751329115493274
199	183	0.6913619135001863
199	61	0.5845784825884061
199	166	0.583801190533806
124	123	0.7410390294805672
124	129	0.722908176913184
124	131	0.6511369638551642
124	125	0.6356140588021785
124	16	0.6087606947201003
124	22	0.5923379169967976
124	150	0.57958662214171
124	21	0.5787559215613944
124	119	0.5741354024208911
124	130	0.5636454158613864
45	164	0.8141782485725398
45	47	0.7473565111888778
45	189	0.7268469048290978
45	77	0.7142221649126825
45	153	0.6936051159997092
45	86	0.6894307465962765
45	49	0.644316855340481
45	157	0.6294411165722348
45	84	0.6148921411962023
45	165	0.5843546269850185
45	67	0.5569012191614945
164	153	0.7667528558315212
164	77	0.7379759102571537
164	47	0.7422584114482752
164	157	0.7157667157791175
164	49	0.6955872734333362
164	31	0.6638634274885512
164	33	0.6362394357057486
164	165	0.6304966096373136
164	189	0.6021414884028311
164	67	0.5934014655748703
164	146	0.5929283121653947
164	53	0.5712120165885248
164	86	0.5690995128707927
95	197	0.8136381634252032
95	83	0.5990473550909649
95	99	0.5674474753088534
197	99	0.6653206340643856
115	152	0.7757466854736793
115	16	0.7219711390393092
115	116	0.6865075884977558
115	18	0.6489426665359346
115	117	0.5931292903827534
115	119	0.5806547922218324
115	186	0.5780705203926353
115	122	0.5675559459977433
115	125	0.5658520428315699
115	154	0.5637955040936645
115	188	0.5576113684259404
4	107	0.8048034547156693
4	8	0.48629020725157396
48	154	0.8038148135281783
48	49	0.7421101878382733
48	18	0.6615922277862708
48	119	0.6576435843660821
48	46	0.6568256032188365
48	157	0.6194794913803798
48	155	0.6172870086703186
48	146	0.6048880056486725
48	148	0.6040947681612366
48	47	0.5696199015534048
48	53	0.5649063616927135
48	153	0.5627577709506141
48	150	0.5615334253230164
154	46	0.7720164626875494
154	155	0.7351027735370557
154	119	0.7342789636167528
154	18	0.7114233656915456
154	49	0.6986457213603066
154	157	0.6907663430345876
154	148	0.6817679402040752
154	153	0.6574676219744099
154	146	0.6325706253691153
154	47	0.6269834055637686
154	150	0.6070963803202427
154	136	0.6020586165845925
154	51	0.5984122478000099
154	152	0.5658248497574692
154	53	0.5656616654630522
154	77	0.5598261880325714
154	43	0.5572529483593749
150	148	0.6672668137887513
150	119	0.6344205536396913
150	49	0.6215334927210112
150	157	0.6129293367999404
150	18	0.6109087977018622
150	155	0.5857424114071305
150	146	0.5669658989810279
150	43	0.5583138196067091
150	42	0.5570184844339416
152	151	0.38706228429572137
152	16	0.7060233318121863
152	18	0.640646775099837
152	46	0.6239577499160691
152	116	0.617979760997201
152	117	0.5991691582565931
152	186	0.5736391189410136
16	117	0.6759669379128397
16	18	0.65784216537012
16	125	0.6429051635397046
16	27	0.5878667472785756
16	129	0.5783035153082074
16	116	0.5712793844233791
16	119	0.5657840578382894
183	196	0.7980068066215648
183	166	0.748352522837962
183	61	0.7630183753269552
183	195	0.7626839288801454
183	74	0.5875787312160579
183	93	0.5875328967445139
183	83	0.5787226685199895
183	182	0.5702073241525298
183	187	0.5694442369176081
183	190	0.566042359883409
196	61	0.7133441461491346
196	195	0.7018260348824905
196	166	0.6580179750539239
196	91	0.6295316786031508
196	182	0.6227409940203518
196	93	0.6161034072315449
196	180	0.5862283110178848
196	60	0.5844665659077821
196	175	0.5715151112334267
12	113	0.7976433315505568
12	103	0.734684235914326
12	13	0.7089501611307907
12	108	0.6971479391377156
12	111	0.6657885451544404
12	9	0.6653262075118429
12	112	0.6167544232656175
12	6	0.603929624153793
12	3	0.5718315103459853
113	111	0.6611590394869116
113	103	0.5897482651009219
36	139	0.7969876135982992
36	32	0.787266038416084
36	41	0.6113911993243949
36	35	0.5881742362606354
36	141	0.5639182758663889
36	145	0.5600801754276283
139	32	0.6971479391377156
51	155	0.7963665945264732
51	53	0.658324052931644
51	157	0.5998353790428784
51	40	0.5633178214102471
155	157	0.7425142630698577
155	53	0.6875371881734804
155	153	0.6483112481308143
155	47	0.6403105964999098
155	46	0.6200830450323989
155	49	0.6160475666421299
155	148	0.5823557489999135
155	18	0.580137542849365
155	77	0.5613348357277709
31	33	0.7950827203833498
31	67	0.6859573402123579
31	42	0.5937317816784348
31	49	0.5902176475395714
31	77	0.5801242738867828
31	145	0.5668098122057678
33	67	0.7089949233448065
33	34	0.7033754695628772
33	42	0.6916645629555169
33	145	0.6786353524428881
33	49	0.655093666724267
33	40	0.595961021387248
33	146	0.5913113225160407
33	41	0.5839264201138421
79	181	0.7937176901274791
79	99	0.5760094168081807
9	108	0.7936806859676789
9	112	0.77863724968869
9	109	0.7376341775114177
9	3	0.7066346728182655
9	5	0.4075585882897197
9	6	0.7232946475804695
9	103	0.7044601429263655
9	0	0.6041265206776878
9	11	0.5933042757196109
9	1	0.5566735231837925
108	6	0.776779963492105
108	103	0.7735872884476419
108	112	0.6223000169429662
108	3	0.6222080969600475
108	1	0.6193192418319132
108	13	0.6104259420226025
108	111	0.5733236929863526
119	18	0.6765421783440492
30	134	0.7932361776613878
30	100	0.628867159849808
30	40	0.607418311948484
30	147	0.6065404215388561
30	1	0.595961021387248
30	2	0.5827653353665434
30	141	0.5788623183613633
30	7	0.568070912760138
30	146	0.5579075972916069
134	141	0.6394247428220398
134	2	0.6249521407529779
134	114	0.6049387320339114
134	136	0.5971719445008812
134	138	0.5900090823539269
134	40	0.5865695018899706
134	146	0.5819921586002642
134	100	0.5717978589476782
134	1	0.5661239058696177
134	123	0.5586922604830854
134	34	0.5585271512374552
195	93	0.7711667060610581
195	166	0.7022418964398027
195	61	0.6846314128321359
74	73	0.6832636200489672
74	80	0.6735375434552511
74	76	0.6725529258806121
74	94	0.6373095678862907
74	68	0.559152956146703
74	61	0.5578869347723934
47	153	0.7905137942457334
47	157	0.7239044440989254
47	49	0.7034461994103
47	77	0.6227471159187716
47	86	0.6195965641797276
47	46	0.6072605272428637
47	189	0.6028167283301786
47	53	0.5908233430067821
47	82	0.5552779242892825
153	157	0.7313389965691323
153	189	0.641883210423905
153	49	0.6406349835145626
153	77	0.6375945222214733
153	46	0.5875590883327729
153	148	0.570639079240825
153	86	0.5587679207583794
153	165	0.555907022678768
76	80	0.7893858588607735
76	68	0.7433118452558248
76	73	0.7228795314446704
76	187	0.685072124556816
76	69	0.6852419037104418
76	116	0.6308519370916473
76	75	0.5641773788787009
80	73	0.6784195122403168
80	187	0.6760049509230094
80	68	0.6616484536386379
80	78	0.5783700679636405
80	182	0.5668437475758339
32	141	0.737492817487379
32	114	0.6747649624297718
32	35	0.6550822495289256
32	13	0.6066794669003026
32	40	0.5802702155401895
83	190	0.7604283706520336
83	97	0.6657050279723781
83	89	0.5647906008404134
53	157	0.7808325091874
53	49	0.609440011081483
157	148	0.6966284489327528
157	49	0.6803417451738458
157	77	0.6538531557544399
157	146	0.6035165371970314
131	129	0.6601785208908167
131	125	0.5873953707083097
131	26	0.5869432605303914
131	123	0.5761497245960779
131	130	0.5697414850561388
112	11	0.7125278877110216
112	109	0.6578535100945669
112	3	0.6359655638559447
112	103	0.5968437178743571
6	1	0.7067998545485604
6	103	0.6812109452992324
6	13	0.6695792264933343
6	111	0.5877947572279858
129	125	0.6951121038097754
129	26	0.6535668241435323
129	123	0.6879429885745297
129	21	0.6272867563451102
129	130	0.6223245260404291
129	27	0.5951285505593337
103	13	0.6225573016117146
103	3	0.6200830450323989
103	111	0.5987523483766716
103	1	0.5842031448041655
46	54	0.5223673692823853
46	18	0.6371195014461092
46	49	0.5753341288926149
46	148	0.5738001219307881
167	175	0.771490747609057
167	63	0.7195686982229815
167	172	0.7372190337656231
167	143	0.6411594166305449
167	165	0.583722083851885
167	169	0.5691806424192429
167	35	0.5667826625247624
175	172	0.7552265227153433
175	174	0.6116603948813691
175	63	0.610369474705297
175	166	0.5912918116423406
175	170	0.5753140588270071
175	143	0.5680099530542266
175	92	0.559482794621279
93	61	0.7406690986256909
93	97	0.5723024278758739
93	166	0.5692144431270939
61	91	0.6917636539573019
61	97	0.691053796818365
61	85	0.4525719558630656
61	166	0.736451149840618
61	37	0.5810324859813979
177	71	0.7281414712853392
123	138	0.6923888902947368
123	22	0.7002699308061882
123	125	0.6191836057447795
123	130	0.6070016565972384
123	21	0.5937447311760908
123	144	0.5926104862031557
123	26	0.5735586008194522
68	69	0.7682732687188347
68	84	0.7035371173172802
68	63	0.6671281019023775
68	91	0.6637739323273616
68	172	0.5914933906243434
68	60	0.5575424576274454
68	92	0.5553678344339943
69	86	0.6750753176085059
69	84	0.6026193417327051
69	42	0.5688492936689028
69	172	0.5580040132360146
42	49	0.7613084254722549
42	146	0.7070699857622336
42	40	0.6651533961531864
42	34	0.6465105881665913
42	86	0.6297308548736157
42	67	0.5802038830436378
42	77	0.5698833009608323
49	146	0.7324255703527796
49	86	0.6832742829197651
49	77	0.6686403304457496
49	148	0.6140954728059104
49	136	0.5672304748365369
18	148	0.6434270037385941
18	43	0.6163143046867836
18	117	0.5681792701805538
18	122	0.5574459695994998
41	145	0.7571533095345
41	67	0.5560935558697321
145	67	0.6192452630930898
169	174	0.7559902417996467
169	165	0.7148633162407245
169	64	0.7141927704511184
169	180	0.5656480647715817
174	173	0.6388569038714796
174	165	0.685326765370939
174	64	0.5861561093618342
172	63	0.6109401362666306
172	180	0.5649812539269077
172	91	0.559867382327175
172	165	0.5588642022033952
172	147	0.5566873253218967
2	10	0.7525112691146014
2	114	0.7077144646878943
2	110	0.6794221752191119
2	7	0.6176953537017038
2	104	0.6483170450184876
2	102	0.6023008208213327
2	13	0.5634338647118088
10	114	0.6610802305712642
10	110	0.6596930640750015
10	13	0.643034213334084
165	67	0.606862697265245
165	180	0.5730886908595766
77	86	0.7519164505621384
77	148	0.7137809834111223
77	147	0.6235484254518984
77	189	0.6615078750572169
77	146	0.6485140944788238
77	84	0.6033766497122655
86	84	0.741422020132231
86	189	0.7334437442142351
86	146	0.6007309029493801
86	148	0.5706053597267073
182	187	0.7497220225292132
182	78	0.6218586445236519
182	180	0.660663426779919
182	189	0.6508603875195843
182	147	0.6111469227783113
182	60	0.5902176475395714
187	180	0.6812591779903252
187	189	0.6433742605322829
187	73	0.600954548751202
187	60	0.5930450181914327
187	116	0.5890695642092731
166	97	0.5842953561977212
35	141	0.6851039638190959
35	34	0.6045708545043289
35	37	0.5672711684268343
35	67	0.5630037104432642
136	146	0.7395520764207819
84	189	0.646394168302931
146	148	0.6219261020098731
146	40	0.5599772202493634
109	106	0.5378176251988583
109	11	0.5698090206721499
141	114	0.7334160193777474
141	143	0.6520288949626077
141	40	0.5868187020955363
141	34	0.5806415352676344
141	138	0.5741622165466669
116	186	0.6338106984360776
116	75	0.5845258186858081
116	147	0.5734310911245022
189	180	0.7227028294733492
189	82	0.6875740968801339
114	13	0.7285171003945348
114	110	0.6335054749617903
114	102	0.5854138622981964
63	92	0.7322586473446644
63	37	0.5886514885388823
63	91	0.6241287095269301
94	50	0.6615247469423224
13	111	0.6695130215349825
13	1	0.6835301043999877
13	102	0.6029313060550229
73	184	0.6691984026844705
73	75	0.5655120409317069
180	82	0.7113196360690812
180	179	0.675885469348115
180	91	0.6563989580300029
180	60	0.6506874395284863
180	173	0.6164135199707433
180	170	0.5970754280057584
180	66	0.5899830061672239
22	26	0.6123733909853339
22	27	0.5632154118028292
89	179	0.7191295898041278
179	178	0.4550811235360929
179	173	0.5557204334840393
148	43	0.6710935094254803
148	188	0.6324086370173435
82	159	0.5803696998518196
82	168	0.5142715300161358
21	125	0.7100129609697909
125	122	0.6009162161512588
125	27	0.609534289893118
125	130	0.5555890964061838
27	130	0.7080886211981129
27	26	0.6262059605428858
130	144	0.6335713241622348
130	26	0.6200399583710493
1	102	0.66854632334253
3	0	0.6439775122065662
34	40	0.6695737098198015
34	24	0.6155944085919656
34	143	0.6140456394177976
75	59	0.39600333673208293
75	186	0.648166301509816
75	43	0.5548420220085146
143	127	0.656040251284002
143	39	0.6258167703187633
143	26	0.617602577238759
138	144	0.6214230150612656
91	60	0.6828368662112964
8	111	0.6836046873858332
111	105	0.40637377107712525
111	102	0.5681454106028195
111	110	0.5553470870912738
110	104	0.6656604786546781
110	102	0.626236352896016
43	188	0.6679818318720084
40	144	0.6265826912086893
40	39	0.5865629424893009
40	24	0.5596957211753297
184	161	0.5267598328956821
99	101	0.5442467551530646
50	173	0.6304966096373136
50	66	0.5764235610076044
127	26	0.6308218348504961
127	24	0.5718382403947384
26	39	0.561190989100738
66	170	0.651373069278041
66	173	0.630936213264572
52	156	0.6234750774805952
39	24	0.5588985847827816
147	78	0.5754144022269667
147	135	0.5618277667246504
7	135	0.6029949496015599
85	160	0.6131852427037012
56	162	0.5935569333588877
56	163	0.5818400426616959
162	57	0.5912397792616674
163	161	0.498215775319723
58	161	0.5380023949303928
55	158	0.46575844088290214
72	178	0.46502203376097406
