19	121	0.9220589883121226
19	124	0.8430717220194517
19	120	0.8140433591382961
19	20	0.7730647317064894
19	117	0.6420948364525562
19	115	0.6377132017310566
19	17	0.6288913402853543
121	124	0.8445404675354211
121	120	0.8318153090712204
121	20	0.69970381054698
121	117	0.6542537055939702
3	103	0.9113610939113888
3	11	0.8417360933695984
3	0	0.7918975659180228
3	106	0.8177540779702877
3	112	0.8173561537547558
3	102	0.8130288844743
3	9	0.8098868177812774
3	109	0.7999595724480056
3	176	0.7534465972209964
3	1	0.7526370224372045
3	12	0.7485284575647251
3	13	0.7111269131082943
3	70	0.6920920325224832
3	113	0.6821210083178346
3	139	0.6462602482420965
3	110	0.643532471826827
3	108	0.6270744307737637
3	101	0.6136592646405405
103	102	0.8174225286870628
103	112	0.8366494898236789
103	9	0.8031059113300993
103	11	0.7951195018055747
103	106	0.7862372812721045
103	109	0.7699886993454392
103	12	0.7647675319869364
103	108	0.7357731045399948
103	176	0.7313994594457126
103	113	0.7186222116116628
103	0	0.7034815591102044
103	13	0.7022368278410203
103	1	0.6934494100219237
103	70	0.6573313437551291
103	139	0.63245063931
103	110	0.6241958558857165
103	111	0.6113097867499321
103	6	0.6073804479889149
12	113	0.894619929629304
12	112	0.8662856945497874
12	13	0.8348100172267903
12	111	0.8259638138789109
12	110	0.8128932467573772
12	139	0.7347624667853192
12	11	0.7343066124628173
12	70	0.7327359983367242
12	10	0.7156398958986468
12	102	0.7142613536093758
12	176	0.711413488015108
12	108	0.7101468233353729
12	9	0.6817625882428302
12	8	0.6547224547233544
12	36	0.628867159849808
12	6	0.6277050680362359
12	109	0.6075634315605049
113	111	0.8669082177839798
113	110	0.8321538907542433
113	13	0.8134352686363738
113	112	0.776779963492105
113	139	0.7258832223517224
113	102	0.7134669092857744
113	108	0.6767265147665953
113	8	0.6730127109714188
113	10	0.6517758847312847
113	70	0.6371016787432324
113	11	0.6248424301447463
113	176	0.6204522058522384
113	36	0.6193500630613132
113	114	0.6135657426866119
11	112	0.8812867118259701
11	109	0.8496241627309987
11	176	0.8462806645159647
11	9	0.804944325918415
11	106	0.7911131763283454
11	70	0.784166622980935
11	0	0.7324533822975688
11	102	0.6326486000290036
11	139	0.6268134460243417
11	13	0.6244643491224866
11	1	0.6238050569191755
112	176	0.839181571755034
112	9	0.8101962671488045
112	70	0.807429738649739
112	109	0.7929022406198983
112	139	0.7325321695337231
112	106	0.7278218422762113
112	13	0.7239853477423283
112	110	0.7120796005167745
112	102	0.7063541880895184
112	108	0.6905937658878133
112	0	0.6487458061468577
112	1	0.6260904522431521
112	111	0.616704851701334
112	156	0.6001873715166661
88	90	0.8794194261361932
88	85	0.5680641397672821
88	193	0.7926050073122877
88	194	0.7481148438216676
88	87	0.7150979415254655
88	73	0.7019883792863035
88	94	0.6664616405693955
88	65	0.6649749354670161
88	83	0.6606859671377039
88	55	0.6529419723111953
88	91	0.6489368777642136
88	82	0.6452108027438868
88	92	0.6137278364652543
90	194	0.8342636307616296
90	193	0.7562215258862931
90	81	0.7292904537576338
90	73	0.7286531578678492
90	94	0.7086117730758245
90	65	0.6955304916709772
90	83	0.6664616405693955
90	91	0.66306849345312
90	185	0.6549851912891884
90	55	0.6358404821144368
90	87	0.6291753692820471
90	74	0.6253420230447031
90	82	0.6125920936922069
90	92	0.6085277604101378
90	84	0.607210026017415
83	190	0.8775706633506364
83	87	0.7875320403119855
83	193	0.7580139641450114
83	55	0.6830609701289638
83	191	0.7013029935476447
83	93	0.6796697551580484
83	89	0.6407705685023765
83	185	0.6345937998233867
83	194	0.62344451258641
83	74	0.6145437529821333
190	193	0.7368216169267163
190	93	0.7007028517350512
190	198	0.6897978490440697
190	185	0.6886323890110894
190	87	0.6762492343827949
190	191	0.6631077154446846
190	55	0.6596704712763924
190	96	0.6499718712757696
190	194	0.6481315073299778
190	195	0.6344504282200698
15	115	0.8759516561258408
15	116	0.7874560696900423
15	152	0.8073601159641531
15	14	0.8034960894676273
15	16	0.7785584926184229
15	17	0.755252299521236
15	43	0.7370044006073128
15	117	0.7059280281284365
15	148	0.692399302103047
15	18	0.6766560432081482
15	151	0.6586016020042403
15	154	0.6510159829767637
15	46	0.6358404821144368
15	124	0.6141390730041307
115	14	0.8122137337816235
115	16	0.7871519478181839
115	116	0.7796588616641306
115	17	0.7716930705602312
115	117	0.7661753101588356
115	152	0.7599302604683603
115	120	0.6835301043999877
115	124	0.680024708236723
115	148	0.6664671988211681
115	43	0.6628779348414865
115	46	0.63435482289113
115	154	0.6327925195538551
70	176	0.869273771584146
70	139	0.8516694929460191
70	156	0.7466139296807396
70	13	0.7554756006650991
70	36	0.7535027930856717
70	9	0.7449674506460925
70	109	0.7052300284622548
70	0	0.7037996397253734
70	114	0.6947087662597712
70	110	0.6777604758036074
70	52	0.6461961854421486
70	38	0.6227471159187716
70	106	0.6107458063019546
70	142	0.6081876139283711
70	2	0.6006542027347366
176	109	0.8168576495685587
176	139	0.7868474426808585
176	106	0.7498883835436847
176	156	0.7284889433937313
176	9	0.7246081139749264
176	0	0.7169885898269817
176	13	0.6589638453824737
176	102	0.634886381269009
176	110	0.6328344878486847
176	114	0.6267891612193177
176	10	0.6057876691969832
106	109	0.869273771584146
106	5	0.7206182916423347
106	101	0.7088954440003287
106	0	0.7310178857221351
106	9	0.7306684845857221
106	102	0.6460622065191958
106	197	0.6060977575637145
109	9	0.8265032882853188
109	0	0.6976359013315826
109	156	0.6249887054711682
109	139	0.6084521916164383
44	149	0.8678246137319774
44	33	0.807499338852785
44	136	0.7698258022213971
44	42	0.722917724850492
44	45	0.7047874213593445
44	34	0.6719664944485845
44	138	0.6438897097812408
44	46	0.632306615966407
44	17	0.6317541214480874
44	154	0.6187456189901935
44	48	0.6149170168905422
44	123	0.6132351605635337
149	45	0.7535805845712794
149	154	0.7388354004793529
149	136	0.7104490641787835
149	152	0.6911060376730572
149	46	0.6884377988294238
149	17	0.6763631824634158
149	33	0.6338286466147562
149	164	0.6317601302774264
149	155	0.6213616279030959
149	52	0.6124296377799197
149	143	0.6122733813744694
149	153	0.6072920880171594
149	150	0.6034656733182182
111	8	0.8191077726275042
111	13	0.8089903153408743
111	110	0.7926793509867394
111	6	0.7261102281428387
111	108	0.6822172444681512
111	102	0.6704939705883478
111	105	0.6188320130460543
20	124	0.866410415065304
20	23	0.6288913402853543
20	120	0.6182331182056066
124	120	0.7492355301274835
124	23	0.6877427771563318
124	117	0.6277414258477271
124	17	0.6074056909352746
124	16	0.603090400530993
95	197	0.8629537391945635
95	198	0.7489678336809558
95	96	0.6808409648168449
95	99	0.601873701931796
197	198	0.6457649807626309
193	194	0.8625190735146387
193	87	0.7449986006664624
193	191	0.7423212722586983
193	180	0.7070499831151043
193	185	0.68618494195133
193	81	0.6645954542626379
193	55	0.6515112188284419
193	183	0.6411240803950697
193	184	0.6240493428518117
193	74	0.6101121561925928
193	196	0.6077148174856171
193	89	0.6030585854732123
194	185	0.7500109046902946
194	180	0.7456164785744198
194	81	0.7332033812211604
194	184	0.6723557160185862
194	73	0.6503932729480558
194	80	0.6443811849177639
194	65	0.6393301513856675
194	74	0.6260965323125414
194	91	0.6234811902307611
194	182	0.6172251091746569
194	94	0.6114851208304816
194	92	0.6086914549380072
153	154	0.8624678525099383
153	47	0.8113612323976959
153	155	0.7455987158019854
153	46	0.7369404385762011
153	49	0.6845889081179365
153	152	0.6839081993280057
153	45	0.6457533208602491
153	51	0.6421653567250534
153	164	0.62752930000453
153	17	0.6210730060633723
153	43	0.6052113022412621
154	46	0.8251038820315167
154	155	0.7865425539436056
154	49	0.7138741689467959
154	48	0.6975742996769143
154	152	0.8120435102415321
154	17	0.7583073468833961
154	47	0.7536583549557745
154	14	0.7049232796696989
154	51	0.6968239865064392
154	43	0.6964585559773067
154	21	0.650992935249002
154	117	0.6450998855740756
154	45	0.6441062584163928
154	148	0.6413949220603614
154	151	0.6257194240330457
154	16	0.6242446838100368
154	125	0.6192760889038341
154	18	0.6183813652812327
154	118	0.6145250825586551
154	52	0.6071973999443971
154	116	0.6026320785777735
154	157	0.6005774914624226
24	34	0.856378305518429
24	138	0.6590713275876628
24	39	0.6554189310382994
34	33	0.7886309280723086
34	138	0.7791485730680021
34	42	0.7509020066796965
34	136	0.6890212719902938
34	123	0.6186530373193653
34	22	0.6042662089621099
14	152	0.8558709097599363
14	17	0.8124518145774522
14	46	0.7765418848268419
14	116	0.719385404174949
14	16	0.7038299184107567
14	43	0.7030924108470566
14	117	0.6742635344270388
14	151	0.6685076083238503
14	148	0.6371789055352484
14	155	0.6020586165845925
152	46	0.8470452001260822
152	151	0.7581628198373467
152	17	0.7896495221013664
152	43	0.7346290023562643
152	155	0.7326804216954214
152	148	0.6773060789943872
152	116	0.6769541073798403
152	51	0.6741162580735292
152	16	0.6454850599748507
152	21	0.6275838555512014
152	117	0.626953060022029
152	157	0.6261694872068414
152	18	0.6103506508874879
152	45	0.6059838689484807
152	49	0.6009928785869066
28	131	0.8554691668223631
28	132	0.7625584061962827
28	29	0.6956440465070922
28	21	0.6500296211786508
28	26	0.6187394474134176
131	132	0.7263701444814016
45	164	0.8537705478843456
45	49	0.6960824546283848
45	46	0.6727774097177309
45	52	0.6383890970015599
45	157	0.6043931660869782
164	52	0.6049640933854348
139	36	0.8138070911576101
139	13	0.8219502878466562
139	114	0.7919721337560294
139	110	0.7627257570123043
139	156	0.7171440509091107
139	9	0.6527239248434983
139	142	0.6482532751199974
139	102	0.6255368472052466
139	108	0.6183319544779946
139	10	0.6122796325492594
139	38	0.6087669887859499
13	110	0.8474684337051146
13	114	0.8298953153678232
13	36	0.8090248660126117
13	108	0.7022216216175449
13	102	0.6977642049888935
13	8	0.6954633747491425
13	6	0.6684965462243975
13	9	0.6574165226815512
13	10	0.6550879581639927
13	1	0.6549166665756937
13	2	0.6115352052560643
110	10	0.7327776744043384
110	104	0.7150490745377577
110	114	0.7483437233362296
110	36	0.7114529970343693
110	102	0.6862061073794004
110	8	0.6839294895285684
110	2	0.6526320830162348
46	17	0.7611107623037573
46	155	0.6901331754750886
46	151	0.6886534198490897
46	43	0.6650976353484647
46	48	0.664165333318924
46	49	0.6558579374361713
46	47	0.6409885996395508
46	51	0.6188690344877845
87	191	0.8442821950369102
87	89	0.8131983076037377
87	73	0.6173427116829444
87	82	0.6170950953599651
191	97	0.5971269056214288
191	89	0.7407819300522375
191	179	0.7102261249624575
50	173	0.8417360933695984
50	66	0.7560330864359215
50	170	0.6808892428607005
50	174	0.6120733033624502
173	66	0.6216930279272638
173	170	0.6072415898583101
182	183	0.8388855491473644
182	80	0.7272664406067328
182	198	0.6791151766213586
182	196	0.67441075716665
182	81	0.6370244391578139
182	147	0.6284196023448875
182	180	0.6160475666421299
182	185	0.601120624742275
182	166	0.6000658003820681
183	81	0.7583370932021042
183	166	0.7310085733289706
183	80	0.7011301731486645
183	198	0.6968034084796066
183	196	0.6665783482987692
183	167	0.6519081581851423
183	63	0.6039232714253366
183	169	0.6009417715250264
16	117	0.8344155694676939
16	116	0.7029204449839842
16	118	0.6901436496545177
16	17	0.6882431094897099
16	120	0.6813877695866241
16	18	0.6656103550004893
16	43	0.6548881114326635
16	21	0.6129730371588691
16	148	0.6048880056486725
117	120	0.7660513890607366
117	118	0.7038400107376089
117	17	0.6891053026756272
117	116	0.6801160839597772
117	43	0.622281634319119
6	108	0.8322768577775314
6	105	0.7655965241530651
6	8	0.7679862850992178
108	9	0.7960371382618491
108	105	0.6432101314925326
120	17	0.6760701077138983
120	116	0.623890570865587
76	187	0.8302995349373973
76	77	0.8289904462391453
76	188	0.8011804669984608
76	73	0.7274406946130333
76	75	0.721726882710075
76	184	0.6943774959904778
76	94	0.6598568262086663
76	180	0.6452458235692974
76	84	0.6296524013749066
76	63	0.6239455362291279
76	80	0.6216009946786356
76	186	0.6187826468470384
76	147	0.607847243950518
187	188	0.779109277256297
187	186	0.708626708838962
187	77	0.7043442648945578
187	75	0.6939629939077206
187	184	0.6775495701787357
187	147	0.6259445077371372
187	116	0.6221651950956602
187	185	0.6169588542644243
114	2	0.7150637353678869
114	36	0.7549557251810632
114	141	0.6442993093276329
114	30	0.6027785302291144
114	102	0.6019374728980689
23	25	0.8290529908365456
23	22	0.764227325410443
23	29	0.629398848438279
25	29	0.7135699964824697
25	22	0.6489137219260118
77	75	0.7261385927432503
77	188	0.7643105040148808
77	73	0.6832209656514808
77	184	0.6082254190183463
77	186	0.6068816484502164
77	94	0.6028549236681683
9	0	0.6363644108758391
9	1	0.6201692071343806
9	102	0.6115539856522946
52	156	0.825327195523961
52	155	0.6656326329215534
52	122	0.6294350784954212
52	157	0.6147117558153072
156	155	0.6155757769421617
156	142	0.6153335028700969
156	0	0.6149356728582505
156	38	0.6030204048712005
43	148	0.8238549755237552
43	17	0.7302066883608657
43	116	0.7112307002953628
43	118	0.6347311566359568
43	129	0.6217727761928257
43	18	0.6151719222061152
148	116	0.7546631465650555
148	135	0.7042787520059088
148	17	0.6424062189938562
148	188	0.6130916335157178
96	198	0.8220475831694545
96	81	0.7653895139460661
96	78	0.6657105963034665
96	185	0.6078094112670924
198	195	0.7377435731396085
198	166	0.6353278940280248
198	81	0.6261816452900454
198	93	0.6026511832697108
8	107	0.725717597538362
8	105	0.6384779573958919
8	4	0.6072605272428637
8	10	0.602332681547881
102	1	0.7578650294474332
102	104	0.6260539702279969
102	0	0.61950414057597
38	142	0.8167578020290838
38	145	0.6973894328251744
38	199	0.6821477429525001
38	41	0.6962319105271866
38	36	0.6940096483763897
38	98	0.6199291469238873
38	32	0.6140082611635626
38	39	0.6111281274505524
142	36	0.7093428789379194
142	39	0.6942480135424854
142	141	0.668258639533841
142	145	0.6680095209608093
65	92	0.8164246233210094
65	91	0.7615101482926131
65	81	0.6751188571222614
65	63	0.6714835632946192
65	80	0.6356498171245213
65	84	0.6130167337677589
92	60	0.5764302383278979
92	81	0.6936154940946029
92	63	0.6646456994165547
92	80	0.6108711888969208
92	61	0.6021096161618805
56	163	0.8157566318133642
56	57	0.7325414373303545
56	58	0.5880434106591703
56	162	0.7759855045351498
163	162	0.7875700166496489
163	101	0.5814959782680051
163	57	0.6596648228904388
33	42	0.8151200177437997
33	136	0.8022522173647351
33	138	0.6657273008519089
33	123	0.601005654584537
42	146	0.7120253725787085
42	136	0.7506271045774963
42	138	0.6998415964490418
42	69	0.6093079917839693
42	40	0.6030076773898775
51	155	0.8146833020577338
51	178	0.5348828398091495
51	47	0.7203922817510088
51	53	0.7003259849107726
51	157	0.6795782762550372
51	122	0.606211621331711
51	49	0.6043296913607419
155	157	0.7231515630812518
155	47	0.6859838124307656
155	21	0.6133225050334837
155	122	0.605052848450147
155	125	0.6017780310882104
155	53	0.600954548751202
36	2	0.6028549236681683
89	179	0.7562215258862931
89	192	0.6366856222463236
89	82	0.6196581703721894
17	18	0.699484266237308
17	116	0.6815323848685707
17	48	0.656410340688728
17	49	0.6439365398521998
17	119	0.610200035527705
17	151	0.6009673256702401
47	49	0.6568085454789143
47	168	0.6138462569021469
137	165	0.8095769169706817
137	140	0.7187575873613533
137	62	0.6908970309279981
137	172	0.6349699425407983
137	146	0.6191589406674092
137	171	0.6093834355199285
165	172	0.7331710106636954
165	167	0.658901606539726
165	166	0.6560858177875235
165	171	0.651338525140538
165	62	0.6136405616270202
165	169	0.6032494470400206
73	184	0.8076732410342211
73	94	0.7699886993454392
73	84	0.7470561669927964
73	75	0.7092335586900425
73	82	0.6685573841109067
73	180	0.6383002195873461
73	188	0.6367331903368225
73	185	0.6135657426866119
73	91	0.6018800793738808
73	86	0.601222799553423
184	147	0.6656437714372284
184	180	0.6873367646259896
184	185	0.6867982677460295
184	75	0.6863912553168324
184	188	0.6825432023546497
184	94	0.6325586281292567
40	144	0.8072904707907046
40	41	0.6416361897473375
40	146	0.625208036195664
40	134	0.6214659815327154
40	2	0.6170207866204607
144	127	0.6173984085061015
144	134	0.6087921642830305
144	130	0.5998801909874835
166	172	0.8048386810204544
166	167	0.7792271463231238
166	61	0.6684578265468447
166	175	0.647539592163417
166	35	0.6208948361648474
166	140	0.6092451135758447
172	171	0.7401133591923498
172	140	0.7369175917948847
172	175	0.722932046238785
172	167	0.7583498406576864
172	35	0.6933559553330021
172	68	0.6817679402040752
172	169	0.6092451135758447
26	29	0.8046624927848165
26	133	0.6582163836716464
26	129	0.618819671954522
26	39	0.6137403030750855
29	133	0.7452210063444719
29	129	0.6059712131240863
126	128	0.8045919777830602
126	129	0.6293444982216464
126	123	0.6178746727854576
128	129	0.7576265695345212
128	130	0.668579504760304
128	125	0.6443051580739493
91	180	0.8033542862861853
91	82	0.7797372758477081
91	94	0.6998313918714136
91	84	0.6731056994929535
91	86	0.6457708106008799
91	80	0.6387325962063579
91	63	0.6154515483568279
180	82	0.701978234897573
180	94	0.6945535199901207
180	189	0.6634493529875987
180	80	0.6329363953711701
180	147	0.631489657790497
180	84	0.6109401362666306
136	150	0.6692260104355866
136	138	0.7560459385635852
136	123	0.6689498497781745
136	146	0.6277535445096232
80	81	0.8012878741372781
80	63	0.6882799502143303
80	185	0.6481778989683846
80	78	0.6004496147688051
81	185	0.7306218688232472
81	74	0.6960309041185802
81	63	0.6702957651337621
81	78	0.6557325522660268
81	61	0.6438311654076603
81	93	0.6325226345882996
188	75	0.6532860375456043
188	186	0.6438311654076603
188	147	0.6300204180690772
188	116	0.6118794030333785
84	86	0.7926050073122877
84	94	0.7509761420653345
84	82	0.7494766860939438
86	82	0.7503213527085759
86	189	0.6841423274720997
86	94	0.6368104781486262
0	101	0.6971993340296555
0	1	0.679508307536395
41	145	0.7886309280723086
145	141	0.6027339622856206
162	57	0.6760212411118268
116	186	0.6988401895017884
116	119	0.6248119505956513
116	118	0.6316339289172579
116	18	0.6118794030333785
116	123	0.6060471434689931
82	94	0.6797504542837183
82	189	0.6729415877433177
82	159	0.6194548409631855
167	169	0.6521840793853965
167	175	0.6585789516503567
167	63	0.6442349681438445
167	35	0.6134472568301674
167	61	0.6053570373868812
138	123	0.7687236197482993
138	127	0.7062689970212128
138	146	0.6768620021478498
123	22	0.7304633242722458
123	127	0.6970194205535375
123	27	0.6553561796516915
123	130	0.6530452201959452
123	125	0.644661789091001
140	141	0.7676168524923973
140	35	0.6994331904886811
140	171	0.6614460057490565
140	146	0.6591674730618692
141	175	0.6190109245458439
141	37	0.6171198624943359
98	199	0.7665054880243773
151	59	0.6695461253439765
129	125	0.6761189683696268
129	130	0.6407941444212352
179	168	0.6261208518287628
66	170	0.6728211970054677
35	62	0.7503126122200604
35	61	0.7198000843125791
35	37	0.6541335791525399
35	68	0.6887795805473875
35	67	0.6739143478315592
35	32	0.6504048125697586
62	67	0.6965357897301822
62	32	0.6127232703097657
185	74	0.7422808632375368
185	75	0.6807229269107018
58	161	0.7493276313202604
30	134	0.7416155845666066
30	2	0.7018260348824905
134	7	0.730164673762534
134	2	0.6904158768408094
134	104	0.6807873156063029
134	135	0.6251105680606016
55	158	0.7404839646082158
55	93	0.6352086071789488
171	174	0.6372383020546636
171	175	0.7104936349202401
171	67	0.646469844638622
171	170	0.6338944507636902
195	93	0.7203489857975838
195	196	0.6792875559791371
195	181	0.6186283459715868
99	101	0.7355437011953883
99	5	0.6595292392703573
101	100	0.6526665259493327
101	5	0.648148904758174
10	104	0.661282852595071
10	2	0.6388864960190163
10	7	0.6142075800277332
7	135	0.7162735234590114
7	104	0.6983282094907033
7	2	0.6549452198486612
130	143	0.7290890923875016
130	27	0.6580860111626602
130	127	0.6539619126916636
130	125	0.651850652861186
143	39	0.7241375829371973
143	127	0.6926074777182629
143	27	0.6379445397138982
75	186	0.7277183651285374
107	4	0.7022520334238067
32	37	0.7248454994899902
32	31	0.6364715058680055
157	53	0.706143678870781
67	68	0.7217412557080725
67	69	0.6592466355099125
21	125	0.7199638860838595
21	122	0.6694247317077064
125	118	0.6616372090633642
125	27	0.6312551239244403
61	63	0.678354737331431
135	104	0.6450706923255903
135	147	0.6350296200684626
2	104	0.6532287120654872
49	69	0.6508834421495964
49	53	0.6005647051753062
127	27	0.6022880759933853
118	18	0.6860367514199684
85	160	0.6920764019393982
189	159	0.6457300001519406
170	174	0.6808141411247024
196	169	0.6447786562570209
97	177	0.6634941374070092
177	71	0.5939065739479461
79	181	0.661996887879341
69	31	0.6026129731950376
159	54	0.5973584940329523
54	64	0.5686057360290984
72	178	0.5385066951425659
