19	121	0.95006033425377
19	119	0.8576263690301484
19	17	0.7593084825107757
19	20	0.7099385708083639
19	117	0.6216071307625276
19	115	0.6084207013619229
19	16	0.5885469203830959
19	124	0.5819987714130512
19	152	0.5717978589476782
19	116	0.5395992044910604
19	15	0.5383291686116363
19	118	0.5375119310755228
19	120	0.5176176529615959
19	46	0.5175371204603781
19	148	0.49785483413089104
19	154	0.49575344855336256
19	18	0.48413412467530365
121	119	0.8733670609280217
121	20	0.7529793134803173
121	17	0.7493013196512719
121	124	0.6475918514405726
121	117	0.6411653057388108
121	115	0.6284014493385601
121	16	0.5955029980324233
121	152	0.5864907840031928
121	116	0.5683349994598091
121	15	0.5536573220784612
121	118	0.5481410171356317
121	120	0.541517331504706
121	154	0.5046682571226311
121	46	0.5026457059646493
121	77	0.4837971826962963
121	18	0.4818262699488339
121	148	0.47663422252504334
121	14	0.465233620906999
121	150	0.46008570459198217
121	136	0.45865765566497724
9	108	0.9245226041929689
9	109	0.8644776953492221
9	103	0.8646796982559173
9	3	0.8476374261077235
9	112	0.7337393240029513
9	12	0.7285968651969161
9	106	0.7184384002214985
9	0	0.7011860946483645
9	11	0.6783385419563392
9	102	0.6637963078999274
9	1	0.6396375027963874
9	13	0.6342472436959217
9	139	0.5832274159865996
9	113	0.5543573286064647
9	114	0.5392163233057927
9	110	0.5099261769002957
9	111	0.4875337610335183
9	101	0.486595556573667
108	103	0.9006025701149195
108	3	0.8355359826934828
108	109	0.8092665642315471
108	12	0.7960005028582062
108	112	0.76518234523498
108	102	0.734481665251851
108	1	0.6936103050831479
108	13	0.6814734739554206
108	0	0.6643162050509435
108	106	0.6548538427924868
108	139	0.6324206380518673
108	113	0.6292599412016714
108	11	0.6238355993290728
108	111	0.6211344290804637
108	110	0.5780505450120222
108	114	0.5519351713224084
108	101	0.4763250356667511
108	6	0.4750793671794412
108	10	0.4698516954793066
108	141	0.4610311675187039
137	165	0.9063338177131984
137	145	0.8227273080803078
137	171	0.7212378303452858
137	166	0.7153372887571934
137	67	0.6844507356403108
137	35	0.6788834238512488
137	164	0.6700699146071203
137	170	0.6620305921477995
137	45	0.6572745484715348
137	62	0.6504221214394138
137	146	0.6322165791759429
137	199	0.6006542027347366
137	41	0.5812046842888478
137	70	0.5568460278201542
137	196	0.5481480125115403
137	174	0.5463055868855021
137	169	0.5402651692387083
137	71	0.5390673648317031
137	173	0.5371989814749564
137	180	0.517968960193424
137	177	0.5170757122227756
137	38	0.5152931785084276
137	37	0.5134840854801693
137	66	0.5105696697673637
137	176	0.5061499339348156
137	140	0.5012468533068867
137	31	0.4926624036491417
137	33	0.48981734670299276
137	50	0.4813039653574894
137	156	0.4661890185307504
137	179	0.4655313201804111
165	164	0.7859316243321757
165	170	0.7522726206321249
165	171	0.742523236387983
165	145	0.7705580495869435
165	45	0.7160981754453631
165	67	0.684971282957124
165	173	0.6650418671259738
165	35	0.6541965066430265
165	199	0.6420066708284634
165	166	0.6347430988115297
165	70	0.6085340573114673
165	174	0.5809794914181671
165	66	0.5790684060819508
165	50	0.5785696797421538
165	62	0.5782103286580074
165	195	0.5775176126222986
165	169	0.5758289711982334
165	71	0.5727326509936542
165	196	0.5688628217246143
165	180	0.5657296643044142
165	177	0.556639016493944
165	41	0.5523105578898292
165	38	0.5416162702604277
165	146	0.5410436311928596
165	179	0.5336681058296782
165	156	0.5262177257682964
165	176	0.5170976908630652
165	60	0.5068264912705468
165	168	0.4958364091659542
165	33	0.4953837868110757
165	37	0.46008570459198217
126	128	0.9023819850027808
126	23	0.7519512182027852
126	123	0.7407593671099398
126	129	0.7191247612430739
126	186	0.6675385548679549
126	25	0.6554132267406642
126	127	0.6444396584384978
126	132	0.6424355837631162
126	22	0.6200091798943795
126	14	0.6084395957445499
126	115	0.6079544215681538
126	124	0.6055027319561245
126	187	0.5989191112745792
126	125	0.5734914939175594
126	188	0.569565856437286
126	138	0.5604643885913387
126	131	0.5405271188758723
126	77	0.5229343013914577
126	75	0.5184370981617248
126	117	0.5084669615971854
126	152	0.503930031679701
126	161	0.4983661165454889
126	133	0.49832853404833405
126	184	0.49261696528068794
126	76	0.49251850626758986
126	26	0.48453214379586573
126	16	0.4742194415107292
126	73	0.4671276943185745
126	28	0.4586181731018162
128	129	0.7631854455105621
128	23	0.7277795147207714
128	25	0.7172945858053511
128	123	0.6953755881530416
128	124	0.6915028322420138
128	186	0.6776901863150095
128	132	0.6769486900118024
128	115	0.6541221368176326
128	127	0.6516780919032614
128	125	0.6471329231622377
128	14	0.640576021055628
128	188	0.6058509674922246
128	133	0.6034656733182182
128	117	0.5927207732693361
128	131	0.5700723360385906
128	152	0.5638159677864254
128	187	0.56331099464147
128	16	0.5609717290376544
128	22	0.5593728681414976
128	29	0.5481899831565052
128	77	0.5401164485228331
128	75	0.536850295264455
128	26	0.5236459453855425
128	138	0.5236386873982979
128	20	0.5177201356095184
128	28	0.510954013369348
128	161	0.49170763394409356
128	116	0.49102493076464593
128	76	0.4868702693543091
128	184	0.486595556573667
128	21	0.47782349116143746
128	15	0.4763095732302422
128	73	0.4760157309672595
128	118	0.4640260778815104
128	58	0.45828644808862506
128	27	0.4581521421259616
103	3	0.8686369897347581
103	12	0.8437356625893302
103	102	0.8170571978912733
103	109	0.7942351319253553
103	112	0.7885174828580042
103	13	0.7471577881593314
103	1	0.7434192230982783
103	0	0.7020390969573477
103	113	0.6928311378929106
103	111	0.682900909020991
103	106	0.6802665390957522
103	11	0.6614797537605556
103	139	0.6327445512354622
103	110	0.5970432519985465
103	114	0.5920522228066153
103	10	0.5230650662303469
103	7	0.4927154116839228
103	101	0.4865115973559701
115	152	0.87341449863666
115	116	0.8230501621283868
115	16	0.7888954248973453
115	125	0.7606855180422102
115	15	0.8090939505866975
115	14	0.7909634729865193
115	118	0.7726620496208066
115	117	0.7667528558315212
115	17	0.7534336273810837
115	46	0.7265543229983215
115	120	0.7172314664178988
115	186	0.706369219683814
115	27	0.6820942718594813
115	21	0.6777226291564813
115	124	0.6761569669909963
115	119	0.6695571593559403
115	18	0.6586468991319099
115	122	0.6512694287651738
115	154	0.6489773975885182
115	129	0.6348028051413637
115	136	0.6312250471267327
115	77	0.6285466542249339
115	28	0.6274989887046121
115	123	0.6220671196582354
115	51	0.6167296380949209
115	26	0.6111845113662641
115	188	0.6049133694549932
115	148	0.6045137469298119
115	29	0.6043106474467594
115	23	0.5987587632945148
115	20	0.5979498786622
115	132	0.5971269056214288
115	127	0.5959739178427506
115	131	0.5951091755531717
115	25	0.5925650674223198
115	130	0.5755816027375154
115	157	0.5656140616965804
115	49	0.5613485336380308
115	133	0.5611430326897642
115	53	0.5569702014228435
115	48	0.5557273451936275
115	138	0.5498456149922084
115	22	0.548336858671949
115	151	0.5460389424658086
115	150	0.5388828933229864
115	43	0.5338254309936875
115	155	0.5301113364204566
115	143	0.5273376085559732
115	135	0.5084669615971854
115	40	0.48571735705465413
115	42	0.4791342891467845
115	187	0.4679403626068109
115	146	0.46744035256824873
152	14	0.8280497851438107
152	15	0.8227596173996781
152	151	0.5799384760800922
152	116	0.811770864909819
152	46	0.7741488676679917
152	17	0.7678631976242928
152	16	0.7409713927893423
152	118	0.7234567349636108
152	117	0.7195638759793967
152	186	0.698297467939969
152	154	0.6837112097468526
152	124	0.6630572865010422
152	120	0.6522070650228134
152	18	0.646917820645572
152	125	0.6441472154686284
152	122	0.6414890904043349
152	77	0.6405524339568174
152	51	0.6379326790272855
152	119	0.6254455330899615
152	27	0.6179983036838751
152	49	0.6168659414007873
152	20	0.6161654450683256
152	28	0.587631108852637
152	188	0.5814562651368359
152	21	0.5767172902776204
152	136	0.5742158411033441
152	155	0.5722150002807772
152	157	0.5667894500604264
152	29	0.5648178406880945
152	43	0.5634475154035836
152	148	0.5612800410110572
152	48	0.555222588517118
152	129	0.5539831651416947
152	53	0.54431009364269
152	130	0.5439370109924793
152	150	0.541891806253053
152	123	0.5412345666790933
152	135	0.5379313357653247
152	131	0.5374052603372109
152	26	0.5253856634714278
152	132	0.5240232559718301
152	133	0.5218654671509616
152	23	0.5212830989935796
152	146	0.5107396930791862
152	40	0.5021747280885118
152	42	0.49530832358262483
152	25	0.48981734670299276
152	127	0.47418068479573744
152	144	0.47077847172670556
152	143	0.4693840200620218
152	138	0.4672996708198871
152	22	0.4580494234487321
119	17	0.8212678757201815
119	117	0.7126115692554613
119	20	0.6794975420208915
119	16	0.6588506771391307
119	116	0.6199783995093568
119	118	0.6192021037510355
119	124	0.6077526570678676
119	120	0.5979370293896852
119	15	0.5814364075320999
119	154	0.5805288387252715
119	46	0.5737263343975553
119	18	0.5445844887234974
119	125	0.5207148221810609
119	148	0.515160961117093
119	136	0.48712200482201123
119	27	0.4840652163995741
119	49	0.48075056420320433
119	48	0.4803275690082481
119	133	0.47899559972719474
119	14	0.4694463920111139
119	77	0.45982551912025155
3	0	0.7430745834321204
3	109	0.7638527069116797
3	12	0.7595032017741847
3	102	0.744129634063256
3	1	0.7387309346113564
3	112	0.7379212584309026
3	13	0.7297769454481621
3	106	0.654751020713555
3	139	0.630520707990553
3	11	0.6202061291697331
3	114	0.6162708918464891
3	113	0.5976285546498461
3	110	0.5870677911870257
3	111	0.5519907982714248
3	101	0.5343614890790159
3	10	0.5202700787645694
3	141	0.5053536238712838
3	7	0.46822148669105174
3	2	0.4613224744109879
70	176	0.8675775189395987
70	71	0.8457120848443733
70	199	0.7982608942411189
70	38	0.6979129811627515
70	177	0.7438349504615077
70	35	0.6942169310660441
70	171	0.6880535868283313
70	50	0.6819659114719822
70	156	0.6573029470466246
70	173	0.6320844943233591
70	170	0.6169340791821434
70	45	0.6046787074124068
70	67	0.5558171904276069
70	164	0.5394219724115523
70	149	0.5391383016451119
70	142	0.5342400202199503
70	179	0.5323365166634183
70	52	0.5246395709876304
70	47	0.5218290833799106
70	66	0.5211519991862482
70	153	0.5105031280347581
70	44	0.5065663507173147
70	195	0.4936538049641646
70	168	0.46298180988963233
176	71	0.7348084758163352
176	199	0.732226179871359
176	177	0.7057222856879971
176	156	0.6620474432779674
176	142	0.6342233338719904
176	171	0.5898265232002943
176	35	0.5811715732709133
176	139	0.5601488026034368
176	50	0.555222588517118
176	38	0.5511001776083383
176	173	0.5501734350562171
176	153	0.5341757042436374
176	170	0.5341328234903177
176	52	0.5219018490233189
176	47	0.5126957751807503
176	179	0.5095042683972963
176	155	0.49497619656931785
176	149	0.4841034995162795
176	140	0.4682917529073945
176	45	0.4682839458424934
176	197	0.46158220478075795
73	184	0.8647301553332873
73	74	0.809611372702661
73	58	0.6778739941997617
73	75	0.7986958128717863
73	187	0.764268917891203
73	88	0.7543918129715246
73	185	0.7463969921899077
73	76	0.7338593240247231
73	90	0.7092136786156994
73	84	0.6763360549037638
73	85	0.6518449019164347
73	186	0.6209992883711013
73	193	0.6165127156861877
73	161	0.5969595853890002
73	81	0.5674745948277934
73	82	0.5637545746313891
73	59	0.5557135216976313
73	188	0.5211592831542249
73	14	0.5008049592350239
73	183	0.4961380078345667
73	63	0.4609760442214646
184	187	0.826376489446437
184	75	0.816990703519144
184	74	0.7787553393104729
184	185	0.7566194059216395
184	76	0.7398645302099803
184	88	0.6830289631545742
184	186	0.6782629548233705
184	193	0.642235866129826
184	84	0.6143258885390134
184	90	0.6056167254901689
184	58	0.5932848356725083
184	188	0.5623681629134831
184	85	0.5346829177752621
184	82	0.533467820368053
184	59	0.5326660801415751
184	81	0.5277922639283494
184	161	0.5238926717230913
184	14	0.5052195804909847
184	183	0.500362803948773
184	80	0.46100754368409397
109	106	0.7475551005981158
109	112	0.7805200736120926
109	11	0.7478901927960825
109	0	0.6811948664212037
109	12	0.6664727569988536
109	102	0.646452381997756
109	13	0.6105137677401781
109	1	0.5621356461672614
109	113	0.5287366906812604
109	114	0.5169438260616672
109	101	0.49493089531009976
109	124	0.49014411181486217
109	139	0.48153443602052143
22	23	0.8516145517734506
22	25	0.7078292482564404
22	123	0.6688669655472146
22	26	0.6392887615463838
22	34	0.5937512058095898
22	127	0.5481969779955836
22	27	0.5231377027243924
22	132	0.517361381356443
22	24	0.4999653909509776
22	129	0.493555478884933
22	186	0.4857020753332231
22	138	0.4836056744659966
22	188	0.4816266056445685
23	25	0.8448842206727313
23	186	0.6318142063250036
23	26	0.6268559415029726
23	132	0.6159606911945915
23	129	0.61091506556798
23	123	0.6084584894374242
23	14	0.5948249293117588
23	127	0.5874805098746855
23	188	0.5793342164112599
23	187	0.5676101739552886
23	124	0.5545235515965421
23	16	0.524487356022373
23	77	0.5174639011383558
23	27	0.5107323015917761
23	138	0.5104070014035019
23	131	0.496047540799643
23	125	0.49516492285283914
23	21	0.4949006929758385
23	117	0.4804506452167264
23	15	0.478509998427153
23	29	0.47535032697199264
23	161	0.46673670717209437
23	17	0.4666193754315931
23	28	0.4665333217155318
23	20	0.46531980784055244
23	116	0.4641908445811184
23	75	0.45999110083200406
12	13	0.8509262060564111
12	111	0.8484237879363054
12	113	0.8350523291356802
12	112	0.8021452742154098
12	102	0.7999235630992785
12	1	0.7159861002055398
12	139	0.6698990671679202
12	110	0.6532344449505353
12	11	0.6527927936262438
12	0	0.6357570757269569
12	10	0.6028867510058288
12	106	0.5712726479862461
12	114	0.5606015491486126
12	104	0.542661276516064
12	7	0.5231377027243924
12	2	0.47013996392426183
13	114	0.7461976240513422
13	102	0.778164339204748
13	110	0.7443660644721208
13	113	0.7400862240544648
13	111	0.7349602576520109
13	10	0.7349004735957327
13	112	0.7249831042714346
13	0	0.721669384493777
13	1	0.7177797261322822
13	139	0.6600205256797781
13	2	0.6065151365767341
13	11	0.5977378263659442
13	7	0.5977313992326176
13	101	0.5492732678286438
13	141	0.5277922639283494
13	106	0.5241683206918787
13	39	0.5228398448075577
13	104	0.504854561100887
13	134	0.49556486805537137
13	100	0.49014411181486217
13	135	0.48115796617429213
13	32	0.46579759342482535
44	149	0.8485358207402374
44	33	0.7885174828580042
44	50	0.7269648067967064
44	38	0.7252723600092862
44	45	0.7171634785282143
44	52	0.6891683135306099
44	18	0.6885850653892925
44	42	0.6801322068941785
44	156	0.665899875451097
44	136	0.6486125866291464
44	34	0.6479749000299238
44	47	0.6403754921861755
44	154	0.6293203405934181
44	171	0.6248058544572981
44	31	0.622771602749979
44	67	0.6176829844998972
44	40	0.6095594279981806
44	46	0.5878209365053852
44	146	0.5773109688771891
44	51	0.55944157449746
44	155	0.5561695348170546
44	157	0.5469436801761124
44	49	0.546565107991985
44	62	0.5451891532360329
44	35	0.5408243401649846
44	153	0.5400101987822399
44	41	0.52338460995923
44	24	0.5091858243278112
44	130	0.4887601178097542
44	17	0.4846010113666568
44	173	0.4812194427686916
44	79	0.48015061381409935
44	48	0.4778543579599176
44	120	0.46749505574440164
44	144	0.46176318219399026
149	156	0.7864281217020396
149	154	0.7696220396904334
149	50	0.7568587196595153
149	18	0.7506925810472241
149	157	0.7277842180563208
149	52	0.7266912086091453
149	155	0.697291826777151
149	47	0.6812002261202332
149	171	0.6475279781634765
149	136	0.6459922886639404
149	146	0.6419361261018264
149	51	0.6373214444652017
149	46	0.6349699425407983
149	45	0.6319103263367748
149	33	0.6291753692820471
149	38	0.6270804985122969
149	153	0.6252628534530518
149	49	0.6113724129557843
149	42	0.5867334618979329
149	120	0.5839000583006861
149	40	0.5826002151724283
149	173	0.5498874737991858
149	17	0.543514393600005
149	130	0.5383149644245832
149	48	0.5380805511813054
149	144	0.5137417560941174
149	118	0.501950348129119
149	164	0.49904979070616895
149	34	0.49345714018725456
149	43	0.4909110882029641
149	150	0.4893003208764243
149	53	0.488897106194975
149	31	0.47753791734335516
149	67	0.4687678455775148
149	116	0.4650768947906415
149	122	0.46450459705189795
149	168	0.4580257174012127
111	6	0.49747867024266673
111	113	0.8245284615950843
111	102	0.7265732072021246
111	112	0.6146930915874014
111	110	0.6086096141497667
111	104	0.5575562404019128
111	1	0.5470347845372282
111	139	0.5394148821339493
111	10	0.5004752410686905
111	11	0.4704826391181158
71	177	0.7937546884135742
71	199	0.6980719511799397
71	35	0.6943982090108829
71	171	0.6454267213056364
71	50	0.6196766507411953
71	156	0.5842360791764
71	170	0.5747652087642268
71	67	0.573498204954136
71	173	0.5730886908595766
71	179	0.5675356092440371
71	38	0.5513855914264256
71	45	0.5489869008145822
71	47	0.5340613494602062
71	97	0.5165846782678445
71	66	0.5090080274525163
71	153	0.49434929035243425
71	168	0.47834035437117794
71	89	0.4667836352686248
71	164	0.46438695353398945
25	26	0.6744434660508943
25	29	0.6536069218374566
25	129	0.6511312036111142
25	21	0.6468015061312702
25	132	0.6095782807725307
25	16	0.5997457438636481
25	14	0.5921821022588937
25	27	0.5905173219959092
25	186	0.5850785440032666
25	133	0.5819194125794139
25	125	0.5619577792611039
25	28	0.5391595811976778
25	188	0.5378673759799396
25	124	0.5280158722864731
25	127	0.5169658087931663
25	117	0.5116408879537755
25	15	0.5093339551998689
25	187	0.49919245754507485
25	131	0.4953007768485996
25	118	0.4810042539820551
25	75	0.47463789691012337
25	116	0.4684010441382372
25	77	0.4596125813557564
62	67	0.8433029500738807
62	41	0.798369702044168
62	31	0.7714097747108976
62	37	0.7108994614045161
62	45	0.715649652949783
62	33	0.7144180636158151
62	35	0.6917323648758367
62	61	0.6642044534088068
62	38	0.6337269312438722
62	34	0.6169712413470191
62	42	0.6067742492778796
62	69	0.6052556607115271
62	65	0.604342386919777
62	146	0.5943982808978839
62	145	0.5863398770807199
62	171	0.5765170364865524
62	60	0.5618277667246504
62	68	0.5484557331268539
62	166	0.5368360592763955
62	172	0.5089635714451826
62	40	0.5036240861305322
67	35	0.795376808035601
67	171	0.780676340181956
67	45	0.7541245343380645
67	41	0.7316179600887748
67	33	0.683950778564283
67	31	0.6795944211268744
67	38	0.6680648935896711
67	37	0.6396729532677189
67	145	0.629827395393732
67	50	0.6181836927362707
67	66	0.6002449481671172
67	146	0.5896960868805673
67	170	0.5618003921270511
67	47	0.5534215000818918
67	42	0.5473290331516435
67	164	0.5342543118192614
67	166	0.5240885388592242
67	61	0.5234136520932084
67	174	0.5213195112410299
67	64	0.519898027364526
67	173	0.5022495063873323
67	34	0.49681616720635174
67	199	0.4902428741587491
67	65	0.4857479196068095
67	177	0.48419537143498725
67	60	0.4773912321039203
67	172	0.4635158822003174
74	185	0.8393589469975042
74	88	0.7648090418744584
74	84	0.7024395162711476
74	75	0.7188010894249213
74	187	0.7015874593020599
74	81	0.7006570374497556
74	90	0.6937348214916735
74	183	0.6720871380382535
74	193	0.6660835056196985
74	76	0.6613109869142536
74	85	0.5765103601669961
74	96	0.5612937401515855
74	92	0.5454561500480841
74	186	0.5301400950894694
74	82	0.5005951553906958
74	80	0.4978623554990867
74	58	0.4938201741957293
74	83	0.47136204129121456
74	194	0.4688692727678924
74	63	0.46650985098725073
185	183	0.7968781442047267
185	193	0.784320607755795
185	88	0.7521684212043757
185	187	0.7085719412694818
185	81	0.702540817783356
185	90	0.6844188426991713
185	75	0.6584090359552511
185	84	0.6555672165322445
185	194	0.6330143098573162
185	76	0.5992204355041676
185	186	0.5915453990087308
185	83	0.5727057712854536
185	96	0.5320784848051545
185	85	0.5107914313769795
185	82	0.5097115523326412
185	182	0.5016435862171307
185	58	0.4867100319319768
185	190	0.4813807963086223
185	92	0.47633276677452946
185	59	0.47562119661896757
185	159	0.46971921420334556
185	191	0.4613697039981232
193	194	0.8384108787851536
193	183	0.7568672628277642
193	88	0.7319338228074432
193	90	0.6545967421462745
193	191	0.6093520019707748
193	187	0.5998865923866471
193	85	0.5884096447888303
193	160	0.5624570428815724
193	182	0.5510096536061838
193	81	0.5169658087931663
193	159	0.5088746512848017
193	82	0.5041090631091892
193	75	0.489976946866954
193	96	0.48901124476674945
193	87	0.4803275690082481
193	83	0.47589971133047315
193	190	0.4586023795695282
194	191	0.6720048849148479
194	183	0.6968085530938578
194	90	0.6275353620362651
194	196	0.5443312050936073
194	87	0.5442256409442457
194	159	0.5156970241304151
194	160	0.514859707738944
194	88	0.5063879152995328
194	180	0.5047576889002268
194	182	0.5006401183095726
194	82	0.4956704788921156
194	93	0.4873736593696399
194	83	0.46698695997763484
51	155	0.8362289728593426
51	154	0.795707209591946
51	157	0.760310255872058
51	47	0.7528840328243311
51	46	0.7509979429884203
51	18	0.7128723286645772
51	49	0.6908499884866526
51	118	0.6676438760413335
51	53	0.6553675896676933
51	17	0.6418185274032226
51	122	0.6335653382505378
51	52	0.6270380227444784
51	146	0.6259140971117326
51	153	0.6228817783937673
51	120	0.6221039002353104
51	16	0.618245473809063
51	156	0.6161282232836253
51	27	0.5971655106057728
51	21	0.5902306802482977
51	136	0.5844994848874192
51	125	0.5781437575274344
51	130	0.5749392904339679
51	48	0.5745508829661643
51	89	0.5743297769287383
51	117	0.5735183376020163
51	150	0.5682063564576224
51	42	0.5600733122872186
51	116	0.5597506579713573
51	40	0.5426753867377
51	43	0.5314186208927579
51	15	0.5261237170001843
51	144	0.519211768510431
51	168	0.5161813365618365
51	29	0.49120704398400605
51	124	0.47530388312342364
51	33	0.4747076186296172
51	50	0.4732499724376913
51	148	0.46790131010227914
51	20	0.4671433300068392
51	179	0.46412023421402465
155	154	0.8055069042989824
155	47	0.7637277195612084
155	157	0.7862372812721045
155	153	0.7400409934690658
155	46	0.7216406316508396
155	156	0.720820128439261
155	18	0.6888794281903026
155	146	0.6439189791409862
155	118	0.63245063931
155	52	0.6307917307103699
155	49	0.6178561255150048
155	130	0.6153397164786648
155	120	0.6130541850192663
155	122	0.6051922903176918
155	17	0.5864120550354794
155	168	0.5820715072735259
155	179	0.5765904709210045
155	144	0.5759425916440362
155	53	0.5711244268966478
155	89	0.5552364229210368
155	50	0.5538445292526054
155	48	0.5477771519135392
155	136	0.5447181261638646
155	150	0.5394786918786274
155	16	0.5191241127526908
155	125	0.5124229805191693
155	27	0.5090969313211143
155	42	0.49166972183190527
155	116	0.4884403845041014
155	117	0.48385845554755613
155	21	0.47719818466527597
155	171	0.47514130879272487
155	15	0.47460690756711854
155	33	0.46356299007176305
155	40	0.45971511354467565
113	112	0.694361960470065
113	102	0.661535994493694
113	139	0.6323366244348247
113	110	0.619996867969374
113	11	0.5532480449262405
113	104	0.5035569104357086
113	1	0.4981781853312968
113	10	0.4957081934962011
113	114	0.4791419934132
113	106	0.4592891303496238
95	197	0.8317228610166032
95	198	0.6038152633015326
95	96	0.5801972493706081
95	97	0.5511558782400284
95	181	0.5233918706067291
95	190	0.5129610976937453
95	79	0.5027353822304852
95	83	0.48245565276554625
95	99	0.4631939082889012
197	106	0.5450064074514154
197	181	0.5442397171600659
197	198	0.5189560753564547
197	101	0.5092228598746967
197	99	0.49481007879838007
14	186	0.814750549323262
14	77	0.7298470516148404
14	15	0.785395799036761
14	188	0.7137907936052289
14	116	0.7103945810871896
14	16	0.6800569609044987
14	187	0.67204327176948
14	75	0.6572575084305022
14	124	0.639489763208266
14	117	0.6273292102736577
14	76	0.6222509950874537
14	125	0.6101749286782446
14	129	0.5958449394530687
14	46	0.5905042960562217
14	118	0.588161155085401
14	59	0.5853678500700498
14	28	0.5726788903456917
14	132	0.5726654494139758
14	17	0.5679354382825071
14	151	0.5633929107905625
14	27	0.5545027761420123
14	20	0.5477351541217532
14	29	0.546565107991985
14	122	0.5464108107929124
14	21	0.5430209914880246
14	133	0.5383646777411378
14	135	0.5378958033157533
14	127	0.5330098003194911
14	138	0.5306862780481416
14	123	0.5290896135982446
14	131	0.526730931323592
14	26	0.4928441302599315
14	43	0.48244030788662146
14	11	0.4814192090104807
14	148	0.4790418321913568
14	58	0.4745449253512125
14	161	0.4715020366204608
187	76	0.8185145862554449
187	186	0.8124518145774522
187	75	0.8149857422280274
187	188	0.7567903650019716
187	84	0.6367391360074076
187	77	0.6274201704229724
187	88	0.5963091177783305
187	81	0.5704974443515414
187	58	0.5655324464694603
187	59	0.5531994688830427
187	161	0.541517331504706
187	90	0.5289527876508368
187	147	0.5255955827541939
187	183	0.5205180033745272
187	132	0.5184370981617248
187	82	0.5131231909993627
187	85	0.5058746718671223
187	80	0.5039598732590891
187	91	0.49597968345502996
187	189	0.4945306173426149
187	127	0.4890036360495173
187	100	0.4794115962224334
187	129	0.47902642166525294
187	63	0.47329653318335857
187	138	0.4728152779808041
187	92	0.4621722068204733
1	102	0.8259002466232753
1	2	0.6390758409966351
1	0	0.647661521001419
1	114	0.6459048760999716
1	139	0.6437316226703608
1	10	0.64285235991899
1	110	0.6276929481571322
1	112	0.6264004387159562
1	7	0.6047167678511491
1	134	0.5355678321974435
1	106	0.5323221841541651
1	104	0.5150581084139878
1	135	0.49909484631539913
1	142	0.493555478884933
1	141	0.49109322825280527
1	101	0.49094903758661784
1	11	0.48838708286240623
1	39	0.4673856458121125
102	104	0.6398619764932069
102	112	0.7665054880243773
102	110	0.6955511405898943
102	114	0.6933974936303836
102	0	0.685332068606841
102	11	0.6351012230975099
102	139	0.6299359802237753
102	7	0.6057496865384725
102	135	0.5754077132058203
102	10	0.5727729682467745
102	2	0.5644840677442082
102	106	0.5518030376297794
102	100	0.521981882458939
102	134	0.5191752466053594
102	101	0.503900188897243
102	124	0.47333533178474785
102	141	0.46106266494833825
116	15	0.8102993167012137
116	17	0.7399595615435747
116	118	0.7166774535858187
116	16	0.7096110658314155
116	18	0.6972712748396015
116	120	0.6874369894886979
116	46	0.6807980460328168
116	154	0.6788942060507865
116	77	0.6612209505437214
116	49	0.6602292926628707
116	117	0.659506637826815
116	124	0.6500065221183967
116	43	0.647539592163417
116	186	0.6387029942274679
116	28	0.6308760175173258
116	148	0.6208272376919838
116	125	0.615644089627119
116	20	0.6106642911875511
116	136	0.6080930891318189
116	27	0.6022179739512027
116	26	0.5972555781446646
116	188	0.5878078470205693
116	143	0.5850193494076515
116	150	0.5842492523865488
116	122	0.5796795857064821
116	53	0.5763434271596669
116	157	0.5759359087042354
116	131	0.5747852977664707
116	135	0.5540801919872708
116	29	0.5522688593251871
116	129	0.5505638078898236
116	21	0.5458494173308319
116	40	0.5419977506312472
116	151	0.5216471360454138
116	48	0.5208970124784585
116	132	0.520751264035938
116	42	0.49643195130351914
116	78	0.4855645264803882
116	133	0.4802044738809089
116	130	0.47771544807498884
116	127	0.46888487585367533
15	16	0.7690098104979513
15	17	0.7171100498935952
15	118	0.7122619412449773
15	46	0.7029507978746892
15	77	0.6943516030968742
15	117	0.6827995030584616
15	18	0.6595518395214262
15	43	0.6137153695493752
15	186	0.6072920880171594
15	28	0.601771652417812
15	148	0.5967407036256615
15	125	0.5954707282626464
15	124	0.5905042960562217
15	122	0.5813238680196278
15	154	0.5744101888232789
15	27	0.5633997366363868
15	20	0.562962727449577
15	21	0.5609100479589704
15	49	0.5507310368681853
15	29	0.5488471627970304
15	131	0.5410860661226083
15	120	0.5370709139869747
15	188	0.514624494760402
15	26	0.5128874068227106
15	135	0.5107618670884025
15	48	0.5089265226982432
15	157	0.5060681100325961
15	132	0.5042134781067392
15	52	0.49965781373002743
15	151	0.49954525398429134
15	129	0.4976592522720666
15	147	0.48987055040637995
15	130	0.483230183996985
15	40	0.48297720242975906
15	133	0.4799813157479732
15	136	0.4625495935596086
15	150	0.46045613540052605
15	78	0.46011723685744077
15	167	0.45890240713544383
145	166	0.8023234842049354
145	196	0.7202046254033574
145	174	0.6136093884075322
145	41	0.6743834977409393
145	164	0.6281775059812034
145	45	0.6131103567308083
145	170	0.6111281274505524
145	171	0.6035101794807685
145	35	0.57551472830671
145	199	0.5705581491744414
145	169	0.559929168579997
145	195	0.5573218914324265
145	146	0.5572391588226606
145	180	0.5490078588708871
145	66	0.5418988697474794
145	173	0.5313827402269365
145	130	0.5304348011230344
145	38	0.4987718881612176
145	175	0.49565539252703317
145	31	0.49385041926371054
145	60	0.47939619278431567
145	33	0.47607760133293603
145	37	0.47235704723484495
145	141	0.4698205253181389
145	179	0.4655626508205759
145	50	0.4605349297868648
145	172	0.45943114823623465
154	157	0.8214305684376275
154	18	0.8210398813328771
154	46	0.800929649472846
154	17	0.7901008385852136
154	120	0.7772950398254896
154	49	0.7468616639546054
154	48	0.6599189264874933
154	118	0.7149659846187149
154	47	0.6739525547907466
154	136	0.6736304118409825
154	150	0.6639193523106847
154	53	0.6527870549730965
154	146	0.6444455053760837
154	156	0.6426410843296682
154	52	0.6204829568512491
154	153	0.6118293522957927
154	16	0.60907530414124
154	122	0.6067489756640613
154	117	0.602026739353911
154	130	0.5653895931651247
154	27	0.5646475714471554
154	42	0.5607043993846047
154	124	0.5603683579032399
154	20	0.5587541650364415
154	43	0.5569908946029146
154	125	0.540371377662841
154	40	0.5369641721635836
154	144	0.5342686031131619
154	21	0.5207804161535224
154	143	0.5110057363390348
154	50	0.5050631657314336
154	148	0.4959193607293631
154	33	0.47206955183841465
154	151	0.4605349297868648
154	29	0.45930491127455636
157	150	0.746551963734494
157	53	0.6982872201839253
157	18	0.7152542689264092
157	120	0.7045407315873624
157	49	0.685491131885441
157	47	0.6732096026598074
157	46	0.6675163785847151
157	17	0.6521093677810165
157	156	0.6488616168947674
157	146	0.6319283466753364
157	153	0.6239699632981811
157	144	0.6177942963142393
157	118	0.617602577238759
157	136	0.6054900644738903
157	52	0.5872316049932982
157	122	0.5845653170745285
157	130	0.5722889783233106
157	48	0.5703287871339302
157	27	0.5570322788884243
157	40	0.5552502570177044
157	124	0.551413429769607
157	43	0.5487143832617916
157	42	0.545062642440688
157	50	0.5335894293926036
157	16	0.5161299857285315
157	125	0.5080664625417828
157	20	0.5037061814880148
157	168	0.4839733293585441
157	148	0.4729783153899368
157	33	0.4727453948930698
157	117	0.4703969836160326
157	7	0.4681668310950182
157	21	0.46022759064609303
17	18	0.7682732687188347
17	46	0.7404162045577155
17	16	0.7335730945236659
17	120	0.7264551629189865
17	117	0.7225977186265259
17	20	0.7206903902401213
17	118	0.7131771180011504
17	49	0.7051596504291626
17	124	0.661007037800721
17	48	0.6450998855740756
17	27	0.6398796934526406
17	136	0.6287825187451027
17	148	0.602982221506247
17	43	0.5957352836493077
17	150	0.5889781370831061
17	53	0.5866482086958857
17	122	0.5754545347372918
17	146	0.5703962557932301
17	125	0.5597163230503911
17	42	0.5553540029489952
17	21	0.5523661516771191
17	77	0.5402934931684722
17	29	0.5261237170001843
17	26	0.5193651398047011
17	130	0.5169071866606373
17	40	0.5058597899002288
17	28	0.4872516551502338
17	156	0.48283150978776224
17	135	0.4805890833349004
17	52	0.47008543434079086
17	151	0.46774508181167684
17	186	0.46502203376097406
17	131	0.4609917940979892
17	47	0.459691453357943
17	143	0.4591234131346195
18	118	0.7831633647261043
18	46	0.7453143673192996
18	120	0.715981226531602
18	49	0.6960257486728917
18	52	0.691628049178442
18	16	0.6689387995083647
18	136	0.6641094411659454
18	27	0.6639529036397394
18	48	0.6584826743322723
18	156	0.6445215087070331
18	53	0.6092702657785403
18	122	0.592662388767336
18	42	0.5891740338897596
18	117	0.5858146663923527
18	43	0.5853875700581436
18	143	0.5801972493706081
18	21	0.5746446602019841
18	130	0.5659200201313962
18	40	0.5656208624654461
18	148	0.5584376985781603
18	26	0.5577629451324945
18	47	0.552824612951905
18	125	0.5526718296842434
18	29	0.5361594977442448
18	146	0.5335465110793592
18	78	0.5236169129804947
18	150	0.5234281727041769
18	28	0.5212175521648323
18	33	0.5062391859827224
18	153	0.5048024007265844
18	24	0.5018456143511195
18	20	0.469103288325577
18	124	0.4659385274752426
18	50	0.4656018124798411
75	76	0.8194694153373551
75	59	0.6356438575935398
75	186	0.745620919101979
75	188	0.6433508171465452
75	88	0.636156100370058
75	84	0.5802569496566964
75	77	0.5656548651557833
75	58	0.5626894367361573
75	129	0.5058821127376443
75	90	0.5030939790938838
75	161	0.5001828694489585
75	85	0.4937899279328746
75	133	0.4891938316549519
75	82	0.48245565276554625
76	186	0.693662191958516
76	84	0.6790020119429883
76	188	0.6514306368405152
76	77	0.6443344006750308
76	88	0.5821640667167102
76	59	0.5716901615422534
76	63	0.5672847323413737
76	81	0.5242553449262093
76	94	0.5187879978415779
76	80	0.49030364472917926
76	90	0.48891232563854936
76	82	0.4877624208324029
76	58	0.4854728138860678
76	86	0.47803181915154247
76	133	0.47588424079393166
76	147	0.46854154037430773
76	92	0.4683620132010707
76	91	0.4674247224317919
33	34	0.8183495017711292
33	42	0.7470031333887582
33	45	0.7055515796755579
33	41	0.6904420422333878
33	31	0.6694468059377563
33	146	0.6501450984626982
33	136	0.6428464924728376
33	38	0.6397556604522018
33	35	0.6096851001363256
33	40	0.5987908367314445
33	50	0.5897613088867455
33	171	0.58957866788384
33	130	0.5841570334505609
33	144	0.5736257000238387
33	47	0.5508076687112408
33	24	0.5471889316312917
33	156	0.513417812349174
33	52	0.5031686649810527
33	46	0.493555478884933
33	69	0.48472342777147914
33	36	0.472209427012239
33	164	0.4628875269106831
34	24	0.6608493491046336
34	40	0.6499314418767189
34	42	0.7175614991403636
34	136	0.680771219418638
34	31	0.6417597167310526
34	144	0.6193130773569685
34	146	0.6107520761592623
34	69	0.5723091525366988
34	130	0.5603340575770545
34	123	0.5581486089095007
34	41	0.5573701470114283
34	36	0.548735350292406
34	140	0.5368431773086377
34	35	0.513866876964711
34	38	0.5053759620640617
34	37	0.4886231053188077
34	134	0.46937622323900785
186	188	0.7678221558620103
186	77	0.6881115064931779
186	129	0.6322706032995831
186	132	0.6036754551636478
186	124	0.5999185982304402
186	127	0.5850193494076515
186	59	0.5629354039156064
186	16	0.5495734654244376
186	125	0.5470698212261099
186	117	0.538066341641981
186	58	0.5322935182201096
186	161	0.5319924522141157
186	133	0.5318203540768527
186	138	0.529348787326724
186	100	0.5286790532424269
186	131	0.5179031033894766
186	135	0.5154547442368435
186	123	0.5069528119597927
186	27	0.5054504178146956
186	28	0.5040717684665674
186	147	0.4982909496782894
186	26	0.48976413935106694
186	20	0.48758712097062684
186	11	0.48429488729985753
186	88	0.48355204386194606
186	148	0.48051986726931534
186	29	0.47899559972719474
186	118	0.47115200375228505
186	84	0.46207783396479574
186	112	0.4619283888717756
186	81	0.4582785483171067
87	191	0.8125197879413272
87	82	0.7486647345340778
87	83	0.6946518501402777
87	89	0.6534178577277586
87	190	0.631008438135286
87	159	0.5987459333820087
87	179	0.5708683209091678
87	93	0.5240812855091761
87	97	0.5217344766895295
87	88	0.48853936359744554
87	90	0.48346009723656475
191	159	0.6094777246747609
191	190	0.6435559058619001
191	83	0.6203107266812302
191	82	0.599982604157942
191	179	0.5781237846871563
191	198	0.5169658087931663
191	89	0.5084669615971854
191	180	0.5043253349612146
191	97	0.47835577803372836
191	183	0.4679872232000995
191	182	0.46751068456572875
11	112	0.812247761902765
11	106	0.6010886910827772
11	0	0.5764235610076044
11	124	0.5618893550707486
11	135	0.554745113435209
11	188	0.5537959994346074
11	7	0.49153322279390554
11	150	0.47564440982205963
11	114	0.47425044555945545
11	77	0.471774181738718
11	104	0.46017241552912885
112	106	0.6758583094886738
112	0	0.6544995758065205
112	114	0.5979563031832105
112	139	0.5716699660851173
112	135	0.5671015935262612
112	110	0.5593522547357547
112	7	0.5338397314491911
112	101	0.5226872339693823
112	188	0.5179909110970091
112	124	0.5125262122891935
112	100	0.5115006118346368
112	104	0.5109983475699038
112	2	0.47169643515894977
29	133	0.8121456609544628
29	26	0.7507100389489445
29	28	0.6843125139763611
29	21	0.6790127909219633
29	16	0.6759506455214856
29	118	0.6674332069749291
29	129	0.6495385076765005
29	131	0.6434328637177978
29	27	0.6098044602831373
29	117	0.5988870455194588
29	125	0.5914738862111818
29	132	0.5756217237010093
29	122	0.5384427910970546
29	124	0.5282610360050409
29	143	0.49390334525743484
29	46	0.4781475336903719
29	20	0.46350017899420687
133	132	0.6489947621005603
133	129	0.626928782218779
133	28	0.6258836845828245
133	16	0.6149170168905422
133	131	0.6032812505859528
133	117	0.5950897998551825
133	118	0.590842870493978
133	125	0.5787758724624852
133	21	0.575929225687455
133	26	0.5450837292973465
133	124	0.5352753694842293
133	27	0.5135798025224514
133	20	0.48271647039695526
133	188	0.4809120124693525
133	122	0.47220165679297715
133	77	0.4619519872096529
20	124	0.8115661483869094
20	49	0.6338465941108837
20	53	0.6137777010683042
20	16	0.588795237594091
20	150	0.5852889631914747
20	117	0.5743632832318938
20	118	0.5582587542930216
20	43	0.5510235812199296
20	188	0.5413335482984648
20	77	0.5377323294301966
20	120	0.5342400202199503
20	46	0.5000928859967554
20	129	0.46999973774453085
20	122	0.4692982509833297
20	148	0.4688692727678924
124	53	0.6358523961005533
124	150	0.6332419863755456
124	188	0.6216255385564993
124	129	0.6172746293825103
124	118	0.6125483606520701
124	16	0.6038597399205099
124	117	0.5924742185564503
124	77	0.5752203893603884
124	120	0.5741622165466669
124	49	0.5492104178228968
124	122	0.5479101267086837
124	125	0.5291256158548326
124	46	0.5287222817786533
124	135	0.5160639577761944
124	123	0.5084298875872226
124	43	0.4743202003682945
124	131	0.4739791202536728
124	148	0.47145537415066197
124	132	0.469337238026051
124	151	0.4680731274530042
124	26	0.45832594586010245
170	173	0.8042390621983634
170	66	0.7059480941865821
170	171	0.6841848810850517
170	50	0.6432863416140943
170	199	0.6368877531648904
170	164	0.6237439663834246
170	195	0.5954578198166803
170	174	0.5837352690685296
170	179	0.5578524957033663
170	45	0.5439651756807944
170	177	0.5276623932329927
170	35	0.5113972330349745
170	156	0.49033402822671596
170	196	0.48096582131239063
170	38	0.48076594163324843
170	153	0.4602985248586049
173	50	0.7982608942411189
173	195	0.7327637829925662
173	179	0.6815056082757185
173	164	0.7045659118181932
173	171	0.6699376518252959
173	156	0.6239943891479243
173	45	0.5893959665694859
173	174	0.5873953707083097
173	66	0.5866088566780314
173	168	0.5662597912268565
173	177	0.5531300680092588
173	199	0.5427459332515422
173	153	0.5171709480725181
173	47	0.49580624271745155
173	38	0.4820565896833709
173	35	0.47664967877406
166	196	0.6771653275276918
166	175	0.6355604162045415
166	61	0.6297127513600983
166	199	0.6079229010389631
166	98	0.5521785029546523
166	141	0.5405129621141567
166	37	0.531167416192537
166	35	0.5258560831945235
166	172	0.525827143570625
166	41	0.5249366559287792
166	60	0.5177860094674671
166	167	0.5156676612615649
166	169	0.4995602629251208
166	79	0.4923063978764113
166	45	0.48775479991702275
166	31	0.48465457087990443
166	183	0.48021986180638526
166	97	0.4732499724376913
166	180	0.4705371425490627
166	182	0.4690252904564431
166	164	0.4672136869884683
46	122	0.6641373881704364
46	178	0.42886088176067644
46	118	0.7278030307139265
46	16	0.6847217198915231
46	117	0.6599753734633086
46	49	0.6589355561178932
46	120	0.6573994882401235
46	47	0.6428347573542194
46	52	0.6288127494218575
46	156	0.6270804985122969
46	48	0.623285544417627
46	146	0.6193069128056686
46	136	0.6049957933488269
46	125	0.5988421502359581
46	27	0.5768040454045403
46	43	0.5710637802594916
46	148	0.5704637167561947
46	151	0.5691671215974029
46	21	0.5674067937220564
46	42	0.5669523278337543
46	53	0.5668844674808257
46	153	0.5582931706904928
46	130	0.5559484793388835
46	150	0.5186491209416658
46	144	0.5151242297117874
46	40	0.5129537289468241
46	78	0.5056216374780549
46	89	0.5010221940530883
46	168	0.49666551750011806
46	28	0.48907971987313015
46	135	0.4831841933482395
28	131	0.7993827311287491
28	132	0.7672469090839741
28	21	0.6972147510998465
28	125	0.6810340414939057
28	26	0.6610633410484468
28	16	0.6553961133991137
28	118	0.6317481125428258
28	27	0.6143943703183167
28	129	0.5935375023078845
28	117	0.5392801523261334
28	77	0.5327735115840667
28	148	0.5219018490233189
28	122	0.5212102688042373
28	143	0.5194892730182908
28	43	0.5125262122891935
28	127	0.46999973774453085
131	129	0.6950810933666803
131	26	0.6860526317004011
131	132	0.739103215832203
131	143	0.6143570177679465
131	125	0.5962704514687893
131	16	0.5773109688771891
131	118	0.5649880618502711
131	21	0.5470487994427836
131	117	0.5350755650652727
131	127	0.5319135793554731
131	77	0.5281456758111239
131	27	0.5162473536092498
131	122	0.48904928723668256
131	148	0.4679794132839611
41	45	0.7081434640816914
41	35	0.6429520949618639
41	31	0.6392946746073757
41	38	0.5970175098095825
41	37	0.5882723352651736
41	42	0.5832538092021052
41	60	0.5732968403728347
41	40	0.5732162751427483
41	69	0.5636999977076997
41	61	0.5568529270067493
41	146	0.5377678706716776
41	65	0.5322075130936705
41	93	0.5295790810646696
41	130	0.5120541747131
41	171	0.5058374663852696
41	50	0.4897869429486428
41	68	0.4857632004375268
41	164	0.47468437871835484
41	66	0.4705605000632627
41	174	0.46868201291418105
41	172	0.4608579108908572
50	171	0.7364786070095674
50	156	0.7104787786397436
50	45	0.698102711624581
50	38	0.6683969740178277
50	47	0.6424649466459393
50	66	0.6256646581808536
50	164	0.5975321199891532
50	35	0.5956965762974853
50	195	0.5762232056032479
50	179	0.5743096722231225
50	52	0.5472099488144674
50	174	0.5393510661933836
50	177	0.536686562945492
50	153	0.5340470537380121
50	168	0.5124229805191693
50	146	0.5022868927201045
50	89	0.4882880844300736
50	199	0.4738550558391305
199	177	0.7269836671350516
199	98	0.6150848958207592
199	35	0.6144690671576866
199	38	0.5824548696078928
199	198	0.5714275665675247
199	195	0.5479870994634518
199	164	0.5439651756807944
199	171	0.5384001849590045
199	66	0.5104217909463846
199	156	0.5004977264670746
199	45	0.49647716327584845
199	97	0.4750406512800731
183	81	0.7205990627169663
183	182	0.7035573181697697
183	160	0.6556356389442101
183	175	0.5905759349169941
183	198	0.5620193544575878
183	196	0.5506265239364375
183	88	0.5368787663234709
183	96	0.5224546196925355
183	90	0.5140287656436755
183	93	0.5102664856866992
183	60	0.49623600163365006
183	92	0.4928441302599315
183	162	0.48657265949649575
183	84	0.4795194120183861
183	80	0.4749012588141691
16	118	0.7964763083855827
16	117	0.7845898487209275
16	21	0.7218083214694297
16	125	0.7140212525439024
16	27	0.63074958172386
16	148	0.6230714674299442
16	122	0.6221222894942234
16	120	0.5881546143823749
16	129	0.5796331058100627
16	132	0.5793674340423116
16	77	0.5786428533687193
16	26	0.5682740667637021
16	43	0.5619988300841846
16	49	0.5610813689110151
16	48	0.5318275257098222
16	53	0.5142273971668078
16	188	0.4975764908622833
16	151	0.4936008617202975
16	135	0.47672695559877754
16	52	0.4587760924890305
118	117	0.7220620905201244
118	125	0.7098542428033011
118	21	0.6924669718284227
118	120	0.6623113569344937
118	122	0.650600940208126
118	27	0.6210791487084331
118	49	0.6105263130457825
118	48	0.5818069685912948
118	148	0.5797327009694154
118	53	0.5679557614163726
118	26	0.5612937401515855
118	129	0.5600458589568037
118	52	0.5560797405169391
118	43	0.5434721166951324
118	130	0.5350827019684813
118	143	0.5348114459558851
118	136	0.531949431799128
118	156	0.5182323260087915
118	132	0.4932301565768196
118	77	0.4903264324640641
118	151	0.4874575262338833
118	150	0.4660950931408827
118	135	0.46421438005915683
118	146	0.4594469265516523
47	153	0.7961103915733028
47	146	0.6979642693301852
47	168	0.6691321365436238
47	89	0.6532000465167664
47	156	0.6487921340526766
47	179	0.6204768068040868
47	52	0.6105953067503511
47	171	0.5996048581674919
47	45	0.5838868769323177
47	42	0.5807807179299689
47	35	0.5728401575108159
47	49	0.5571150391608433
47	40	0.523275691126572
47	130	0.5101185449681167
47	144	0.5086745412162046
47	136	0.5031163856491448
47	122	0.469391816811842
47	43	0.4677528939205202
47	48	0.45963624371773554
153	168	0.6511139224288794
153	156	0.6224102982727261
153	146	0.6144317201148849
153	179	0.5699845772562152
153	52	0.5564319360178397
153	144	0.5344615056879176
153	171	0.5167166312453721
153	89	0.5065291802492642
153	130	0.4774221154186274
153	45	0.46049553350080696
153	35	0.4600699380240162
35	38	0.6696012924487041
35	45	0.6497927988643458
35	37	0.6438721472607472
35	171	0.6377132017310566
35	177	0.5721544658640465
35	31	0.5426824417336603
35	146	0.5388190257551608
35	66	0.5259645959413614
35	164	0.5222655633114228
35	140	0.5188976181622941
35	156	0.4846851746844741
35	42	0.4844862287449841
35	98	0.47934227842483595
35	61	0.4593759218488322
177	97	0.6278383666226655
177	179	0.6480735110163266
177	171	0.6182763614809349
177	156	0.5889128227610493
177	198	0.5535741009213754
177	89	0.5417505202885323
177	164	0.5107914313769795
177	45	0.49622846409793964
177	195	0.4922230535781778
177	168	0.4891405815739112
177	64	0.47739895304317603
177	66	0.47026458949485606
61	68	0.7913375537619973
61	81	0.6880746495390951
61	98	0.6178375775569663
61	65	0.6754724413537592
61	60	0.6748629951260738
61	37	0.6710165535055116
61	69	0.6550023207845722
61	175	0.5969724580203779
61	91	0.5778374311767428
61	93	0.5699305653869207
61	31	0.5497130438820735
61	172	0.5476441494361032
61	92	0.5092080458822467
61	63	0.50657378458498
61	32	0.49693666541821024
61	167	0.4963490556921806
61	97	0.481396161611268
68	69	0.7519686004545694
68	91	0.6624292227093141
68	172	0.6354054142257104
68	37	0.6154826083705867
68	65	0.5776042476604113
68	84	0.520219024572155
68	81	0.5092821128270523
68	92	0.5057853755488579
68	63	0.4998978847988868
68	31	0.49210938771685775
68	175	0.4843178507200826
68	60	0.47481606279656474
68	93	0.4652806330553233
68	32	0.4620149129129474
156	52	0.7572727654888074
156	171	0.653721466460843
156	45	0.6086662745364293
156	164	0.585991980060041
156	130	0.5858869120660083
156	38	0.5724167366417895
156	146	0.5575838050286964
156	179	0.5554715607775464
156	168	0.5265791780894099
156	122	0.519525778614808
156	195	0.5062912446699073
156	49	0.5019129448980212
156	48	0.5016061675930008
156	142	0.4975764908622833
156	144	0.4761703980451794
156	136	0.46865079884218785
164	180	0.6546596029612564
164	45	0.7381352561375076
164	195	0.7139771340803022
164	171	0.663398964832994
164	179	0.6065404215388561
164	196	0.579812364626449
164	168	0.5355464368407766
164	169	0.5295862764865329
164	60	0.5161006407292005
164	66	0.5042805942500449
164	182	0.4780395339704619
117	125	0.696324645907243
117	120	0.6261147720639073
117	21	0.6196335288113531
117	27	0.5663005508329064
117	148	0.559482794621279
117	129	0.5499781584056527
117	77	0.536180873390205
117	132	0.5339684218071992
117	122	0.530513846791966
117	48	0.5187953063937947
117	43	0.4998978847988868
117	49	0.4987718881612176
117	26	0.4799890118903984
117	188	0.4736844365502121
117	151	0.4619834506427129
171	45	0.7482116991988368
171	146	0.6596987120883538
171	38	0.5996689017286015
171	66	0.5993614225871063
171	179	0.5733035536416757
171	31	0.548287903924711
171	64	0.5274675409296775
171	168	0.5059862770200068
171	174	0.49224578473647285
171	52	0.4904631447946599
171	195	0.4828008342460076
171	42	0.4630525152491989
96	198	0.7797764737692348
96	98	0.5589398413415538
96	88	0.5490358018720711
96	97	0.5439158866719344
96	80	0.5313899165126368
96	83	0.5003852927231226
96	81	0.497275463910468
198	97	0.6988248405083121
198	98	0.5786761110288884
198	182	0.5515108543001291
198	190	0.5315979956205953
198	160	0.48284684711431636
69	91	0.7792271463231238
69	65	0.6950914304684491
69	60	0.6531713790955507
69	172	0.6144005954756467
69	40	0.6074056909352746
69	37	0.5929023741095668
69	92	0.5563007492849754
69	42	0.5529634745862904
69	167	0.5492034341053721
69	93	0.5419483120649548
69	81	0.5379384420258776
69	31	0.5352396945155212
69	84	0.5327018925300965
69	63	0.519131417816324
69	175	0.5158144634920009
69	86	0.47116756392144604
69	134	0.4654764887524032
91	93	0.7016077697335451
91	54	0.5139331085763996
91	60	0.689635318826737
91	84	0.6740726103380822
91	65	0.6409709252912305
91	92	0.6365964190150668
91	81	0.6065593844553084
91	180	0.5955933431648284
91	175	0.5853415556751839
91	172	0.5263117216753277
91	90	0.5175737272795254
91	82	0.4988920748254481
91	189	0.4983961811946998
91	80	0.4933360906229164
91	63	0.4802660238093149
89	179	0.778164339204748
89	168	0.6257133392429484
89	97	0.4978698767923905
89	192	0.477900655945195
89	180	0.4727298645104014
89	82	0.45999110083200406
179	168	0.7258642980603595
179	192	0.5604712473495889
179	195	0.6154018483585687
179	180	0.5769575033747805
179	97	0.4946439248569364
179	45	0.46331171781321806
179	64	0.4580889320801378
120	136	0.705370742842443
120	150	0.6475918514405726
120	125	0.6137963990320169
120	49	0.6052683338698188
120	48	0.5836561531507016
120	27	0.5811980622392106
120	53	0.5794604331711025
120	143	0.522847111154533
120	122	0.518736835852775
120	130	0.5166799801023402
120	21	0.5087634858118497
120	146	0.4893003208764243
120	26	0.48544988406771106
120	42	0.4826167561149355
120	144	0.4811963896004525
120	40	0.4681746392566455
120	148	0.4605349297868648
88	90	0.7749490147965189
88	85	0.7234472026186347
88	84	0.6425706374049481
88	82	0.6035737531901448
88	81	0.5647224958364135
88	83	0.5583757622051302
88	92	0.499402654088886
90	84	0.6401453662253901
90	81	0.6312130158760483
90	85	0.6006222410484303
90	82	0.5863595629008931
90	83	0.5276768245286692
90	92	0.5270993351345667
90	63	0.4644575416117473
90	94	0.4632253257629222
31	42	0.6516780919032614
31	146	0.6034720315716595
31	45	0.5918508488623639
31	134	0.5786228978488642
31	79	0.5708480972820176
31	40	0.568673400933103
31	167	0.5672779504225764
31	38	0.5599909486058664
31	37	0.558499628725734
31	172	0.5366509636135797
31	32	0.5330384357310681
31	36	0.49555732386336987
31	144	0.49116151970395344
31	130	0.4780781069586571
31	140	0.46694004327236915
31	52	0.4596835664840108
188	77	0.6957472480195247
188	129	0.5660287678086005
188	132	0.5390389879647896
188	147	0.5303413716211586
188	161	0.5184590345097972
188	150	0.5073984756559022
188	58	0.5070939681426092
188	127	0.5001978656408819
188	100	0.4998528773227058
188	59	0.4989070968095125
188	135	0.48890471595396645
188	123	0.4848764215772167
188	138	0.4829311971153273
188	125	0.4805660119782825
188	53	0.4766574067880616
188	43	0.4739093363355897
188	151	0.4655313201804111
132	125	0.6331401446334098
132	129	0.6301349884650128
132	21	0.5699440688160113
132	127	0.5561557211544309
132	26	0.5504174462762568
132	77	0.5488960745932259
132	27	0.5343543444628482
132	123	0.4953158702418913
132	148	0.48616803425327826
129	26	0.6692812203953042
129	127	0.6480851108804602
129	125	0.6113285754156941
129	77	0.5231885437486088
129	123	0.5134767221014201
129	21	0.5126662888543809
129	27	0.4783789129742079
129	143	0.46328815721818406
21	125	0.7623490740611676
21	27	0.7008657001791571
21	26	0.6115539856522946
21	122	0.5991883878005286
21	53	0.5337539241357855
21	48	0.5119877696060141
21	148	0.5068859390126645
21	130	0.4754199877776071
125	27	0.66306849345312
125	122	0.5910771463454385
125	26	0.549671173566961
125	130	0.5440003798176561
125	123	0.5364159601089342
125	48	0.5184078486361687
125	148	0.5153005231999825
125	127	0.5120320403574222
125	136	0.5117516129954924
125	53	0.5028997606170903
125	77	0.49152563880571915
58	161	0.7591856547853878
58	56	0.5477841512771165
58	59	0.5138889548493343
161	56	0.5867793620818039
161	163	0.46543732125893755
161	162	0.5046458974856042
161	59	0.47841746973272
161	100	0.4637042979630799
52	38	0.5893437551161724
52	79	0.5492174014637112
52	45	0.5464318535047425
52	122	0.5450064074514154
52	40	0.523050538019635
52	146	0.5175224772022324
52	130	0.5138227191533243
52	148	0.5115153790260482
52	48	0.5034524028075026
52	136	0.5007600062207481
52	78	0.49816314881156826
52	43	0.49162422483671225
52	142	0.48164196621286004
52	42	0.4813884789969285
52	144	0.46407315735863025
45	38	0.7290000785296378
45	146	0.5711918047372102
45	66	0.5306790942892757
45	42	0.5227962451300702
45	195	0.5176176529615959
45	60	0.49375211842405475
45	40	0.48825762084522545
45	168	0.4780703925085398
45	180	0.47366116752791687
45	37	0.4646379065552087
26	143	0.6651589718256952
26	27	0.6743562364768358
26	127	0.6039169186201484
26	24	0.5721544658640465
26	122	0.47056828575478393
82	159	0.5946375038282554
82	189	0.5700858362353007
82	84	0.5130274130141228
82	83	0.5127473733418226
82	94	0.4877700416734392
82	85	0.47115200375228505
82	86	0.46187332353988
106	5	0.593407944283432
106	101	0.5863267528158455
106	0	0.5832076202668061
42	146	0.7090645421018574
42	136	0.6659722242439361
42	40	0.6398501648090308
42	49	0.5677728282800469
42	130	0.561088220749545
42	144	0.5513020690289129
42	53	0.48740415745171123
42	48	0.48608402929048716
42	150	0.47265220819209414
42	24	0.4617159744003036
49	53	0.6917636539573019
49	43	0.6886691922172541
49	150	0.5894416475523396
49	136	0.5839330103747187
49	40	0.5803100113432201
49	86	0.5736257000238387
49	48	0.5519282176083621
49	122	0.5462143788817027
49	146	0.5324798249704639
49	27	0.5213486396722936
49	148	0.49888456372099915
49	130	0.49796764679001576
49	77	0.47948090803857313
49	143	0.4736456544789927
49	135	0.46444185588220144
150	53	0.6278625987735134
150	144	0.5962511172764817
150	136	0.5646066996753122
150	40	0.5636795300922006
150	27	0.5114489242853598
150	7	0.5087708973712972
150	135	0.5081109732930427
150	146	0.5004452594871818
150	43	0.48363631889525244
150	122	0.4761085347485515
150	0	0.46662719805867575
150	39	0.46150350696164616
114	110	0.744873981090323
114	32	0.7422718827218153
114	134	0.7343757239197828
114	141	0.7224495511544932
114	139	0.6933974936303836
114	0	0.7009928747110188
114	101	0.638916086276011
114	10	0.6317240761625491
114	7	0.6245314493834608
114	140	0.6133599337863742
114	135	0.6094211532505204
114	39	0.585834370681354
114	2	0.584189970516526
114	142	0.5615471187734731
114	100	0.5562040676291479
114	30	0.5288015269718396
114	144	0.5129832034809241
114	181	0.504869463387858
114	138	0.4880671964812342
114	123	0.4678856885888146
110	10	0.7406284690816554
110	139	0.6229062585154312
110	0	0.6212511117926782
110	2	0.5866154155400489
110	134	0.5623955119802323
110	7	0.5512394199780309
110	104	0.5392943357115011
110	141	0.5135798025224514
110	101	0.5041911047052621
110	32	0.4795964144390637
110	100	0.4725512440032279
110	39	0.4693684263428008
0	101	0.6636284621418589
0	7	0.6444221171735756
0	139	0.5787027157713941
0	10	0.5734914939175594
0	144	0.5516778327818377
0	39	0.5367648747506447
0	135	0.5305569587231274
0	134	0.5285133184471386
0	2	0.514896452767054
0	100	0.5066258195497808
0	141	0.5020027094985978
0	32	0.4623373341301835
7	135	0.7428550618403469
7	39	0.5977635341309077
7	144	0.5742024354260341
7	2	0.5692617608858814
7	142	0.5611498838362879
7	10	0.5446548276661775
7	134	0.5282249880390423
7	139	0.5059788372034878
7	101	0.49962779944740143
7	36	0.4789339523077833
7	100	0.47794695127544834
135	77	0.5815952489725219
135	147	0.5801043698655793
135	134	0.5767573327220078
135	100	0.5515108543001291
135	101	0.5500339578724769
135	78	0.5402085177065287
135	144	0.5188976181622941
135	2	0.5162033429258852
135	40	0.5140434809809533
135	148	0.5128800373198344
135	181	0.4984112130697926
135	167	0.4933739206648229
135	136	0.4810580566139521
135	39	0.4779623824621757
135	53	0.46924366604964224
135	151	0.46873663472402743
135	122	0.4621800707526404
135	99	0.45896555750337875
32	30	0.5622040426737528
32	134	0.6940459311562457
32	141	0.6925294253776317
32	79	0.5872185016585642
32	140	0.5780305689385904
32	181	0.5572184739412778
32	172	0.5435284852889013
32	101	0.5388545085020665
32	37	0.5278788306843589
32	36	0.5247772603917898
32	99	0.5114710765453961
32	139	0.5007300360438025
123	138	0.6984869998010804
123	127	0.6155074550052183
123	144	0.5419624377523861
123	130	0.5362877413049754
123	140	0.5354394497449972
123	134	0.5186564309346459
123	141	0.5180494435046253
123	146	0.510251692973465
123	136	0.5065663507173147
123	167	0.48834139284015854
123	77	0.4810811137755751
123	172	0.477993243950572
10	8	0.4094581027790043
10	2	0.6390107623943397
10	139	0.5206200644775535
10	141	0.4833298212538245
60	65	0.7368399001440409
60	175	0.6597213033965742
60	93	0.6478472535590422
60	180	0.6468538513870496
60	37	0.6140394099000187
60	182	0.6010823041205314
60	81	0.5662597912268565
60	169	0.5426048325666711
60	92	0.5325228115112042
60	196	0.5238273703621199
60	80	0.49522530539669896
60	98	0.4657506101556827
65	37	0.6117167202210588
65	81	0.5511837267139749
65	93	0.5160272729300643
65	175	0.5025261207811492
65	92	0.47857167832037834
65	169	0.47497870201556125
134	100	0.5663956458090156
134	141	0.693490937951293
134	2	0.6335593522629914
134	167	0.566755511612692
134	101	0.565987989737715
134	140	0.5611293301660473
134	30	0.5544681488484321
134	39	0.5103552356255692
134	138	0.49664291746247313
134	37	0.48651923038349076
134	139	0.48250168562554907
134	36	0.4793345760781145
134	172	0.47547416428302264
134	146	0.47487027947392546
134	144	0.46363364696560055
195	196	0.6378081235445575
195	180	0.5344257871884924
195	182	0.5000478902203628
195	66	0.49157872515734885
77	43	0.6976666982913919
77	147	0.6850137457774903
77	148	0.6107144558666192
77	167	0.5620877640371305
77	78	0.5220328080421065
77	40	0.5082593228632195
77	59	0.4880748143481708
77	151	0.4788568863901591
77	122	0.478101249866436
77	27	0.4691734801513774
77	127	0.4585628944712904
83	190	0.7292623644025061
83	97	0.4599674482599973
190	55	0.48053524913463075
190	97	0.4899997442095882
38	142	0.6840093174064766
38	36	0.6732752120189369
38	79	0.5200877252888185
38	40	0.4964620929176817
38	66	0.47283857102178517
8	107	0.7278594621149603
107	4	0.4572825979786807
168	146	0.5407182052007621
168	180	0.49724535462705993
139	142	0.7238235205404596
139	141	0.5980655082852914
139	39	0.5246468184828124
139	36	0.5093043314394659
142	36	0.6396788614150545
142	140	0.5656684656933879
142	39	0.52035759158593
142	144	0.46908768933713063
142	141	0.4681512145524323
85	84	0.48818145667713714
141	140	0.6095782807725307
141	37	0.604297951120483
141	2	0.5343757780822841
141	172	0.5144848003933713
141	138	0.5096523343873683
141	30	0.5062986813240117
141	101	0.4817110851079972
141	39	0.47387831934999924
81	92	0.6883694057672124
81	63	0.6435383304487017
81	84	0.6822600085046191
81	93	0.5775975838885905
81	80	0.5723226016274348
81	175	0.5129095148777734
81	182	0.4985314572818263
196	180	0.6446208784624836
196	182	0.5993870526080314
196	93	0.5783234819131243
196	169	0.5741555131306877
196	175	0.5654168059339952
196	160	0.49951523520290886
196	66	0.47545094622226897
175	182	0.714555126107162
175	172	0.645852420430597
175	180	0.6406231916271203
175	93	0.5982645898399503
175	92	0.558045329743951
175	167	0.5457651660029798
175	80	0.5312320206097819
175	37	0.526203263717993
175	169	0.5134619951170656
182	80	0.6856289338183228
182	180	0.5673525472973538
182	93	0.5218727436773297
182	160	0.4793730870733085
37	172	0.539620469127778
37	36	0.49495354627603916
37	98	0.48632074753087323
146	144	0.6880325229581535
146	140	0.6518679052455922
146	130	0.6600148819134715
146	136	0.6122796325492594
146	40	0.5791481621131936
146	172	0.5697077143621283
146	53	0.5174858677306723
146	48	0.5097041503535785
146	167	0.4975764908622833
146	122	0.4757063084582207
66	174	0.48725928097132204
136	130	0.6513097362967146
136	143	0.6103255513914029
136	40	0.5883834932097337
136	24	0.5845521512528031
136	144	0.5779106979488007
136	27	0.5584239354777091
136	48	0.5545720249690399
136	138	0.5069825313109824
136	53	0.5037882677485748
136	122	0.49169246932291005
136	127	0.47248133845139956
136	140	0.4638141877938349
43	148	0.7024851054742336
43	86	0.5882984920760489
43	40	0.5986047840639213
43	147	0.5550565517048047
43	53	0.5452734799732087
43	78	0.5235878793592728
43	122	0.5224764305857837
43	167	0.495330963336146
43	27	0.4870533577189227
148	147	0.6876110020341127
148	78	0.5166433270655681
148	122	0.5133294386468868
148	27	0.5111904310245333
148	48	0.462494568426924
148	53	0.45984129018505016
84	92	0.6272018373025183
84	63	0.574865646847445
84	80	0.482793165175437
84	54	0.4772059074473482
84	59	0.4604797744783974
93	92	0.610482403135808
93	180	0.5688898769125746
93	97	0.4954366066226275
93	80	0.4687756481080082
27	130	0.6402751949994742
27	53	0.6102941752978814
27	24	0.6080552743844739
27	122	0.5757220139855478
27	143	0.5575906959932769
27	48	0.5237693195386702
27	127	0.5116039758294298
27	40	0.4837588847556056
127	138	0.6995557602821665
127	143	0.566049155805409
127	24	0.531153058816496
138	140	0.4582153475383845
97	64	0.5430491960034958
97	98	0.5543365476223014
53	122	0.5466702893553357
53	40	0.5326302658453986
53	130	0.5308083902830357
53	48	0.5041090631091892
53	144	0.4677528939205202
36	39	0.6921493391075317
36	79	0.589004260657805
36	40	0.5278932574108478
39	2	0.49106287455891523
39	24	0.4633509840161677
92	80	0.6610408206425973
144	130	0.6853903994043807
144	40	0.6362096747899972
144	140	0.6302193912040284
144	172	0.46801065250992147
144	122	0.4588076728893588
147	78	0.6352205372278932
147	167	0.5899438895794373
147	189	0.4659306984258782
79	181	0.6867348655442607
79	99	0.4598886016389182
181	101	0.5613142882856913
181	99	0.5569633035424774
80	78	0.4611650235710444
130	40	0.5894024926549672
130	24	0.5469647054094391
130	140	0.5461231579240113
130	143	0.5157851054687147
130	122	0.5061722479633128
130	174	0.49771943669732166
130	48	0.48615276129192636
169	180	0.6853850969680345
169	172	0.5224982407953022
169	160	0.520751264035938
180	189	0.6066794669003026
180	172	0.6008267626681132
143	24	0.5472449759196751
122	48	0.4783634897543348
122	151	0.47432795053500887
122	40	0.4658758930375833
101	99	0.6103569255700195
101	100	0.5323651807663661
101	2	0.4816957258714154
24	40	0.5265069028468669
160	162	0.47241919519182446
167	172	0.653549638294383
167	162	0.5212248354495036
167	63	0.527070447873888
167	40	0.49608523670652677
167	78	0.47995053043947355
172	72	0.3787589966535378
172	140	0.5039822536541021
172	189	0.5006625987560855
40	78	0.5732901270270193
40	86	0.4928441302599315
104	2	0.5732834136042297
2	100	0.45984917560866784
6	105	0.6380868443467944
59	151	0.5036166224651449
86	94	0.6194363523486048
86	189	0.5762432442613593
159	189	0.5938483160858001
159	54	0.4665489685027294
56	57	0.3988662876054616
55	158	0.5645453868251683
