9	108	0.9422904203586324
9	112	0.912338557728052
9	3	0.9048949435193644
9	109	0.8086791076345657
9	106	0.7167212243709193
9	5	0.6240371314510492
9	103	0.8732721357805312
9	12	0.8486757548394888
9	6	0.7932361776613878
9	113	0.7689280731454042
9	11	0.7443616052473074
9	111	0.7237187663685276
9	0	0.6611984384741328
9	1	0.6508546236745103
9	197	0.5952447860680613
9	13	0.5800579244552276
9	102	0.5649540214641805
9	139	0.5544127411850546
9	176	0.5483928023529048
9	20	0.5324798249704639
9	105	0.5252553365650643
9	144	0.5008199429727994
9	101	0.469937407381322
9	95	0.4280117818773923
108	103	0.8950583075218581
108	6	0.833685106469073
108	112	0.9088021625803038
108	3	0.8888035071097774
108	12	0.8401843393618424
108	109	0.8052257963097098
108	113	0.7777695718812938
108	111	0.7644352242496792
108	11	0.6935947376168793
108	106	0.6804706365520724
108	1	0.6715494511640954
108	0	0.6262788989929944
108	5	0.5892458453707863
108	13	0.5891936197623029
108	102	0.5856044442146086
108	105	0.5583138196067091
108	197	0.5502292173362124
108	139	0.5445774544078433
108	176	0.5262321875141959
108	20	0.5106731669744565
108	144	0.4977344820547989
108	101	0.45196741228904264
108	114	0.42740715410799346
112	11	0.7586004227678707
112	176	0.5926299502414614
112	3	0.8580753249546524
112	103	0.8505947582601514
112	12	0.8252953093903852
112	113	0.8104366381922272
112	109	0.7936066600243292
112	6	0.72167417639219
112	111	0.7174062297343677
112	106	0.7077593844479227
112	0	0.6601221007342118
112	1	0.6141515295151087
112	13	0.589128330827895
112	5	0.5631334716572393
112	197	0.5431972496070887
112	102	0.5424213558875434
112	144	0.5379952893579344
112	139	0.5198031591678793
112	20	0.5160492840649151
112	101	0.476178130625879
112	105	0.4461074525921259
112	124	0.43982999154893254
112	114	0.425255180259392
3	103	0.8641235172900319
3	12	0.8098868177812774
3	113	0.7653895139460661
3	111	0.7629765918430466
3	6	0.7627257570123043
3	109	0.7507580427728026
3	1	0.6939111487737243
3	0	0.6812055857462426
3	106	0.6675163785847151
3	11	0.6591674730618692
3	13	0.6506297751909287
3	102	0.6160165414167234
3	5	0.5808204781698629
3	139	0.5397480424898584
3	197	0.5176835363690815
3	105	0.5063804795490868
3	176	0.5034822636332708
3	20	0.4924579098384514
3	144	0.49152563880571915
3	101	0.48158052216415775
3	114	0.4448089144942981
103	12	0.8607157894652047
103	113	0.8419108932768591
103	111	0.8313834898737626
103	6	0.790813674886818
103	109	0.764227325410443
103	1	0.7558959607946066
103	0	0.7280239974039366
103	13	0.7280004974955713
103	102	0.7238616046959708
103	106	0.6959019964452068
103	11	0.6178004795781137
103	105	0.6139148034784115
103	5	0.5905303476279189
103	139	0.585998546155557
103	114	0.5696604321581993
103	197	0.539762215777869
103	101	0.5322863515458577
103	144	0.5312822642191484
103	110	0.5288375444667578
103	176	0.5249511446068098
103	20	0.48884383579863133
103	150	0.4844096977280012
103	140	0.4572035050996061
103	8	0.44869091272475686
103	35	0.4416831776121132
103	10	0.44031379356361505
12	113	0.8870686699008997
12	111	0.8570965068668164
12	6	0.7984422116290816
12	1	0.7677400534276979
12	13	0.7648505454130385
12	102	0.7059029439621215
12	109	0.6877796660714384
12	0	0.6763631824634158
12	11	0.6651366686906138
12	106	0.6587148358734967
12	139	0.6565412197838966
12	105	0.6193932095756041
12	114	0.6018163014984248
12	5	0.5719324529954664
12	110	0.5605535464517474
12	197	0.5379100165249423
12	176	0.5360597356375033
12	101	0.4924730593933798
12	8	0.47499418977308466
12	144	0.46052705067479455
12	10	0.4502071036114285
12	20	0.43363105820664716
12	37	0.4198665483426146
113	111	0.8813536942342164
113	13	0.8079164682358245
113	102	0.7731854149902493
113	1	0.7669999961393867
113	6	0.7556043484665297
113	0	0.730001231157986
113	110	0.6991879274240757
113	114	0.6845835947012928
113	109	0.6617383995276688
113	10	0.626394362452991
113	11	0.6250983831727114
113	106	0.621650081213825
113	105	0.6092451135758447
113	139	0.5765303888947256
113	8	0.5763634616608773
113	150	0.5591667029524023
113	144	0.5504801768257036
113	176	0.546137192760642
113	37	0.5338254309936875
113	101	0.5203138365412738
113	140	0.4866718753362078
113	35	0.48186466119618565
113	5	0.4704826391181158
113	20	0.46440264028344064
113	2	0.42654039923586046
113	197	0.42326257106176124
111	13	0.8652840326086637
111	1	0.8150864570726468
111	6	0.7895365592547644
111	102	0.787911534607053
111	110	0.7404162045577155
111	114	0.716239435093134
111	0	0.7122619412449773
111	105	0.6782035548617901
111	8	0.670246198820876
111	10	0.6292599412016714
111	109	0.6108711888969208
111	11	0.573041679119052
111	106	0.539811819876108
111	139	0.5392730605187158
111	37	0.5263117216753277
111	150	0.5151242297117874
111	140	0.5081109732930427
111	101	0.49668058381773206
111	5	0.49313934432077705
111	176	0.47969650654430734
111	2	0.46540598595157034
111	144	0.4554299301852821
111	35	0.44111150809630245
111	7	0.4388535473774312
38	142	0.871744284597632
38	36	0.6519886530435417
38	156	0.5088450088178743
38	33	0.4831228683350443
38	197	0.48303853870146113
38	139	0.4783789129742079
38	95	0.4618103873718912
38	98	0.4594232589697889
38	41	0.4582469485069769
38	62	0.451394303559093
142	36	0.644977261274942
142	139	0.5663209295972691
142	156	0.5411779990183977
142	143	0.5019279064157465
142	33	0.4970496150906226
142	39	0.47076290422751954
142	197	0.4663533626768832
142	52	0.43638766135704377
142	62	0.432347276421965
13	114	0.8542307085070209
13	0	0.7622233981554813
13	102	0.8099900177068188
13	1	0.7994549170367877
13	110	0.785969852475765
13	10	0.7053104434849073
13	37	0.6796051840090406
13	8	0.6528444381330929
13	6	0.6191897718232239
13	150	0.6011142381639392
13	140	0.591434875308277
13	101	0.5878602031132304
13	139	0.5689372205287224
13	32	0.5543019111127176
13	7	0.5501455420747386
13	2	0.5494547996078942
13	105	0.5399747783766398
13	109	0.5168339021767161
13	35	0.5133220736802063
13	11	0.4983961811946998
13	106	0.4792729546461291
13	144	0.47010101458799625
13	141	0.4520628941650081
13	5	0.42941565316372043
13	79	0.42521422148694654
95	197	0.864022166044693
95	99	0.488897106194975
95	98	0.6244765498556399
95	79	0.6190911054049126
95	5	0.5525884776948471
95	139	0.5311099848581293
95	106	0.5018755397895598
95	11	0.5013217247129365
95	199	0.4805890833349004
95	101	0.4543116699826741
197	139	0.6554132267406642
197	106	0.6270258861259169
197	5	0.5998737895115178
197	11	0.5838868769323177
197	79	0.5804293821252925
197	101	0.569971074750659
197	109	0.5515178126195288
197	98	0.5172441977050628
197	99	0.48786148596691925
197	176	0.44074093943665826
197	6	0.437690146079067
197	199	0.43705935753474573
131	132	0.8617489004147205
131	28	0.7679042330841676
131	52	0.5213195112410299
131	21	0.5088079540372982
131	143	0.5051525496574958
131	39	0.4947119012954653
131	125	0.4673543832013378
132	28	0.8449414451330912
132	52	0.6346356083157655
132	125	0.6261938030687262
132	21	0.6125483606520701
132	39	0.5306000679095758
132	143	0.5300610058149112
132	155	0.4826397682137494
132	156	0.46145628478332706
132	122	0.42170992662300766
114	110	0.8223391813478077
114	37	0.7791878627567292
114	32	0.7201035360032972
114	140	0.6906513003445149
114	150	0.6602574965958495
114	101	0.6179859419691535
114	102	0.7844360329485001
114	1	0.7100228784608636
114	10	0.6717360757992739
114	2	0.6577173536979285
114	7	0.6541164155379074
114	141	0.6408118255672649
114	139	0.6222387388609439
114	0	0.6136156232044593
114	35	0.5841570334505609
114	181	0.55463434234674
114	8	0.549671173566961
114	134	0.5185979488676705
114	79	0.5179982279132685
114	104	0.5108062130682429
114	105	0.4927684160623273
114	135	0.4867939699056882
114	100	0.4770359892163558
114	30	0.4634373632584068
114	6	0.4566021628984625
114	144	0.4202371487330933
28	21	0.6661836335112179
28	52	0.6377072684744961
28	125	0.596856593272192
28	39	0.588049952670172
28	143	0.5140949822786719
28	155	0.46214861458783274
28	29	0.46066098570983555
28	122	0.4406120107580062
28	16	0.42347596825990447
28	43	0.4233774830831277
28	133	0.42259745565256096
28	156	0.4205088332903019
6	105	0.7743090954556575
6	1	0.7230609107816314
6	102	0.6236828682262275
6	109	0.6183072472431541
6	8	0.61510976203179
6	0	0.5857686870245857
6	11	0.5802370502541281
6	106	0.5548351004668051
6	5	0.507932914005414
6	110	0.5037658814888052
6	10	0.5031537284048507
6	20	0.45334294042906936
6	176	0.447476096917016
6	139	0.43953151964604426
110	10	0.7245131115920613
110	102	0.7729439924321517
110	2	0.6945121100566664
110	8	0.6841050892395198
110	1	0.6808195060092298
110	37	0.6796643746312394
110	7	0.6594444777082017
110	104	0.6443460971879021
110	105	0.6039931472181422
110	0	0.5471188693704858
110	150	0.5423366568861229
110	140	0.5226290876936853
110	32	0.48754138410467157
110	100	0.48395035593050106
110	135	0.4834830848931807
110	30	0.48092738679420177
110	101	0.4785793879749689
110	134	0.47321893047153996
110	141	0.44640376928071773
110	35	0.4223017025703461
68	69	0.8211050493335549
68	61	0.809611372702661
68	65	0.6962628249033409
68	67	0.6542308269116951
68	166	0.5627714368706249
68	167	0.5449782881177883
68	84	0.5143965582990692
68	63	0.5022345513284442
68	172	0.5003253211578332
68	31	0.4928971257579773
68	60	0.4309640321679142
68	160	0.4308011641314371
68	81	0.4200806901021509
69	65	0.7724201414876498
69	61	0.7679862850992178
69	67	0.6228878985385473
69	167	0.5973906512139375
69	81	0.5667487236923208
69	63	0.5622792699487948
69	84	0.5510792886051594
69	60	0.5243568593614825
69	166	0.5143156601419957
69	183	0.49429639520757424
69	91	0.46260461512914924
69	31	0.4599516795160065
69	85	0.45157742047656363
69	86	0.44190852620884447
69	172	0.43579649009618815
69	77	0.43181049327976784
69	160	0.42040181503888296
1	102	0.818217336878168
1	0	0.6490352766658458
1	105	0.6336192087252458
1	139	0.6014398557647513
1	8	0.5842887701698725
1	150	0.5608140872355167
1	109	0.554952756230068
1	2	0.5531439487982566
1	101	0.5369428217353233
1	10	0.535189746351347
1	106	0.5198907302661773
1	37	0.5183200927810945
1	140	0.5035195879741428
1	11	0.4811041702716659
1	5	0.4749554698275454
1	144	0.47153314346694497
1	32	0.4666037299584161
1	176	0.4372858439652205
1	35	0.4256892361457386
102	0	0.650577870871117
102	105	0.6223490339177135
102	150	0.605496398253358
102	37	0.5987780075871298
102	10	0.5902306802482977
102	8	0.5740616572244529
102	101	0.5701803289925312
102	139	0.5625048959426676
102	2	0.5514760615518497
102	140	0.5334892823871066
102	109	0.50282504767695
102	106	0.4925336546287905
102	7	0.48144993784053414
102	144	0.4659072108400497
102	32	0.45803361948944077
102	11	0.4499678772390243
102	5	0.44506556436375755
102	176	0.4294890545244635
102	35	0.4287955932533131
102	104	0.42601669583953916
126	128	0.8146833020577338
126	123	0.603929624153793
126	120	0.5301400950894694
126	129	0.4542323062867015
128	124	0.5480990432697063
128	123	0.5901915811990514
128	120	0.5877489405302675
128	129	0.47164200818881397
61	166	0.7113097554410098
61	167	0.6188628644384186
61	65	0.7098542428033011
61	67	0.6342771292698479
61	63	0.6182207622966005
61	31	0.5732431314510315
61	36	0.5679896317671549
61	62	0.5340470537380121
61	60	0.5081925692884034
61	81	0.5059490771845341
61	41	0.5044148082607289
61	141	0.5005127163575404
61	32	0.4845474482195865
61	199	0.48109648484691786
61	165	0.4717897301744377
61	183	0.46737001465283734
61	172	0.4663377122400903
61	137	0.45462905265209386
109	106	0.6403518948125807
109	11	0.6191034397762534
109	0	0.5568667251494304
109	139	0.5295431028121881
109	5	0.5098299737352566
109	176	0.5052419227476104
109	101	0.45551711001111334
109	144	0.4448730838130812
19	121	0.8040623914048921
19	124	0.6334875144960583
19	20	0.5723965661230289
19	23	0.5493361116207693
19	17	0.512555704359828
19	16	0.45145800071337167
19	15	0.43037757589318626
121	124	0.633780783288148
121	117	0.4028111200109771
121	23	0.4863360172249622
121	16	0.4555805080336663
121	116	0.4476680199361449
121	20	0.4228109991461093
121	15	0.42264673908630707
96	198	0.7883282881925061
96	81	0.7751486644329698
96	88	0.6379208180380163
96	193	0.6275959781691257
96	76	0.5792079718621176
96	90	0.5711715921931931
96	87	0.5647769804550178
96	55	0.560450670844192
96	185	0.5488611379794617
96	190	0.54540697473937
96	74	0.5049514205867252
96	93	0.4945683883820622
96	77	0.49129808449399315
96	63	0.4715642491400186
96	183	0.4701243844094864
96	98	0.4515933418894328
96	75	0.44355670035015715
96	91	0.42549270678919326
96	85	0.419091953501196
198	193	0.6823562105198614
198	199	0.633577309998082
198	81	0.7144474387664344
198	190	0.6629676201836117
198	185	0.619750565346285
198	183	0.5960319480880202
198	93	0.5723024278758739
198	87	0.5697212228706123
198	98	0.5680370470263555
198	196	0.5476511502566194
198	79	0.5160712945182467
198	55	0.508852419547735
198	166	0.45125096814161
198	63	0.43189997839570793
37	35	0.6902064886592042
37	32	0.6615134990933257
37	141	0.6609000411219168
37	7	0.657524391874389
37	140	0.6331521271528211
37	2	0.6252324001828076
37	10	0.600641418290583
37	150	0.5936087461118205
37	134	0.5215379448625241
37	104	0.514734760492167
37	36	0.4849758516404422
37	139	0.4734827497212315
37	0	0.4481476470567116
37	101	0.442254488694919
37	135	0.43932172454452423
37	8	0.43523736587724265
56	163	0.7763035842045237
56	161	0.7249593834366682
56	58	0.7137809834111223
56	57	0.6702241674289109
56	162	0.663908167940303
56	73	0.5554369872500864
163	162	0.6713352767612499
163	161	0.6904472750951207
163	58	0.6032558079026952
163	57	0.5667419356950082
163	73	0.4972378271190569
81	183	0.7739083398558421
81	93	0.6804813756001747
81	63	0.650191280968649
81	74	0.5997137276514595
81	85	0.557618259083135
81	90	0.6113911993243949
81	76	0.5929153432912714
81	185	0.587631108852637
81	193	0.559839919771606
81	55	0.5459476965976985
81	87	0.5359955949468003
81	88	0.5301185262020525
81	91	0.5109466240716302
81	196	0.49038719647956835
81	98	0.48717539285213945
81	60	0.4870838682855649
81	77	0.48465457087990443
81	190	0.4688458675905288
81	166	0.44978442660729995
81	199	0.4467480143605632
81	107	0.4447367185516244
81	182	0.43756887401763467
81	80	0.4365576545960182
105	8	0.6699762328639371
105	10	0.4824249627115745
105	0	0.442342969596539
105	2	0.43957992709198446
105	139	0.423968243983252
183	196	0.7367896187030417
183	182	0.5660763387240484
183	160	0.5410577764755762
183	185	0.6078724642064227
183	166	0.5834253350854812
183	171	0.5719526394471781
183	63	0.5375190418465408
183	93	0.5260441610745316
183	60	0.5216544148500983
183	170	0.5130716198257212
183	199	0.5027428547642724
183	167	0.4960098430228166
183	193	0.48342178299370736
183	85	0.4549621802420075
183	145	0.45334294042906936
183	74	0.44223035604572614
183	76	0.41910844060169183
39	143	0.7731854149902493
39	52	0.67204327176948
39	149	0.628328830468636
39	21	0.5371420656487238
39	18	0.5034971935951336
39	45	0.48281617216499145
39	125	0.4798504700234277
39	34	0.4780163892924279
39	44	0.4683776257953134
39	22	0.46269892952947067
39	24	0.4530648282499309
39	29	0.45301714301803386
39	156	0.4396444663812486
39	155	0.42418148571374364
39	26	0.4196111643650761
39	138	0.4191496571436983
143	149	0.6707965997662338
143	52	0.6257680996125525
143	125	0.5583000537394208
143	155	0.5138079992777925
143	21	0.46531980784055244
143	45	0.46309964888170874
143	18	0.44095846535033917
143	127	0.43844975502625055
65	67	0.6854805297019262
65	84	0.5516987019835037
65	85	0.5294783371565007
65	167	0.5145362699169787
65	63	0.4783634897543348
65	60	0.46589155208472344
65	171	0.46176318219399026
45	164	0.7676579257761829
45	49	0.7368810334426908
45	149	0.7285734070119563
45	153	0.6281956674295691
45	44	0.6903269009926181
45	157	0.6388628224522318
45	47	0.6267770183601514
45	146	0.5963864420971823
45	154	0.5843348707485873
45	52	0.5748254736925589
45	155	0.5175956904615967
45	48	0.49152563880571915
45	51	0.4566100780069701
45	53	0.4555250350166382
45	174	0.4537718546832603
45	156	0.43797305229628153
45	43	0.43727775611894715
45	33	0.4304183137736272
45	17	0.426139464459626
164	146	0.5768107183369825
164	153	0.564272809884398
164	174	0.5526996112240127
164	149	0.5431267521031168
164	157	0.50095478310508
164	44	0.4985164278042528
164	47	0.4903416239148793
164	49	0.4816112447803517
164	148	0.4725745445325538
164	154	0.4611256563222856
164	165	0.45514455332038184
164	189	0.4268675687131396
164	173	0.4199406796284847
24	34	0.7660513890607366
24	26	0.6320844943233591
24	22	0.6169712413470191
24	33	0.5554992182168214
24	25	0.5174346112876732
24	138	0.4838967486708514
24	44	0.46945418817536516
24	62	0.4239272305674622
34	22	0.7614177103030713
34	33	0.6633541703106817
34	138	0.6147926261817402
34	25	0.5944306144710894
34	62	0.5050929615774112
34	44	0.4909262681799914
34	18	0.4647711950003624
34	26	0.4620856987692076
98	199	0.7650579678937452
98	79	0.6227165056641941
98	93	0.61226713012313
98	166	0.5360597356375033
98	145	0.4807351864774489
98	66	0.45767795386384424
98	41	0.45201515452180296
199	166	0.6672501708056205
199	145	0.5995984533889482
199	196	0.5571012465505008
199	93	0.48472342777147914
199	79	0.47132314948333925
199	70	0.45325554325150363
199	170	0.45236518509483636
199	195	0.44658791681571275
0	101	0.5924547489813892
0	11	0.558926089462751
0	10	0.5574459695994998
0	106	0.5382510417978933
0	150	0.5239144374750527
0	144	0.5100297660456002
0	176	0.4812424952713224
0	139	0.48115796617429213
0	8	0.47559024465103455
0	5	0.46404961794777855
0	140	0.4636179459431841
22	25	0.758833814335536
22	18	0.5945405342438635
22	23	0.5494478185753048
22	26	0.5411214264593821
22	33	0.47479282597438
22	138	0.43573168132331397
25	23	0.6509180218437981
25	18	0.629018267613798
25	26	0.5172002488347811
25	29	0.4909718063225372
25	27	0.46492013951569383
25	21	0.4553268882199414
11	106	0.5925066663102178
11	176	0.5702140727501234
11	5	0.5059118754668915
11	101	0.46177891754393957
11	70	0.43695418427429467
11	20	0.4251077205278427
11	139	0.42117537569219643
35	140	0.7580650092812345
35	36	0.6631917503090868
35	141	0.6432101314925326
35	32	0.6072731517825755
35	150	0.5793342164112599
35	31	0.5532827397965075
35	42	0.5495315859031693
35	137	0.5145436224034166
35	139	0.5029221730338705
35	144	0.48572499780403205
35	33	0.46657243813602994
35	172	0.45950214837207515
35	62	0.45913130515530026
35	135	0.45058973140705366
35	134	0.4355615367975723
35	27	0.43396390429490905
140	141	0.6396434113972437
140	150	0.632342625900809
140	32	0.5943659454027195
140	36	0.524393110905217
140	139	0.5158364812144599
140	135	0.4967333135721929
140	134	0.48850129620309557
140	144	0.4792575485497579
140	7	0.4694619842664179
140	10	0.46364934769683874
140	31	0.45360507966155317
140	172	0.44875480454839306
140	137	0.4454664334455484
140	42	0.4319406506377901
88	90	0.7516251073252447
88	87	0.6912679384396403
88	94	0.6901593603815184
88	75	0.5177640521969468
88	193	0.6397497532874614
88	91	0.6134223089194881
88	80	0.5434298370330116
88	55	0.5087560741769873
88	76	0.4986742223706187
88	194	0.48856220314140475
88	74	0.4731490817509465
88	190	0.46273036533566586
88	64	0.4531919761936685
88	85	0.4510120240325248
88	82	0.4367761715358303
88	185	0.4259266555452135
90	193	0.6240920803540582
90	91	0.6056737129382478
90	94	0.5681724984189087
90	87	0.5141464798698058
90	55	0.49878691254341234
90	185	0.4932150219472716
90	194	0.4853810906053715
90	93	0.48041987793835617
90	85	0.44476078450806183
90	76	0.44217404404076327
90	74	0.43855475807624733
90	190	0.4335985790790918
8	10	0.739171267252591
8	2	0.5924742185564503
8	7	0.5567563314023684
8	4	0.4961455462679372
8	104	0.42959506869448155
10	7	0.7204548104396337
10	2	0.6497003461621518
10	104	0.5827785429038816
10	135	0.5299099915879889
10	150	0.5087190148714615
10	134	0.5056290809080162
10	30	0.46600115724366836
10	181	0.4545021134316183
10	4	0.4418360988115726
10	101	0.42846091935524727
10	100	0.4233118207387257
49	47	0.6605619804265005
49	146	0.6553105365965687
49	157	0.6604605099460361
49	53	0.6586016020042403
49	51	0.6357153669650139
49	154	0.6107959630160141
49	44	0.6002449481671172
49	149	0.5974292372954239
49	153	0.5713198014298625
49	155	0.5668030249009289
49	48	0.5542464887038693
49	17	0.5520047042410761
49	119	0.4669713213679922
49	20	0.4642614490486551
49	124	0.45842073312571385
49	125	0.43250174813906367
49	52	0.4256974239976258
196	170	0.7147899628097589
196	145	0.7130345887915361
196	195	0.6413125089030328
196	93	0.6373926975806941
196	166	0.599822574938912
196	171	0.5302838701392842
196	190	0.4934798348528063
196	185	0.47774631900309833
196	193	0.4571797758254923
196	41	0.4448249572521684
196	191	0.44062812783709604
196	66	0.42703928797386886
196	83	0.42573836221138717
145	195	0.7298236845980801
145	41	0.6766994117883419
145	166	0.621404599714869
145	93	0.5611361814663506
145	170	0.5395921161258268
195	170	0.6042916028422579
195	66	0.5607866671180455
195	93	0.5588091860795096
195	179	0.49949272032962594
195	173	0.47716729279992876
195	191	0.4419246204036883
195	41	0.43697036555369995
195	83	0.42845275510786107
179	191	0.729243636800068
179	89	0.6326725896518659
179	168	0.47333533178474785
179	192	0.5545443263598548
179	170	0.5347043408569422
179	87	0.5315406008941599
179	50	0.49862162785338143
179	66	0.4852358402243719
179	173	0.48404224564001247
179	97	0.48321485407704395
179	177	0.4651004055670628
179	178	0.457140225588818
179	83	0.44750008954920567
179	194	0.44488912542913545
179	156	0.43962026467975607
179	180	0.43381779132373266
179	51	0.42235921715909697
191	192	0.5577216097194002
191	87	0.6275050511167619
191	170	0.5619098831352871
191	194	0.5404421737144094
191	83	0.5191387228041116
191	193	0.5098373744315041
191	190	0.485289356639074
191	89	0.46142480187833496
191	180	0.45527139903169117
191	182	0.4490183098279522
191	177	0.4448329785240617
191	97	0.4349536237131411
149	44	0.7012928299228656
149	154	0.6664449653695497
149	157	0.6124858783743503
149	52	0.6097793341294604
149	155	0.5845192353516541
149	146	0.5346971999060809
149	48	0.5331601226074787
149	125	0.5260803240003666
149	47	0.5248424721060955
149	153	0.517646935233913
149	119	0.5036688665441209
149	17	0.49668058381773206
149	18	0.4951045355248988
149	21	0.45954947853365813
149	43	0.44645181141437495
149	46	0.43512387938193714
149	51	0.4204923697054199
4	107	0.7249925921238333
4	104	0.5239144374750527
4	2	0.5031387915280299
4	7	0.4440706391552346
4	63	0.4288772031875637
107	104	0.583669339906667
161	73	0.5729006212672613
161	58	0.6279292309125802
161	162	0.6237195280351305
161	57	0.5143450787128321
51	155	0.7248407534655702
51	53	0.716818472566961
51	50	0.6003856649031386
51	157	0.6396493199225128
51	154	0.5977249720224568
51	125	0.578469882513102
51	47	0.5650697509302722
51	146	0.5200512489024026
51	119	0.4927154116839228
51	48	0.48850129620309557
51	20	0.4871143776633338
51	124	0.4837665444919649
51	17	0.4735603274563726
51	27	0.4504542363174289
51	89	0.44238318534191023
51	153	0.4364686144049844
51	122	0.43152571135699586
51	23	0.42634404394972286
51	52	0.41992420649362017
155	125	0.7036128646517363
155	157	0.7026167752382066
155	154	0.6855494386985291
155	52	0.6325586281292567
155	17	0.5696266568466027
155	53	0.5405058836185189
155	47	0.528116832716
155	48	0.5204888403270207
155	146	0.5194965742893135
155	21	0.5175224772022324
155	122	0.5147788620176593
155	156	0.5082741561616487
155	119	0.5003253211578332
155	153	0.48822715607042794
155	50	0.47065392352534097
155	173	0.45542200431339863
155	124	0.43054866320777635
155	133	0.42243315949042837
36	141	0.7224495511544932
36	31	0.6102753487226067
36	32	0.6883641442553821
36	139	0.5903935631463069
36	166	0.5652875343192477
36	62	0.5566321149254744
36	137	0.5443734259269792
36	33	0.4905011161586304
36	181	0.48561802055840664
36	79	0.47045149268852665
36	42	0.4655234873380477
36	41	0.46383773375817516
36	172	0.42388621541296523
141	32	0.7196940521989692
141	139	0.6778902084754593
141	166	0.6401040494003365
141	137	0.5877751219620454
141	31	0.5610745169955959
141	2	0.485839600137366
141	134	0.4811272261022117
141	181	0.45277867797612265
141	172	0.44474474060845876
141	7	0.4400880510845115
141	167	0.4350995590481859
7	2	0.704021624038291
7	104	0.6743616888767302
7	135	0.6447202264413423
7	134	0.625688999321085
7	30	0.5120615526805422
7	32	0.5109096764503803
7	150	0.4791419934132
7	181	0.4710041675199516
7	79	0.42384519851985547
32	139	0.6182331182056066
32	79	0.5503477383761612
32	166	0.5419129965066714
32	181	0.5418423596485819
32	31	0.5224909708014331
32	2	0.5096597368946216
32	70	0.48976413935106694
32	134	0.4509164282807022
32	150	0.43438588020475194
32	101	0.43417491606730624
53	157	0.5620877640371305
53	125	0.5123713590793804
53	50	0.5116335056799872
53	20	0.4873355350948257
53	119	0.48361333568446263
53	154	0.4824096172404086
53	124	0.4788800069404799
53	146	0.46711205833815267
53	40	0.4620385088524974
53	17	0.45634884126485575
53	47	0.4557152134877272
53	94	0.4415624322177451
53	23	0.42825679218422474
53	48	0.41942164298933216
106	5	0.5796131846997811
106	139	0.5127621149932685
106	101	0.5026158114718406
106	176	0.4214632472009234
15	116	0.7161225347433166
15	14	0.6505201922754743
15	16	0.5894546985693644
15	115	0.57551472830671
15	187	0.45550918493338866
15	43	0.4463877546642447
15	124	0.4206487625804897
116	115	0.6711484690871508
116	16	0.5928375235873027
116	43	0.5592560496949152
116	14	0.5954384565712418
116	188	0.5021448146659585
116	186	0.49941016002129185
116	187	0.4991849494386919
116	133	0.4512111486150257
116	124	0.4364281387642687
116	75	0.4281016262976413
116	125	0.4267612508836246
116	118	0.42215379229968575
116	18	0.42129875959176855
170	66	0.5412911294413814
170	171	0.4860687546956652
170	175	0.4703969836160326
170	173	0.4699140322867895
170	182	0.4622508428709956
170	93	0.4335904591211618
58	73	0.5479801023237204
58	57	0.4828775208787601
58	162	0.46652549821243555
91	94	0.7129411756190784
91	80	0.6721090694038054
91	86	0.640688043268756
91	76	0.5353253112323842
91	92	0.5143965582990692
91	87	0.5011944388564482
91	60	0.4917227982670177
91	82	0.49115393206307045
91	180	0.4808120721490761
91	194	0.47267550585843915
91	64	0.4357802883265924
94	64	0.475744992713476
94	86	0.6161034072315449
94	80	0.53373962184814
94	87	0.5037957296847949
94	82	0.49484783601351207
94	92	0.4826397682137494
94	50	0.4770668860933821
94	89	0.4698439030488514
94	194	0.4439020351684139
94	73	0.43573168132331397
166	167	0.5872381565452462
166	79	0.5544542973933919
166	63	0.5060457928417421
166	41	0.4760621341833166
166	139	0.46888487585367533
166	160	0.45844442831277915
166	31	0.45314429787531696
166	172	0.4333224610108798
166	181	0.42694934363003917
166	93	0.4203112519967025
190	193	0.7071049876722268
190	87	0.6816876531227472
190	55	0.6008587120683468
190	83	0.6188258425384732
190	185	0.5230723302217162
190	93	0.510000170656325
193	185	0.690426343214625
193	194	0.6271957710859182
193	184	0.4899997442095882
193	87	0.6625470556960485
193	55	0.5273015118519156
193	75	0.4848764215772167
193	74	0.4454103225199855
193	93	0.43337931550137887
193	83	0.4312082815826662
2	30	0.5337110163567971
2	104	0.6509814109349935
2	134	0.5249801210501767
2	135	0.45872082399942327
2	100	0.42907303846907524
125	122	0.5539554404212388
125	118	0.4504701779934266
125	52	0.6625638863034808
125	21	0.6461321135341834
125	154	0.6177200911884823
125	17	0.5231522291112843
125	18	0.5169731362188112
125	156	0.5114267713455282
125	48	0.5072945117212554
125	157	0.4978397911698263
125	133	0.4779855286891066
125	119	0.467487241224141
125	16	0.46363364696560055
125	129	0.46298180988963233
125	43	0.4434121024653505
125	127	0.4430183579506127
125	29	0.4419165733418278
157	173	0.5529218193205637
157	146	0.6512463942398726
157	154	0.6472898248681698
157	153	0.6251044756547405
157	47	0.6184678224239699
157	17	0.559214814351045
157	124	0.5460319240127521
157	144	0.5299027995958699
157	48	0.5297589437472685
157	52	0.5117147065368463
157	119	0.5111313338604087
157	44	0.48726690671809564
157	23	0.48092738679420177
157	50	0.4794192978307249
157	174	0.46165302660659896
157	156	0.44509764045843836
157	20	0.4406764773699657
157	122	0.4392006671046062
44	33	0.6975742996769143
44	42	0.5547797253680962
44	136	0.5230795941370939
44	146	0.5089042925450096
44	47	0.5014340177471032
44	18	0.49616062291026947
44	153	0.49472700634870465
44	62	0.4730947508553216
44	48	0.4257792986822889
144	150	0.6996936021125735
144	27	0.4914953021074288
144	20	0.50520468527697
144	124	0.4655783157030774
150	101	0.4809120124693525
150	27	0.4443274990515878
150	135	0.4415141295809781
33	62	0.6864758647512224
33	42	0.6218893081615156
33	136	0.5332030656507157
33	138	0.45436722027943927
76	77	0.6975332261771421
76	80	0.6720926209901918
76	86	0.5135429897878462
76	63	0.5129463601243063
76	187	0.48510585665277567
76	74	0.4757063084582207
76	185	0.45925756762999426
76	75	0.4472521346219398
76	60	0.42841193282154205
77	78	0.5814297881765728
77	86	0.5349185338718967
77	187	0.5179909110970091
77	80	0.4867405558715009
77	63	0.4798658647462107
77	167	0.47132314948333925
77	188	0.4586971364172818
77	75	0.4477879508834471
87	83	0.6608324504254804
87	89	0.6504855815158493
87	93	0.6310264926440341
87	55	0.5766505467119164
87	97	0.5753742669454072
87	194	0.49931257705246235
87	185	0.47840975852858203
87	75	0.47793923557145396
87	66	0.45215836568222056
87	82	0.42804445355460324
185	182	0.48945242302886793
185	187	0.46672888556712655
185	194	0.45265942115715985
185	75	0.43424794750615453
52	156	0.6881852097500964
52	21	0.6639696783018593
52	154	0.5385776923730096
52	29	0.5012468533068867
52	122	0.49919245754507485
52	48	0.4802967969999807
52	18	0.479942833927651
52	17	0.4616845010846917
52	43	0.4544941791172681
52	47	0.4207639834408808
156	173	0.4911918695221333
156	174	0.4651004055670628
156	21	0.4565546707295277
156	176	0.4371726076809394
62	165	0.596212446816781
62	42	0.5970689929580038
62	67	0.5901133747929176
62	137	0.5687884136089266
62	31	0.48815098892758757
62	41	0.4827088005118396
62	172	0.46975818148111953
154	17	0.6683748436067587
154	119	0.6603646545589648
154	48	0.57267216991832
154	46	0.5019279064157465
154	146	0.5959029835329691
154	153	0.5846048126926193
154	47	0.5648042209181058
154	124	0.5115006118346368
154	122	0.5012468533068867
154	18	0.4651787700833388
154	21	0.454446571716619
154	43	0.44203727180145597
154	16	0.429366715771101
154	118	0.4272191513112863
67	60	0.5923314256004262
67	40	0.46372784698520075
67	165	0.5201169050320821
67	172	0.474591412454373
67	171	0.46581325393097
67	41	0.4468520624246689
67	84	0.42981521413509266
79	181	0.682660694361135
79	101	0.47664967877406
79	99	0.4728152779808041
79	139	0.4680184621336628
181	135	0.5011719743946494
181	78	0.4855568841723739
181	101	0.47006206342067536
181	139	0.4208380468263138
137	165	0.6825485436659621
137	172	0.46727622156062965
137	31	0.44433552474666305
165	172	0.5697752538261474
165	174	0.5450485841531206
165	175	0.5396984335720532
165	60	0.5216980860834565
165	171	0.47672695559877754
165	31	0.4410148525039681
165	169	0.42028655153171
93	66	0.6305809485557393
93	83	0.5401518612775548
93	41	0.5308730290156434
93	89	0.524661313245035
93	55	0.4869007870535991
93	97	0.43157453722638656
139	70	0.5614991903512287
139	101	0.5195184776472243
139	176	0.5057556077004728
139	5	0.4455706301662305
104	134	0.5216325782082254
104	135	0.49011372086905436
104	30	0.4702100681150711
104	100	0.45372420791983803
80	92	0.5199855866264164
80	86	0.6152527189999474
80	60	0.5272437531662916
80	182	0.5157851054687147
80	82	0.5034524028075026
80	194	0.4834754224150681
162	57	0.5578042777790381
162	73	0.45993591048189847
115	14	0.5058002590213766
115	16	0.5030566333320834
115	120	0.4829925369420713
115	18	0.4194958078832447
57	73	0.45048611938217686
17	124	0.6006158484807997
17	119	0.6061799949996168
17	23	0.5240160019375456
17	48	0.5218145293398632
17	18	0.4984788527991359
17	16	0.4707395524290917
17	20	0.45902870323406886
17	47	0.4404185836539726
17	43	0.4245586443255409
17	153	0.423951838825587
17	122	0.4237467508834181
17	146	0.41966883752391265
169	171	0.6683195124019011
169	159	0.3370316510048226
169	175	0.4991023553212656
169	60	0.4412242600217412
169	189	0.42960322314021976
171	175	0.5730954065146139
171	160	0.4862367589038595
171	167	0.44697210286286704
171	172	0.44374143071539185
171	174	0.42785657613381234
71	177	0.6661836335112179
71	70	0.5304563599476142
71	176	0.49403186457779846
177	178	0.5429716306376304
177	176	0.47530388312342364
177	97	0.44035409886439236
177	70	0.43448323219853435
21	29	0.6154763965207662
21	18	0.5095190763544097
21	122	0.5035494460937421
21	43	0.4743124501280585
21	48	0.47378526133805093
21	16	0.4558261317205923
83	89	0.5022719384123315
83	66	0.48758712097062684
83	55	0.4278810839817374
83	97	0.4276523196023778
47	153	0.6204337543369878
47	146	0.5369570554305916
47	48	0.5203138365412738
47	174	0.42554184289209923
47	124	0.4204923697054199
119	124	0.5856898564783521
119	146	0.5006850785273016
119	120	0.4608500347546998
119	118	0.4280117818773923
119	16	0.4228109991461093
146	153	0.5893894404070754
146	174	0.5521924047791421
20	124	0.6529649183831165
20	23	0.4703814089359529
124	23	0.5902046145231562
124	133	0.44777995598813675
124	120	0.43090703154823373
124	16	0.4273499397775968
124	129	0.4209203328969629
23	18	0.5486235181523064
23	29	0.5054131908801517
23	48	0.479912047141585
23	16	0.456404261695847
23	27	0.4408053969577397
14	16	0.485709716231051
14	43	0.42604943567260783
89	97	0.5866875579435425
89	50	0.573075259318581
89	66	0.5579902404518867
89	192	0.42218666319163123
63	74	0.5377465461561366
63	167	0.5161079770926236
63	31	0.46481823295277064
63	78	0.419042490541413
135	148	0.5287150772130741
135	134	0.5726587288326591
135	147	0.5069973905345718
135	78	0.49261696528068794
135	30	0.4399670947246075
135	31	0.42029478508925133
86	82	0.5055993067365431
86	84	0.5098743767807958
86	40	0.44940943119567356
86	60	0.4312245626306115
86	189	0.43011681194396717
26	18	0.5024812713790473
66	50	0.6144877396464361
66	92	0.4441027506355245
18	16	0.5490707288976455
18	120	0.5244946051144858
18	127	0.4659228693035576
18	48	0.45397829400976936
18	138	0.45147392428306493
18	118	0.443789615045011
18	29	0.4225892415039436
153	174	0.5449220457726013
153	173	0.48126554710833214
153	48	0.434710347372696
194	180	0.5593041540986108
194	182	0.47974269869045577
194	173	0.4503027760699418
134	30	0.45463698574027234
134	31	0.4518957940847769
5	101	0.45789927414525766
175	180	0.6229735725600636
175	172	0.611704204014849
175	182	0.5319422614629655
175	187	0.4895360665209994
175	189	0.4889275447844874
175	160	0.4684478788496464
175	167	0.44816363018718214
175	60	0.4413611543481385
175	174	0.4214467996876601
180	173	0.4446244022640293
180	189	0.44258423738154296
180	182	0.4205499910409639
42	172	0.5870808980613024
42	31	0.4628796695229382
167	172	0.5557342568263955
167	31	0.5521646008231075
167	187	0.5208095670565841
167	160	0.5090376632822252
167	84	0.42443567400161686
101	100	0.5176542556125235
101	99	0.43354173789489125
70	176	0.6158365574185607
29	133	0.5065663507173147
29	16	0.4244520709495984
29	48	0.4238205875494948
29	43	0.4220962655675255
138	127	0.5451399575435426
138	123	0.5162620232311826
138	136	0.5118475609490117
138	120	0.4873812840016407
138	130	0.4452499863101243
50	92	0.5080442061484685
50	173	0.5033777454812998
50	174	0.47420393904527397
50	40	0.4385789878491827
172	31	0.5991563381765709
172	84	0.4415946325537278
172	160	0.42105197620176116
123	120	0.5917858737597534
123	127	0.4582785483171067
55	158	0.31689347493189207
16	43	0.4832991649698014
16	122	0.41948756761600564
16	48	0.4190589784710504
60	182	0.5036240861305322
60	92	0.46159007416311637
147	188	0.592169115697932
147	189	0.5240885388592242
147	187	0.548015087255512
147	148	0.5222582908866277
147	182	0.43886969538697596
147	186	0.4233282367417902
188	187	0.5838077822570226
188	186	0.521086440058024
188	148	0.4458591119325993
120	127	0.5548143353808367
120	129	0.4278402372189951
127	129	0.5839132393611943
127	133	0.435723579908995
129	133	0.47788522357843344
187	186	0.5453648214860656
187	182	0.5302623058257225
187	75	0.44319516235728273
173	174	0.579812364626449
73	184	0.45094829468091013
48	122	0.4524447180707077
43	133	0.43153384917748316
72	178	0.5539693029350531
186	75	0.46446538436724116
30	100	0.462132886069296
27	130	0.5208897257774785
130	40	0.4221373564374058
46	152	0.495911820052091
152	151	0.35013709812838534
64	54	0.42021244639951094
151	59	0.29525188238564576
