9	108	0.9195028716992172
9	3	0.759397392964233
9	109	0.7364236902450582
9	12	0.730248697437279
9	112	0.7112751710288233
9	11	0.6042789060556337
9	95	0.6035928238065571
9	103	0.5982645898399503
108	112	0.7719760605104354
108	3	0.7668764544143656
108	12	0.7492486892153135
108	103	0.7393073248288543
108	109	0.7275254329229888
108	11	0.61963968931608
108	102	0.6191034397762534
108	95	0.6037707829226037
36	139	0.917327456505989
36	61	0.7753082727555973
36	114	0.8622884397804735
36	141	0.8622371392046546
36	32	0.838054039304712
36	140	0.8163912755150801
36	37	0.7575711838222663
36	35	0.7391259013156557
36	13	0.717381962448836
36	0	0.6943567818194281
36	10	0.6780036899406197
36	102	0.6524368554399184
36	110	0.628365141272533
36	69	0.6029758573434668
36	34	0.5981361585783788
139	114	0.9122043491168643
139	141	0.8593620674684856
139	140	0.8115661483869094
139	32	0.761451327700884
139	142	0.6906146885198612
139	35	0.686375388978783
139	37	0.671747051064712
139	13	0.668479952520587
139	0	0.6418479299085386
139	61	0.6349221950616774
139	10	0.612442136225605
139	102	0.6041582712759431
114	141	0.8725342135746532
114	32	0.8547164828622741
114	140	0.8168909212086625
114	0	0.7454388031660595
114	13	0.7438349504615077
114	10	0.699111248946429
114	110	0.6962576726866815
114	102	0.6679652175309023
114	37	0.6625190031968174
114	7	0.6482880598284753
114	35	0.6244826501079319
114	142	0.6222877619366637
114	61	0.619226766690357
114	111	0.6180910068041208
114	69	0.6039105657382285
23	25	0.9070631952268456
23	27	0.6618901400310611
25	27	0.7508583887869291
32	141	0.8812420372060241
32	13	0.8531730597156869
32	0	0.8057876502265648
32	10	0.8217230787485423
32	110	0.8170571978912733
32	102	0.7904012411743512
32	1	0.7317294769440916
32	111	0.7289251003631427
32	7	0.7236663767718595
32	140	0.6989527291232848
32	69	0.69749728310431
32	37	0.6656159245919704
32	61	0.661029559993055
32	113	0.6295014931597598
32	12	0.6238539238604726
32	3	0.6122921346691932
141	140	0.8180520090600858
141	37	0.7856638590269437
141	110	0.7225833827396467
141	61	0.7106471127377386
141	10	0.7054159606621044
141	35	0.684578281211899
141	13	0.6760483899582227
141	69	0.6686569177162721
141	0	0.667311191819635
141	34	0.6568028594162221
141	102	0.6456891860134799
141	7	0.6105137677401781
141	150	0.6033512116335862
13	111	0.8701021546545361
13	102	0.8499298295958776
13	10	0.8397131619210371
13	12	0.8094390382424577
13	110	0.8161910743024325
13	1	0.7910757593741417
13	113	0.7686827102039782
13	0	0.7574603796654589
13	3	0.7169837305185205
13	7	0.6875846415723534
13	103	0.6256281441860363
111	12	0.8005708505231333
111	10	0.7964763083855827
111	110	0.7856255827897838
111	102	0.7816507974422188
111	113	0.7383491054139208
111	1	0.7341130193728572
111	3	0.6630797001079628
111	0	0.6447961837325084
111	7	0.6339841689060361
11	112	0.8660109288274733
11	109	0.7117096960531688
11	3	0.6683361125399505
11	103	0.6282864644036615
11	113	0.6193069128056686
112	109	0.7803246031367226
112	103	0.7636443628358767
112	70	0.6780847283478251
112	3	0.763268942359885
112	113	0.7144180636158151
112	12	0.6815752236214694
112	176	0.6730947607713504
112	106	0.6367331903368225
10	110	0.8608194211126257
10	102	0.7652237916612884
10	7	0.7310365096915773
10	1	0.7087411952606014
10	0	0.6995812904760684
10	12	0.664176510858648
10	113	0.612735761560571
110	7	0.7841281116903962
110	104	0.5212248354495036
110	102	0.766670425180218
110	1	0.7269836671350516
110	0	0.6663782579020711
110	113	0.6651199405604653
110	69	0.6066036285765871
44	149	0.8521357378768122
44	164	0.7062289000274496
44	18	0.6498563489467468
149	18	0.7028749108471661
149	120	0.640611399437508
149	147	0.5941201328288352
149	164	0.6996884977882275
102	1	0.8425503172068368
102	12	0.7633941398448121
102	0	0.7509630607256038
102	3	0.7218897402449578
102	113	0.7170177442144684
102	103	0.6507969810971245
70	176	0.8493457875273875
70	71	0.6236095403769949
176	199	0.6405583308448382
176	103	0.6130978746639429
176	177	0.6033639308264099
1	105	0.6123483904197595
1	12	0.687373692621231
1	3	0.644316855340481
1	113	0.6346415806543091
1	0	0.6300023254989374
126	128	0.8408301432194738
126	123	0.6946828963746868
126	124	0.6406526707791618
128	132	0.6557667518096344
128	130	0.6143570177679465
128	133	0.5620809234252253
128	28	0.648687889501832
128	131	0.6159048347798391
128	124	0.61233588967769
35	62	0.8383217362068952
35	140	0.8243042252380148
35	37	0.8066626513976584
35	38	0.7116307319725553
35	61	0.7667940616777212
35	137	0.7260582199560198
35	34	0.7149610963473572
35	166	0.6754126258416833
35	30	0.6372501804502025
35	142	0.6247205005215134
35	63	0.6197136094179168
62	137	0.7261622280223128
62	63	0.6823829291083577
62	166	0.6814895414440575
62	61	0.7138741689467959
62	140	0.6460039423926341
62	37	0.6233405776920592
62	33	0.6138774155844331
140	30	0.65764925937792
140	37	0.761186479802998
140	34	0.7180946941095554
140	137	0.685326765370939
140	61	0.6591957470421039
140	142	0.6520001511095339
140	150	0.6422476166407375
140	69	0.615644089627119
140	38	0.6071026946217586
38	142	0.8210072893057243
38	79	0.6698218869964421
142	79	0.6750372166760094
95	197	0.819863191775837
95	109	0.6835620702847535
95	5	0.53562488312072
95	106	0.6587488002169868
197	106	0.6361203806817451
197	109	0.608162409002161
96	198	0.8186795356709914
96	78	0.6414361230892418
96	190	0.68696728919811
96	98	0.6701966265277353
198	190	0.770029407951075
198	199	0.6944137430210944
198	97	0.6543280530416125
198	183	0.6104510366166257
198	98	0.6370184971213229
198	193	0.6055407325620062
198	191	0.6015547319450919
12	113	0.8102649724166777
12	3	0.7707204956255254
12	103	0.7402354374925995
12	0	0.6296161877356232
113	103	0.7551491782800265
113	3	0.7081285077789314
113	0	0.6219751562030128
37	34	0.7798156655781148
37	39	0.7410255033451657
37	61	0.7296086280155666
37	69	0.6120545420298172
0	3	0.6710495363846438
0	7	0.606502493635591
28	132	0.8034960894676273
28	131	0.7315668351068935
132	131	0.7668764544143656
87	191	0.7982246133906088
87	88	0.734564550895932
87	89	0.6903059624636613
87	83	0.6962216051611542
87	90	0.6315497760750995
87	190	0.629972169695558
87	194	0.6236706476801965
191	190	0.7041930632027276
191	179	0.6600826021922576
191	156	0.6170827113342586
191	192	0.5911031708424079
191	83	0.6451057239977881
191	193	0.6437550464511221
8	107	0.789348168889123
107	105	0.6015611132257497
107	4	0.5163793693009092
7	2	0.6919461218376967
109	106	0.7119908594677536
109	3	0.6111469227783113
34	138	0.6433801211901855
34	137	0.6811091013056608
19	121	0.776779963492105
19	20	0.7014909691839116
19	42	0.6917532245520683
121	17	0.6931689759625924
121	124	0.678154948300623
121	42	0.6508085102128485
61	69	0.6257315933847999
61	68	0.5990281204773065
6	105	0.7737879921535749
71	177	0.7734667916746796
3	103	0.7635192799978552
190	83	0.7622233981554813
190	193	0.7255850370942065
190	55	0.5429081611734621
131	129	0.6234322860951663
98	199	0.7657206542279364
27	21	0.6102439695651996
27	53	0.587991071801306
41	69	0.7449852510555531
41	145	0.5306072525071336
69	150	0.7249688719769382
69	68	0.7037794525143893
146	150	0.7410525550145782
146	171	0.7039005587321003
146	137	0.7004380672135204
39	143	0.6777875069244257
39	24	0.5811450830710165
17	120	0.7384264186106247
17	119	0.6888111142055307
17	117	0.5773043017182469
120	48	0.5061796858222183
120	119	0.6443811849177639
88	90	0.6211160029764863
22	33	0.7276383828177472
22	26	0.6918679321381531
33	137	0.6358643097836523
137	171	0.6957988380066809
137	166	0.6337927495748412
193	194	0.6722241897274498
43	84	0.7240519593205558
84	82	0.5505707766463903
172	175	0.7219759265814882
172	189	0.647336303731857
172	167	0.6021669848138373
68	92	0.7181963901744667
68	86	0.6050655265177389
92	86	0.6295678986269466
164	45	0.6788942060507865
164	154	0.6233222339533068
164	169	0.48961209824267643
45	67	0.704092226576434
67	65	0.6784195122403168
67	86	0.6431749532913517
171	165	0.6664894310873891
14	75	0.6937763177483892
14	186	0.6536756522054166
14	116	0.6188320130460543
75	187	0.6187024163489343
75	186	0.6530738958566151
15	77	0.6925086086811963
15	116	0.6745633759794591
15	115	0.6586752074127413
15	16	0.615314861585577
77	76	0.5906996528455557
77	116	0.6374995568183391
165	167	0.692170175702334
165	60	0.6574846537282516
167	166	0.6456017147209862
2	134	0.6043677771171636
26	127	0.5012768027700698
42	49	0.6228878985385473
89	179	0.6194240262237938
119	49	0.6148299466066437
194	196	0.6875951859745622
194	90	0.6623225836591099
194	80	0.5932070685638647
196	195	0.6626536382435425
196	182	0.6213554887676761
196	93	0.5547035765811696
196	180	0.4992675344860734
196	183	0.5983994095907271
50	66	0.6842646565545519
50	173	0.6619912702409481
50	53	0.577164273598074
63	166	0.6071026946217586
63	65	0.60425986030026
154	155	0.679379102037388
154	153	0.6147864058432304
154	152	0.60422811584013
154	46	0.5493291292840484
154	47	0.623456738772756
155	51	0.6663615793681278
155	157	0.6534235881413468
65	60	0.6546996005845506
65	86	0.6518851569552353
124	144	0.6136842009207087
161	163	0.6778902084754593
161	162	0.6555615141786156
161	56	0.6405170510422221
163	162	0.5989447624959713
79	181	0.555983024443006
79	31	0.5484697168996385
31	135	0.6708241004399301
136	138	0.667033751386566
138	40	0.5946762868188419
51	47	0.6348923504239401
51	94	0.5859722813117685
51	168	0.43112687213070516
51	72	0.3010919664131109
147	148	0.6652648955107816
173	157	0.6195657582205072
179	178	0.317208292485708
162	56	0.6064076618001584
186	184	0.461409059990019
189	159	0.47097304073056717
130	144	0.6412654090254
56	73	0.5902828080063217
56	58	0.5397693023071225
56	57	0.5264273912892773
56	54	0.3757657218270618
16	118	0.6349341323862148
118	117	0.5753742669454072
47	82	0.5714477703372539
73	184	0.6329064248467524
184	59	0.42924436125826726
21	125	0.6312912135756014
182	183	0.6049133694549932
187	188	0.6070332330883074
187	185	0.5719459107069108
156	52	0.5766438719319569
156	122	0.5449361068186365
29	133	0.612848169041233
183	174	0.6067932036831549
174	170	0.5946568956694872
134	100	0.5433452694371643
152	151	0.46181825464722015
100	101	0.6038470326987538
101	99	0.5544335196348257
170	160	0.5126736605493513
80	74	0.5193505344559617
74	81	0.5444015716170194
74	64	0.4715798015365162
55	158	0.4286486777344317
91	180	0.5314544996518643
160	85	0.34796803874219173
