19	121	0.9357084216801548
19	28	0.8225333404881996
19	17	0.7776114929128977
19	132	0.7744692240213933
19	128	0.765265231744924
19	124	0.7492618477115914
19	125	0.7488229122967793
19	131	0.7409804118835845
19	133	0.7400319465486055
19	23	0.738699133604504
19	117	0.7309200920122344
19	123	0.7272852833995481
19	21	0.7078841315360246
19	52	0.7030266689004454
19	25	0.6976153685926516
19	120	0.6909701964315157
19	126	0.6905989966541949
19	16	0.6629395955579346
121	17	0.7801681168955472
121	117	0.7438751516311084
121	28	0.781534063462901
121	132	0.7564568989178578
121	133	0.7515380823047593
121	128	0.7501683562823691
121	124	0.7396426755642692
121	125	0.7299311587551942
121	120	0.724375309224606
121	131	0.719250281261681
121	123	0.7162491749750435
121	16	0.6770407752937088
121	52	0.6762166718432308
121	126	0.673958012633502
121	21	0.6672113345870717
121	23	0.6665172197532356
121	119	0.6518851569552353
126	128	0.9148353110923202
126	23	0.795303321199988
126	123	0.869347061402283
126	132	0.8286774120010532
126	28	0.7871139056427088
126	22	0.7739083398558421
126	125	0.7591263392815485
126	131	0.724161363314213
126	133	0.7208057155773197
126	129	0.7154446962162263
126	52	0.6858620251896866
126	21	0.6688117001526394
126	25	0.6615584887035725
128	123	0.8803677281346708
128	132	0.8714318502289461
128	28	0.8225980176282736
128	125	0.7981883267475829
128	23	0.7890086912899185
128	131	0.7586556056273484
128	133	0.7527410526469198
128	22	0.7519642549896537
128	129	0.7442322588474065
128	52	0.7405291296134849
128	25	0.7360573303675839
128	21	0.7300712882165759
128	118	0.6610014070665419
128	117	0.6593823085708819
28	132	0.909444092047852
28	133	0.7672880391461957
28	118	0.6784249096733536
28	131	0.8421436852733281
28	23	0.7818841012154889
28	123	0.779972371700089
28	52	0.7761445937449973
28	125	0.7734266136549595
28	21	0.7482733178393495
28	129	0.7334529852841591
28	25	0.7329026696285709
28	22	0.707774356429633
28	117	0.6923420335887739
28	16	0.6831249762075806
28	124	0.6629900385464774
132	131	0.8442821950369102
132	125	0.8131983076037377
132	123	0.8134690981908197
132	133	0.756640781466693
132	129	0.7537101901576824
132	23	0.7510153825481131
132	52	0.7317387682475673
132	21	0.7284467032770722
132	25	0.7172314664178988
132	117	0.7011708441857465
132	22	0.6896720252735846
132	118	0.6755213747071327
123	22	0.8277351911959011
123	138	0.6741599011014461
123	104	0.5217999749960325
123	125	0.8058928366748497
123	131	0.7675346870056164
123	129	0.7558745289197883
123	21	0.7501771010999108
123	52	0.7476741901285296
123	23	0.7378848185024881
123	117	0.6848013851335938
123	118	0.6732861458814832
123	25	0.6611646681369423
123	124	0.6602969789736607
123	133	0.6590769838002356
131	52	0.8010013403273428
131	125	0.7800115329554274
131	21	0.7511287141487235
131	129	0.7282542059818115
131	124	0.6972712748396015
131	122	0.6778091305019847
131	117	0.6775928419595374
131	17	0.6701029736565404
131	133	0.6539161235908749
21	125	0.8397131619210371
21	188	0.5517126144008371
21	52	0.7326016713894398
21	124	0.7311854622406517
21	155	0.6970399865372258
21	129	0.6922430946984296
21	122	0.6851039638190959
21	17	0.6815591596365735
21	16	0.6809589673676655
21	117	0.6779334433199091
21	22	0.6559149187354077
21	130	0.6536928331127406
125	124	0.766670425180218
125	129	0.7605380036340834
125	52	0.7702328569587067
125	117	0.7232040346069545
125	155	0.7095912071823396
125	23	0.7089252907657672
125	17	0.6980155503386568
125	133	0.6975126877081672
125	22	0.6832422934330898
125	16	0.6692260104355866
125	119	0.6645619541539063
125	122	0.6606014346529998
125	120	0.6555729188111079
12	112	0.8380838033529452
12	113	0.7518382080760097
12	111	0.7258595668158091
12	13	0.6814038405793255
12	3	0.7340853534698091
12	103	0.7026724671970576
12	6	0.6684135710495743
12	108	0.6642938570979227
12	109	0.6542365466945257
112	3	0.776581580014323
112	109	0.766917641306069
112	103	0.7389080514505552
112	11	0.6271472386136943
112	0	0.5318131823676024
112	108	0.7417145698064705
112	113	0.7331201359313105
112	9	0.7078990982198694
112	6	0.6706865786229905
112	106	0.6668949617514869
85	160	0.8356566941921744
85	88	0.6657718430524491
160	56	0.6162088670054992
160	88	0.6643888276961242
22	23	0.7745092406641984
22	25	0.6754017493390653
22	52	0.6581370311928935
39	143	0.8274200760157597
143	130	0.665231448818639
17	120	0.8226303482187972
17	119	0.8199287458952353
17	155	0.7395430150322303
17	15	0.7003259849107726
17	16	0.688511439206988
17	124	0.7487658023856413
17	117	0.7225690462312215
17	154	0.693532461273039
17	149	0.674754068437846
17	48	0.6715549413405723
120	152	0.7111565697536877
120	18	0.5395637618999247
120	117	0.7152347319142309
120	119	0.6985382078152075
120	15	0.6840518855773199
120	155	0.6772302959023636
120	154	0.6698549659853624
120	149	0.6635724987017287
119	48	0.6806263241415755
119	127	0.6443110067448985
119	124	0.7612874041980233
119	149	0.7158349838589104
119	155	0.6999997308759334
119	154	0.6947708466517479
119	157	0.652832962100461
6	108	0.8187454776366193
6	111	0.6795621307248843
108	9	0.747683009662754
108	109	0.723552043242584
108	103	0.685279032976742
38	142	0.8090248660126117
38	156	0.606755294182529
38	181	0.5687951783678548
52	122	0.6863595219873042
52	124	0.7159666050910484
52	129	0.6969937114612036
52	23	0.6522472870025369
23	25	0.7424918286085241
23	133	0.6988350732421389
23	129	0.6673832960146824
193	194	0.795303321199988
193	88	0.7680683119122106
193	196	0.7699072633249859
193	90	0.7007486602423152
194	196	0.7876839097772507
194	90	0.7288641677237452
194	184	0.6894307465962765
194	190	0.6345758807609755
33	44	0.7928279676352815
33	42	0.7425142630698577
33	34	0.6476150758307211
33	136	0.7261905880917536
44	136	0.7715312246887882
44	149	0.680937514987959
44	42	0.6546767452487078
196	185	0.6682420362892675
196	195	0.6562794220688127
154	155	0.7848587941072247
154	149	0.752728050926086
154	153	0.7354840286795258
154	47	0.6757822521162402
154	157	0.6623001299124499
154	48	0.6612603438001411
155	157	0.7454076990737253
155	51	0.7289251003631427
155	156	0.6452691692798226
155	72	0.4406120107580062
155	124	0.7150393003015578
155	153	0.6924253303622501
155	117	0.6828902359482504
155	149	0.6724762445023287
155	47	0.6631189210592268
155	48	0.6592522894113748
155	122	0.6538359811360335
9	109	0.7835111091553215
9	106	0.7606518073874143
9	3	0.6885955822566107
109	3	0.6937970641494807
109	106	0.6836845818875034
13	114	0.780246372225917
13	10	0.6834182031539403
13	70	0.713299940699597
13	141	0.6791906018104946
13	37	0.6520633851124601
114	70	0.7302253597431879
114	139	0.6573994882401235
114	2	0.6325406317002887
114	141	0.667483111939334
3	103	0.7069599572007208
88	66	0.6091948054926289
88	90	0.6655936457811797
133	29	0.7540555186213487
133	129	0.6925034043268868
124	157	0.7190233454178009
124	117	0.6555672165322445
56	57	0.7636860443814609
56	163	0.672678871085518
56	162	0.5217126425537124
106	5	0.5857949614107554
106	197	0.5605604042105213
129	117	0.6692977819422101
129	16	0.6644055849866873
129	29	0.6573597385970904
175	183	0.75435302996912
175	172	0.7093975262685036
175	187	0.6591561629479163
175	158	0.6583127205936119
175	166	0.7253671422601945
175	170	0.6792175359021239
183	166	0.7308036317791063
183	182	0.6789103788011038
183	174	0.7032086940849139
149	164	0.688968743402463
149	130	0.6650418671259738
149	15	0.657325664562753
149	43	0.6562566495782135
113	111	0.7133441461491346
157	53	0.6834022146393519
117	16	0.6842167932378943
84	86	0.7416380840485259
84	91	0.6075318872684417
86	189	0.6478704647149807
86	80	0.6035356098853852
103	1	0.6046660199857563
153	47	0.6796858962996417
81	92	0.7341268514104683
81	74	0.669810860075928
81	93	0.5973006062662666
92	61	0.6860738043908281
92	69	0.6745797245761629
15	43	0.7309946042286574
15	14	0.709779818836238
15	116	0.6873262131175023
15	115	0.60714689258567
43	148	0.5397976476591207
166	170	0.721324186011992
166	174	0.7047773557236494
166	61	0.664098261844458
166	167	0.5434086961679939
166	172	0.6694578426094661
70	37	0.7059380612991634
70	141	0.6859573402123579
70	36	0.6694468059377563
70	30	0.5560175676265324
51	47	0.7223921781833549
90	94	0.6517413720898907
111	105	0.5525884776948471
170	174	0.6908708969605932
61	69	0.7200746477013318
61	63	0.6526091195622108
61	65	0.7043089902144734
69	65	0.7055365134476101
69	68	0.6534235881413468
69	62	0.6069195487499974
137	165	0.7143495118035584
137	146	0.6167544232656175
165	199	0.592993151922309
152	46	0.6808356002245143
152	151	0.616680064084846
172	180	0.636447709101291
172	169	0.6258350205772178
37	141	0.6579385860126936
65	64	0.6003025185970872
8	110	0.7052250019207367
8	10	0.6831036420139598
8	4	0.5911747318636814
8	7	0.579951749353416
110	141	0.6567858007799865
174	199	0.6843444156494729
45	67	0.7036280122000924
45	164	0.6779226350484362
45	49	0.64165383849761
45	31	0.599963403186099
146	171	0.7012420075222265
146	164	0.6788025480215434
146	144	0.6050718654364703
171	168	0.5112347507257254
171	164	0.6563761918159503
74	185	0.6964997493204468
27	130	0.6908029401950749
184	73	0.6130042494050155
184	147	0.5011644860905996
164	140	0.6265158732491727
199	145	0.6533433555362238
199	98	0.6442934605059492
199	176	0.6337209473041843
35	62	0.6843284651403854
35	32	0.6759017643826725
35	2	0.6397556604522018
35	40	0.6084458937188136
62	41	0.6129543088928054
62	32	0.6566777471390886
53	20	0.6526894864061358
182	78	0.6205137059422721
182	60	0.6191096068473811
182	198	0.6174045966599475
2	134	0.6784518957400268
4	107	0.6779064220916804
24	127	0.6760483899582227
24	26	0.6412300809456506
83	190	0.6694412874910733
83	87	0.6681257949367345
87	191	0.5603271972811751
1	102	0.6629956429514083
187	189	0.6486010004445997
187	76	0.5827191065613081
158	55	0.5333748103472539
189	82	0.6415538199286708
189	159	0.4970947902441192
79	181	0.6465396884288551
181	99	0.46177104990529555
181	101	0.44808371166973354
180	179	0.6347430988115297
180	150	0.515160961117093
179	89	0.5656412643104469
96	198	0.6259323437153941
198	177	0.5916948956956668
151	59	0.36682544754412755
95	197	0.6079039878016432
7	135	0.6064013390643399
135	100	0.3835539563407129
93	97	0.508711602784116
177	71	0.4668305607365968
76	75	0.5725175788444103
76	77	0.5211155782075482
89	50	0.47563667216130207
89	192	0.2789010197310534
186	188	0.558561552647787
50	173	0.5373056854641103
159	54	0.46118076996222923
159	161	0.4021826228533907
58	161	0.48315353143422984
72	178	0.3482580484505328
