19	121	0.9422343495639685
19	119	0.6117167202210588
19	17	0.5573563600873574
19	20	0.4747231115360595
121	119	0.7365060617520296
121	17	0.626837729611633
121	20	0.48140384415164017
23	25	0.8937581023266454
23	22	0.8040623914048921
23	27	0.646009769144057
23	53	0.5825473665502291
23	24	0.5432959332465112
23	16	0.5150140241429856
23	125	0.4911159927406488
23	34	0.46782319961133895
23	26	0.4656644673421072
25	27	0.6621822282230965
25	22	0.7271863465059043
25	53	0.5709357279969042
25	16	0.5654236089338853
25	24	0.5218727436773297
25	125	0.5014714450049994
25	128	0.4998378742307004
25	15	0.462518151062937
96	198	0.8874941328536653
96	81	0.8678492996335719
96	95	0.8058928366748497
96	97	0.6873578667726868
96	75	0.54250604386347
96	98	0.8134014335778498
96	199	0.8040977369298464
96	190	0.6697722635275031
96	61	0.6500527190377304
96	197	0.6457474907961154
96	93	0.6380156974779017
96	182	0.6318682762230476
96	74	0.6132601176568516
96	83	0.6117542670021864
96	80	0.6082821214798536
96	90	0.5462424442625913
96	92	0.5431620018123919
96	185	0.5418423596485819
96	88	0.5232539053080466
96	55	0.49493089531009976
96	193	0.45892608906682764
198	199	0.839418032389565
198	182	0.7469942935303172
198	190	0.7272947043848431
198	81	0.789762431440011
198	95	0.7796196454007878
198	197	0.7605801586223987
198	98	0.7102013451399434
198	97	0.6683969740178277
198	185	0.630400204068757
198	195	0.5824416545274536
198	83	0.5783833775709707
198	93	0.5701465833108816
198	196	0.5591735762399521
198	74	0.5511349910787358
198	61	0.5350755650652727
198	75	0.5259067246069178
198	80	0.5204378020718684
198	193	0.49951523520290886
198	90	0.4632960108226328
9	108	0.8774096556584168
9	109	0.843533866346237
9	6	0.7439867933066121
9	11	0.7072249679173903
9	112	0.7060784959438189
9	3	0.6945690475288109
9	103	0.5638159677864254
9	12	0.5504871465030858
9	111	0.5441974875933201
9	106	0.5366367233458755
9	0	0.5231522291112843
9	176	0.5154547442368435
9	5	0.47968880759475985
108	109	0.8655100117537392
108	6	0.8046272381208529
108	112	0.7253434492754621
108	3	0.6827140881536101
108	11	0.6398560706889078
108	111	0.63743425686479
108	12	0.6355306121095835
108	103	0.6326186112929678
108	106	0.5947990813646337
108	0	0.5413406178400896
108	139	0.5031462600040175
108	176	0.4942283817854352
108	113	0.4832455136206137
28	132	0.8720560116248479
28	39	0.641730308564129
28	133	0.7236330335946013
28	131	0.6371016787432324
28	128	0.6314776332223887
28	29	0.5599634915853544
28	126	0.555098065055684
28	130	0.5289815953992413
28	27	0.5161373217890459
28	129	0.515506143830633
28	26	0.507472726566865
28	16	0.474560421346416
28	127	0.4730248915589
28	125	0.4689004786468189
28	21	0.4641829992761034
132	133	0.8004271699949022
132	128	0.7307244145093816
132	131	0.6583693792996986
132	126	0.6285768997295466
132	129	0.5931033618618131
132	125	0.5625117317866358
132	130	0.5381089693424576
132	29	0.5340684972067827
132	39	0.5166286653206202
132	127	0.50913397139396
132	21	0.5050184697051109
81	74	0.7252628802717035
81	93	0.693023483032249
81	61	0.6752222446197
81	199	0.7842051282320935
81	98	0.7832020272124862
81	95	0.7206711654714706
81	80	0.7172508890216114
81	182	0.7050741727057018
81	97	0.6527813162450264
81	92	0.6452808416831678
81	190	0.6231448757745315
81	90	0.6024409936639756
81	185	0.585722703886006
81	197	0.5652467059342975
81	88	0.5626826028917266
81	83	0.5304922897971329
81	75	0.510843165975058
81	193	0.5074653018148687
109	106	0.6813770552264635
109	6	0.736890173434839
109	112	0.6692204890331667
109	3	0.6645061147023058
109	11	0.6210791487084331
109	103	0.598283851878647
109	12	0.5414961283908664
109	111	0.5367648747506447
109	176	0.5157777657736081
109	0	0.4885850420158614
109	5	0.4758300915969521
45	164	0.8410351258062942
45	44	0.7047270232886151
45	156	0.7252770997749478
45	52	0.661597850706311
45	149	0.6503009451664642
45	171	0.6460389017719432
45	79	0.6158675937295974
45	50	0.552824612951905
45	122	0.5396771714597817
45	31	0.5289887971458624
45	46	0.5076508980069587
45	154	0.4928592722039425
45	143	0.4831458657705425
164	171	0.7729842450791697
164	156	0.7572343744561093
164	149	0.6660278686376422
164	173	0.6138836470913656
164	165	0.6090312703547474
164	44	0.590054712719081
164	52	0.5685109922352827
164	122	0.5398189058698479
164	154	0.539606292779797
164	50	0.5327878344791546
164	79	0.5291328160775607
164	138	0.5271209997807047
164	141	0.5267887332498628
164	150	0.5199855866264164
164	170	0.4961907752972872
164	139	0.4734827497212315
164	146	0.46406531096117143
164	181	0.4623058837809949
164	143	0.46206996908770054
164	142	0.45748029852970296
199	98	0.8217230787485423
199	158	0.5298021037030456
199	182	0.7243562974572944
199	95	0.6944603411685283
199	190	0.6448312366492337
199	74	0.6378140555146983
199	197	0.6366856222463236
199	185	0.6008714912909375
199	80	0.5650016774662154
199	93	0.555153411888786
199	193	0.5467824637979465
199	61	0.529377578311544
199	196	0.5287006678533644
199	92	0.5139404672661798
199	195	0.5066927162244647
199	90	0.506276371135791
199	75	0.4715642491400186
199	97	0.4709419127683702
12	13	0.8302684720901258
12	111	0.8180520090600858
12	113	0.7913749292918073
12	112	0.7812225051284882
12	114	0.74564312074651
12	103	0.7416470833740856
12	10	0.7201324218090626
12	6	0.7049836445434701
12	102	0.697117098762677
12	11	0.6799601950050191
12	0	0.6713792191168458
12	8	0.668634801207694
12	1	0.6657941123735057
12	110	0.6432159942620899
12	3	0.6163763165324819
12	7	0.5958707375905126
12	139	0.5507380037830665
12	104	0.5402793313566187
12	4	0.5318060105820714
12	2	0.5306288058423441
12	107	0.5296798100354235
12	124	0.515997923690136
12	135	0.5131600252838486
12	150	0.4775687950550276
13	114	0.8116344093836949
13	10	0.7585622128733582
13	7	0.7206903902401213
13	111	0.7186173757557418
13	110	0.6821423961714594
13	1	0.6687785373673152
13	102	0.6587601210681975
13	8	0.6382942938212254
13	113	0.6306592499332532
13	112	0.6276081004827295
13	0	0.6137340698084258
13	104	0.559180449450635
13	6	0.5557619025892645
13	103	0.5554300723141464
13	11	0.5537127967068051
13	2	0.5455544894002414
13	135	0.5412062834610408
13	139	0.47447518973281516
13	124	0.4697114205281393
13	107	0.45891030118502485
137	166	0.8271360261507229
137	174	0.7857021292501248
137	62	0.7027433354215317
137	146	0.66752192276655
137	141	0.7589610367421863
137	145	0.7045508038925848
137	144	0.6642100416961296
137	140	0.6593879606833241
137	165	0.6544252575438889
137	138	0.6414596648732072
137	175	0.5769508321358975
137	172	0.5753073686511808
137	32	0.5575906959932769
137	167	0.5462424442625913
137	123	0.5454912729695729
137	67	0.500647611866776
137	34	0.4898097458760942
137	183	0.4834064567779343
166	141	0.7661753101588356
166	174	0.7672469090839741
166	140	0.7298003158758771
166	183	0.7062489490907004
166	145	0.6830396324375341
166	165	0.5864251772996109
166	144	0.5847693479454106
166	172	0.5808602356386265
166	175	0.5777041950001232
166	62	0.5602174220913899
166	32	0.5600458589568037
166	167	0.4945306173426149
166	146	0.4709263483474776
166	138	0.4609524188621504
98	80	0.7442857882679378
98	95	0.7015773036588207
98	74	0.6365488369919808
98	88	0.5854861596093626
98	38	0.5789620474636595
98	70	0.5746982404198631
98	97	0.5702883022441229
98	182	0.5684568461526501
98	61	0.5675559459977433
98	197	0.5390957404748795
98	193	0.529665421097018
98	92	0.5202919579944238
98	190	0.515498801258625
98	87	0.5046682571226311
98	93	0.502503696418153
98	185	0.48865355462210003
98	75	0.47213949239715364
98	78	0.46854154037430773
98	55	0.4666897764471224
98	85	0.46214075036490826
111	113	0.8206810745588706
111	112	0.7873420688807811
111	102	0.7398373729758364
111	103	0.7328378634647098
111	114	0.717566350160504
111	6	0.7143788928307232
111	110	0.6766885700834903
111	8	0.6452516601099088
111	11	0.607689589564351
111	1	0.5887625706240012
111	107	0.5885926713747344
111	10	0.5806813052065134
111	3	0.5722620782945298
111	0	0.5605809770255431
111	139	0.5141685491313114
111	104	0.50087987492224
111	7	0.4961832373127395
111	4	0.47924214215804417
111	135	0.46266749255962886
113	112	0.6720377881542192
113	114	0.6587488002169868
113	102	0.6564501776407304
113	103	0.6501624174654255
113	110	0.6107081855497917
113	8	0.5971783783191469
113	107	0.5583619977212534
113	1	0.5438243399831999
113	6	0.5347471849584273
113	104	0.5339755705462722
113	10	0.5255883452233201
113	3	0.5046980689188227
113	0	0.4930863655409533
113	139	0.4776073905356951
113	4	0.4628246657720117
113	11	0.4614720257999938
126	128	0.8154888242037076
126	133	0.6194486781680099
126	124	0.595425547356622
126	123	0.5344114992542179
126	130	0.5283259175451762
126	125	0.5233265220431635
126	129	0.4900149420656608
126	117	0.4710041675199516
126	127	0.4661264027717014
128	124	0.6460622065191958
128	125	0.6105137677401781
128	133	0.7110230949181344
128	29	0.5473500457344973
128	135	0.5182542687253306
128	129	0.5035121232563115
128	130	0.4831611970238437
128	127	0.4703658339628289
114	110	0.7814951399702625
114	102	0.7564654542476235
114	10	0.7098740865180038
114	104	0.6980975850627524
114	135	0.6918939971746773
114	7	0.6642323941030704
114	112	0.6584486889555298
114	0	0.6334396165832239
114	1	0.607948117615616
114	103	0.586510464513722
114	2	0.5815952489725219
114	11	0.5556236614837538
114	124	0.547174919792489
114	8	0.5433664123700659
114	150	0.5249873649708724
114	107	0.5187002893001467
114	134	0.5031387915280299
114	139	0.49793004444267197
114	100	0.4925715242261093
114	6	0.46346091970520165
7	10	0.8113612323976959
7	110	0.681296688216739
7	135	0.6677768751248826
7	1	0.6207166020924025
7	104	0.5790617592456507
7	8	0.5622861083305697
7	102	0.542618944013444
7	2	0.52331926071165
7	0	0.5175883694766918
7	134	0.49946269944894006
7	112	0.47873356556955055
10	8	0.7111269131082943
10	2	0.643186679660097
10	110	0.7061286377190054
10	104	0.6787108688358396
10	4	0.6287160045649929
10	1	0.61778192955729
10	102	0.6089746499693218
10	135	0.5969982023609923
10	0	0.5781703869034214
10	107	0.569687451022203
10	103	0.5645385739016442
10	112	0.5508842912687895
10	124	0.539542495427287
10	11	0.5299027995958699
10	134	0.4768814871448075
92	93	0.8110877005490894
92	63	0.6086033181680732
92	60	0.543908845078552
92	90	0.6699266280067386
92	61	0.6385490334576411
92	91	0.5664907257051343
92	65	0.5489030616858666
92	74	0.495330963336146
92	80	0.48911775899427085
92	88	0.48093507384571854
92	41	0.4657349484824132
92	85	0.4626439140686261
93	90	0.762642094367171
93	91	0.6136904347994676
93	88	0.6055850631123415
93	61	0.5886710928754237
93	193	0.5534145627970672
93	97	0.5406545159574893
93	195	0.5249873649708724
93	196	0.5130421489203923
93	190	0.5027876883891506
93	74	0.502623285207737
93	63	0.500250349949783
93	83	0.4991323905951791
93	95	0.4730947508553216
93	55	0.469828317968267
93	41	0.4678388222942418
52	156	0.8069419074192337
52	79	0.6680427454259084
52	143	0.6461961854421486
52	122	0.6178128458766626
52	149	0.5975514083043532
52	181	0.5949799911652967
52	142	0.5553747500612715
52	50	0.5538167983887801
52	44	0.5297517501545449
52	78	0.5222001087536557
52	46	0.5051599978288865
52	38	0.4904479557275965
52	138	0.4744596921198661
52	21	0.4693216434285305
52	36	0.4656566357395999
156	181	0.6840944490894041
156	122	0.6508258033236993
156	79	0.6771490837841297
156	50	0.628365141272533
156	142	0.6279837412711415
156	171	0.6186098266588085
156	149	0.5884880921401426
156	173	0.5761630854720157
156	143	0.5548973915771365
156	176	0.5209480172597658
156	141	0.5083928116922585
156	165	0.4980879617185585
156	170	0.4964620929176817
156	145	0.4645516498692256
156	38	0.46448891219660005
156	138	0.46271464757802633
156	154	0.46035369184974584
95	197	0.8032478740761544
95	97	0.6205690494980599
95	190	0.5935957933849145
95	61	0.5835110785159519
95	70	0.5685042242442889
95	182	0.5513507917705749
95	83	0.5269187697716327
95	99	0.5139993340614204
95	80	0.5058523488038579
95	75	0.5027129641783179
95	38	0.5004752410686905
95	185	0.4820872939490804
95	106	0.46725277164392603
95	78	0.4634530676290516
6	103	0.7037289795141496
6	3	0.6962267578800448
6	112	0.6869620084023973
6	11	0.6191096068473811
6	102	0.5812576579148501
6	0	0.5640682964113083
6	8	0.5328952464626941
6	1	0.5273231701027642
6	106	0.4907668635547577
6	4	0.480827448396238
6	139	0.473397405727167
22	34	0.648270667812485
22	53	0.5605741194974192
22	33	0.5403572175343243
22	27	0.5344543621407492
22	24	0.46604812650563504
197	181	0.5912853078639498
197	182	0.5750129247061495
197	190	0.5632632051064899
197	97	0.5573218914324265
197	195	0.5433382216396888
197	185	0.48707624075536016
197	142	0.4832608429479264
197	70	0.478756689662631
197	99	0.4767733181571735
197	196	0.45946270457710053
83	190	0.8025371475390454
83	55	0.5796198251468532
83	87	0.5762098461129422
83	191	0.5164380350650377
83	88	0.5111756571866258
83	97	0.5076434750636188
83	90	0.5003553075406199
83	185	0.4676513308053253
83	75	0.45834174446182907
190	185	0.6159110413539572
190	182	0.5640342041019679
190	191	0.5536989285104517
190	87	0.5326517546520217
190	90	0.521057300693795
190	195	0.5187075987623312
190	55	0.5179982279132685
190	74	0.5150213717106936
190	158	0.5025485444680258
190	75	0.4982232930926802
190	193	0.4893611653102775
190	196	0.48199517759962646
190	97	0.4667758141017386
190	88	0.45734586707404407
133	29	0.6725529258806121
133	129	0.555125739086724
133	131	0.5449220457726013
133	127	0.48502938571259635
195	196	0.8002114766253648
195	182	0.6036563875399888
195	183	0.5331243346392895
195	193	0.5177054961407136
195	97	0.48748039745421756
195	185	0.4836899437934916
196	183	0.7111466844864235
196	182	0.6896300747593018
196	175	0.5418423596485819
196	194	0.5118844606083486
196	193	0.4942586107200848
196	185	0.47001531960298976
196	145	0.4595810305247245
149	154	0.7978614861880029
149	44	0.7567989102395001
149	143	0.6472433411905864
149	138	0.6568710872388906
149	155	0.6455317254879878
149	152	0.6453975491468649
149	46	0.6377843949072959
149	171	0.6213186523530152
149	136	0.601012042468177
149	18	0.5820979543681647
149	150	0.5799451127552429
149	157	0.5411143545450964
149	146	0.5357033201572965
149	120	0.512776856342359
149	31	0.48703810198978303
149	122	0.4789647766080278
149	17	0.4741186702291277
149	141	0.46101541836823756
154	152	0.7555743125331087
154	46	0.7433118452558248
154	155	0.7426264103920591
154	157	0.6866291719840902
154	17	0.6787755857514229
154	120	0.5935051156851102
154	18	0.634211378505089
154	150	0.6231754593447961
154	44	0.6203291827758403
154	115	0.5927596928102804
154	14	0.5869498154680065
154	119	0.5868383710635929
154	153	0.5834912927249635
154	171	0.5649131704622754
154	51	0.5545581758180522
154	125	0.5385350949523826
154	173	0.5077399674484797
154	146	0.4964470222602376
154	48	0.491381528865229
154	124	0.4906150190756072
154	136	0.47726768705044087
154	15	0.4742814484319094
154	53	0.4709963859325584
154	143	0.4662985848708872
154	138	0.4579387896532555
11	112	0.796073767833328
11	3	0.6792606266437068
11	103	0.6536298331581137
11	0	0.6528214857681482
11	176	0.5738873133709466
11	102	0.5460319240127521
11	1	0.508170316739777
112	103	0.765016496090474
112	0	0.6835780522438909
112	176	0.5818731148077712
112	3	0.6864600018979297
112	102	0.674792196123206
112	139	0.5599978126688027
112	1	0.555201836335146
112	110	0.5526857206076725
112	8	0.4873812840016407
51	155	0.7941612820844692
51	53	0.6632757684557838
51	49	0.634886381269009
51	157	0.5955159054022807
51	47	0.5547243453538119
51	17	0.5508216007760031
51	18	0.5469647054094391
51	153	0.5229125048580266
51	125	0.5145803837006535
51	46	0.5035793030105622
51	33	0.4965901814223133
51	40	0.4720073774634389
155	59	0.3573895599924146
155	157	0.6761949620155115
155	46	0.6613222401209864
155	152	0.6086410929087048
155	17	0.6026193417327051
155	125	0.58488120444224
155	18	0.5736659558516601
155	150	0.5719728252061599
155	53	0.5557895471230038
155	44	0.5299962895480544
155	14	0.5268682029438881
155	153	0.4934798348528063
155	120	0.46207783396479574
38	70	0.7926793509867394
38	142	0.7446824997879787
38	36	0.6966490367112259
38	78	0.558499628725734
38	176	0.5541009814959182
38	79	0.50658121837733
38	61	0.49706467377452507
38	97	0.4572588708744206
70	176	0.7795411945277644
70	36	0.5898526067717901
70	142	0.5575493490531019
70	139	0.5401801901041353
70	78	0.49329069210906595
70	177	0.4616845010846917
174	175	0.7741488676679917
174	145	0.765968743345802
174	165	0.7139771340803022
174	183	0.6534923472632922
174	170	0.6447903413160224
174	141	0.6189924194379448
174	172	0.6166056938978625
174	144	0.5641432927229394
174	140	0.5615128845706258
174	62	0.5557273451936275
174	146	0.5438736359626416
174	67	0.5427670957125187
174	171	0.5102960702073872
110	104	0.7532736178078674
110	107	0.7125426565155986
110	135	0.7089153421260694
110	102	0.733799329737473
110	8	0.657972611678467
110	1	0.6249399519041952
110	2	0.5166286653206202
110	103	0.5098373744315041
110	124	0.47891083330753625
110	0	0.476000262639521
176	139	0.739715135582525
176	177	0.5187441449358111
176	3	0.5162400186846848
176	103	0.5072202427260398
176	0	0.45935225230977006
87	88	0.7743491368975481
87	191	0.7450252980981578
87	89	0.5745106881036
87	193	0.5577836118015863
87	55	0.5366082418934368
87	179	0.5280879884022487
87	80	0.48777766244013154
87	74	0.4828008342460076
88	193	0.7169011116129974
88	90	0.635262290012105
88	85	0.4761317340370775
88	74	0.613441019967277
88	91	0.5896504268990976
88	191	0.5763634616608773
88	55	0.5733371188312647
88	80	0.5644568128193332
88	94	0.5450415548943989
88	89	0.5054876428676501
88	76	0.4614484141660354
175	165	0.715878863256685
175	170	0.6714890543559897
175	183	0.6647517527804819
175	145	0.6370482065467415
175	180	0.5501385686375493
175	172	0.5410860661226083
175	144	0.47555929150544274
175	167	0.4602512360365624
171	173	0.6450123001788883
171	170	0.6504567371523193
171	67	0.5723763949115243
171	146	0.5717507437573344
171	44	0.5669930403522598
171	165	0.5456317454966152
171	138	0.5013891025602862
171	153	0.48463926853264083
171	150	0.4695087592755361
171	122	0.4597466594451488
17	119	0.770029407951075
17	18	0.7553081412535525
17	46	0.6555729188111079
17	15	0.6117104621562355
17	152	0.6030204048712005
17	157	0.5989255241951523
17	53	0.5976542676395863
17	14	0.5839264201138421
17	120	0.5541079111785436
17	48	0.5523939467283618
17	20	0.536722160366887
17	115	0.5264635340480052
17	44	0.5061201808426754
17	16	0.4878767256416306
17	125	0.4684478788496464
119	115	0.5779906147132702
119	152	0.5499572323396343
119	120	0.5261237170001843
119	18	0.5191825511380689
119	15	0.5156015903777061
56	163	0.7674113914679618
56	58	0.6919669696832412
56	162	0.6115539856522946
56	161	0.5660763387240484
56	57	0.4695555316493754
163	162	0.6353338575748073
163	58	0.653813080596727
163	161	0.6254637972838124
115	116	0.7662166045342352
115	15	0.7365563891448295
115	152	0.6731549200956185
115	14	0.5999506021542009
115	188	0.5905042960562217
115	120	0.5069453819336617
115	124	0.4912298051177847
115	46	0.4856333039127293
115	117	0.47232597149491057
115	125	0.4684478788496464
115	186	0.457907177391616
116	188	0.5964251001065302
116	15	0.6864282742312336
116	152	0.5365797592183011
116	186	0.48050448510834554
141	140	0.7540986553959362
141	138	0.6668616453518149
141	134	0.5758022337425626
141	144	0.6473072550061728
141	32	0.6145873146264216
141	145	0.6127607431437335
141	31	0.5727528099665917
141	36	0.5610471085650285
141	79	0.5522410587467854
141	146	0.5401731080122573
141	62	0.5274891939268312
141	123	0.5251539541540978
141	167	0.5088301871318975
141	142	0.4953234168263983
141	165	0.4899997442095882
141	139	0.4846698729305167
141	181	0.4842719232123585
145	144	0.6205997932468436
145	183	0.5867596910361259
145	172	0.5480990432697063
145	165	0.537888696596479
145	79	0.5251539541540978
145	181	0.5034673333707261
145	62	0.4995602629251208
145	146	0.4939638276263538
145	138	0.4846469197433537
145	140	0.46294252658810675
103	3	0.7427564491272867
103	102	0.7223300129053857
103	1	0.630520707990553
103	0	0.6239638566452285
103	8	0.589428596227599
103	139	0.5382013199174546
103	4	0.5168265733116626
103	107	0.4586734481832059
90	91	0.6215212186460892
90	76	0.5255449184404136
90	74	0.6295739350315532
90	55	0.5733908191319339
90	193	0.5725847973579998
90	63	0.5199199182043236
90	75	0.5005352006305466
90	65	0.46952435035963036
90	158	0.46271464757802633
150	157	0.7579288682793427
150	124	0.6512118402016831
150	152	0.5701330844994867
150	20	0.5201314944484181
150	188	0.4983811490199308
150	173	0.4880671964812342
150	14	0.47882605795638494
150	102	0.4648809461414434
157	53	0.6255794545951977
157	20	0.5585890723925897
157	124	0.551489978881417
157	152	0.5475881401115212
157	46	0.5468175142865318
157	153	0.5176981762926259
157	173	0.5173247635491875
157	125	0.5095190763544097
157	14	0.4749012588141691
89	179	0.7569953793177054
89	192	0.526687576681911
89	91	0.4802583303269022
89	94	0.4795887145293428
89	50	0.4714398194073931
89	82	0.46588372259762983
89	66	0.46087366294538523
179	191	0.6119607250317158
179	192	0.5812576579148501
179	50	0.5461442100639845
179	180	0.518276210759566
179	173	0.49931257705246235
179	153	0.48850890983073864
44	33	0.6788834238512488
44	18	0.6626312020426285
44	46	0.662081143530228
44	146	0.5938677360651429
44	67	0.577464292286369
44	138	0.549664194912592
44	42	0.5047055216798008
44	30	0.499470204781572
44	79	0.4982082574718558
44	31	0.4907213133404019
44	143	0.4817341234079709
44	49	0.47636369046912624
44	136	0.4752419538712436
44	34	0.4577570033347154
102	1	0.7456697605348407
102	104	0.6760918242949877
102	0	0.6658108135859113
102	8	0.6439775122065662
102	107	0.5909860509148243
102	135	0.5615334253230164
102	3	0.5252480954587161
102	2	0.5194235581654641
102	124	0.4926851218260441
102	139	0.46658808419322695
152	14	0.628328830468636
152	46	0.6150475942099284
152	15	0.5900873035293357
152	124	0.517873831728077
152	18	0.49402430521528523
152	188	0.4889732004364514
152	186	0.4823328854429293
18	151	0.4418360988115726
18	46	0.6406703573638906
18	33	0.5553954964822139
18	15	0.5490637436459453
18	120	0.5212321186582506
18	14	0.515594248789853
18	53	0.4921245441346938
18	48	0.46968024509516065
18	49	0.46790912074937274
140	144	0.6599471509067013
140	32	0.6111594526139339
140	172	0.605572397624316
140	138	0.5830360283448741
140	146	0.5541564168066437
140	62	0.5342328743057664
140	36	0.5191898555949312
140	35	0.4844403110245996
140	123	0.4575909910881307
104	135	0.654848131090638
104	107	0.5971397742569146
104	2	0.5801309084065627
104	1	0.5434016490598103
104	8	0.5290680113299414
104	0	0.5096375291464988
104	124	0.5067819023002033
32	62	0.7513073394472326
32	36	0.6930754512757512
32	31	0.6722789975068301
32	35	0.618819671954522
32	79	0.5690995128707927
32	30	0.5555821831602152
32	42	0.5501106741215184
32	34	0.5339255277695364
32	41	0.5309232993153555
32	172	0.5076508980069587
32	67	0.5059193159609916
32	37	0.5028175759696665
32	68	0.5014864153826498
32	144	0.4960400013938716
32	72	0.47611626791836453
32	33	0.47145537415066197
32	146	0.47097304073056717
62	67	0.7361123118637454
62	42	0.7212618202797473
62	34	0.6779982867940221
62	35	0.6397320313397432
62	33	0.6365071987462456
62	68	0.6193623910185929
62	69	0.5939389367359665
62	146	0.5913763537624394
62	41	0.586510464513722
62	172	0.562867089697083
62	36	0.5172661711172858
62	31	0.5164013695304976
62	138	0.5100741568653735
62	40	0.5096449318046606
62	144	0.5065886520943638
62	72	0.5011794626236411
84	86	0.7512071485611559
84	94	0.618813501294201
84	77	0.49429639520757424
84	189	0.49384285810873607
86	94	0.6913097080206161
86	189	0.5579971268823765
86	77	0.5216034616225805
86	82	0.49717760436012015
86	91	0.49186684445846934
50	173	0.7506271045774963
50	66	0.561971463176393
50	153	0.4934344448497621
173	170	0.5849075203856254
173	153	0.5740013133176812
173	66	0.4989146076891276
173	180	0.47493998133438703
33	42	0.7481852872579744
33	34	0.715093055141183
33	49	0.6982001027002684
33	67	0.6740125870149567
33	146	0.6201999756879957
33	69	0.5623066230144812
33	40	0.5511558782400284
33	136	0.540328896359099
33	47	0.535853037922274
33	30	0.5311458800140849
33	68	0.5255014889186939
33	138	0.46841665600121984
33	72	0.4638534307036913
33	123	0.46320176276655267
42	68	0.7312599123812881
42	67	0.7261385927432503
42	72	0.568876349472505
42	69	0.6655435141193741
42	146	0.628588997399081
42	34	0.6206243868721834
42	40	0.609414867153632
42	41	0.5826662690228375
42	35	0.578882265567448
42	49	0.5783234819131243
42	172	0.5513229506644045
42	47	0.5471258759415792
42	168	0.48821192323680684
42	144	0.4743667002657396
182	185	0.6472898248681698
182	74	0.5512811867026844
182	80	0.540328896359099
182	193	0.5088005428549306
182	183	0.5069453819336617
182	158	0.4985164278042528
182	97	0.480489102651725
35	69	0.7459759468093695
35	37	0.6844294739706003
35	68	0.6711045019479707
35	40	0.5594140928775113
35	41	0.5491545459348257
35	36	0.5326087763520294
35	61	0.49962029568929056
69	68	0.7316365489511861
69	40	0.6928363377070281
69	67	0.615948279193149
69	41	0.5751601653074319
69	49	0.5517195704943703
69	47	0.5323723466013605
69	66	0.5293703806796457
69	37	0.5145215647171147
1	8	0.6455433911132035
1	0	0.583451719064879
1	3	0.5210354453734833
1	2	0.5106214202205864
1	4	0.48770907286355286
191	193	0.5646611947557074
191	97	0.46758101064488505
191	80	0.46161368187429985
142	181	0.7110329837006798
142	79	0.6543852347797605
142	36	0.5433805072757283
142	78	0.48850890983073864
142	139	0.4650847317890124
80	74	0.6999181216761192
80	78	0.5469927379805524
80	185	0.5266803506418869
80	184	0.5222873801300324
80	193	0.49324529090777636
80	73	0.49058464660345347
46	14	0.6890212719902938
46	48	0.6061736695031366
46	15	0.5049886708493577
46	153	0.4955422352550512
4	8	0.7429088370092818
8	107	0.6252384909891834
8	2	0.47217834569489847
3	0	0.5815224521493032
3	106	0.47232597149491057
193	194	0.7413364523355777
193	74	0.5838539221645048
193	91	0.5761230019204477
194	160	0.5150654555275952
194	180	0.5026681260453902
15	16	0.58926542870461
15	14	0.6318622687602735
15	188	0.5225127805551274
15	43	0.47853312894054284
67	146	0.6585393106594397
67	68	0.64820109298347
67	172	0.5852166404842493
67	49	0.5469927379805524
67	41	0.5202336118637108
67	40	0.5147862120070551
67	72	0.5109170661256505
67	47	0.49712490551607774
67	66	0.4934722700389499
67	30	0.4703113192492309
67	34	0.4674169072539735
67	144	0.46691658393387336
79	181	0.7358327217692635
79	31	0.6280443011099502
79	36	0.6054393914768929
79	78	0.5392801523261334
79	138	0.4793345760781145
68	41	0.7009623568881126
68	64	0.5069973905345718
68	40	0.5665654207586329
68	172	0.5602517289523956
68	63	0.5574873234557562
68	65	0.553081482829213
68	72	0.49250335760795216
68	47	0.4897717406247164
68	54	0.4804352617253582
74	185	0.5999890043282889
74	76	0.49617569925338717
74	55	0.4800044039536051
146	172	0.7204163326327049
146	144	0.7019478000222684
146	167	0.5782968596192758
146	138	0.6137029023274466
146	136	0.5318346972665107
146	123	0.5179909110970091
146	153	0.4936084252648567
146	49	0.49040998175627915
146	130	0.46785444468479165
146	34	0.463790641174228
172	144	0.6248058544572981
172	167	0.5042955081212728
172	41	0.48866877882738186
172	169	0.4861985792849601
172	72	0.47612400101453994
127	129	0.7166920444749313
127	118	0.4366143120835224
127	24	0.5569908946029146
127	130	0.5257909673287785
127	26	0.5255159657302431
127	27	0.4933058252456248
129	26	0.6629620154071082
129	143	0.5642523616523721
129	130	0.5360169758646575
129	125	0.4883337775761298
129	123	0.4733275722113825
129	24	0.46945418817536516
165	183	0.7126115692554613
165	170	0.6666450237617881
34	138	0.6055217326042183
34	123	0.602332681547881
34	40	0.5742158411033441
34	136	0.520678378428553
34	144	0.4947647676740553
183	169	0.5055695313607413
107	105	0.4028278747400269
135	147	0.5552710075866079
135	100	0.5351540667998401
135	124	0.5010147042479522
135	0	0.46192052261380395
144	138	0.6544938594660545
144	130	0.5686260363083152
144	123	0.5603409177960532
144	40	0.5111534958633576
144	167	0.4891710106381895
144	136	0.4598334046889112
41	40	0.667294550613296
41	61	0.4867405558715009
41	72	0.4690564904821588
49	47	0.6587035138290381
49	40	0.5945728593605641
49	53	0.5568667251494304
49	153	0.47965031173909706
49	20	0.4661890185307504
36	37	0.5344972222783778
36	31	0.4620149129129474
58	161	0.6933403772833967
58	57	0.48158052216415775
58	73	0.47504839460708526
58	162	0.5873036678327048
161	162	0.6158303499269875
40	47	0.5866678836659881
40	94	0.4696724510538802
94	91	0.6015547319450919
94	82	0.5745039886904189
94	76	0.5241393101807752
94	77	0.4666193754315931
14	188	0.4743821996433634
14	48	0.4590365961243339
123	138	0.6883062628442924
123	130	0.6568710872388906
123	136	0.6090249795073172
123	134	0.5270560037867692
123	24	0.4900073431748598
123	143	0.47424269465754826
138	136	0.6690050966920968
138	130	0.5421601652226758
138	143	0.5355321728877186
97	61	0.6295437522484472
37	61	0.5206054852307812
0	2	0.5068190599638057
0	20	0.47463014968468414
0	101	0.4679872232000995
106	5	0.5639387354056018
76	77	0.6772302959023636
76	75	0.518736835852775
76	63	0.4746766319341765
77	43	0.5758222869497845
61	63	0.5303988682239735
61	60	0.5032657453985843
29	16	0.5117885175654927
31	30	0.6585166570236668
31	134	0.5151021899603587
31	167	0.4607870230520814
136	120	0.48385845554755613
136	130	0.48035064723848125
136	143	0.4621722068204733
53	125	0.5987010262684171
53	20	0.5235661033452519
53	24	0.5147200593782987
53	27	0.5025485444680258
53	130	0.47447518973281516
26	24	0.628764379426614
26	39	0.5873626214125742
26	143	0.515469430213575
26	16	0.47579914757904757
27	24	0.5153445897597259
27	16	0.4942283817854352
21	125	0.661766503712294
21	122	0.5510514355264973
125	130	0.5393014272894512
125	124	0.5322505170301784
125	20	0.4915028863938322
125	16	0.4887905617564361
125	24	0.47349826585601124
73	184	0.6604097656575273
184	185	0.52836916847758
47	168	0.6048119068652139
47	153	0.5995472123955605
47	66	0.5447110933039253
47	82	0.5153592780074097
47	180	0.4855645264803882
30	134	0.4724580352795526
131	39	0.5669319705357729
130	143	0.5791680993889782
130	39	0.5622519156526758
130	24	0.5419624377523861
71	177	0.6525689306327456
124	20	0.6236584268292981
122	143	0.5302838701392842
185	75	0.5104661577633035
143	39	0.6355306121095835
143	24	0.5324869895846733
2	134	0.5584032902506032
39	24	0.6105388580450215
162	57	0.4738162818511976
24	48	0.46693222356589614
91	82	0.603122213670096
91	180	0.552108989226398
63	65	0.5874346673240117
168	180	0.5392446925241591
168	82	0.4917910340291261
168	153	0.46451243937026304
54	64	0.6037199435997531
54	159	0.38996605423552627
64	169	0.46794817288843366
64	65	0.46428498256008477
82	180	0.46637683778467887
153	180	0.5347329038967306
153	66	0.48525113099956446
188	187	0.492048759062071
120	117	0.546158244440723
16	117	0.5727998448760658
72	178	0.5867400192979051
178	180	0.47827865676988296
167	134	0.5096227236038139
43	78	0.47686603531649147
147	148	0.5749192067431974
148	186	0.5084150574554348
148	189	0.5318562114788875
66	180	0.46800284281308024
99	101	0.5527968369398166
99	100	0.4800197957212844
101	100	0.5334821284570855
