108	112	0.932418935583376
108	9	0.8915025375010451
108	6	0.8591789095332167
108	103	0.8808392562862167
108	12	0.872390928151302
108	113	0.8540684514255165
108	3	0.8092320526759558
108	109	0.7903637116203407
108	111	0.7894988930788476
108	11	0.75064893170577
108	13	0.729837705012785
108	105	0.7204788568167029
108	114	0.702667404647446
108	102	0.6825859308035912
108	1	0.6522875053095735
108	110	0.6083388177333038
108	176	0.5987780075871298
108	106	0.5750932423800904
108	141	0.5742426515342437
108	139	0.5616635006838618
108	0	0.5554093270454332
108	144	0.5331601226074787
108	8	0.5319135793554731
108	10	0.49445506965995156
108	157	0.4826244268885819
112	103	0.9093749023044851
112	113	0.9066369007592023
112	12	0.906530036921898
112	9	0.8742655486191662
112	111	0.8224362848705312
112	3	0.818943174000803
112	6	0.8094735162958914
112	109	0.7941612820844692
112	11	0.7900632615498875
112	13	0.7779275525210765
112	114	0.7547621405937661
112	102	0.7286719199040198
112	1	0.6983538254818549
112	105	0.6570245605170607
112	176	0.6304905848590753
112	110	0.6266373535977928
112	0	0.6015866375806397
112	141	0.5941654224339825
112	106	0.5931163262760696
112	139	0.5799451127552429
112	144	0.5256534802622876
112	8	0.5197155771441639
112	10	0.5080887182566438
112	157	0.469625685268737
13	114	0.9181948782123639
13	12	0.8879815516347201
13	110	0.8811302817375983
13	103	0.8300197835491728
13	102	0.8049795295478186
13	113	0.7904012411743512
13	1	0.7870378033235761
13	141	0.7809885806698397
13	111	0.7801289800714094
13	11	0.7615941559557649
13	3	0.7278688663901274
13	0	0.6959587213479785
13	10	0.6802611666848477
13	109	0.657365417341501
13	139	0.6564672494994488
13	6	0.6489947621005603
13	9	0.6325526293954915
13	36	0.6122233692203705
13	176	0.5846574692068851
13	105	0.5599840844660532
13	8	0.5599428980127684
13	144	0.5298812231621847
13	166	0.5211884182669113
13	140	0.5007824830655612
13	106	0.49588919757153316
13	181	0.495142278165485
13	70	0.4753348459834839
13	32	0.47420393904527397
114	12	0.8572291428038226
114	110	0.8352338507304424
114	103	0.8148849781226681
114	141	0.7961470094824338
114	102	0.7926793509867394
114	113	0.7814951399702625
114	11	0.7708422644422424
114	111	0.7413634763493782
114	1	0.7299685326129653
114	3	0.7149513195949443
114	0	0.6902745525020587
114	109	0.6637347722162099
114	139	0.6573483808842883
114	10	0.6492493639320749
114	176	0.6461845366818041
114	9	0.642271116756966
114	36	0.5887691041718882
114	6	0.5864579816132912
114	144	0.5663820617356901
114	166	0.5392872440570619
114	70	0.5196571830589134
114	140	0.5148229608189318
114	106	0.5072945117212554
114	181	0.4885774291320992
114	8	0.46159794347282646
114	105	0.4595258137791081
12	113	0.9158084161513429
12	111	0.8776396061171712
12	103	0.8974192831792358
12	3	0.8119753821103441
12	11	0.8070465355148715
12	9	0.7832406836432348
12	102	0.7757466854736793
12	6	0.7732256303121299
12	110	0.7447849352754692
12	1	0.7443705236305489
12	109	0.734886675652716
12	141	0.6478530564608086
12	105	0.6447085395740564
12	8	0.6415832394197437
12	0	0.5855124472319834
12	176	0.5731289836351927
12	10	0.5717305503783625
12	139	0.5625048959426676
12	106	0.5316625588528642
12	144	0.513866876964711
113	103	0.8677011199368906
113	9	0.808367446597534
113	111	0.8032833505116783
113	109	0.7944565407215289
113	3	0.7906262939449213
113	11	0.7718548165462418
113	6	0.7041073538809932
113	102	0.6979642693301852
113	1	0.6510102211573544
113	176	0.6371848455278233
113	105	0.6209870010208172
113	110	0.6178190289113376
113	0	0.5978342241457709
113	106	0.5884619442540315
113	139	0.5761430440426396
113	141	0.5614238666466548
113	10	0.5018306511813503
113	8	0.490903498102669
113	70	0.45962046888225466
103	3	0.8594927597201111
103	102	0.8321231362048838
103	9	0.83070288282771
103	11	0.8134014335778498
103	111	0.807151112958929
103	109	0.7990576087848079
103	1	0.7887443196194689
103	6	0.7609213777689899
103	110	0.7011454253222562
103	0	0.6522760147394635
103	176	0.6388805777407534
103	141	0.631459595800725
103	106	0.6145499763036447
103	105	0.6118668908083378
103	10	0.5927532064123661
103	139	0.5864645422451736
103	8	0.5616292730170689
103	144	0.5365512753204811
23	25	0.8987155485383891
23	128	0.7734266136549595
23	121	0.6576152081872381
23	123	0.7674935948013599
23	126	0.7147557258251227
23	29	0.688390451090171
23	133	0.6756898773857324
23	124	0.6458057880492035
23	28	0.6250069868019349
23	132	0.6039867952569958
23	19	0.5952254152128154
23	129	0.5175151554594852
23	22	0.5112125912149812
23	15	0.49424349640216453
23	21	0.488919935248723
23	20	0.4759770595956892
23	115	0.4646065415076581
23	118	0.46029064356964755
23	131	0.45562012945113095
25	123	0.7819618205114095
25	21	0.5199855866264164
25	104	0.45980974776537303
25	128	0.7386900469984595
25	29	0.6941081220058041
25	126	0.6668005583609832
25	133	0.646073858441143
25	28	0.6096285514664783
25	124	0.5993229752514145
25	132	0.5506752987865665
25	121	0.5431267521031168
25	15	0.5307724772072774
25	129	0.515506143830633
25	19	0.5039598732590891
25	22	0.5021074211978876
25	131	0.481849304919229
25	27	0.46289538422568666
25	115	0.46091304181125853
9	109	0.8736987770849898
9	3	0.852382027141428
9	11	0.8045919777830602
9	6	0.7616781380309163
9	106	0.66752192276655
9	102	0.6652537469100716
9	111	0.6632421632031524
9	1	0.6471387353144228
9	0	0.6086159100548245
9	176	0.602428252213475
9	105	0.5981682692748137
9	197	0.5357746185328585
9	157	0.5266297662304652
9	144	0.5209553033534419
9	10	0.5026158114718406
9	110	0.4956629357469632
9	155	0.4846010113666568
9	141	0.4743589504666406
9	70	0.4554774839005034
19	121	0.8858908348021591
19	124	0.7257933221799429
19	20	0.6464989475348893
19	128	0.4769587418651373
19	29	0.46485742924229617
19	126	0.4638141877938349
121	124	0.7134276298463433
121	20	0.596212446816781
121	126	0.5650289077749725
121	128	0.5586097113941678
121	133	0.555381665611734
121	29	0.549768866672584
121	132	0.508726426883394
121	28	0.4796041142749279
121	123	0.47362238435452625
110	141	0.8128593235429574
110	10	0.6992594794935403
110	102	0.7061887985026055
110	111	0.6912209421385781
110	1	0.6754561289137768
110	139	0.6277414258477271
110	11	0.6078283279537419
110	36	0.601784409681838
110	3	0.5954061829581994
110	6	0.575808918221949
110	181	0.5647293066829779
110	0	0.5626279293676636
110	8	0.5455825835991136
110	166	0.5373056854641103
110	109	0.5172588467223171
110	144	0.5135282641646505
110	105	0.4952404002851274
110	176	0.4944475144807539
110	140	0.4730404163610649
110	134	0.47023343486020097
110	142	0.4667132421381563
110	32	0.46088153886375505
95	197	0.8803227296795815
95	96	0.6795728944847996
95	99	0.6415538199286708
95	198	0.6382528113402177
95	101	0.6223919197669445
95	190	0.5742627585491633
95	83	0.5144774473016394
95	176	0.5056290809080162
95	106	0.4860916664765286
95	79	0.47843289191964616
95	0	0.4654999883733931
197	101	0.6693143428240528
197	176	0.6657607079471218
197	106	0.6244155431422492
197	0	0.5759024928505403
197	109	0.5686395694430242
197	70	0.561526578482447
197	99	0.5538237312199229
197	11	0.5398826763708666
197	198	0.5346329279119122
197	96	0.5336323449578451
197	79	0.49949272032962594
197	190	0.4834371089131221
111	8	0.7022266904298918
111	6	0.7723798016593523
111	102	0.7187044105288628
111	3	0.695669849577611
111	11	0.6786461413776198
111	1	0.6472259085703786
111	105	0.6206674227784031
111	109	0.5982645898399503
111	141	0.5310740877956958
111	10	0.4930787968452722
70	176	0.8766479503650745
70	71	0.614002031186758
70	139	0.7535935477672879
70	38	0.7091242043220632
70	142	0.6296705071684937
70	52	0.6188443538321078
70	156	0.5549665966252179
70	177	0.5442045260459617
70	0	0.5378176251988583
70	109	0.5216107408828996
70	135	0.5107766493836984
70	11	0.5074875758447868
70	36	0.5040941454777392
70	141	0.501576231342263
70	79	0.4740256395582799
70	181	0.46589155208472344
70	10	0.462187934612117
70	45	0.461251625127872
176	139	0.7910009077038852
176	11	0.6400391154798536
176	109	0.6341874668614053
176	0	0.5914803877591459
176	3	0.5897873955352773
176	141	0.5739744918021797
176	142	0.5690454203486296
176	38	0.5602448677339537
176	106	0.5442186027214247
176	102	0.5286430273672174
176	71	0.5236169129804947
176	10	0.5135209012396212
176	1	0.5070865395478648
176	177	0.48474637873368326
176	156	0.48234055895579336
176	52	0.47500193354149883
109	106	0.6895933642619964
109	3	0.8175552134600151
109	11	0.7923446187734676
109	0	0.6574449119241349
109	102	0.6514076107155149
109	1	0.6458116173603986
109	6	0.6431397723749772
109	10	0.5460389424658086
109	105	0.5142347528308229
109	141	0.4976366818770435
109	101	0.49071372137722047
109	139	0.4851899661180796
109	157	0.4630210913724545
1	102	0.8656103339842524
1	3	0.7688054199701443
1	11	0.7041376065729409
1	0	0.6806263241415755
1	6	0.6456075466675942
1	10	0.6420889592726091
1	8	0.6077715758241591
1	141	0.5786228978488642
1	144	0.5314186208927579
1	106	0.48370526452604534
1	105	0.47784664137091803
1	139	0.47321116979637695
1	36	0.46867420950590033
1	134	0.45889451301341055
102	3	0.7870378033235761
102	11	0.7125918813042229
102	0	0.6558579374361713
102	10	0.6382291054010624
102	6	0.6155074550052183
102	141	0.5988485640783403
102	144	0.5789088607645189
102	8	0.5558033689289479
102	139	0.49650730309433694
102	106	0.49288955519642813
102	134	0.47643326447320694
102	36	0.47265220819209414
102	140	0.46960230138782183
102	2	0.4636728982477272
96	198	0.861826097104946
96	199	0.7192985456933899
96	190	0.7153324057966308
96	98	0.7111565697536877
96	83	0.7073698897155354
96	97	0.661057711058638
96	182	0.627365596387766
96	81	0.6258411038444167
96	80	0.5767439855484648
96	55	0.5451188725259198
96	85	0.5290968142019545
96	99	0.5254146216590285
96	87	0.5163500346011332
96	193	0.5152637989852733
96	184	0.4897945439989187
96	75	0.4752496952853057
198	199	0.813299895371143
198	190	0.7684780681231003
198	182	0.7254192607774099
198	83	0.688758556660589
198	97	0.6307134510586299
198	98	0.596463755349184
198	81	0.5688154721829098
198	193	0.5333676551959736
198	148	0.5221928356452117
198	183	0.5190218338982221
198	99	0.5087338388199131
198	55	0.4812732309060841
3	11	0.8150864570726468
3	6	0.7019934513738514
3	0	0.6328224972867058
3	106	0.6184060688496531
3	10	0.5834846973073669
3	141	0.5238418823078042
3	8	0.5163060302793818
3	105	0.5157704260027882
3	144	0.5031761331564207
3	139	0.47180527831673663
6	105	0.7433297442236627
6	8	0.6631413313966474
6	11	0.619867574321748
6	141	0.50913397139396
6	144	0.49768934508375706
6	107	0.4775765142986226
6	106	0.4682292943408885
165	174	0.8493736463344396
165	60	0.7069249409345971
165	164	0.6743071615685418
165	170	0.6867348655442607
165	180	0.6538016298778829
165	175	0.6380927727607565
165	64	0.6239577499160691
165	137	0.6193069128056686
165	160	0.6117918110270865
165	173	0.5947086038636007
165	147	0.5582174520798365
165	169	0.5516569628893757
165	158	0.5411709277163956
165	35	0.5280879884022487
165	84	0.5198469460827353
165	65	0.5179762772370865
165	195	0.5060532319806518
165	91	0.502473796215767
165	189	0.4995977839650738
165	62	0.48203356070700937
165	171	0.4760930681880157
165	37	0.4720462369980881
174	170	0.8303305926268034
174	175	0.6671114533663117
174	65	0.661434755816604
174	160	0.6471096738012427
174	173	0.6462544247275461
174	64	0.6179612176229736
174	67	0.6057623477314257
174	35	0.5985726994880242
174	60	0.5969209656505764
174	180	0.5929801845860845
174	37	0.5809794914181671
174	66	0.5725243010421436
174	62	0.5718045893812785
174	137	0.5715891773293792
174	158	0.5303701205324556
174	169	0.5164233690784393
174	91	0.511375078508987
174	189	0.49754639355784136
174	84	0.48853936359744554
174	164	0.48648106450317746
174	92	0.45558843246157094
38	142	0.8481994940863133
38	36	0.7620138105510068
38	181	0.7451187203144732
38	79	0.7242802393703454
38	32	0.7240805030061072
38	135	0.6840944490894041
38	139	0.6835460876701229
38	145	0.6288006573792633
38	7	0.6019119654327777
38	41	0.5966569900627027
38	141	0.5692752795529185
38	24	0.5386628789553627
38	52	0.5140508385361285
38	10	0.476247720538256
38	0	0.4738085268331428
38	156	0.4665489685027294
38	33	0.46435557916091663
38	34	0.46150350696164616
142	181	0.8134352686363738
142	135	0.7483789197627719
142	139	0.7482381087683992
142	79	0.7095266587868868
142	36	0.7035017630895083
142	141	0.6806209566269743
142	32	0.6325346327388505
142	145	0.6142885309399135
142	7	0.5736592467394614
142	156	0.5699440688160113
142	195	0.5055620873286174
142	52	0.4838354787841881
142	10	0.48060446386972355
142	140	0.47168088496279126
142	24	0.4699140322867895
88	90	0.8466208896857171
88	193	0.7432805195008904
88	55	0.7169059721061141
88	87	0.716307608406737
88	80	0.6858143588520714
88	194	0.7408541202364094
88	73	0.7155569496866132
88	74	0.5580384438514253
88	184	0.5579282591191655
88	85	0.5450415548943989
88	81	0.5378744829285719
88	76	0.5255521564277617
88	97	0.5145068592146018
88	185	0.513874236335221
88	98	0.5007899751970882
88	75	0.4564992599104689
90	73	0.763769388375744
90	76	0.7177457889686463
90	194	0.6474118216186036
90	77	0.6388391476754837
90	55	0.6348207155622281
90	63	0.6321745561624853
90	74	0.609414867153632
90	92	0.5761230019204477
90	87	0.5760895968438711
90	86	0.5724906892837582
90	80	0.5572184739412778
90	81	0.5473920688300126
90	60	0.5467544220271602
90	193	0.5328379622081918
90	91	0.5195914839093091
90	94	0.5135724401267755
90	85	0.5108948968733116
90	64	0.5071756777123145
90	84	0.480012099874386
90	184	0.4595337021031236
126	128	0.8457120848443733
126	133	0.7455543042353134
126	132	0.697394569269143
126	29	0.694962196037883
126	28	0.6494864756594949
126	123	0.6354709982370309
126	124	0.6069890254641198
126	129	0.533088544763106
126	131	0.5244801068542184
126	115	0.47468437871835484
128	132	0.7160494516161087
128	29	0.7199687025692099
128	133	0.6940096483763897
128	28	0.6755648660264799
128	123	0.6734501184861483
128	124	0.6064519188037809
128	129	0.5737665832975889
128	131	0.5004902314093042
128	125	0.479942833927651
128	115	0.45891030118502485
51	155	0.8397131619210371
51	53	0.732508998854049
51	47	0.7157033117386338
51	154	0.7129805105659228
51	157	0.7100377541693583
51	49	0.7032693486701905
51	153	0.6810822958732061
51	44	0.6075129597732971
51	48	0.6070963803202427
51	14	0.6018928340277446
51	40	0.5947667697010726
51	17	0.5787426205757705
51	52	0.5758690750723627
51	41	0.5706255916660713
51	149	0.5678270365389306
51	46	0.5582174520798365
51	146	0.5341399704734118
51	89	0.5179982279132685
51	150	0.5164600334768847
51	136	0.5098225729635467
51	27	0.4712764768941974
51	50	0.4646222241771624
155	157	0.8183495017711292
155	154	0.768150313528196
155	153	0.7592237795230882
155	49	0.7204019023116037
155	47	0.7356171286274893
155	149	0.6946415008203536
155	53	0.6889634901455638
155	146	0.6426997818010051
155	44	0.6332120351979189
155	150	0.6091444925055864
155	52	0.6080930891318189
155	136	0.6077085106202833
155	48	0.6068437453902151
155	46	0.60220522712744
155	14	0.5934597711838947
155	40	0.583860513271998
155	17	0.5816614198204737
155	144	0.5659540058962473
155	45	0.5572115788271341
155	156	0.5397976476591207
155	145	0.5379526543176206
155	179	0.5260296953715297
155	41	0.4997028329044731
155	130	0.4978698767923905
155	173	0.48894276363278616
155	89	0.4844173511633743
155	189	0.4756753597290133
28	132	0.8324304514645002
28	131	0.7024040540166805
28	29	0.6950449112471189
28	133	0.6412477453253362
28	123	0.5404634110377827
28	129	0.4967182483022228
28	125	0.49523285287829055
28	124	0.4842642683682447
28	115	0.47510259583621695
28	21	0.47238035326917266
28	26	0.4644261698612487
28	15	0.4635943938636103
132	29	0.6852525124357174
132	133	0.6503817330261376
132	131	0.5921041782789136
132	125	0.4791959212108872
132	123	0.477360347609717
83	190	0.8307648590742067
83	87	0.6379564000978561
83	55	0.5480010935128553
83	97	0.5107692582738022
83	182	0.5047725931432739
83	99	0.5045340891451772
83	193	0.4972227718784727
83	199	0.4764255343229331
83	81	0.47596159053165815
83	75	0.47527291908599956
83	191	0.4655078214345382
83	85	0.4625495935596086
83	192	0.4585076122918288
190	161	0.5191387228041116
190	182	0.6799333113843916
190	193	0.5993293833327226
190	199	0.5938612628155802
190	99	0.5452734799732087
190	55	0.5317916667821689
190	184	0.5206710894503389
190	87	0.5114858443410852
190	148	0.49550451242576593
190	75	0.48746515004832147
190	185	0.4816496463860325
190	81	0.47593838638340646
190	194	0.45548540926702147
170	65	0.7280239974039366
170	160	0.6936518151592884
170	175	0.6155944085919656
170	67	0.5887560369991794
170	66	0.5636385927844769
170	169	0.554308838568232
170	158	0.5498944499984859
170	62	0.5457932510051954
170	64	0.5401731080122573
170	37	0.538066341641981
170	173	0.5283403348273308
170	35	0.527294292282691
170	84	0.46872102885838346
170	60	0.4657349484824132
170	137	0.46082640591066243
35	62	0.8286774120010532
35	37	0.8141445344497665
35	61	0.7489590526057398
35	31	0.6987736725485097
35	67	0.6540134197035057
35	30	0.6269166428605298
35	65	0.6230592316385409
35	32	0.621883175586494
35	137	0.5924936874394106
35	167	0.5834978880655931
35	33	0.5811053454619198
35	68	0.555651312163076
35	175	0.5494897036201157
35	140	0.537696786277497
35	145	0.5316410384619175
35	34	0.5282826638706147
35	93	0.5219891577701066
35	91	0.5182323260087915
35	166	0.4989146076891276
35	2	0.4900073431748598
35	84	0.4743589504666406
35	69	0.45756727244798867
62	67	0.7344862705848597
62	31	0.7012470900830543
62	37	0.6419067292578058
62	34	0.6415597039778828
62	30	0.6342771292698479
62	33	0.6308037725942994
62	61	0.6130853922909646
62	65	0.6077904938905662
62	137	0.601771652417812
62	32	0.5922470304495224
62	167	0.5877816671276342
62	68	0.5695523443886641
62	2	0.559283538386807
62	93	0.525704136587576
62	140	0.5231594921907389
62	145	0.5121574593812991
62	69	0.4911691072703017
62	42	0.47426594714271847
62	91	0.47072398419704653
62	175	0.47006206342067536
62	41	0.4607161293335065
62	40	0.4591707641716553
33	34	0.8269148059054208
33	137	0.6743780456351917
33	72	0.41119621192078193
33	7	0.6448838109388146
33	146	0.6230775852112906
33	24	0.6008970488146906
33	145	0.598957587645768
33	135	0.5891609762567412
33	44	0.5868973738125389
33	41	0.5667147829363453
33	32	0.5659540058962473
33	30	0.5554923039722275
33	40	0.5529495898048213
33	171	0.5139331085763996
33	2	0.5129684663650691
33	67	0.5127842269035202
33	36	0.5122976077417793
33	31	0.503355346817696
33	136	0.48408818649198465
33	138	0.48067367261739147
33	45	0.47746843817906365
33	140	0.472869627381813
33	48	0.4605506877932894
34	24	0.7909634729865193
34	41	0.6392710219097858
34	137	0.6292055752495137
34	145	0.6114538155760225
34	22	0.6040058509102441
34	138	0.5927661791312977
34	40	0.5915063931819001
34	7	0.5629490658364092
34	32	0.5486724471296485
34	146	0.5409021615286645
34	36	0.5379455482099764
34	135	0.5297661372637752
34	2	0.5238854163203959
34	134	0.48690841629268766
34	26	0.4815113919500252
34	27	0.47351378169691943
34	30	0.46690094400975163
34	127	0.46596201418559313
34	140	0.46221938932310463
34	39	0.46177891754393957
157	150	0.7486867087672561
157	149	0.7099088103071712
157	154	0.707839227670271
157	53	0.6852206853875297
157	49	0.6822065527296439
157	144	0.6553048308781724
157	47	0.6546710312277073
157	153	0.6524827991337645
157	40	0.6110216075750263
157	136	0.6044693256310703
157	146	0.6026193417327051
157	14	0.5564457435341905
157	44	0.5511419535425792
157	130	0.5388261224574971
157	45	0.5347543253747258
157	17	0.5284484547314932
157	145	0.5084224725590285
157	48	0.5036763296832599
157	52	0.5001303804144583
157	46	0.4949912963911315
7	135	0.8177872030881536
7	44	0.7220094374411519
7	45	0.6853055517004317
7	149	0.6296705071684937
7	24	0.6135719780191476
7	136	0.6071216370662981
7	52	0.5584789860349305
7	181	0.555008115967255
7	36	0.5485116663772857
7	156	0.5419059331653523
7	79	0.534889978774441
7	145	0.5022794156037741
7	137	0.48413412467530365
7	143	0.47904953734367584
7	146	0.4716731097546897
7	134	0.4695399411509115
7	43	0.4690564904821588
135	181	0.7443616052473074
135	79	0.6785760080666506
135	145	0.6687343161800386
135	45	0.6622832888217017
135	36	0.6562737290582493
135	149	0.6286857678052212
135	156	0.6104573100736479
135	137	0.6054140531375434
135	32	0.5877554860036251
135	24	0.5697482389640606
135	52	0.5610676650032875
135	44	0.5598742477738794
135	134	0.5534423114756587
135	195	0.5467684430658769
135	141	0.5441622941810161
135	136	0.5388403156327372
135	139	0.5113898482685089
135	146	0.505301498787418
135	140	0.47394810591394076
135	144	0.4681512145524323
135	143	0.4606137169160242
135	10	0.45719559541389376
11	0	0.7137221163642969
11	106	0.6155012434612578
11	10	0.6130167337677589
11	141	0.5723763949115243
11	101	0.5151242297117874
11	139	0.49794508560629785
11	144	0.49279113110516676
11	105	0.48453214379586573
37	61	0.7987320184797889
37	65	0.6810447652005266
37	92	0.6147926261817402
37	31	0.6084899773927738
37	68	0.6047548255280973
37	166	0.5757888645528518
37	67	0.5724436295892007
37	84	0.5685312957465446
37	91	0.5391241148943073
37	69	0.5301976087684883
37	63	0.5268393059390379
37	175	0.5256679538784972
37	30	0.5217344766895295
37	32	0.5193870472589022
37	93	0.5156603203550792
37	60	0.5147127087078587
37	39	0.5090524807445174
37	64	0.5056960683903903
86	91	0.8137733166072876
86	84	0.7228413336211166
86	68	0.6851092701083296
86	69	0.6536871062185051
86	180	0.6282622535504746
86	92	0.6208210919184199
86	76	0.6195904031405777
86	60	0.6012291848264859
86	189	0.599790563334945
86	77	0.5975064011598306
86	64	0.5750062310662962
86	63	0.5338397314491911
86	67	0.528534938314507
86	94	0.5169877908428169
86	65	0.5107323015917761
86	78	0.4637042979630799
91	84	0.7736675885641718
91	92	0.7252770997749478
91	180	0.6819017155192852
91	60	0.6969628581849969
91	64	0.6763957331131375
91	68	0.6728211970054677
91	67	0.6203599414070408
91	65	0.6121108239607624
91	61	0.6087544005776186
91	69	0.5937058817604872
91	63	0.5678473633663582
91	189	0.5557895471230038
91	175	0.49384285810873607
91	94	0.48832616223772496
91	76	0.4858014012153235
181	32	0.8042037394046007
181	79	0.7782037821614253
181	36	0.797788791179091
181	141	0.7448517221237205
181	145	0.679427559037611
181	139	0.6582277185462744
181	140	0.6534465090468305
181	134	0.6089746499693218
181	166	0.57267216991832
181	137	0.5626142602175906
181	2	0.5494129122616409
181	10	0.5468245241542611
181	24	0.49914740778239913
181	0	0.4988244721874618
181	195	0.4661029206580403
181	144	0.46017241552912885
199	182	0.7681913048888893
199	98	0.7672057727098854
199	183	0.6729744153949819
199	97	0.6520518886956979
199	81	0.625567281435974
199	148	0.6062622194753615
199	193	0.5820119968077075
199	196	0.5095190763544097
199	194	0.5036614033298026
199	80	0.48704572989150396
199	55	0.47929606323691093
199	185	0.47681195159632633
141	36	0.809611372702661
141	139	0.7570466096232101
141	140	0.7218753736777418
141	144	0.6493419103597211
141	32	0.6463010107364152
141	166	0.6249399519041952
141	10	0.6076075903497483
141	0	0.5764168836103315
141	134	0.5454912729695729
141	145	0.5389183726283615
141	2	0.4915863086236397
141	143	0.47024901232403293
32	36	0.8117367593350531
32	2	0.7366432990713778
32	140	0.7329628348738378
32	145	0.6527755774420332
32	79	0.6431984057271565
32	166	0.6422593668497835
32	134	0.6151657065328169
32	30	0.5774509614325862
32	139	0.559242304887762
32	137	0.5541494876615884
32	31	0.5239362025428212
32	41	0.5092673000415853
32	167	0.49166972183190527
32	0	0.4677372696297516
32	40	0.46585240391973126
32	10	0.4625967551230882
36	140	0.6548938226108766
36	139	0.6374045720402999
36	2	0.6333677606113414
36	145	0.6225756739407605
36	134	0.6014845327907332
36	144	0.5933820289878456
36	24	0.5931552176734057
36	79	0.5576527112164061
36	41	0.544830641502726
36	10	0.5397480424898584
36	0	0.5312535540428063
36	39	0.5310597284369143
36	40	0.49402430521528523
36	166	0.4872516551502338
63	92	0.807185960854146
63	76	0.6975794335420658
63	81	0.6682807761577373
63	61	0.6668727511146125
63	64	0.6500989111524448
63	60	0.5942689273853743
63	74	0.5938353690484804
63	84	0.5925456010770472
63	65	0.5797061439537737
63	77	0.5760829155976173
63	169	0.5534700589256941
63	93	0.4953837868110757
63	73	0.4890873278461969
63	183	0.4867329249980458
63	68	0.4863894588150197
63	55	0.485021738210554
63	31	0.4722715861245002
92	61	0.7234662670327416
92	84	0.7242374489490205
92	64	0.6920816122058777
92	65	0.682900909020991
92	60	0.6488674066432212
92	169	0.6157434370170349
92	81	0.6104635834540773
92	68	0.6060408163620493
92	76	0.6016185412968449
92	93	0.5833725634322576
92	69	0.5468455532974708
92	175	0.5408455650916022
92	77	0.5154841158875032
92	183	0.47634822876913224
92	67	0.47605440049805575
47	153	0.8050499198057385
47	49	0.7120943884801398
47	154	0.6572802283358816
47	14	0.6025938671215002
47	46	0.5880041569774146
47	146	0.558960468583279
47	44	0.556563095014971
47	149	0.5362734932429855
47	48	0.533560817489105
47	40	0.5292840031529686
47	150	0.5114858443410852
47	53	0.5088820617129846
47	189	0.49436440257860037
47	179	0.47399462698254463
47	82	0.4731180359655341
47	136	0.4621092927463371
47	89	0.46122800739291786
153	49	0.6918262243285801
153	154	0.6661446977399443
153	146	0.6084332976936471
153	44	0.5904261339568296
153	46	0.5793209288199886
153	14	0.5721813708189682
153	179	0.5597575247249292
153	149	0.5521924047791421
153	48	0.5307940252814805
153	189	0.5279148969294041
153	173	0.5234426930111286
153	53	0.5130421489203923
153	40	0.5128874068227106
153	136	0.5043402479299232
153	82	0.49517247093245503
153	150	0.489976946866954
153	45	0.4862138513552827
153	168	0.47732174033334346
153	89	0.46139331781116216
29	133	0.8038501988582903
29	129	0.5666468956538188
29	124	0.5527412812304879
29	131	0.5421248611479198
29	123	0.5382581446178222
29	125	0.48993894980652464
133	129	0.5953932729749215
133	123	0.5913958616365849
133	131	0.5397480424898584
133	124	0.518422473550583
61	93	0.7088805196654551
61	31	0.6972815509516811
61	65	0.6485372710563683
61	68	0.6389515920889361
61	183	0.558816063364014
61	167	0.5416657340121261
61	84	0.5416516018943783
61	169	0.536544154154983
61	175	0.535375249237768
61	81	0.5299027995958699
61	67	0.5221346480431318
61	30	0.5067298784075095
61	64	0.479126584806541
193	194	0.7981520343113795
193	148	0.7219902887932519
193	182	0.7161956021712689
193	80	0.6641876881014218
193	185	0.6578081294056156
193	184	0.6480155071850132
193	55	0.6287220516888294
193	87	0.6041646211654119
193	73	0.5309448425857218
193	81	0.5221201003830308
193	188	0.5156823428474092
193	97	0.5102812780980075
193	187	0.5046608039855153
193	85	0.4752109874791877
193	191	0.47248133845139956
193	98	0.4585076122918288
193	74	0.4584918167315937
194	185	0.6948742909704778
194	182	0.6858567292205398
194	87	0.6460389017719432
194	55	0.6240066016155587
194	73	0.5894612239624832
194	184	0.5855453050287303
194	148	0.5690251343830394
194	80	0.5652671204729567
194	74	0.5587679207583794
194	81	0.5557895471230038
194	191	0.5394999604166337
194	97	0.4814115266180445
194	147	0.4666897764471224
76	77	0.7974249680016434
76	73	0.6410062733081408
76	84	0.573370682096492
76	80	0.5618961978358262
76	60	0.5458494173308319
76	74	0.5404846476724875
76	78	0.5321931778378258
76	81	0.5156162733262931
76	69	0.5145877357331083
76	187	0.5098003701956462
76	188	0.4992224892210086
76	184	0.477074610128395
76	68	0.47687376126749237
77	78	0.5998801909874835
77	60	0.5925780446013389
77	73	0.5445211771244843
77	188	0.5237910891675931
77	84	0.5183274061860016
77	94	0.4899085508177763
77	187	0.4731490817509465
77	69	0.46985948783653625
77	64	0.46847910052799263
180	189	0.794714584339707
180	175	0.6453800449478485
180	164	0.6178128458766626
180	84	0.600954548751202
180	60	0.5959223301761281
180	179	0.5315262514498236
180	172	0.5276046650043332
180	187	0.5151095366198548
180	171	0.5114636925342507
180	64	0.5043402479299232
189	179	0.6072415898583101
189	49	0.6542937404066103
189	164	0.5749861496848676
189	82	0.5604712473495889
189	173	0.5296006671016247
189	60	0.5218800201277498
189	168	0.5215088243281584
189	84	0.4600699380240162
139	140	0.5708413559190365
139	166	0.5455193699273367
139	145	0.5416021370710186
139	0	0.5212102688042373
139	71	0.48419537143498725
139	10	0.481849304919229
24	143	0.5832142189170387
24	39	0.5749325959473556
24	22	0.6092765536376625
24	26	0.5942948005480139
24	27	0.5793541472208268
24	127	0.5780904950804293
24	41	0.5224764305857837
24	145	0.500242852416403
24	138	0.48504468049412586
24	134	0.4741961877022751
60	64	0.7892350632681202
60	94	0.5893437551161724
60	84	0.6722461137234743
60	164	0.6156378797653395
60	78	0.559242304887762
60	66	0.4988695412872704
60	65	0.4972604094184854
60	50	0.4844709231347958
60	187	0.47035804636637657
64	84	0.6343727503687134
64	65	0.5971719445008812
64	67	0.5290968142019545
64	66	0.525487011802838
64	94	0.4803737248035856
64	169	0.4637042979630799
123	129	0.6167792072134352
123	22	0.5886057423942065
123	138	0.5726049614111198
123	124	0.5156089318898529
123	15	0.49232912657303823
123	26	0.46378279215541385
123	27	0.4590681669607672
79	195	0.5527760041246212
79	101	0.4715486964501602
79	30	0.4688146596631793
79	145	0.4681590228602805
79	196	0.46801065250992147
79	10	0.46161368187429985
79	134	0.4562617448622509
84	65	0.6595800881583799
84	169	0.6121796045666471
84	68	0.5705648937699435
84	69	0.5623544879186905
84	175	0.550075804250122
84	78	0.46631423603751776
84	67	0.461243752622177
182	148	0.7458739197319671
182	183	0.7241423391503653
182	185	0.7170711874100766
182	81	0.6816983590156558
182	196	0.6756300941916787
182	147	0.6223245260404291
182	184	0.6012036432735539
182	80	0.5997969658093447
182	55	0.5457581445608236
182	97	0.5040941454777392
182	98	0.4678310109893342
182	187	0.45814424112361674
154	149	0.7370363766735496
154	46	0.7113789139339767
154	14	0.6749392263144839
154	48	0.6548595544195296
154	152	0.4902048901314939
154	122	0.470661708337544
154	136	0.7160055942034047
154	49	0.6728376160231565
154	53	0.6724433766341616
154	44	0.6717964361098402
154	17	0.6547967224076688
154	150	0.6306532272061658
154	119	0.596283340546054
154	146	0.59489600482433
154	45	0.5771442668096255
154	52	0.5424354713158648
154	144	0.5024214679694143
154	43	0.49329069210906595
154	40	0.4649593310678077
154	130	0.45658633246460373
98	97	0.7060885248653446
98	80	0.6059585569929256
98	81	0.6048245907629313
98	177	0.5696334120628411
98	71	0.5639455550981697
98	55	0.5191168076132128
98	87	0.4806506037001262
98	85	0.4713464847880411
31	167	0.7638943566343299
31	30	0.7171634785282143
31	93	0.662120457107306
31	67	0.6048245907629313
31	65	0.6007053374397846
31	2	0.5513229506644045
31	68	0.5188464641359879
31	169	0.5124745982558095
167	183	0.5995023724939714
167	175	0.5849009415152194
167	169	0.5833923533794715
167	137	0.5526162629196533
167	93	0.5258922560123969
167	30	0.5141685491313114
167	166	0.4997628542712202
167	196	0.4930939341619944
167	65	0.4612673699213899
73	184	0.69514827939091
73	74	0.6697777775417216
73	75	0.63485653435742
73	55	0.6193192418319132
73	185	0.5778973774103369
73	80	0.552984301182667
73	87	0.5325944496415934
73	81	0.529938758794245
73	85	0.5051153076718039
45	149	0.7618040631770231
45	52	0.7135258200381094
45	44	0.7488712273839077
45	50	0.6742526269062264
45	164	0.6656604786546781
45	156	0.6648131398532358
45	173	0.6486589283614183
45	49	0.6229184981188092
45	136	0.5871136639004219
45	146	0.5465791331703242
45	14	0.524204582120073
45	40	0.5211301468267905
45	43	0.5156823428474092
45	46	0.5145289173548778
45	145	0.5023242771750572
45	195	0.48980214497473606
45	137	0.46898628877799114
45	17	0.45803361948944077
149	44	0.7602933782261845
149	43	0.6669338275147658
149	136	0.7428909130182598
149	52	0.6505086556557909
149	156	0.6353398210458131
149	17	0.6234261727352074
149	53	0.6109087977018622
149	150	0.6087103394345371
149	46	0.6016568232227781
149	49	0.587977986317435
149	14	0.5568460278201542
149	146	0.5417434551865198
149	48	0.5132484198547711
149	144	0.5099335766155035
149	173	0.5043626168189002
149	119	0.5002128615327658
149	18	0.4945608343236103
149	40	0.46918907752992817
149	164	0.46125949756094314
149	145	0.45596079911525794
44	136	0.7450075000755606
44	49	0.6706205517677178
44	146	0.6402751949994742
44	14	0.6195472737288046
44	48	0.6096662512692147
44	46	0.5964379854948243
44	17	0.5940165995850863
44	52	0.5863989324635422
44	43	0.566755511612692
44	173	0.5529634745862904
44	53	0.548679436676756
44	40	0.5205617456688454
44	156	0.5166140032726823
44	150	0.5064102220990264
44	50	0.5053312850011745
44	119	0.48931553243148157
44	145	0.47945780476448774
68	69	0.7575498787202053
68	67	0.6924461516720258
68	65	0.6458932198115754
68	42	0.5433382216396888
68	93	0.5197885629226234
68	30	0.5169291705285335
68	175	0.48030449011289844
68	172	0.4764951030236798
69	67	0.6035737531901448
69	42	0.5759826876662755
69	78	0.5680505935507193
69	65	0.5259501285643005
69	30	0.5090302544379379
69	40	0.4681668310950182
169	175	0.7562086817247924
169	183	0.6739634704026909
169	158	0.6048245907629313
169	65	0.653274573048751
169	147	0.5754144022269667
169	187	0.5238926717230913
169	172	0.48223312303967125
169	196	0.47850228810844453
175	172	0.7324950956315283
175	183	0.5841702085078385
175	187	0.5733304059472958
175	147	0.569950820415115
175	65	0.5680370470263555
175	196	0.5586991390742357
175	166	0.5506822663153509
175	158	0.5411002104869211
175	93	0.4554299301852821
71	177	0.7556043484665297
150	136	0.6653094869469811
150	144	0.6301771916961243
150	49	0.5928764348234111
150	146	0.5903414458495929
150	40	0.549566485696018
150	53	0.5414042402703843
150	130	0.4965901814223133
150	14	0.48297720242975906
150	20	0.47168088496279126
148	147	0.6212940932173768
148	80	0.5851574604338924
148	187	0.5745508829661643
148	188	0.573746459193962
148	185	0.5713602156655163
148	184	0.5587954312799142
148	116	0.5118328005564252
148	183	0.47279974891970045
136	146	0.6896667817124458
136	17	0.6367391360074076
136	48	0.5991242866322822
136	144	0.5990922331676501
136	119	0.595173756216619
136	53	0.5887364356631064
136	14	0.5508285666932742
136	46	0.5481270261537463
136	18	0.5094376288556508
136	130	0.5006625987560855
136	43	0.4932982587146711
136	49	0.4845474482195865
136	40	0.4702957429574592
136	137	0.46900969000456677
136	145	0.46373569651363933
40	41	0.7446869542345522
40	145	0.7169691521750468
40	144	0.6624909488389932
40	146	0.6320664799060045
40	49	0.5884423325316098
40	50	0.523166755194199
40	173	0.5029968762054204
40	53	0.48871444965772853
40	140	0.4833987935589145
40	137	0.4813807963086223
40	42	0.47236481598634766
41	145	0.7129215064629666
41	50	0.5467053459768225
41	144	0.5087560741769873
41	146	0.48683212055862424
105	8	0.4930863655409533
50	173	0.7396381462436437
50	66	0.7166920444749313
50	164	0.6074814124148666
50	49	0.5762632822266546
50	52	0.5710772578287361
50	94	0.5691130352317684
50	156	0.5647224958364135
50	195	0.5301760417105811
50	179	0.4854269535814681
50	14	0.47362238435452625
173	164	0.6818268069614843
173	66	0.6562224886005593
173	49	0.6025938671215002
173	145	0.5779373381019691
173	137	0.5737934143580996
173	195	0.5590910917161718
173	156	0.5328236403814489
173	179	0.528606999587475
173	146	0.5007375287005943
173	171	0.4997628542712202
173	160	0.46257317466858355
2	134	0.7136877725966767
2	30	0.7090048697277399
2	140	0.5544265935617023
2	166	0.5447110933039253
67	65	0.7133048526965056
67	42	0.6368699216044985
67	171	0.5897482651009219
67	54	0.5497409558910902
67	30	0.57650368377046
67	66	0.5243786105158361
67	93	0.5119434961345921
140	137	0.7051898141449567
140	166	0.7002648345502607
140	145	0.698712261556772
140	144	0.6326006171406908
140	138	0.6094211532505204
140	134	0.5717642056251361
140	146	0.5183347195150944
53	17	0.6581483681566299
53	27	0.5966505500199158
53	119	0.5823953993213269
53	130	0.5682808373710767
53	14	0.5462985713451188
53	18	0.5449501675581803
53	48	0.53352505089225
53	52	0.5320928225022973
53	49	0.5315836473966266
53	146	0.5111830441433403
53	143	0.5044819061275923
53	46	0.49780970434901256
53	21	0.45567559640284505
172	171	0.5216908077344159
172	166	0.4937294318226483
137	145	0.7312878266929302
137	138	0.6252324001828076
137	146	0.6800892109403439
137	171	0.5695861239330251
137	195	0.5042955081212728
137	164	0.47232597149491057
137	134	0.4661342299969829
145	146	0.6558978251304729
145	144	0.630605042654688
145	195	0.5926299502414614
22	27	0.7294168254381103
22	26	0.690499599738237
22	18	0.5805553575601557
22	138	0.5275685823866221
22	127	0.469126686259435
27	130	0.6118731469591377
27	18	0.5964315428391035
27	26	0.6669282754850405
27	17	0.4801813914384893
27	127	0.47140093126592075
65	93	0.5645930751359701
65	66	0.4716731097546897
65	160	0.4667132421381563
124	20	0.6717251002389323
124	115	0.4977043910403066
124	131	0.4835060718829579
124	15	0.47784664137091803
124	119	0.4758378274173819
124	129	0.4689238822878262
15	115	0.7257838575614872
15	119	0.6278625987735134
15	120	0.5879976144278304
15	16	0.5799583858746112
15	17	0.5938677360651429
15	43	0.555837922099435
15	186	0.525566632174222
15	14	0.5200074747346557
15	118	0.5162180134565988
15	117	0.5030566333320834
15	18	0.4948780404403998
115	119	0.6181836927362707
115	116	0.5447954825663679
115	43	0.5192848066319065
115	120	0.500647611866776
115	186	0.4743202003682945
115	118	0.47352153950717024
81	85	0.7256418553092336
81	55	0.7208345406778708
81	74	0.6665061045091517
81	97	0.6656437714372284
81	183	0.6625919358290556
81	185	0.6308639774564013
81	80	0.5925975097931254
81	87	0.5567977313625839
81	93	0.5451891532360329
81	184	0.493563042877493
81	75	0.4809120124693525
85	55	0.6092828414201641
85	80	0.5512463812906757
85	74	0.5085411039619403
85	75	0.485289356639074
85	185	0.46652549821243555
85	97	0.4628639545292263
183	196	0.7016433102456237
183	185	0.5705379149261506
183	147	0.5680031793688194
183	93	0.4670729671089382
52	156	0.7225929400666259
52	17	0.5175078336409553
52	46	0.4980127671352183
52	49	0.4791034713428476
52	43	0.4696334797492892
156	195	0.5616292730170689
156	164	0.5360668619988999
156	143	0.45698991820074325
55	87	0.6459281877733154
55	74	0.6051796153184424
55	185	0.6024664756438726
55	97	0.602103241483397
55	80	0.5816481862666727
55	184	0.5531439487982566
55	75	0.5067893339835756
49	14	0.6742798951566749
49	146	0.5847232829231875
49	42	0.5764703006330827
49	46	0.5307293790001623
49	48	0.5206492220602755
49	179	0.508785720263946
49	94	0.4981330748732286
49	89	0.485021738210554
30	93	0.5980976232073131
30	134	0.5045340891451772
185	184	0.6495847532515028
185	74	0.6318142063250036
185	80	0.5289887971458624
185	75	0.5256896637321935
66	160	0.563194927804731
66	94	0.4687522402970726
87	191	0.7006519466169278
87	97	0.5975835539596139
87	192	0.5170244260769938
87	89	0.4806659830522256
87	184	0.46001475275122145
0	101	0.6601898040282488
0	106	0.593440336672893
0	10	0.5691941629332545
134	138	0.551413429769607
134	10	0.5387125660429588
134	144	0.5186710506931242
134	166	0.4826397682137494
46	14	0.5658860324431682
46	48	0.5510235812199296
46	17	0.5146024395710227
46	152	0.46998415559313034
93	196	0.5477071540602657
131	129	0.5136313371747173
8	4	0.6142947573976725
8	107	0.606805839569965
8	10	0.4932528579612818
196	195	0.6731877305176023
196	147	0.6367688632245924
191	192	0.5503686515518753
191	89	0.5479031287254107
191	179	0.5289887971458624
10	43	0.4897869429486428
10	144	0.4893307436888119
184	75	0.6862272716455949
184	80	0.6063381074885814
184	188	0.5403076546742677
184	74	0.5291544162885613
184	161	0.4928441302599315
26	18	0.47719818466527597
26	129	0.47351378169691943
146	144	0.618615999839444
146	48	0.6157434370170349
146	138	0.48427957798233234
146	17	0.48151907338083216
146	14	0.4780781069586571
146	42	0.4568870612628206
106	5	0.5814364075320999
106	101	0.5220328080421065
89	179	0.6872945568514437
89	82	0.6061483667503396
89	94	0.4584523265636313
179	82	0.6354769599652498
179	168	0.5487842706792958
179	164	0.4794347008257703
75	74	0.528621410927914
75	80	0.515858498255477
75	186	0.48739653304267694
80	74	0.5510235812199296
164	195	0.6262059605428858
164	147	0.5467333898941243
164	171	0.4917227982670177
164	78	0.4631467798949833
14	119	0.6043677771171636
14	17	0.5612115406949434
14	48	0.5142862403607
14	43	0.5078438680797344
14	152	0.4637042979630799
195	147	0.5490497729124225
101	100	0.5097189542362468
101	99	0.5648586981518344
43	119	0.5398614202257256
43	17	0.5259211928970766
43	186	0.5248424721060955
43	116	0.45798620587427086
17	119	0.6629788295136735
17	18	0.5839989087504148
17	120	0.556694226275698
17	48	0.5455404418409873
17	16	0.5122090961615595
119	120	0.49844879144642135
144	130	0.658352382471186
144	138	0.5457862298696031
144	143	0.4937748043533776
130	143	0.5230069515637317
130	127	0.5210281601148783
130	138	0.48294653251638325
16	117	0.6490237014514002
16	118	0.5200950203384577
16	18	0.4766419506863873
16	120	0.4674325375365505
117	120	0.5497270000400216
117	118	0.4949459960287989
99	163	0.4322740967497184
147	187	0.5990409436298938
82	168	0.550842498297596
138	127	0.6059522288123077
187	188	0.6242629930243905
187	116	0.5481550078107592
188	116	0.5040792275454904
4	107	0.5739409631758409
127	143	0.48147298368638525
21	125	0.5955223589719127
171	54	0.46134608953139333
116	186	0.5835572426677532
143	39	0.5430421449894984
72	178	0.5557688138379304
54	159	0.44073288192690274
58	161	0.5406898996356612
58	59	0.4709963859325584
56	162	0.5190729751836131
56	163	0.42684303487660247
162	57	0.4693294407638857
59	151	0.4515137319492102
