19	121	0.931220385101639
19	119	0.8021809276512728
19	17	0.7200264949839632
19	120	0.7167114980177685
19	42	0.5255159657302431
19	150	0.44925779232839125
121	120	0.7557802094234582
121	119	0.79126278495432
121	17	0.7023635214555561
121	42	0.5028773475240276
121	150	0.464339891537304
121	136	0.4466519592661337
121	33	0.4335904591211618
193	194	0.9245226041929689
193	81	0.8459681838104286
193	180	0.7569057038843119
193	184	0.4338908506621895
193	88	0.8572026247110299
193	76	0.8410351258062942
193	90	0.8291467688511647
193	183	0.7881010576343863
193	187	0.7861990951761446
193	190	0.7851274441380265
193	198	0.7728231971500104
193	97	0.7648505454130385
193	93	0.7603440080841989
193	96	0.7453499257185582
193	182	0.744673590695801
193	185	0.7415255699516129
193	196	0.7333698058942786
193	87	0.7248312612103216
193	74	0.7235043925508955
193	73	0.7047370903431762
193	191	0.7032137490246926
193	177	0.6976615656438024
193	98	0.6976461672713268
193	80	0.6974510654245256
193	91	0.6891315584650464
193	75	0.6640367702678491
193	195	0.6500007471656472
193	156	0.6485546527004252
193	197	0.6333378173991222
193	79	0.6047040813451025
193	181	0.6025811293553618
193	63	0.5874936070538074
193	85	0.5863464390977297
193	160	0.5853021117741499
193	31	0.5697617465490243
193	83	0.5687072304993297
193	199	0.5435496222478094
193	169	0.5411709277163956
193	95	0.5324869895846733
193	55	0.5292048141139634
193	84	0.5260947886380275
193	147	0.5260152293641488
193	94	0.5147568115954366
193	71	0.5094968643055676
193	78	0.5084373025400165
193	166	0.49860660017407626
193	54	0.4953460561313607
193	165	0.4888894963615755
193	61	0.48884383579863133
193	38	0.4852664214779653
193	77	0.47514905116330414
193	57	0.46607943788766504
193	52	0.45096422744992143
193	66	0.43526168261278925
193	176	0.4345967966948621
194	90	0.8592574327716319
194	81	0.8411813942442382
194	88	0.8323997429539852
194	76	0.830640885984253
194	183	0.8058227180270021
194	187	0.7759059228860193
194	97	0.7629348019826874
194	93	0.7619718738602599
194	185	0.758111792498514
194	198	0.7564098399766523
194	180	0.7531178471845351
194	190	0.7367164675108963
194	182	0.734255921050609
194	196	0.7293513055944923
194	74	0.7269035031214637
194	87	0.7219519881792889
194	80	0.7105778085477141
194	191	0.7097698944431812
194	96	0.7091341470383064
194	177	0.6993821075947401
194	73	0.6914402081857888
194	91	0.6773060789943872
194	98	0.6326785868678659
194	195	0.6309663082898845
194	156	0.6129168502943132
194	63	0.5919093198791984
194	75	0.5891413892302281
194	181	0.5804757973606286
194	197	0.5796397460261999
194	79	0.5754745999532405
194	169	0.5655936589283873
194	71	0.5394432427854051
194	84	0.5370495669980353
194	83	0.5310166485303959
194	31	0.5281961482952222
194	165	0.5268320814975199
194	85	0.5236241711957735
194	160	0.5141170531287458
194	94	0.5121869665662624
194	147	0.5064176575482418
194	166	0.4863512866220061
194	199	0.4784560246466534
194	95	0.46617336502882256
194	61	0.46361009532278563
194	78	0.46328815721818406
194	66	0.4567921055516021
194	54	0.4491939366386316
194	57	0.4414094650886174
194	55	0.43882125050794646
194	52	0.4335173763312008
9	108	0.901823354123921
9	109	0.850456455173126
9	112	0.7722587447798208
9	3	0.7430745834321204
9	103	0.7367576171785627
9	12	0.6740944347942596
9	11	0.6607704828692404
9	111	0.6561598531545052
9	106	0.6541335791525399
9	113	0.6527583605835111
9	70	0.6344803009051146
9	13	0.5769508321358975
9	144	0.5396842589070382
9	0	0.5009323114382096
9	5	0.46520227801662595
9	114	0.44936952874092223
9	102	0.4417475686143911
9	40	0.4416831776121132
108	109	0.8683421187772336
108	112	0.8031414105685348
108	103	0.7776510218755575
108	3	0.7433118452558248
108	113	0.714310333182665
108	12	0.7084922641083942
108	111	0.7071299869151719
108	11	0.6714451238001821
108	106	0.6626704646137076
108	70	0.6506701410151327
108	13	0.645799958662716
108	144	0.5427741497130298
108	0	0.5359243202545259
108	114	0.5085781723166495
108	5	0.5077028565001023
108	102	0.4983210173241547
108	139	0.4593443623184445
96	198	0.8831488860539549
96	81	0.840888734299714
96	197	0.8272623227558956
96	190	0.7936436759335153
96	98	0.7847435679778154
96	183	0.771490747609057
96	97	0.766917641306069
96	185	0.7529490003318619
96	93	0.748216100958434
96	95	0.7474403763457909
96	196	0.7267148037461731
96	76	0.7250732277608477
96	88	0.701226759412046
96	177	0.6971890556245622
96	74	0.692961111631331
96	87	0.692482586188833
96	195	0.6900336563487899
96	90	0.6812859713742612
96	182	0.6737014144916132
96	191	0.6711704508863146
96	75	0.6428640945849822
96	73	0.6307917307103699
96	166	0.6220548588557233
96	83	0.6211405709625243
96	181	0.6150475942099284
96	187	0.6118856590310604
96	199	0.6102125884928397
96	79	0.582705897638511
96	61	0.5821574558282299
96	63	0.5688492936689028
96	71	0.5540386108965144
96	176	0.5391453949057861
96	91	0.5355321728877186
96	80	0.5231812809731341
96	85	0.5191533325521496
96	54	0.5102590893678227
96	38	0.5079477539377556
96	147	0.5052195804909847
96	156	0.4921169659630696
96	180	0.4682292943408885
96	55	0.44805973471781013
198	183	0.8554155231440526
198	197	0.829708458087739
198	98	0.7907012641019109
198	176	0.5853809968057365
198	81	0.8502072130317232
198	196	0.8212678757201815
198	185	0.8150193193154273
198	97	0.8016097858692758
198	190	0.798405959731229
198	76	0.7708016810937066
198	182	0.7583668363628968
198	177	0.7555743125331087
198	195	0.7473785832763327
198	93	0.7433655389663109
198	74	0.723308952615646
198	187	0.7232994159945075
198	166	0.714413167512533
198	95	0.7132360783627689
198	87	0.7078042984856868
198	191	0.7020847367731109
198	199	0.698323086077807
198	88	0.6683084452733882
198	181	0.6650251352127071
198	90	0.6586582226679896
198	73	0.6436437727485577
198	61	0.6227471159187716
198	63	0.6216378100377286
198	79	0.6067995216648971
198	75	0.5948184674402874
198	83	0.5928375235873027
198	80	0.5819524801071178
198	147	0.5713467445615019
198	156	0.5695591004514546
198	71	0.568070912760138
198	91	0.5431056013585625
198	180	0.5287510992791299
198	38	0.5244728576100226
198	54	0.5236822341815824
198	165	0.5173394108994173
198	175	0.484111155917232
198	169	0.476193595566354
198	85	0.47000752871037826
198	160	0.44816363018718214
198	55	0.4420292257353863
198	140	0.43115129570341193
81	93	0.8767867703533335
81	183	0.8717682886952356
81	74	0.8512569776531925
81	76	0.8488435190707841
81	185	0.8435627089748001
81	190	0.8121116162471109
81	97	0.8108480688151702
81	73	0.7175178368262004
81	54	0.5384498918524279
81	90	0.8110877005490894
81	88	0.7760252860977008
81	98	0.7680273016556558
81	196	0.7674935948013599
81	87	0.7544650553864561
81	195	0.7263323513722828
81	63	0.7260298483524135
81	182	0.7169399936066443
81	91	0.7075247403843261
81	177	0.7026167752382066
81	197	0.6971273791743547
81	191	0.696690208826109
81	61	0.6937088839921353
81	187	0.6735211527087357
81	166	0.6690879532038512
81	75	0.6591618180421687
81	80	0.6454033837292441
81	180	0.6313453429263604
81	83	0.6291814106275831
81	199	0.6067805674896461
81	181	0.5991563381765709
81	79	0.5819855457105045
81	95	0.5745776780016608
81	71	0.5650561368528844
81	94	0.5606152635129066
81	85	0.5421954673834374
81	169	0.5409799736322718
81	31	0.5270271146989831
81	55	0.5136313371747173
81	84	0.5031387915280299
81	147	0.4893611653102775
81	156	0.469103288325577
81	66	0.46694004327236915
81	38	0.4604876540258863
81	165	0.4590602743603542
81	175	0.45175254019944294
81	141	0.44171537368210206
81	160	0.4402009292801068
93	63	0.7751486644329698
93	94	0.7001476009634362
93	74	0.8184155517784406
93	195	0.7915243722661831
93	90	0.7838969170837511
93	183	0.7745492511088317
93	190	0.7710856331757044
93	196	0.7635609806446986
93	87	0.7569355988632053
93	185	0.7555142311339129
93	91	0.747735921329209
93	76	0.7437455952562998
93	97	0.7370637821043563
93	88	0.7267383971685697
93	61	0.6993207986895231
93	98	0.6914297698326701
93	191	0.6551792861534855
93	83	0.633786766469415
93	166	0.6318562612215812
93	73	0.6286918153092548
93	75	0.6134722035165385
93	180	0.6044375938303331
93	92	0.59497353113876
93	182	0.5905368603285444
93	177	0.5830228268111435
93	197	0.5784166502421526
93	169	0.5575148911563632
93	55	0.5561073709152236
93	66	0.5515734764116333
93	85	0.546803494321085
93	199	0.5359314480675557
93	80	0.5307150123211425
93	187	0.5222946522509763
93	54	0.5161373217890459
93	181	0.489072111825645
93	95	0.48645816408374937
93	84	0.4851517356558206
93	31	0.4723725846644571
93	175	0.47028795470169005
93	79	0.46363364696560055
93	170	0.45683167169650934
93	38	0.438966577491133
93	71	0.43747993105408556
183	196	0.8407129019256198
183	185	0.8395951695731604
183	76	0.8040270401954794
183	182	0.77863724968869
183	97	0.7715716955231351
183	98	0.7713692788911974
183	74	0.7673291628971807
183	190	0.7653895139460661
183	195	0.7609045373101541
183	166	0.7579288682793427
183	187	0.7413319480995417
183	177	0.7233470963411139
183	63	0.7165655692569172
183	61	0.7097450822278065
183	90	0.6994689442629495
183	197	0.698906694370138
183	199	0.6611815536404624
183	181	0.6604266810906314
183	191	0.6602462152461153
183	87	0.659828595828844
183	88	0.6595009872796028
183	91	0.6411299699564456
183	80	0.6276626471280287
183	73	0.623371149065425
183	180	0.6122608787952419
183	79	0.6016887227164777
183	165	0.5920652121361157
183	71	0.5697549927950226
183	147	0.5655052389319254
183	83	0.5553885810853816
183	95	0.5545097013703241
183	175	0.5496990874172465
183	75	0.54618631227441
183	169	0.5016286189927202
183	167	0.4911691072703017
183	31	0.48840231227479297
183	170	0.4860458422465901
183	54	0.4834907472972003
183	85	0.4799967079589424
183	176	0.47882605795638494
183	156	0.4778929397986894
183	66	0.4715020366204608
183	84	0.4712842558423599
183	55	0.4687990552605724
183	141	0.46478687460933765
183	140	0.4495690230817564
183	94	0.4378841482569062
183	160	0.4363228938313607
183	92	0.4361447598218563
183	77	0.4318267639332068
88	90	0.8707081408185618
88	85	0.6284438052886259
88	76	0.7745492511088317
88	87	0.7489107519895372
88	97	0.7378757078481444
88	191	0.692846737119108
88	190	0.6835673976772979
88	180	0.6645061147023058
88	80	0.65270670596199
88	74	0.6455550564371964
88	91	0.6427878138621879
88	187	0.640345995280295
88	177	0.6399505544885448
88	73	0.6372204838936448
88	182	0.6233528064700876
88	98	0.6000721995540208
88	79	0.5923184425769779
88	196	0.5916688991943844
88	94	0.5800711949573581
88	156	0.5789819912056815
88	185	0.5781903581271233
88	75	0.5779772960223244
88	197	0.5753341288926149
88	31	0.553400687997065
88	83	0.5508982216452597
88	195	0.5347828862762477
88	181	0.5339255277695364
88	71	0.5252987816057122
88	52	0.5219236772353466
88	95	0.5166506578244201
88	63	0.4984713375733413
88	84	0.48716013950078835
88	78	0.47569083424083725
88	54	0.47175863300958126
88	160	0.46481823295277064
88	66	0.4609996689273444
88	147	0.46039309466667133
88	169	0.4437253687019931
88	57	0.43137921857892714
90	76	0.7667528558315212
90	87	0.7457585426148792
90	97	0.7442277976307559
90	74	0.7161030474445059
90	73	0.7086316872855584
90	91	0.6805994858379109
90	190	0.6746995940676347
90	185	0.6569847763765033
90	180	0.6547053142314732
90	80	0.6389930120966998
90	191	0.632366631005757
90	182	0.6264976485708197
90	177	0.6143134363119671
90	85	0.6024983263916819
90	94	0.6018354356671388
90	196	0.5968823431457017
90	187	0.5883638787175667
90	75	0.5857949614107554
90	63	0.5847561868952947
90	195	0.5534284372899321
90	98	0.5487073940981854
90	83	0.5349685023521289
90	181	0.5167093011682667
90	79	0.5085855857613725
90	31	0.5063879152995328
90	197	0.5005651786108465
90	71	0.4810273126965375
90	84	0.47473860414831087
90	54	0.4743357006282012
90	156	0.47352929724395165
90	66	0.46908768933713063
90	57	0.4690798897331468
90	55	0.45725096169500534
90	95	0.4429781703237274
90	61	0.43948310964684484
90	169	0.4370269978043183
90	147	0.43686518218227877
109	106	0.698394807346935
109	5	0.5299459504052529
109	112	0.7985871613416389
109	103	0.7634358595985365
109	3	0.692248302657356
109	111	0.6666783574931799
109	12	0.6434270037385941
109	11	0.6421183444176097
109	113	0.6405229483835216
109	70	0.6315557874859375
109	13	0.5953158066184802
109	144	0.5231740181216639
109	0	0.4857020753332231
109	114	0.4593838115502128
109	102	0.43843359964834
109	40	0.4347914465383497
61	166	0.8652337672019806
61	63	0.8077080046199152
61	92	0.7549987261198411
61	175	0.7002852191457248
61	199	0.6937503831277229
61	195	0.6908499884866526
61	185	0.6903949432260241
61	174	0.6851517178047752
61	74	0.6843071967761427
61	98	0.6830449669697022
61	141	0.6828261913892317
61	167	0.6501855084181348
61	196	0.6167234416111705
61	170	0.5927661791312977
61	190	0.5683146892536737
61	65	0.5566321149254744
61	91	0.5398826763708666
61	66	0.5358173938912181
61	55	0.5301329055365591
61	76	0.525827143570625
61	182	0.5233700884362239
61	97	0.5107249100288641
61	94	0.5027577996064418
61	197	0.49586657441787074
61	73	0.4904251715682883
61	31	0.4750638810404027
61	36	0.4721550339363904
61	169	0.4715253668653299
61	140	0.4526832738166919
61	75	0.44942539167547874
61	85	0.44893846798742965
61	38	0.44862701631412694
61	181	0.4441749972949039
61	54	0.4419246204036883
61	147	0.4363957569798053
166	175	0.7619718738602599
166	141	0.7560116649275603
166	167	0.7279205850095053
166	199	0.7692140439078627
166	195	0.7635609806446986
166	63	0.7523681037270689
166	185	0.746888194624984
166	174	0.7066997536065067
166	196	0.704525622597294
166	98	0.7008758757819273
166	92	0.6656771852048612
166	170	0.6180168456830013
166	197	0.6131602819371664
166	182	0.6067300196486048
166	190	0.6045391288412404
166	74	0.597975576285255
166	181	0.5434439305600773
166	140	0.5295574943418128
166	97	0.5142715300161358
166	76	0.5040270124138713
166	95	0.49124497883427815
166	177	0.4882728527863949
166	147	0.4861451246998742
166	55	0.47780805731972065
166	73	0.4761703980451794
166	65	0.47264444215648715
166	31	0.4633509840161677
166	75	0.4539465372847689
166	169	0.4514500388206914
166	176	0.4469400936530246
166	165	0.44491318731796425
166	187	0.43573978266703245
166	38	0.4315501246077533
74	76	0.7809885806698397
74	185	0.776660951895433
74	63	0.7406961819792505
74	97	0.740013851904267
74	190	0.7184867813719582
74	91	0.7175178368262004
74	87	0.6997293303830175
74	195	0.6681091863661769
74	196	0.6575470977441541
74	73	0.6290726547764153
74	98	0.6254942360837831
74	83	0.6204706566806047
74	177	0.6169154970679726
74	191	0.6054267224606231
74	84	0.5969788942207989
74	169	0.5815489247990172
74	180	0.5788955633199419
74	75	0.5703760160035537
74	80	0.5562593161334869
74	182	0.5457651660029798
74	94	0.5422519468594956
74	197	0.5354109169500829
74	54	0.5336180400747677
74	187	0.5330813865589122
74	55	0.5060457928417421
74	199	0.48315353143422984
74	71	0.47899559972719474
74	66	0.46289538422568666
74	79	0.461889056855202
74	92	0.45945481560062285
74	165	0.45907605948871566
74	175	0.4466519592661337
74	141	0.4380296231342164
74	95	0.435674969940508
76	187	0.7982608942411189
76	80	0.7619718738602599
76	97	0.8014667713196788
76	182	0.7625165525371222
76	91	0.737492817487379
76	196	0.7279393897268384
76	185	0.7271203717872634
76	180	0.7234138372388713
76	190	0.7228699824029552
76	177	0.7195879865033428
76	87	0.7154300517353115
76	191	0.7148437568638799
76	98	0.7007944629718985
76	73	0.6708790962531219
76	63	0.6247814691420982
76	197	0.6224348018794854
76	75	0.6124733810002869
76	84	0.6080930891318189
76	156	0.6079544215681538
76	79	0.5992781165315539
76	195	0.5967600202958235
76	165	0.5876376557109646
76	181	0.5703422814814954
76	71	0.5650425224677842
76	77	0.5393510661933836
76	83	0.5318633827304498
76	31	0.5276696089189058
76	147	0.5203502992682154
76	199	0.5173467344608685
76	95	0.5146318463388627
76	169	0.5124303547082725
76	86	0.5064027865745029
76	94	0.5042955081212728
76	54	0.4962058510419666
76	60	0.48514408934079084
76	78	0.48483817590723743
76	55	0.47010101458799625
76	66	0.4604482555627694
76	52	0.4562934172930043
76	85	0.44784391314578287
76	160	0.4459953072491124
76	176	0.4364524243606847
185	190	0.7621395822810539
185	196	0.7454876744674811
185	195	0.7276007372357298
185	98	0.7078941093958863
185	182	0.7072299662104885
185	97	0.6938955938303883
185	73	0.6938748528985231
185	63	0.6872312364863238
185	197	0.6691487040765582
185	187	0.6522185573917906
185	177	0.6513557975467974
185	199	0.6390640092040193
185	191	0.6291451614140355
185	87	0.623187692239267
185	75	0.6081182974304438
185	181	0.5772242898064983
185	91	0.5655052389319254
185	141	0.564565825134198
185	83	0.5426894966530487
185	175	0.5414749245881313
185	80	0.5305569587231274
185	169	0.5292264120390066
185	95	0.51231973393655
185	180	0.5091784169921314
185	147	0.5038628837273884
185	55	0.48713725891644544
185	71	0.4849299623997875
185	167	0.4790649474268453
185	54	0.47897248249854674
185	79	0.47784664137091803
185	170	0.4623373341301835
185	165	0.45651509193443474
185	92	0.4466199386129759
185	31	0.4453061072323621
196	195	0.8275461846782206
196	98	0.7536324338386253
196	190	0.7444017358808028
196	182	0.7230847690650267
196	197	0.7126263344823417
196	187	0.7022672383659178
196	97	0.696154613286231
196	63	0.6597890701676085
196	199	0.6538588804775156
196	191	0.6487342234189941
196	177	0.6465746062601445
196	87	0.6293928098293765
196	91	0.627941344858064
196	181	0.6156502994124377
196	175	0.6054773966848512
196	180	0.5958126900519071
196	95	0.5932783555030251
196	170	0.5684974561763424
196	79	0.5604575297562064
196	165	0.5543296204739825
196	83	0.5476791527718848
196	73	0.5392234157251159
196	80	0.5324869895846733
196	147	0.5293631829715428
196	75	0.5233918706067291
196	169	0.48093507384571854
196	55	0.4683776257953134
196	167	0.4628089497599636
196	92	0.45888661881892556
196	71	0.4498083571034733
196	66	0.4473561240937671
196	156	0.4443274990515878
196	84	0.4384578326089573
196	31	0.4381104325991787
196	94	0.43803770439931033
196	38	0.4340531843189497
197	95	0.769377317564061
197	98	0.7465475370997926
197	190	0.7017752872993861
197	182	0.6699982775470449
197	97	0.6613503718354927
197	199	0.6569222510477575
197	177	0.6541335791525399
197	195	0.6210668633420103
197	187	0.6180044844266445
197	181	0.6085214634321711
197	79	0.5861823655868288
197	191	0.5625527452354502
197	176	0.5502780228029265
197	87	0.5433875546136773
197	75	0.5420118752469013
197	73	0.5232611673235533
197	71	0.515498801258625
197	147	0.5105031280347581
197	38	0.500070388446075
197	83	0.4943341778274365
197	156	0.4913511865011345
197	80	0.4682917529073945
197	63	0.4639319110625737
195	190	0.7375110611229534
195	63	0.6889267153204207
195	98	0.6887848363380807
195	175	0.6345101716948565
195	199	0.6249887054711682
195	87	0.6145188589311804
195	191	0.6098798313898053
195	97	0.6081119954707572
195	91	0.6058509674922246
195	182	0.5929023741095668
195	92	0.5841043301428911
195	83	0.5701600818144281
195	75	0.5613827770680664
195	170	0.5601488026034368
195	95	0.5406615928461712
195	177	0.5377038950609331
195	180	0.5201460835612207
195	73	0.5175078336409553
195	174	0.5161373217890459
195	167	0.5122459773090762
195	187	0.5045489979017935
195	94	0.4921169659630696
195	181	0.48755663002398497
195	141	0.4808889504275471
195	169	0.47882605795638494
195	55	0.47073176834971137
195	54	0.4551841945900026
195	147	0.448802720405711
195	79	0.4423912282775027
190	83	0.7513857255565202
190	75	0.6858461370643074
190	191	0.7331293864929996
190	98	0.7213481697179042
190	87	0.718085007170228
190	97	0.7071649828855582
190	177	0.6445039706071835
190	73	0.642388599226796
190	182	0.6233650349432063
190	187	0.621060720544347
190	95	0.6067237008234342
190	91	0.5734445145062272
190	199	0.5705918713823097
190	63	0.5685922021248518
190	79	0.5388048321210569
190	181	0.53717052417331
190	180	0.5171636226925288
190	55	0.5137638378360226
190	54	0.5112790677080683
190	80	0.49972534147940195
190	71	0.47891853971476667
190	156	0.46820587117203555
190	169	0.46711987636488295
190	147	0.4585549972343587
190	85	0.45710067354410194
190	38	0.4566892251164358
190	94	0.43659812458332103
190	175	0.4328593746440428
97	177	0.7789520327667899
97	87	0.7787553393104729
97	182	0.6745742751174502
97	98	0.6685518537636919
97	187	0.6681091863661769
97	191	0.6605225225511578
97	80	0.653085365596533
97	91	0.6396256853679113
97	71	0.6274080433922042
97	180	0.6268013037740473
97	73	0.6120420340919566
97	63	0.6084521916164383
97	83	0.581409929648146
97	156	0.5716766979811315
97	95	0.5533868128899264
97	79	0.5487912589991873
97	84	0.5373270241981521
97	75	0.5238636496561883
97	165	0.515506143830633
97	181	0.5148156112079043
97	94	0.4932150219472716
97	54	0.49160147533254633
97	147	0.48881339393522666
97	66	0.48166500651042937
97	199	0.4791882174612805
97	86	0.47010101458799625
97	85	0.46012511974245346
97	169	0.44905822805959006
97	38	0.4422223116870299
97	176	0.441940714314038
97	52	0.4400557976164624
126	128	0.8101275396114225
126	124	0.6331581182987266
126	123	0.621484394590431
126	130	0.5954449110632533
126	125	0.5878143918014483
126	127	0.5712052793817204
126	138	0.4698750723313176
126	133	0.46943859577366465
126	136	0.4512748589950923
126	129	0.4321033220376084
128	124	0.6856236346523393
128	125	0.6692260104355866
128	123	0.6239882827997982
128	133	0.5395637618999247
128	127	0.6236584268292981
128	130	0.6086159100548245
128	138	0.5099927716203307
128	136	0.5082444892632207
128	29	0.5062614973004671
128	129	0.4917531260180742
128	149	0.4902276807712953
128	173	0.4721861161343063
128	155	0.46638466267463696
128	25	0.4622744322686099
128	53	0.4450816025538627
128	144	0.436233831100553
182	187	0.8087828938827835
182	147	0.6992339267911462
182	181	0.6858461370643074
182	98	0.7170177442144684
182	80	0.7061938114410131
182	199	0.6509064955791698
182	177	0.6472898248681698
182	180	0.6068247928251228
182	73	0.5983159537399481
182	191	0.5919158162743157
182	156	0.5795202103580498
182	75	0.5734780716134815
182	79	0.5665314696156838
182	91	0.5556098356831807
182	87	0.5368360592763955
182	77	0.5361238701395216
182	95	0.5318705539057296
182	63	0.5243641098223043
182	165	0.5231885437486088
182	31	0.5223964539679146
182	71	0.5009098390959219
182	175	0.4970496150906226
182	78	0.4816112447803517
182	176	0.4582469485069769
182	140	0.43958799475139737
182	167	0.4388454732663585
187	156	0.729374707074729
187	80	0.7214344967352896
187	177	0.6847004730629556
187	180	0.6845251423166135
187	165	0.6583467167124806
187	98	0.6486705130430198
187	191	0.6371195014461092
187	181	0.6330442735530946
187	147	0.5946245755497235
187	79	0.5674000131882792
187	73	0.5588091860795096
187	199	0.548322871984774
187	87	0.5452664531665734
187	91	0.544500071879093
187	176	0.5341399704734118
187	78	0.5301976087684883
187	52	0.5257764962994322
187	71	0.5105253092917315
187	95	0.49930507014547565
187	140	0.4950894379454253
187	60	0.4926472578247877
187	75	0.4817801980102336
187	84	0.4776845759670551
187	77	0.4738550558391305
187	160	0.4415865825763747
187	31	0.4380457855936066
63	169	0.5859854138875707
63	55	0.5583688800016201
63	92	0.7168281958531106
63	167	0.6950449112471189
63	175	0.6446559449415495
63	170	0.6270865661747315
63	174	0.624683915692466
63	91	0.6184863470068374
63	65	0.6146059827552011
63	141	0.6132975510011095
63	98	0.5956127008760302
63	31	0.5955997958120923
63	66	0.5857029956722809
63	85	0.5666808402568425
63	199	0.5590360958843816
63	94	0.5485815760376109
63	73	0.5038181150423413
63	87	0.4977495271127354
63	177	0.4743046998143017
63	160	0.47352153950717024
63	36	0.45672088193619226
63	54	0.4532952703217703
63	75	0.45048611938217686
63	180	0.4462436102487797
63	80	0.4455225408718456
112	12	0.7626839288801454
112	11	0.6823294901081434
112	113	0.755844521573355
112	70	0.7048830307464102
112	103	0.687146793085486
112	106	0.6591900923951581
112	111	0.6478414505820873
112	3	0.6389989289381962
112	13	0.6261390906665331
112	114	0.622042597748132
112	0	0.5797658955069611
112	139	0.5402297626049439
112	102	0.5230723302217162
112	144	0.4995752715660385
112	110	0.4748780244193235
112	176	0.4711597838735223
112	5	0.4648652682815604
119	17	0.7759855045351498
119	49	0.5600527224047236
119	120	0.6396375027963874
119	154	0.528390792915457
119	42	0.4647711950003624
119	150	0.4572667799815053
119	136	0.4498243104087902
119	48	0.44162683175217077
119	33	0.4402331776379336
91	180	0.7968051355252382
91	84	0.7010386466322385
91	87	0.6461903610996131
91	94	0.6423768523381246
91	80	0.64164207273959
91	86	0.6392946746073757
91	191	0.5575493490531019
91	98	0.5492034341053721
91	73	0.5325586315301865
91	169	0.5126884037125362
91	75	0.5068710775291083
91	175	0.5025335954185662
91	92	0.4955799562150573
91	83	0.490645390355689
91	189	0.4882728527863949
91	66	0.48725928097132204
91	177	0.4815421172294027
91	54	0.4798427725512274
91	89	0.47767685775572777
91	165	0.473451716570073
91	60	0.46661155273150645
91	55	0.45437515574767423
91	77	0.44922586505722395
91	68	0.4341586860835301
180	80	0.7244418417345342
180	84	0.6881694173905467
180	86	0.6457766403638345
180	87	0.619916833014158
180	94	0.5661442906350986
180	191	0.566042359883409
180	165	0.5628807531560536
180	156	0.5455334179464062
180	60	0.5315692988675631
180	98	0.5277345466653636
180	73	0.5237910891675931
180	177	0.5144774473016394
180	52	0.4908731369562875
180	175	0.4827778268121407
180	77	0.4705838569180048
180	169	0.46606378234258117
180	75	0.46409669611405063
180	189	0.4630839379618923
180	66	0.44990407262960225
180	89	0.44601132886991723
180	79	0.44111150809630245
180	179	0.4366709661078867
98	199	0.7857021292501248
98	38	0.6140082611635626
98	95	0.6565867336833974
98	181	0.6519599065666316
98	177	0.6152465043207939
98	191	0.5975128309824176
98	73	0.5761096401207556
98	79	0.5746245663501502
98	87	0.5732095608732422
98	176	0.5653351639347078
98	147	0.5512951083302519
98	75	0.5496223213752893
98	80	0.5254797731307956
98	175	0.518034810857537
98	83	0.5120836861295129
98	31	0.4848534743977531
98	71	0.4705994277881268
98	156	0.4686429951413284
98	85	0.45800991300759447
98	165	0.45615088225061906
98	55	0.4528581735233458
98	141	0.44961689505200275
98	54	0.44905822805959006
98	94	0.4328187421265792
98	140	0.4328106154120409
12	113	0.7900632615498875
12	111	0.7379576940572035
12	13	0.7249925921238333
12	70	0.6953032777231108
12	114	0.6433801211901855
12	103	0.632348627290894
12	11	0.5951931289167068
12	3	0.5938159479158637
12	0	0.575681899950167
12	110	0.5700925862182132
12	139	0.5591048399054634
12	106	0.5536018425356706
12	102	0.5496502373736981
12	10	0.4630368034563308
12	144	0.4428977897292488
113	70	0.7386945903350428
113	139	0.6619013779111452
113	111	0.7114875637371425
113	103	0.6655936457811797
113	13	0.6489889740050084
113	114	0.6360012953605568
113	106	0.6261330111300755
113	110	0.5892066766260095
113	3	0.5769708456216065
113	0	0.5470978491971928
113	11	0.5277561912101277
113	102	0.5108283850388495
113	142	0.4458991715221346
53	157	0.7882904313572673
53	173	0.6983691942178991
53	51	0.6596535258949668
53	150	0.6314355448420947
53	155	0.6070079720487921
53	50	0.5837616385782288
53	49	0.56980226745687
53	47	0.5536642566757642
53	42	0.5233119993041363
53	153	0.5104217909463846
53	40	0.5078735512609677
53	154	0.48661845298235107
53	149	0.47725224259192217
53	20	0.46521794960762525
53	33	0.46493581635519954
53	45	0.46384558226733796
53	35	0.4582548485681166
53	136	0.45330321551973396
53	41	0.4492657739668932
53	34	0.4327293443976974
53	130	0.43104545565888097
157	150	0.7220573042221902
157	51	0.6719719790220331
157	49	0.6627545864296194
157	173	0.6816876531227472
157	155	0.652741143050669
157	154	0.5817209670023883
157	42	0.5789553993956941
157	50	0.5755214160961957
157	47	0.544134138072268
157	45	0.5391453949057861
157	20	0.5206054852307812
157	149	0.4944852896296023
157	153	0.4927154116839228
157	136	0.4867405558715009
157	43	0.4842106823835611
157	33	0.4644575416117473
157	40	0.45896555750337875
157	125	0.45636467603503156
157	164	0.45596872007663786
157	124	0.45124300438003623
157	48	0.43920873809689814
199	175	0.6137153695493752
199	181	0.5940683686671939
199	141	0.5910771463454385
199	38	0.5780572035492064
199	95	0.5598467855258106
199	176	0.5462073623448545
199	140	0.5278283347427315
199	167	0.5244076109904448
199	147	0.5162986959606837
199	170	0.5060978652329744
199	177	0.4928971257579773
199	174	0.4808582000033676
199	73	0.47763826559305267
199	31	0.4731490817509465
199	79	0.468494710928375
199	75	0.45576275160649116
199	165	0.45011939477617235
199	191	0.44087790623510176
177	71	0.6407352023580112
177	191	0.6629788295136735
177	87	0.657955599181391
177	73	0.5752404626590952
177	80	0.5732565591433278
177	156	0.55256763797015
177	79	0.5386415833421494
177	176	0.534590076479433
177	95	0.5245743401089137
177	181	0.5078438680797344
177	165	0.5046086299193816
177	83	0.48091969966874615
177	75	0.4650768947906415
177	84	0.4386839761639385
177	147	0.43535894320438323
87	191	0.7452832502413391
87	192	0.3308300230380485
87	83	0.6537100133462158
87	73	0.5848022492238855
87	84	0.5683214593993373
87	80	0.5514412668847805
87	75	0.5474550982977459
87	94	0.5436130289885481
87	54	0.535689059565454
87	71	0.4978397911698263
87	95	0.4970194968246222
87	89	0.49060742606932434
87	156	0.477900655945195
87	86	0.47055271429846857
87	79	0.4461875478328248
87	66	0.4316233605672023
103	3	0.6993310175550068
103	111	0.6915706632422292
103	106	0.6284075004167194
103	70	0.6201261279534879
103	13	0.6149481097876556
103	11	0.5771375977261824
103	102	0.5387764439351292
103	114	0.5199491049284637
103	0	0.5022644611457767
103	144	0.45636467603503156
17	120	0.6353040390831262
17	136	0.4997328441877397
17	48	0.4936840566036287
17	49	0.4841647486482159
17	154	0.4722249672306131
17	33	0.4697503881720008
136	149	0.7740687165531439
136	123	0.6397674745549358
136	33	0.6196335288113531
136	48	0.613197722627812
136	44	0.5844402293387487
136	154	0.649983421856948
136	45	0.6480329091237799
136	164	0.6358226105670994
136	127	0.6023581687474262
136	49	0.5795534172121093
136	173	0.5756685279892076
136	146	0.5606221205797278
136	155	0.5514760615518497
136	125	0.5464879640301347
136	120	0.5300394344119894
136	42	0.526774283225012
136	150	0.5057035110676169
136	51	0.48944481862839223
136	138	0.4847693290283733
136	43	0.4713309279915648
136	143	0.47024901232403293
136	50	0.47014775357178257
136	47	0.4663455374949792
136	130	0.455841976026898
136	26	0.45578651969093326
136	34	0.44681204536890173
136	129	0.4373101070796357
136	124	0.43659812458332103
149	45	0.6920816122058777
149	43	0.5184736583627487
149	164	0.6768782575526663
149	154	0.6533204292386952
149	49	0.5969595853890002
149	173	0.5929607330050375
149	123	0.5925131556302715
149	127	0.5914023641074777
149	48	0.5873888210030525
149	155	0.5780239100934869
149	44	0.5738537797411709
149	125	0.5691941629332545
149	33	0.5464458815960224
149	146	0.5131673919139302
149	47	0.49394114729815286
149	50	0.49340418335455033
149	26	0.4882043067084421
149	143	0.48429488729985753
149	51	0.4810811137755751
149	150	0.47108197936213997
149	130	0.4615507265248535
149	144	0.4565546707295277
149	138	0.4515057705597651
149	42	0.45146596253416305
149	34	0.4506455174699752
149	52	0.4492657739668932
149	153	0.43778715226388626
149	129	0.434077531936893
95	99	0.39536232610376887
95	181	0.5599909486058664
95	79	0.5274964114402625
95	38	0.5247627680631474
95	176	0.5237112638501782
95	75	0.4965374417156779
95	191	0.49508188904356737
95	70	0.46062159522977325
95	147	0.45664965246526545
95	73	0.45170478372650835
95	156	0.4469560984010129
95	71	0.43767397739081104
13	111	0.7634358595985365
13	114	0.680459897211662
13	0	0.5852692397402762
13	3	0.5768574267086387
13	102	0.5690318964485257
13	70	0.5472800011080945
13	8	0.5303198091372143
13	11	0.5223237399751155
13	110	0.5058746718671223
13	106	0.49685382495567154
13	139	0.4883794680446437
13	10	0.4882043067084421
111	8	0.6164507206571822
111	102	0.5849535703235851
111	3	0.6521151152772608
111	114	0.6165623062059387
111	11	0.5852297907600061
111	70	0.5608552151051356
111	106	0.5516708762277719
111	0	0.535396650094312
111	139	0.5021672498455336
111	110	0.48752613788803467
80	77	0.5644908812831191
80	84	0.5872316049932982
80	86	0.5685922021248518
80	156	0.5598879784366623
80	73	0.551169802630494
80	165	0.5460740335813891
80	60	0.5371918672641961
80	79	0.5300106714742665
80	191	0.5268320814975199
80	78	0.5234426930111286
80	75	0.5077622331130818
80	181	0.5023317538407056
80	147	0.4987042747319469
80	31	0.49152563880571915
80	71	0.4840116169228276
80	94	0.4834907472972003
80	52	0.46206996908770054
80	169	0.44115983205551473
175	170	0.6774305485916013
175	189	0.6421242212201912
175	171	0.6346953282899899
175	141	0.7148144157012578
175	174	0.7101716070298145
175	92	0.6805887500049788
175	167	0.6771815706112851
175	140	0.5791747449936152
175	68	0.5592972822715444
175	137	0.5201169050320821
175	165	0.5000328910282088
175	65	0.48849368250106673
175	169	0.46372784698520075
175	37	0.46012511974245346
175	147	0.4555567343167272
175	55	0.4554695584617885
175	77	0.4433237257272897
175	31	0.4377386504453772
175	66	0.43330621623720184
45	164	0.7567048983983625
45	173	0.6786892941878723
45	49	0.5986496992436717
45	50	0.5948443144649338
45	154	0.5707334836440645
45	44	0.5501804081097665
45	48	0.543211348188881
45	146	0.5427882574843292
45	155	0.5303557462292787
45	52	0.518151863544118
45	60	0.5098447750522892
45	43	0.4897413350833782
45	33	0.48061984410887143
45	150	0.46973480133410817
45	47	0.4622980210119467
45	125	0.4578360455688281
45	42	0.4330950085594129
164	60	0.6199229900071911
164	146	0.5948636989262523
164	173	0.6738543010408015
164	52	0.5782968596192758
164	50	0.5685922021248518
164	154	0.5600733122872186
164	49	0.5363518538016224
164	44	0.5250960146540941
164	48	0.49640934430730915
164	155	0.4765955806132768
164	43	0.46516309776329506
164	125	0.44920990099135344
164	165	0.4376982303170431
164	122	0.43581269158335934
164	156	0.4311920002538976
141	174	0.683386225469155
141	167	0.6680427454259084
141	140	0.6295135675651431
141	170	0.5850785440032666
141	92	0.5772976344823246
141	137	0.5726788903456917
141	36	0.5285133184471386
141	37	0.4909186782287384
141	169	0.48264743876526933
141	65	0.465241456447325
120	117	0.3245012743596895
120	42	0.5106879510817884
120	33	0.4893915857407937
120	124	0.45614296295076917
120	154	0.44116788580001043
120	48	0.4303286881223027
92	174	0.7197567115974485
92	65	0.6865657419124205
92	167	0.6148610448574489
92	170	0.5847035396163902
92	66	0.5549112332012174
92	68	0.5519490785202223
92	94	0.5390673648317031
92	171	0.4984036971697059
92	189	0.4717275346710743
83	191	0.5680641397672821
83	75	0.5216835293094341
83	73	0.4550018298107493
67	69	0.7481456649002096
67	68	0.6858408408772211
67	171	0.6575300684538048
67	172	0.5951866714268796
67	35	0.6156689283096305
67	62	0.566280171376102
69	62	0.6549052447428915
69	35	0.6425177950813123
69	68	0.6209685694231125
69	171	0.5773776362327088
69	20	0.5295790810646696
69	32	0.4810042539820551
69	37	0.4580652271184664
69	172	0.45607168600107695
69	51	0.45170478372650835
69	30	0.4510120240325248
69	145	0.4342317187908092
191	73	0.5585477923142309
191	75	0.5269910016263661
191	156	0.5186052593914324
191	71	0.5079922719256897
191	79	0.4811272261022117
191	84	0.46679927738335003
191	181	0.4606531077589827
191	165	0.4594784823125748
191	89	0.43599088930063057
191	169	0.4356992752424414
191	54	0.4332331112714167
3	11	0.5401376964051978
3	106	0.5212029853677186
3	0	0.5069528119597927
3	70	0.48854697685315385
3	102	0.48424895845759824
3	114	0.4831841933482395
3	144	0.47352929724395165
70	176	0.6668505392927734
70	139	0.6417597167310526
70	106	0.5841965576988276
70	38	0.5467474113928095
70	142	0.5411426417430292
70	52	0.5396488209057668
70	11	0.5325657953050748
70	156	0.5147641618118497
70	0	0.5007824830655612
70	114	0.47293173657735627
70	102	0.46992961575637493
70	144	0.4466599642506518
50	173	0.7344033642396142
50	41	0.6080300630199595
50	27	0.5036912557359982
50	155	0.5397976476591207
50	47	0.5281745176876047
50	51	0.48752613788803467
50	52	0.47432795053500887
50	150	0.47033468313746446
50	49	0.4677607059562813
50	125	0.4624552625793109
50	60	0.4512589318313111
50	153	0.4338015551403853
50	40	0.43102917152219605
173	155	0.6642379820192198
173	49	0.6125108722039541
173	47	0.598174691183616
173	51	0.5823491403436117
173	153	0.5539207827928271
173	154	0.5515178126195288
173	130	0.5421248611479198
173	125	0.5213049465698311
173	150	0.5211957018552765
173	146	0.5177054961407136
173	48	0.5087931315971465
173	41	0.48789196501894133
173	42	0.479211328488605
173	40	0.4738085268331428
173	33	0.47175863300958126
173	43	0.4717042101470058
173	144	0.45862606975931336
173	34	0.4551366248499403
173	127	0.4504940899688327
173	138	0.4498960967304642
173	44	0.4481476470567116
173	35	0.4420292257353863
173	60	0.44007192449242544
173	123	0.43589369478265266
51	155	0.7302020203448568
51	47	0.6942169310660441
51	153	0.5966634300286401
51	49	0.581866500532502
51	150	0.5636658846306218
51	42	0.5625390743934638
51	154	0.5605123982845582
51	33	0.4829311971153273
51	40	0.473343091284656
51	20	0.4714864827571999
51	35	0.46430851541594825
51	123	0.45875240642813075
51	48	0.44707612489004234
155	40	0.5451610418715197
155	168	0.44031379356361505
155	47	0.6929299220407121
155	154	0.5993293833327226
155	49	0.5988870455194588
155	153	0.5953545411802991
155	150	0.5308299372134948
155	42	0.5280879884022487
155	48	0.5056290809080162
155	125	0.5028399908661005
155	43	0.4856867933148946
155	127	0.48067367261739147
155	144	0.47840975852858203
155	123	0.4698361105451713
155	130	0.44946529161970883
155	44	0.4465558938743854
155	35	0.4358045908750772
156	52	0.6295920437893335
156	78	0.5397480424898584
156	159	0.35203085560878805
156	176	0.5604712473495889
156	165	0.5248714531128404
156	60	0.5107249100288641
156	181	0.4857784809713325
156	79	0.4629739533748212
156	122	0.4557548287672397
156	38	0.44399838415359083
156	140	0.4393055844742659
167	174	0.664729427982589
167	170	0.5967213862638646
167	65	0.5671422958882272
167	31	0.561458105847589
167	171	0.48980214497473606
167	140	0.46346091970520165
167	66	0.46271464757802633
167	85	0.4412806307612654
167	137	0.43579649009618815
150	42	0.6269955432477474
150	20	0.5305210323044293
150	49	0.6054077183609493
150	154	0.5521506983845087
150	33	0.5045191800876788
150	124	0.4957383638334336
150	47	0.4837665444919649
150	43	0.47627864747343135
150	48	0.46378279215541385
174	170	0.6770136935875309
174	171	0.5835836204898017
174	65	0.5505150244452744
174	68	0.441634881374036
73	75	0.625177579498027
73	181	0.48590071455252654
73	31	0.47767685775572777
73	79	0.4457950128742196
73	147	0.4405233617456263
73	55	0.43489686491094726
73	71	0.43248548915366786
73	94	0.43114315458270946
35	62	0.7107114542817894
35	32	0.5633860848678254
35	37	0.5573563600873574
35	171	0.5165040282555685
35	30	0.49239730863453435
35	137	0.47842518086307484
35	47	0.4660246422029843
35	34	0.4607633924658468
35	145	0.45424817960273445
35	172	0.43094774662748725
62	30	0.5095709018276587
62	137	0.48999214516984635
62	171	0.4789339523077833
62	145	0.4574407620365548
84	86	0.7062489490907004
84	64	0.4911463443476533
84	60	0.5892850113460589
84	165	0.5376114749133857
84	169	0.4526912245592361
84	189	0.4435888300782287
86	60	0.6621541515586952
86	82	0.4854881000605847
86	189	0.6127295159734371
86	165	0.5693563850906946
86	66	0.4504542363174289
86	94	0.44053142110180027
86	52	0.43396390429490905
86	179	0.4312082815826662
60	165	0.703254185983595
60	178	0.29983655137010756
60	52	0.5698090206721499
60	140	0.5269765558644282
60	137	0.5237185210772921
60	66	0.4722871251687039
60	146	0.4585234075623711
165	140	0.6716592406837414
165	137	0.6122421243522803
165	189	0.514800911758827
165	176	0.4666428430938262
165	66	0.4657427793555195
165	79	0.4565705017416239
165	169	0.4545973195780602
165	52	0.45293766187085344
165	71	0.448387363926886
165	179	0.43887776928544636
165	181	0.43352549692284054
94	66	0.6241653359565463
94	89	0.4439020351684139
94	75	0.4316233605672023
147	148	0.5171343204148872
147	181	0.5635157642476305
147	31	0.49300310578334866
147	77	0.4862825719961013
147	79	0.47494772561774734
147	176	0.46059796007079423
147	140	0.43869205169220277
106	11	0.48985534972057765
106	0	0.47952711259279507
106	102	0.4654764887524032
106	5	0.46337454286464846
106	114	0.4415624322177451
47	153	0.6041455712668234
47	49	0.6027785302291144
47	154	0.5301904198254165
47	42	0.5155355133616372
47	40	0.4701711220748704
47	48	0.46939961348846787
47	41	0.4476680199361449
49	154	0.6926022747334086
49	42	0.6075571228554094
49	48	0.569856291024215
49	33	0.5235588445218933
49	43	0.5106435978538049
49	146	0.48775479991702275
49	153	0.4793730870733085
49	20	0.46021970870417034
49	124	0.4598886016389182
49	44	0.4567525375993034
49	34	0.44771599424812913
49	123	0.43259929614437626
154	46	0.3974778807344854
154	48	0.601771652417812
154	33	0.5111978178302048
154	123	0.5054653080616706
154	125	0.4906909450406179
154	153	0.4901896959992174
154	124	0.48535815811554206
154	42	0.4814806654870589
154	43	0.47073176834971137
154	44	0.4552317617317766
154	146	0.4432031981021492
154	34	0.43246110014818834
56	163	0.6909231630898774
56	161	0.4992900561066074
56	162	0.44652386978903474
163	162	0.4605822029352586
163	161	0.4304834907352329
110	114	0.6897821233508242
110	10	0.6205198555315201
110	135	0.5740549526538276
110	104	0.5235806207639421
110	0	0.48477697897826477
110	102	0.46031428721885526
110	7	0.45982551912025155
110	139	0.4451537708758327
114	2	0.4481156799362316
114	101	0.35806974295192695
114	0	0.5694509942117394
114	102	0.5573081034325545
114	139	0.5542811282853851
114	10	0.5449923479378501
114	32	0.5361666230359713
114	11	0.4399670947246075
114	134	0.4337122510961364
137	140	0.6881009762971677
137	146	0.5153886535944177
137	189	0.47359911356877504
137	145	0.467330935476178
137	179	0.45456558534994396
137	171	0.4433478293289376
140	176	0.5611224787888541
140	181	0.4642300700136716
140	142	0.45873661535865723
140	37	0.4443274990515878
140	38	0.4394427660305448
65	170	0.4673856458121125
65	171	0.4397977289982069
65	68	0.4358531940656436
181	79	0.6391349954229668
181	176	0.5394786918786274
181	38	0.4718985610084592
181	85	0.44454416778278477
181	31	0.4408537371152863
75	186	0.427979109081453
75	77	0.49320745452052694
75	31	0.48237892540973587
75	55	0.4438377968086538
75	54	0.4326724505023994
68	171	0.5921756090168644
68	172	0.49901975213429944
68	189	0.4682605242090791
124	123	0.5674271348617124
124	125	0.5065514827560381
124	20	0.4630210913724545
124	25	0.4318837090070019
11	0	0.4619834506427129
170	171	0.5343186202366805
170	66	0.5213122289433942
170	169	0.43673570932341865
170	55	0.43455623953238015
123	127	0.6717305880559661
123	33	0.6064013390643399
123	138	0.5998417809796577
123	125	0.5362521205769307
123	130	0.5340399057623947
123	34	0.5157704260027882
123	143	0.5011569977114919
123	48	0.4892470780891721
123	44	0.43057310172756824
127	138	0.6700588943332438
127	143	0.6630124557203224
127	130	0.6303399407116836
127	129	0.5559968419468887
127	24	0.509852175597611
127	125	0.5720333783267202
127	34	0.5189779955529351
127	33	0.4822484719159353
127	26	0.4462516188794446
138	34	0.5992717078357579
138	130	0.5877423949799672
138	143	0.5696199015534048
138	33	0.5073613473746464
138	125	0.44476078450806183
138	40	0.43735054418893654
125	130	0.5536434526534908
125	144	0.49056186646705713
125	52	0.46059008153931424
125	129	0.4434763710420071
125	40	0.43779523565259093
176	38	0.5588848319816166
176	79	0.5173687046905655
176	52	0.5118549410319803
176	142	0.5035569104357086
176	139	0.4647711950003624
176	71	0.4588392521305619
176	78	0.43792456024571935
85	160	0.66552680223078
85	31	0.6173550892896451
85	66	0.4893231380973629
85	104	0.4780781069586571
85	57	0.473428440935321
85	55	0.4692202714088595
160	57	0.4858854363941432
160	31	0.5827587314824194
143	132	0.5138963139929371
143	39	0.4298478239296958
143	130	0.5154033409337369
143	26	0.4813731135463497
143	34	0.4776537026793284
143	131	0.45365273291045294
143	33	0.45059770106008246
143	24	0.44353260230589164
143	129	0.43565876605290615
139	142	0.5511001776083383
139	38	0.4791034713428476
139	36	0.43556963962375594
171	189	0.5499781584056527
171	172	0.5301760417105811
189	179	0.49282898801741276
23	25	0.6410475092248304
23	22	0.5839461906655766
23	29	0.4996653171132277
23	20	0.49548942277066477
25	29	0.5118549410319803
25	22	0.5314257967971172
25	20	0.4438137062475884
71	79	0.49744104355814184
79	78	0.4975915390652436
79	52	0.47840975852858203
79	31	0.4584286315938199
79	38	0.4502469683922178
130	34	0.4942208243650182
130	145	0.4698750723313176
130	27	0.45751192642197885
130	40	0.4510916792551308
130	153	0.4476680199361449
52	122	0.5090747063722458
52	78	0.5178591954425957
42	33	0.569423964573464
42	20	0.5180713919067306
42	146	0.48704572989150396
42	43	0.47535032697199264
42	48	0.45891030118502485
42	153	0.44147387542870375
66	38	0.4320626568231094
66	169	0.43128154408685315
36	38	0.6236706476801965
36	37	0.6010950779682406
36	142	0.45363684878237903
36	55	0.45043032326485455
38	142	0.5626347638273417
38	37	0.44985621615828447
10	8	0.5453367177845504
10	7	0.5184151611312847
10	135	0.4724347314471102
10	104	0.4534779916499221
10	31	0.446435797655788
33	34	0.6008906595489307
33	22	0.529053609436764
33	26	0.5135577151085553
33	48	0.5197958610831869
33	44	0.4816957258714154
31	77	0.5610402562651643
31	57	0.4804275698688112
31	135	0.4798812591735005
31	104	0.45146596253416305
31	7	0.4313954966778799
8	107	0.5379384420258776
48	44	0.5163793693009092
48	43	0.4402815480451786
48	146	0.43743949960422557
41	145	0.5216180200672803
41	27	0.45010344678199554
37	32	0.5272220924029407
34	22	0.4729783153899368
34	26	0.46883806571842596
34	40	0.4445281200304504
34	24	0.43757695931706064
131	132	0.5972941739079887
131	28	0.524523600722517
132	28	0.5719930102724115
132	26	0.4832685075004631
132	133	0.47514130879272487
172	148	0.4460834226263125
146	44	0.4481556386577615
169	55	0.43615285756402294
169	54	0.43486442975805106
0	102	0.5045862684769568
22	26	0.5082593228632195
46	152	0.5819657065793904
46	151	0.25637079865082535
57	162	0.5802967463834514
135	7	0.544317130869605
135	104	0.5245598435215908
135	134	0.4590681669607672
135	100	0.3472471202412728
28	29	0.4423107957193907
77	148	0.4334199237398513
55	158	0.45436722027943927
40	144	0.5429786824174242
40	21	0.44235101288793227
7	104	0.43865167334236416
144	122	0.4361609552355529
78	14	0.45607960595112845
133	29	0.508933932598477
107	4	0.34142970388741517
104	134	0.43924909199489437
43	15	0.4845627523466815
43	118	0.4314199132996393
43	148	0.4983811490199308
148	116	0.5077548113002506
148	14	0.4698750723313176
148	15	0.44376552320093965
26	29	0.4933587888720242
26	24	0.43434531387835984
116	14	0.4840652163995741
116	115	0.4430906911924782
161	58	0.37434782379617215
179	89	0.49162422483671225
179	72	0.1706926369629566
15	18	0.39545512781688213
15	14	0.46082640591066243
115	188	0.3427365127027263
1	4	0.416128047573972
4	6	0.3715498725274757
18	16	0.3783220760652894
6	105	0.2600760758169475
151	59	0.24597118987662017
