9	108	0.9633358200760342
9	109	0.9489877691759133
9	112	0.9450382803110451
9	3	0.9098581749125517
9	12	0.9075405631307655
9	103	0.9057607688389853
9	11	0.7887821048788789
9	106	0.7867712564721003
9	6	0.7385082584882235
9	70	0.7210314454748041
9	176	0.6947087662597712
108	103	0.9210945439010185
108	112	0.9371851661652455
108	12	0.9126899245717258
108	3	0.9092536990699149
108	109	0.9071694791862498
108	6	0.779462719188652
108	11	0.7671646300232999
108	106	0.730598558387471
108	13	0.6828742257924904
108	105	0.6665005467759827
19	121	0.9615073047432003
19	17	0.7448027465608443
19	117	0.7315435937584943
19	120	0.7298984530489001
19	18	0.6900127016282982
19	16	0.6797988658606774
121	120	0.775706860676419
121	117	0.7519512182027852
121	17	0.7096309233531704
121	16	0.6801537031166021
121	18	0.6709670742068737
109	106	0.7971334913829123
109	70	0.7432715686864457
109	112	0.9102361655068946
109	12	0.8629792680758551
109	103	0.8435050188513166
109	3	0.834870625553722
109	11	0.7469324071251302
109	176	0.7243515443433219
112	12	0.92072993496788
112	103	0.9028636912994878
112	3	0.868710611481397
112	11	0.775627192544398
112	106	0.759989405015463
112	70	0.7274548192058596
112	113	0.668844860276511
103	3	0.9076815568356996
103	12	0.9025489854071781
103	6	0.7727829196068079
103	11	0.765016496090474
103	13	0.7392438388031498
103	113	0.7272947043848431
103	106	0.7176730549911533
103	102	0.7108054705386192
103	111	0.6936258719015643
103	1	0.6722515945382552
103	105	0.6678101182356068
12	13	0.8273885358043838
12	11	0.797570566920356
12	3	0.8781669627405112
12	113	0.8201580160643045
12	6	0.7548912115978599
12	111	0.7361260557201602
12	106	0.7215974977176207
12	0	0.7095018293100253
12	70	0.7085072049521766
12	102	0.6948329166929925
12	105	0.6778902084754593
12	1	0.6731931986635861
3	6	0.804944325918415
3	11	0.7561701457435132
3	13	0.7131672902930066
3	106	0.7119168912161954
3	102	0.7017752872993861
3	105	0.69970381054698
3	1	0.6875319152110783
3	111	0.6864071210014645
3	113	0.6815216744504146
23	25	0.9092017075762189
23	22	0.7992382900513023
23	125	0.788706528399007
23	21	0.7833179783404312
23	28	0.7476874193309543
23	128	0.737045512086475
23	20	0.7353784262715263
23	27	0.7306032206108737
23	16	0.7285546392333943
23	129	0.7267997320428217
23	18	0.7094819644601017
23	118	0.7059982543741976
23	29	0.6952929465124059
23	124	0.6935687904000608
23	15	0.6852684249784152
23	26	0.6730674126788293
23	126	0.6701635750098064
23	155	0.6682918440258914
23	51	0.6679984455472432
23	53	0.664226806112687
25	27	0.8302684720901258
25	125	0.8213329688427974
25	28	0.8154888242037076
25	21	0.7965494218360177
25	22	0.7959272145517877
25	128	0.7774533155746914
25	29	0.7520207409362302
25	26	0.7211130547920159
25	129	0.7203730397981329
25	132	0.6969114303234064
25	133	0.6888426452572933
25	126	0.6881273012437555
25	130	0.6725036323664505
25	16	0.6668838565811689
126	128	0.9060656147759584
126	123	0.7747492103818192
126	130	0.7224686732677338
126	125	0.7096557436701173
126	129	0.7041527319603559
126	124	0.6794921591534114
126	29	0.6749011125209768
126	28	0.6738433824860333
128	125	0.8101275396114225
128	29	0.7983334385672369
128	28	0.7675346870056164
128	21	0.7594820432263784
128	133	0.7536194724009444
128	130	0.74732560749504
128	129	0.7316737234120703
128	132	0.7122668680391561
128	123	0.6942635538096874
128	124	0.6850615108877118
128	118	0.6732369411811013
21	125	0.8943800860439952
21	155	0.7869236049146205
21	28	0.8392998417645721
21	29	0.8025015512697492
21	132	0.7429402014303598
21	129	0.7366615927983273
21	53	0.7357226502834311
21	51	0.7321797919927205
21	27	0.7285171003945348
21	133	0.7200842774126829
21	131	0.7032440771704171
21	124	0.6988760013171259
21	122	0.6974099781711984
21	26	0.6756681390706257
21	154	0.6751351832274575
21	118	0.6717196123481718
21	16	0.6679319868510358
21	130	0.6645954542626379
125	28	0.8569637571992823
125	29	0.818778440521973
125	132	0.7885553038935462
125	129	0.7837812381961085
125	155	0.7697443160296021
125	133	0.7517034074766212
125	53	0.7256702607063402
125	27	0.7241803863759674
125	124	0.7217125090896611
125	131	0.7195976302271452
125	118	0.712439261623576
125	51	0.7116998265265144
125	130	0.7020543108701105
125	16	0.6898607453087772
125	26	0.6829969535566742
125	122	0.6735648598941736
10	110	0.894259971044318
10	13	0.8219827249528102
10	111	0.7929393682795961
10	104	0.7410435380587246
10	113	0.7373285763249745
10	39	0.7333420745504039
10	8	0.7303933531062811
10	1	0.7167455390338844
10	105	0.7139035907068093
10	102	0.7029811482051115
10	2	0.6999334247934753
10	107	0.6858832083398226
110	104	0.8197648202794061
110	39	0.7551276899827738
110	111	0.7929764900517642
110	13	0.7767402991223566
110	102	0.7352130638159735
110	1	0.7192020098866314
110	105	0.7060383774251533
110	113	0.6927375289173974
110	8	0.6825378609704235
110	2	0.6635053327690392
6	105	0.8919940207184228
6	1	0.8317844981792664
6	111	0.8134014335778498
6	102	0.7918229744562394
6	13	0.771490747609057
6	8	0.7434907870427421
6	11	0.7172800208376191
105	111	0.8669330626442695
105	8	0.8557906436573696
105	107	0.8163912755150801
105	1	0.7775719578021248
105	102	0.7710450873547786
105	13	0.750561613361584
105	113	0.6774954738556269
105	104	0.6725912611551066
28	29	0.8906993785218581
28	132	0.8772023549489666
28	131	0.7989129597842315
28	129	0.7869616770425109
28	133	0.820190747462572
28	27	0.7458117991521754
28	26	0.7194674165332592
28	130	0.7028040685162091
28	124	0.669810860075928
28	155	0.6685297316353589
28	118	0.6630797001079628
29	133	0.8524093692987211
29	132	0.871407787479081
29	131	0.7387127630101593
29	129	0.7344724543828798
29	16	0.6913566932770504
29	118	0.6672890033964525
1	102	0.8896614918603736
1	13	0.81142955989924
1	0	0.7643105040148808
1	111	0.7486075938281151
1	113	0.6766560432081482
1	11	0.6633709688137177
102	0	0.786122704969032
102	13	0.8136381634252032
102	111	0.7471931264661602
102	113	0.7159422346276271
102	11	0.6788079402559486
132	133	0.8217230787485423
132	131	0.7330322420647876
132	129	0.6994434062100164
13	113	0.8737697536133047
13	111	0.8718642632434201
13	0	0.7848971907608329
13	11	0.7393571974875589
13	8	0.6755648660264799
13	39	0.6714066806921734
113	111	0.7963665945264732
113	0	0.6864547141349735
113	11	0.680164450789202
111	8	0.8493179239875814
111	107	0.6983999297580908
24	34	0.8715040133203383
24	33	0.7414490365336491
24	40	0.7152982231166028
24	22	0.6753745567969438
24	144	0.6713956962832924
34	33	0.8081941055146941
34	22	0.7736274416120256
34	40	0.741408511030115
34	31	0.6981796014630572
95	197	0.8608453178757192
95	198	0.7169594329309836
95	97	0.664103851542323
197	198	0.7408225391365949
197	181	0.6807068280930384
8	107	0.8260591253923419
133	129	0.7523420660175137
133	118	0.6829862831076893
133	124	0.67369049181636
133	16	0.6700809345856263
27	26	0.7891596297591903
27	130	0.7544607475291532
27	22	0.7045608759139532
27	40	0.6956595285648044
27	129	0.6956027578605595
27	127	0.6720926209901918
16	18	0.8287400603665286
16	15	0.8256457675119735
16	117	0.7848203914259533
16	118	0.7932732523570101
16	115	0.7520468076483484
16	120	0.7384173239478252
16	17	0.7226502782276486
16	116	0.6843284651403854
16	14	0.6804169369268707
16	124	0.6655212314529502
18	118	0.8049795295478186
18	151	0.3965006974708356
18	15	0.8250400307788135
18	115	0.7470296513793077
18	17	0.7455543042353134
18	120	0.7438662185030314
18	124	0.7276195605745717
18	14	0.7178330490710363
18	117	0.711245524505784
18	43	0.7091987678197136
18	116	0.7008758757819273
18	148	0.6779928835741575
18	129	0.6660946321267441
165	171	0.8283010854615194
165	196	0.7668764544143656
165	137	0.7246793476940869
165	166	0.7638527069116797
165	169	0.7237330529927545
171	169	0.8188113980099088
171	67	0.7004227852969841
171	196	0.6932728649128405
171	65	0.6813127629328636
171	172	0.6737997053239309
166	196	0.8267566345696048
166	183	0.8132660382896408
166	175	0.746551963734494
166	61	0.6986098870169577
166	198	0.6653763652016811
196	195	0.7280427960988589
196	183	0.6972455833054603
196	175	0.6954633747491425
107	4	0.7805982190951648
107	104	0.6932728649128405
15	116	0.8134014335778498
15	115	0.8058577801762088
15	118	0.7596132003206901
15	43	0.7038652403116729
15	120	0.6976769633717206
15	117	0.6916019657443825
15	77	0.6805189599666532
15	14	0.6799709479414505
15	148	0.6717799750916387
43	77	0.8239834383747222
43	148	0.8175220504015681
43	124	0.7183609759198106
43	118	0.7152298474865134
43	147	0.6937866910928707
43	116	0.6910746940267064
77	148	0.7716121601127337
77	147	0.7422269761434638
77	124	0.6966644767921214
77	118	0.6741653561489477
40	144	0.8234046882869837
40	42	0.7182738523037449
40	33	0.6976051017934572
40	31	0.69623706310258
40	78	0.6871309578805148
40	127	0.675189598801926
40	149	0.6688393337740188
40	49	0.668081503935701
40	146	0.6674054794039257
144	174	0.7072849427685876
144	146	0.6921493391075317
144	139	0.672700770621708
144	145	0.6662003191587351
154	155	0.8218853976353542
154	119	0.8059979722740266
154	46	0.800642656287714
154	152	0.7433431677510561
154	49	0.722846108590665
154	153	0.6899865066009953
154	149	0.7411562307974958
154	157	0.7048830307464102
154	122	0.699571078612829
154	124	0.6924305357978249
154	174	0.6873262131175023
154	118	0.6734719764948418
154	53	0.6681866873327084
154	51	0.6670559534331538
155	51	0.8013594502142674
155	122	0.7818841012154889
155	157	0.7690915227116345
155	124	0.7528580417122775
155	53	0.7379576940572035
155	46	0.7196844112507754
155	129	0.7091242043220632
155	49	0.6844294739706003
155	130	0.6771274244327438
155	52	0.6730181814735103
104	2	0.7761445937449973
104	39	0.6711814413433008
148	147	0.7761445937449973
148	116	0.7208153242212071
148	118	0.664735009293364
67	68	0.8166579055468639
67	41	0.7087013781296319
67	174	0.7019224356677648
67	49	0.6936310606970718
67	50	0.6768186511741282
68	69	0.7718143894117713
68	86	0.7601920907912032
68	172	0.7320127393766283
68	62	0.6999079192408442
68	41	0.6710275480936575
68	65	0.6668671982702441
68	35	0.6626928987332514
33	44	0.8137395365595522
33	136	0.7601076563580317
33	42	0.7215208013350424
33	22	0.7027433354215317
33	31	0.7009114881451521
33	149	0.6957988380066809
33	123	0.693937072240154
44	149	0.8040977369298464
44	42	0.7427833466999904
44	49	0.7189798721160828
44	31	0.7054511261081794
116	115	0.7911131763283454
116	14	0.6837325107235595
183	175	0.8045214400833298
183	198	0.7025357533837833
183	63	0.6957317696234514
183	61	0.6744761722880106
183	81	0.6691045225105829
66	173	0.8103336554203705
173	156	0.7377754729016076
173	179	0.7209882324417874
173	50	0.6867454333036033
173	174	0.6809536043822983
119	120	0.7351073697423919
119	17	0.7175809028032187
119	124	0.6626872903148655
115	14	0.8012162751153951
115	117	0.7382308241544228
115	120	0.7371185856945773
115	118	0.7068448907405022
118	124	0.7570636843233813
118	129	0.742819206401024
118	117	0.7027382738679167
118	120	0.6828955725210636
175	172	0.7403167959208048
175	170	0.7272428855739949
175	189	0.7297208494627373
149	152	0.7183367771752452
149	31	0.7083577679313386
149	78	0.6936103050831479
149	52	0.6749446708481442
51	53	0.7873420688807811
51	157	0.668579504760304
14	152	0.7235758660027499
46	48	0.6606746971077299
46	152	0.7293091786287512
46	49	0.6847217198915231
22	26	0.7092683461060633
52	156	0.798985295841762
52	122	0.71036485944803
52	78	0.6972969645824083
52	157	0.6875951859745622
52	45	0.6734938333259067
52	38	0.6689443246802297
52	174	0.6666450237617881
156	38	0.7227505960831107
156	142	0.7099187307559386
156	131	0.6860790973818632
156	174	0.6666728020564665
117	120	0.7984422116290816
117	17	0.7192551080172934
120	17	0.7688871950404754
120	124	0.6717031482335271
11	70	0.6848969618226982
11	106	0.6662392497426145
106	5	0.6525000267824422
106	70	0.6715219991756177
83	190	0.7894612209549805
83	87	0.7579458895165233
83	191	0.705436055627979
83	97	0.7052149486250082
190	198	0.7159714789743568
190	97	0.6997650551536165
190	55	0.6897087281764459
26	129	0.7153421716478973
53	157	0.7622233981554813
53	49	0.7084324943817107
53	124	0.6981488474601389
129	127	0.7248739741916825
129	124	0.7335130456305227
129	130	0.7019173625832129
129	20	0.6750154430978578
0	101	0.6516493251827267
0	114	0.7057122464251903
0	70	0.673559396753581
87	89	0.7835497171643955
87	191	0.7441965672548647
87	88	0.7397604143848513
87	97	0.7138839764801858
87	91	0.691461084025942
122	124	0.6827781510817634
122	157	0.6728704520700654
134	141	0.779933204335335
134	36	0.6877375070213624
134	137	0.6724324200887055
134	30	0.6687122038119839
134	139	0.6685905646413307
134	31	0.6660223045318019
141	137	0.761186479802998
141	140	0.712370314505348
70	176	0.7778090762579374
70	114	0.733101633994103
147	135	0.7260534915270763
147	150	0.6948742909704778
147	124	0.6720048849148479
2	37	0.6733298783870917
20	124	0.7748691116085118
20	69	0.6717360757992739
124	150	0.7066647115909934
123	138	0.6469934089415551
123	136	0.7501246282584536
92	94	0.7744292011797764
92	90	0.7427654152512382
92	81	0.736006922129713
92	91	0.6758257152342372
92	84	0.6655212314529502
94	91	0.6968805701655386
94	90	0.7101319522738792
164	167	0.7737879921535749
164	45	0.7217220915724284
167	172	0.6905414542503268
69	86	0.7564996729780499
69	172	0.6859520455507648
69	62	0.6840412439713763
69	93	0.6837325107235595
69	61	0.6829489342405408
69	65	0.6655936457811797
139	142	0.7693365085701238
139	36	0.6783007501843332
139	78	0.6722899581784463
142	38	0.7549815265234809
157	174	0.7469279861723169
157	50	0.7207240309182493
157	49	0.6905519171558232
137	172	0.70025464182428
137	146	0.6788133324171484
86	84	0.7525025944482497
86	189	0.7066246593279659
86	65	0.6987276152701991
86	172	0.6925086086811963
7	135	0.7601878696792639
61	65	0.7587574530825708
61	81	0.7133343232064098
65	158	0.5188026148701791
161	162	0.7586725827790289
161	163	0.6824470462823216
161	100	0.48246332509396167
161	56	0.7267997320428217
162	56	0.730230027418343
32	114	0.7560416545858085
32	36	0.7537620159839454
32	30	0.6891840646160194
36	35	0.6817572362086096
36	31	0.6738433824860333
191	192	0.5774376302708834
191	179	0.6806102213785749
172	189	0.7438215488754605
172	159	0.6162770939101458
172	62	0.663824275694739
152	59	0.23762927475987297
42	31	0.7126164910679015
42	49	0.678705475283668
90	88	0.7354151615959126
90	91	0.6856660259456194
198	81	0.6638690203049187
88	55	0.7279581933491077
88	193	0.6896300747593018
88	85	0.6679984455472432
88	93	0.693220924038616
98	199	0.7375429848952422
98	71	0.6264794232073906
98	177	0.599181978029363
199	195	0.6999079192408442
81	93	0.7340023411369531
81	74	0.5737799989817954
93	96	0.6686071539082891
93	97	0.6679209093658384
127	143	0.7333328302267862
146	150	0.7313017829301811
56	57	0.6589525299003358
56	58	0.6383061452778189
195	145	0.6766397787800148
195	160	0.5303198091372143
79	181	0.7233852356522532
181	182	0.6321265253070337
49	45	0.7019934513738514
45	64	0.6162584874898447
179	168	0.6622271470191765
50	47	0.6341037665545536
97	96	0.6984306627225068
31	78	0.6642100416961296
140	37	0.6730236519019671
62	35	0.6723721538207539
91	82	0.6495558503303649
91	180	0.6349699425407983
91	73	0.6173612779783758
193	194	0.6964019076349021
193	184	0.6317180668776712
194	185	0.6266009126900982
63	60	0.5407394335710758
99	101	0.6936985084884997
101	100	0.6166552752454455
182	187	0.6714780721595051
182	80	0.595767537662129
187	76	0.613864952341044
187	186	0.5669862551248663
159	54	0.5448798607955585
76	188	0.5610813689110151
76	75	0.531970942349906
54	72	0.508889472065747
72	178	0.48863833011924085
