23	26	0.9597869705878219
23	126	0.9463380093336872
23	25	0.889034312520286
23	34	0.8293029619025184
23	28	0.9276680258193555
23	29	0.8984266938134583
23	124	0.8983495342983688
23	123	0.8973024370991953
23	133	0.8971659575616286
23	129	0.891440954064667
23	128	0.87984928816237
23	132	0.8674538106623322
23	131	0.8421436852733281
23	138	0.8353245433272418
23	22	0.8316920347445682
23	33	0.8100931674900005
23	127	0.7983334385672369
23	24	0.7946040293662974
23	121	0.7878356835725567
23	19	0.7595497449230476
23	125	0.7590924390467754
23	21	0.75377497097569
23	188	0.7502514214549997
23	186	0.7464102786382962
23	14	0.7442590247528649
23	115	0.7388126935279867
23	136	0.734380330808912
23	143	0.7134374501265602
23	15	0.6904211100638483
23	62	0.679793487089093
23	118	0.6773710244925608
23	140	0.6620025054433569
23	16	0.6502143704200601
23	187	0.6481778989683846
23	75	0.6415361673280393
23	137	0.6304966096373136
23	18	0.6281714520129642
23	122	0.6209439928912438
23	104	0.6109589384865107
23	39	0.5985534478206215
23	44	0.5936022697868114
23	120	0.5874805098746855
23	116	0.580356436277636
23	52	0.5500339578724769
23	11	0.5429857341206391
23	149	0.5331672799721549
23	130	0.5186564309346459
23	17	0.5136755067844189
23	66	0.509911377243481
23	148	0.5030865100918257
23	141	0.499507730320123
23	20	0.4975915390652436
23	152	0.49375211842405475
23	85	0.49344201003691895
23	100	0.48942200498033284
23	117	0.4891710106381895
23	113	0.485816681006834
23	35	0.4829542001058199
23	135	0.4689004786468189
23	76	0.4647006331527258
23	110	0.4606688635881073
23	134	0.4526196652849775
26	28	0.9400640630850484
26	29	0.9344141612089941
26	129	0.9213367225292117
26	24	0.8254546874362759
26	126	0.9434887374589683
26	133	0.934350696475444
26	123	0.8969902317992867
26	132	0.8907407020833532
26	128	0.8843968641376427
26	25	0.8747830039699837
26	124	0.8744539446128716
26	131	0.8656103339842524
26	138	0.8270096459463178
26	127	0.8252634179932796
26	34	0.815287739051662
26	22	0.798985295841762
26	33	0.7905137942457334
26	121	0.7674524962890185
26	188	0.7598499727369891
26	115	0.7524158334227575
26	19	0.7486603394900211
26	186	0.7484141119751244
26	14	0.7456520009408093
26	125	0.7451409593905488
26	143	0.7441965672548647
26	21	0.7423526977647121
26	15	0.7045508038925848
26	136	0.7007842850868344
26	62	0.692727126478955
26	75	0.681457405809796
26	140	0.6794706269519584
26	118	0.6574278786025524
26	187	0.647806631141386
26	39	0.6384364913298433
26	18	0.6367866986463209
26	16	0.6263092867784414
26	122	0.6259931607785637
26	137	0.6216623520847901
26	104	0.6188381834772658
26	44	0.5786095937840636
26	120	0.5670337501008139
26	116	0.565341967857767
26	141	0.5516360923061209
26	52	0.5471258759415792
26	11	0.5421319221159895
26	130	0.5331887516082562
26	35	0.5200293621599871
26	66	0.508711602784116
26	100	0.5072276699646207
26	85	0.5060234749732665
26	149	0.5029371142693404
26	20	0.5000628891125074
26	110	0.4951498264693535
26	148	0.48872206120239636
26	135	0.4872897835125243
26	17	0.477916088016954
26	113	0.47351378169691943
26	152	0.4731956482257037
26	76	0.47182082616561055
26	117	0.4567762785875655
26	134	0.45322376029878814
26	147	0.45010344678199554
26	27	0.44305050677027563
126	133	0.9362167127950453
126	123	0.9260900581215165
126	128	0.9189447746032451
126	124	0.9008478722949398
126	131	0.8752984714406852
126	129	0.9188825355283636
126	28	0.9169143452677295
126	29	0.8988116605231199
126	132	0.8867913082793564
126	138	0.8686860751626329
126	25	0.8423471211238964
126	127	0.8407422196423973
126	24	0.795303321199988
126	34	0.7881389443207019
126	188	0.7817674766872483
126	186	0.7756670297002056
126	22	0.7753880398021629
126	33	0.7649750179413944
126	125	0.7486427586557047
126	143	0.7462064877011774
126	121	0.7459582054845236
126	14	0.7430432329900293
126	115	0.7382763223204831
126	21	0.728892291915289
126	140	0.7202816253773899
126	19	0.7078042984856868
126	136	0.698323086077807
126	15	0.6887059918752568
126	137	0.6831409760876848
126	62	0.6758257152342372
126	187	0.665365219567509
126	75	0.6627265476825942
126	118	0.6578308203471475
126	39	0.6353636741720786
126	122	0.633307872290426
126	16	0.6146868700251263
126	18	0.6139958011334486
126	104	0.6058193193032871
126	141	0.5829039991531489
126	116	0.5824020074388297
126	120	0.550926081477303
126	44	0.543133802198137
126	11	0.5372630059322221
126	130	0.5361309958132776
126	85	0.5244728576100226
126	113	0.5229343013914577
126	135	0.5110722318630605
126	52	0.5087041906213576
126	35	0.5083186542474925
126	149	0.4996353031305308
126	110	0.4968688875315241
126	66	0.4926699764493935
126	148	0.4875642528721441
126	76	0.46913448542436914
126	100	0.4670495114949789
126	147	0.4660559544605906
126	152	0.4603300492888827
126	158	0.45949425975807057
126	17	0.4576384264148077
126	117	0.4559211932248707
126	134	0.45535066821785
28	115	0.7808325091874
28	14	0.7782432189796487
28	21	0.7722991033060749
28	15	0.7287657136804196
28	118	0.7105183939803986
28	29	0.9287202704018737
28	129	0.9013930186162402
28	133	0.9009985421670753
28	132	0.8941196738707993
28	123	0.8936977272038725
28	128	0.8906787112193816
28	25	0.8706113601832437
28	124	0.8668833686156739
28	131	0.854662581702166
28	138	0.8302374040843254
28	127	0.8285207002089316
28	33	0.807429738649739
28	22	0.7944196539106646
28	34	0.7866188121086977
28	24	0.7811835329442752
28	125	0.7770970566858008
28	121	0.7694181202789785
28	188	0.7581330550180317
28	19	0.7540037459038764
28	143	0.7449006896617576
28	186	0.7409623734277803
28	136	0.7303746915390902
28	16	0.6885429950232425
28	75	0.6776252927166259
28	140	0.6764608264868265
28	62	0.6720377881542192
28	18	0.6629059635546573
28	187	0.6590600149388444
28	122	0.6576889823708042
28	137	0.6370482065467415
28	39	0.6241287095269301
28	104	0.6202553542758382
28	44	0.6160165414167234
28	116	0.610482403135808
28	130	0.5982645898399503
28	120	0.5946892138673698
28	52	0.5894938497741458
28	149	0.568673400933103
28	11	0.564006928869952
28	148	0.5291040147294686
28	110	0.5278211207321637
28	66	0.5256317692673597
28	76	0.5231958064480877
28	85	0.5171343204148872
28	141	0.5115596787874156
28	17	0.5114710765453961
28	135	0.5081999866538338
28	20	0.5053238385606215
28	134	0.5051823418915578
28	35	0.5007075576232106
28	113	0.49239730863453435
28	27	0.4923367026560499
28	117	0.4883490080298104
28	152	0.48615276129192636
28	100	0.48234055895579336
28	142	0.46318605373848637
28	150	0.4605822029352586
28	147	0.4565784171392537
28	7	0.4473801199466662
28	146	0.44617953863036736
28	51	0.44522593341535427
133	132	0.9213971557117522
133	129	0.9154528514620963
133	29	0.9081208445655417
133	128	0.8795779635467377
133	123	0.8601445383546679
133	131	0.85736166509016
133	124	0.8466492105948302
133	25	0.813299895371143
133	138	0.798623384303373
133	127	0.7710045352808395
133	24	0.7506620271963023
133	115	0.7371459838542405
133	34	0.7296834466807812
133	143	0.7252059960707167
133	188	0.7221099496979784
133	121	0.7205125188341355
133	186	0.7073399107728519
133	22	0.7020340255106806
133	33	0.6998007764245343
133	125	0.6828902359482504
133	19	0.6823722418917423
133	14	0.6797343157750214
133	21	0.6697777775417216
133	140	0.6589864754519849
133	136	0.6579612700883738
133	62	0.6457008475723849
133	15	0.6399859809255007
133	75	0.6328584680620913
133	39	0.6265037235397233
133	187	0.6069890254641198
133	118	0.6042662089621099
133	104	0.6026193417327051
133	18	0.5872512594183041
133	137	0.5862283110178848
133	16	0.5831746258611209
133	122	0.5787758724624852
133	120	0.5679015648537422
133	141	0.555098065055684
133	116	0.5302623058257225
133	130	0.5217199206749273
133	44	0.48886666641493226
133	35	0.48494525911006
133	135	0.48301553815505965
133	52	0.48236357905023625
133	11	0.47557476822544403
133	85	0.47255901091974306
133	20	0.46957891684802994
133	110	0.46352373369419375
133	66	0.4615585961977991
133	100	0.45833384519717085
133	147	0.4571164945789486
133	27	0.4556122053120508
133	134	0.45363684878237903
133	142	0.4509801599315309
133	76	0.4461234722120092
29	129	0.9027527289094956
29	128	0.8906580402349918
29	132	0.8772254045298223
29	25	0.8530097186822809
29	124	0.8387670009601698
29	123	0.8367994359006179
29	131	0.831167202992014
29	138	0.7904762824863913
29	127	0.7877977490905004
29	121	0.7662166045342352
29	24	0.7569441397038903
29	115	0.7508540266373758
29	34	0.747352096573433
29	33	0.7457452269910925
29	19	0.7374517653717081
29	188	0.7352727881349274
29	22	0.7273276756751083
29	14	0.7224160847968825
29	125	0.7143690994348509
29	143	0.7080387566169718
29	21	0.7066546989497753
29	75	0.7015112850306515
29	15	0.6987736725485097
29	186	0.6935687904000608
29	18	0.6730783521367278
29	136	0.6557496523742257
29	62	0.6521725861169516
29	140	0.6392651085463782
29	187	0.6386260202335725
29	16	0.6309301940316467
29	118	0.6285043073245706
29	122	0.6171693930949501
29	104	0.610758345939984
29	137	0.6011589425998803
29	130	0.5815555427690109
29	120	0.5785497216819754
29	39	0.5771776110721397
29	116	0.5647497387611191
29	66	0.5488541504265977
29	20	0.5437891262713634
29	44	0.5336538017099506
29	141	0.5237112638501782
29	76	0.5175956904615967
29	11	0.5162766925501837
29	85	0.5051227562194394
29	110	0.504459540848921
29	52	0.5025859157769725
29	135	0.5025709674787731
29	146	0.5005277059479041
29	27	0.49954525398429134
29	100	0.4969818473080376
29	134	0.495059241889514
29	117	0.47492449254698155
29	148	0.4709652588499677
29	147	0.46737001465283734
29	150	0.4647633550865621
29	17	0.46383773375817516
29	149	0.45929702084833074
29	158	0.4503984381894361
29	35	0.4481476470567116
29	65	0.4452499863101243
123	138	0.8862132023299464
123	22	0.836108644174847
123	186	0.806802324469325
123	188	0.8027150432036911
123	128	0.8847666395508548
123	129	0.8809064751828628
123	124	0.8565115565495973
123	127	0.8549049918600075
123	131	0.8436492076688915
123	34	0.8127914605672258
123	132	0.8067674146519861
123	25	0.8027150432036911
123	33	0.772742635837965
123	14	0.7711667060610581
123	21	0.7582265909553274
123	115	0.755351088970709
123	137	0.7443839007075264
123	125	0.7417235668629432
123	136	0.7400997919246479
123	24	0.7396653211623919
123	140	0.7338085603728767
123	19	0.7161468922969083
123	121	0.7069649592415473
123	143	0.7050037638985438
123	118	0.6962679770482547
123	62	0.6900860380894094
123	15	0.6884114952541697
123	187	0.6711154941753801
123	75	0.6613785016895684
123	122	0.6390285120114347
123	16	0.6246473281208413
123	18	0.6201076643024366
123	116	0.6029440353783265
123	39	0.5864251772996109
123	44	0.5854861596093626
123	149	0.5801972493706081
123	104	0.5565976059306306
123	141	0.5396488209057668
123	85	0.5332245361419886
123	11	0.5330026412758053
123	152	0.5322146806071546
123	120	0.5238201142752502
123	148	0.5210427305561715
123	110	0.5203867600978674
123	130	0.5100223673114873
123	52	0.5093635777532254
123	113	0.5066109527935657
123	135	0.5004527549950931
123	35	0.49341174884034006
123	117	0.4827318099450442
123	76	0.481987500756137
123	66	0.4663377122400903
123	147	0.4657271175363645
123	134	0.4580652271184664
123	17	0.45386714042671206
123	100	0.45338266353754486
123	160	0.4526355678497912
132	104	0.6891735639647817
132	129	0.8672060719566601
132	124	0.8597798875571636
132	128	0.8310434974383438
132	25	0.8259320328762048
132	24	0.7902135340690539
132	131	0.7879873617397541
132	143	0.7716121601127337
132	138	0.7437679365499462
132	115	0.7307057722912971
132	125	0.7297722711579514
132	33	0.7294636171343659
132	127	0.7249119366078872
132	188	0.7130837434539935
132	121	0.7112257587513076
132	15	0.6984665145923009
132	14	0.6869620084023973
132	39	0.6852949444290327
132	186	0.6843816309570998
132	34	0.6822974232073548
132	21	0.6742253568171473
132	136	0.6739143478315592
132	19	0.6610182990457639
132	75	0.646772422800154
132	140	0.6439716592392368
132	22	0.6373867602373592
132	62	0.6333917138156737
132	118	0.6088425115988957
132	52	0.6083136201648573
132	16	0.6030204048712005
132	18	0.601222799553423
132	141	0.5832406127482882
132	187	0.5744302900649314
132	120	0.5706660534667585
132	122	0.5677931569542429
132	11	0.5623886748288998
132	130	0.5602723121464425
132	135	0.5580108995128008
132	142	0.5497618890922912
132	116	0.5431197019315142
132	137	0.5339398260874655
132	85	0.5318490401510434
132	35	0.5223964539679146
132	113	0.5179909110970091
132	134	0.5110205136507556
132	44	0.5084521322194031
132	17	0.499815369030254
132	110	0.497102319174388
132	66	0.4952856831562741
132	27	0.49397138758638004
132	20	0.4863360172249622
132	149	0.4781783880976781
132	147	0.47569857138633437
132	76	0.47494772561774734
132	148	0.46751068456572875
132	100	0.4524447180707077
129	128	0.8926460666397806
129	131	0.8645534791871904
129	127	0.8333493326243062
129	138	0.833135337603563
129	124	0.8059278875235897
129	25	0.7874560696900423
129	34	0.7772950398254896
129	188	0.7725411235868245
129	115	0.7565338875668938
129	186	0.7551276899827738
129	22	0.7543487204215492
129	14	0.7443259290588541
129	24	0.729117196903748
129	143	0.7122422333664188
129	21	0.7097053790200984
129	121	0.7053908403599901
129	125	0.69970381054698
129	33	0.6925658518213744
129	75	0.6790074014690708
129	15	0.6763740329735447
129	19	0.672689821000929
129	140	0.6681036500280375
129	136	0.6619744168795061
129	187	0.6458465916464416
129	62	0.6427702088079132
129	137	0.636156100370058
129	118	0.6325886206597289
129	122	0.6137153695493752
129	18	0.609911232761789
129	104	0.6022179739512027
129	39	0.5795534172121093
129	16	0.5770909119866418
129	141	0.5574252916339711
129	116	0.5547312681244161
129	85	0.5422801847600434
129	66	0.5255521564277617
129	135	0.5216252991757224
129	130	0.5210645856487298
129	11	0.517361381356443
129	110	0.5119361169582475
129	44	0.4971926604990012
129	120	0.48674818667067116
129	100	0.4862978424327878
129	52	0.481396161611268
129	134	0.4812117584532345
129	76	0.48035833983408655
129	160	0.4797888881774393
129	147	0.47744527713059426
129	148	0.4692904533552197
129	35	0.4672058698382389
129	149	0.46631423603751776
129	113	0.4654999883733931
129	152	0.4574644841494806
129	158	0.44794783375279945
128	124	0.8449986502561919
128	25	0.8384999765318251
128	138	0.8327372555126745
128	131	0.8320923765367839
128	127	0.7982608942411189
128	22	0.7617201194745462
128	121	0.7473344374517894
128	34	0.7468970376533823
128	186	0.740799979202693
128	115	0.7387491051386715
128	188	0.7364374203461722
128	125	0.7291078290048797
128	14	0.7284232341522672
128	19	0.7175129851098502
128	21	0.7096408516913122
128	33	0.6902012524730339
128	24	0.6876637175201503
128	137	0.6719884323001261
128	140	0.6590769838002356
128	15	0.650525960472745
128	143	0.6495038203410737
128	75	0.6441823185737804
128	136	0.6441296628984962
128	187	0.6386141769461798
128	18	0.6296886122780527
128	118	0.6254150912437442
128	62	0.618449297153678
128	122	0.6072920880171594
128	130	0.596856593272192
128	16	0.5839330103747187
128	104	0.5671965613953074
128	116	0.5402085177065287
128	66	0.5342042898855116
128	120	0.5200439533974774
128	39	0.5165553520510741
128	141	0.5146318463388627
128	85	0.5059639573445859
128	135	0.5030043461092724
128	110	0.4925336546287905
128	44	0.49034921952855304
128	134	0.48944481862839223
128	148	0.4810657424084404
128	76	0.48071211933436586
128	11	0.47827865676988296
128	27	0.47157202537493775
128	113	0.4698828644688681
128	65	0.4686273875201804
128	20	0.4632096171714404
128	146	0.46059796007079423
128	147	0.44708412608365616
124	121	0.8284579791267599
124	33	0.8188772967961925
124	125	0.8010013403273428
124	136	0.7733864294198086
124	17	0.6276626471280287
124	25	0.8752048976493197
124	19	0.7861990951761446
124	138	0.7768592737473876
124	24	0.7591729453816806
124	127	0.7392120908620634
124	115	0.7356033623004888
124	131	0.7188300876738786
124	21	0.7172848758965117
124	15	0.7129362584352208
124	143	0.704470217502562
124	188	0.7005806674665724
124	34	0.6988862326208121
124	14	0.6873262131175023
124	186	0.6866978761004741
124	22	0.6863806778307355
124	118	0.6838549687302096
124	120	0.6709835679704256
124	16	0.6665783482987692
124	140	0.6664116129694493
124	18	0.6540134197035057
124	62	0.6474989418475345
124	122	0.644959740805965
124	44	0.624915573292541
124	137	0.6230408773796566
124	52	0.6094714392674219
124	75	0.607998547089731
124	39	0.5986047840639213
124	104	0.597557837589079
124	187	0.5961995560487048
124	149	0.5958900853865655
124	20	0.5931681808573754
124	116	0.5926299502414614
124	11	0.5794072926592788
124	130	0.5542672726831724
124	148	0.5472870059157623
124	113	0.5396771714597817
124	117	0.5299747160870533
124	155	0.5216544148500983
124	51	0.5201169050320821
124	141	0.5083186542474925
124	150	0.4945608343236103
124	85	0.49446262476443564
124	76	0.49107046309418284
124	35	0.48477697897826477
124	53	0.4818262699488339
124	110	0.47557476822544403
124	152	0.47545094622226897
124	66	0.46332742451271686
124	135	0.4525481001804374
124	27	0.44582706297495134
124	77	0.44329158659441686
25	33	0.8045919777830602
25	121	0.7817674766872483
25	19	0.7540857150466533
25	125	0.7484317065010753
25	24	0.7439332104849136
25	34	0.7366661660616148
25	138	0.7247125847970075
25	21	0.7206759717675455
25	136	0.7125869591410412
25	22	0.7092832539412456
25	62	0.7007181218794588
25	131	0.6974202504143648
25	15	0.697158218689406
25	115	0.6847960746265983
25	14	0.6769541073798403
25	127	0.6699431636237967
25	143	0.6575016848102196
25	188	0.6531025696446137
25	16	0.6384779573958919
25	120	0.6362275315666636
25	186	0.6362096747899972
25	140	0.6318081981789567
25	104	0.6109025297591621
25	39	0.6061230627705348
25	18	0.6016951023849012
25	75	0.6016440628878915
25	20	0.6004943751055978
25	118	0.5960706314595939
25	130	0.5882984920760489
25	52	0.5882134779397996
25	44	0.5867334618979329
25	17	0.5790152292361356
25	137	0.5742359490419838
25	27	0.5678067090189639
25	122	0.5629012477676985
25	116	0.557273632088133
25	187	0.5486444881742204
25	148	0.5303126214900968
25	149	0.5288375444667578
25	11	0.5237838327006353
25	35	0.5237040065470498
25	150	0.5212685335631132
25	117	0.5103034661488531
25	53	0.508852419547735
25	76	0.4946741373546474
25	51	0.4880595785399367
25	135	0.4786950239383641
25	134	0.47738351109094607
25	141	0.47201514951711004
25	66	0.46644725916669355
25	155	0.4583812396989445
25	100	0.4548432207124043
25	77	0.44901032596652907
25	113	0.4482035867598236
25	110	0.44746809922980174
25	146	0.44488912542913545
25	67	0.4425279472942201
138	127	0.8581016933656267
138	140	0.7737879921535749
138	137	0.7667528558315212
138	131	0.8164913025992865
138	34	0.7944934216718652
138	188	0.7881768250354935
138	186	0.7807544368776421
138	22	0.7680683119122106
138	21	0.7464147073221994
138	14	0.7310039170302757
138	125	0.7191633877870284
138	24	0.7164633817865338
138	33	0.7162248247470547
138	187	0.7073798821309498
138	143	0.6878481646335253
138	115	0.6755866099233633
138	136	0.6603420972222136
138	121	0.6578535100945669
138	62	0.646102986928633
138	118	0.6346535251039808
138	75	0.6346176908452992
138	19	0.6331521271528211
138	15	0.6233956047920327
138	122	0.619910675944788
138	141	0.6170084007606382
138	39	0.5809463673144458
138	116	0.5676576193784053
138	44	0.5650357151598423
138	18	0.5625254032438591
138	149	0.547434089165245
138	110	0.5427741497130298
138	135	0.5415102638766371
138	16	0.5265791780894099
138	113	0.5248207355524697
138	11	0.5223310117162399
138	104	0.5177347747751603
138	148	0.5155648816813836
138	130	0.5083631496191141
138	152	0.49094144785893146
138	35	0.4893611653102775
138	85	0.4883794680446437
138	76	0.4642536043991664
138	147	0.46403392464308957
138	114	0.4595731426357097
138	7	0.4529058673958554
138	52	0.4440947228724045
19	121	0.8835882055892026
19	33	0.7388308592232905
19	136	0.7011606768542218
19	18	0.7004482548010836
19	120	0.6926438965942511
19	20	0.6831463092353194
19	125	0.6724926774418182
19	44	0.659235327483347
19	115	0.6558864290201212
19	22	0.6459281877733154
19	118	0.6415067448169831
19	16	0.6364239111229137
19	21	0.6331820821236875
19	15	0.6186530373193653
19	34	0.6145810917638499
19	14	0.6077211242742958
19	127	0.6065973082178698
19	117	0.5867728051435271
19	131	0.5684771515107843
19	188	0.5664431876420825
19	24	0.5610676650032875
19	186	0.5559208418727652
19	17	0.552108989226398
19	75	0.5428587917463311
19	149	0.5378815898007518
19	155	0.5378531618533182
19	122	0.5370709139869747
19	143	0.5322505170301784
19	62	0.5291112151807865
19	187	0.5147788620176593
19	51	0.5107101266765359
19	137	0.5012019268602632
19	150	0.5011420207281047
19	116	0.5008199429727994
19	140	0.48465457087990443
19	148	0.4804583368515469
19	130	0.4803814171774784
19	52	0.465241456447325
19	76	0.45191966746685996
19	104	0.4515137319492102
121	120	0.7541245343380645
121	20	0.7250305407820619
121	18	0.7021607903164945
121	150	0.5415809367128065
121	33	0.7364603024998851
121	136	0.7249119366078872
121	125	0.6721255171541249
121	115	0.6689719494307597
121	16	0.6484967112565531
121	118	0.6425177950813123
121	44	0.6410769611853464
121	15	0.6275050511167619
121	21	0.6229735725600636
121	127	0.6116165819962447
121	117	0.6092136715984982
121	34	0.6052049650101122
121	24	0.6027594301424216
121	22	0.6008842702063854
121	17	0.6001809737270769
121	131	0.5981361585783788
121	143	0.5901720306359756
121	188	0.5755682284671856
121	14	0.5746513579986404
121	187	0.5615060374993741
121	155	0.5597506579713573
121	186	0.5526093167286081
121	62	0.5439792575653445
121	122	0.5433946018750381
121	75	0.5340970874296137
121	149	0.5322003455038945
121	116	0.5282970820668164
121	146	0.518444410353568
121	130	0.5039822536541021
121	76	0.5024438948114315
121	51	0.49849388302595504
121	137	0.4887829508813677
121	140	0.4873431600984284
121	53	0.4842259930355887
121	148	0.47803181915154247
121	52	0.47112866294869926
121	104	0.46657243813602994
121	49	0.4654764887524032
121	66	0.44730813045571566
131	127	0.7994188269681072
131	22	0.7564611766150996
131	188	0.7545598118026827
131	34	0.7451276161437559
131	186	0.7368718931811354
131	14	0.7120894592292202
131	143	0.6982615995415119
131	24	0.6931274123161697
131	187	0.6743725934559077
131	21	0.667466477617387
131	115	0.6643776557979633
131	140	0.6610014070665419
131	33	0.6384779573958919
131	137	0.6257802677459725
131	125	0.6189245614955131
131	75	0.6117667819833988
131	118	0.5940813101688964
131	62	0.5934209014698856
131	15	0.5700588355340336
131	39	0.5687410581416991
131	122	0.5602380064386321
131	104	0.5551810834618631
131	136	0.5413264786802999
131	141	0.537696786277497
131	16	0.5284700766556253
131	18	0.5163060302793818
131	135	0.5115006118346368
131	116	0.5065291802492642
131	130	0.4895892895078628
131	110	0.48336047635250257
131	11	0.4804275698688112
131	85	0.47830950616074147
131	147	0.4745061840763299
131	113	0.46913448542436914
131	66	0.4491220935017346
127	122	0.6622383759745676
127	152	0.570011581343792
127	186	0.7921956955799734
127	188	0.7771366656241188
127	34	0.7684780681231003
127	22	0.7632271971215768
127	24	0.7603819744150674
127	21	0.7342881801694732
127	140	0.7334991865671959
127	137	0.731348299298504
127	143	0.7255566242760491
127	14	0.7206230987004714
127	125	0.7126903098371756
127	187	0.6990140997854611
127	115	0.6927895367860467
127	33	0.6926178834717556
127	118	0.6736686455828182
127	75	0.6668505392927734
127	15	0.6582900550223063
127	136	0.6515399945476198
127	141	0.6115602456312375
127	18	0.608137202849626
127	62	0.5952835257031205
127	149	0.5858278026619754
127	44	0.5847825086876829
127	110	0.5790351711306593
127	116	0.5712322277471362
127	16	0.5448798607955585
127	39	0.5424919299664871
127	113	0.5421954673834374
127	11	0.528484490890835
127	148	0.512076308388749
127	135	0.5054131908801517
127	130	0.5049663209175013
127	85	0.4936084252648567
127	104	0.47866418930500293
127	36	0.47279974891970045
127	52	0.46771383264549016
127	114	0.4633431309211244
127	35	0.4606137169160242
127	160	0.46014088529485236
127	147	0.4530568808913104
127	76	0.4458751359827539
127	142	0.4438056759180075
96	198	0.8512294391532507
96	95	0.7487526215963701
96	90	0.6498794558151181
96	197	0.6378318509711048
96	93	0.625701169434312
96	181	0.6096725343015298
96	78	0.6077274309863193
96	74	0.592954248990899
96	87	0.5593110258488085
96	193	0.5586441081929368
96	79	0.5552710075866079
96	98	0.5137859188972504
96	199	0.5132484198547711
96	73	0.5084966194479266
96	194	0.49841872889495953
96	185	0.4733120528442818
96	196	0.46240023133882885
96	88	0.4577332892532869
96	190	0.4572588708744206
96	147	0.45397829400976936
198	181	0.7141045719501449
198	95	0.7210602510478644
198	197	0.7054109367434407
198	199	0.6583467167124806
198	176	0.6136717329336516
198	193	0.6096222678978798
198	93	0.5928894046202802
198	196	0.5913763537624394
198	98	0.5615128845706258
198	79	0.5561419071845018
198	74	0.5553194228922449
198	190	0.5541702748663655
198	90	0.5350113294994965
198	185	0.5191387228041116
198	194	0.4999053857824369
198	145	0.48712200482201123
198	70	0.48171876461530894
198	78	0.4799274406823723
198	147	0.47850228810844453
198	87	0.4719296528914788
198	73	0.45233336988959716
198	99	0.4499279998964087
11	112	0.8488714631666877
11	113	0.7775324165425952
11	109	0.663001247282026
11	142	0.619867574321748
11	7	0.6095531435868363
11	114	0.5981233137620056
11	110	0.5893176475432008
11	143	0.5817143509567362
11	39	0.5693901757940566
11	10	0.5643477808122124
11	176	0.5604918231630449
11	188	0.559214814351045
11	24	0.5566321149254744
11	9	0.55463434234674
11	106	0.551587391592129
11	140	0.5416798658236818
11	135	0.5377963022887688
11	52	0.5375972552824538
11	125	0.5357461000993701
11	70	0.535246829662025
11	141	0.5313970927220691
11	12	0.5175224772022324
11	197	0.5174785456090146
11	15	0.5168852021109134
11	34	0.5168852021109134
11	36	0.5142126856118279
11	14	0.5111904310245333
11	116	0.4969065426614397
11	115	0.4952932300398159
11	33	0.4929274072578712
11	136	0.4915483905466123
11	22	0.4912222181477297
11	21	0.48690841629268766
11	118	0.4855110287657705
11	75	0.482110321371267
11	104	0.4764796438280213
11	38	0.4758300915969521
11	0	0.46430851541594825
11	199	0.4626439140686261
11	186	0.46206996908770054
11	187	0.4590918443272167
11	16	0.4579545953497912
11	149	0.4547797689921271
11	111	0.4492897184520932
11	13	0.4489704055839705
112	113	0.7846667204112098
112	9	0.7513944338154822
112	109	0.6916645629555169
112	12	0.6606239782870749
112	114	0.6386319417638187
112	142	0.6367391360074076
112	111	0.6220058125948648
112	103	0.6061040839804528
112	10	0.598591950464028
112	106	0.5983416338461217
112	13	0.5972877414728701
112	70	0.5812046842888478
112	176	0.5671558627266631
112	7	0.5604163751308903
112	0	0.5602723121464425
112	36	0.5595789641482765
112	197	0.5566183115580355
112	108	0.5381444903235756
112	39	0.5371349508264941
112	38	0.5326732427718927
112	110	0.5286934630592348
112	199	0.5032806797200537
112	3	0.49452306291057113
112	143	0.4872364032851147
112	52	0.4870228459634355
112	141	0.48424130339106664
112	98	0.46747942663081604
112	135	0.4672840380534323
112	95	0.4576463320493348
112	188	0.4463877546642447
112	139	0.44382173650589013
140	141	0.8365594619404917
140	137	0.7341037976759673
140	143	0.7098889685645068
140	39	0.6976513001337703
140	188	0.6922118454306713
140	186	0.6843816309570998
140	24	0.6784357043197236
140	35	0.6764608264868265
140	34	0.6573143059540143
140	62	0.6396020496038974
140	114	0.6239272151271577
140	135	0.6171012872581877
140	14	0.6143507920751514
140	110	0.610231417366051
140	75	0.6099614709734662
140	21	0.6070774369556847
140	33	0.6066921055474375
140	22	0.5982517480966859
140	125	0.5883115700198569
140	113	0.5872512594183041
140	36	0.5792013266423748
140	15	0.5634679908643937
140	187	0.5496781521446111
140	122	0.5463126023492334
140	136	0.5462354280323448
140	142	0.5411709277163956
140	104	0.5383291686116363
140	7	0.5296006671016247
140	149	0.5271787688206067
140	130	0.5162840270960842
140	147	0.5088079540372982
140	115	0.5069230914032739
140	118	0.5049663209175013
140	10	0.49580624271745155
140	165	0.4846010113666568
140	44	0.47634822876913224
140	32	0.4659385274752426
140	116	0.46567229887167694
140	52	0.45889451301341055
140	148	0.4549621802420075
140	18	0.44653187591762233
140	13	0.44582706297495134
141	114	0.7093329421433469
141	39	0.705270238242154
141	36	0.6825271779832272
141	143	0.6671891408333667
141	24	0.6430987245407565
141	135	0.6305448051282622
141	35	0.6187024163489343
141	113	0.61226713012313
141	139	0.6020139879242767
141	188	0.5999570027085505
141	142	0.5901850644216154
141	110	0.5845916477944363
141	75	0.5693428682706434
141	137	0.5584858670087233
141	13	0.5553055903318458
141	186	0.5485885665818063
141	32	0.5416445357206829
141	166	0.5327520266691146
141	104	0.5327233790475236
141	7	0.5171709480725181
141	147	0.5166066721350925
141	37	0.5066481191192168
141	62	0.4986141140511938
141	14	0.49643195130351914
141	34	0.4931620483924946
141	12	0.485755560059282
141	111	0.4742194415107292
141	38	0.47328101322861615
141	10	0.47282304240122164
141	134	0.4552159063065586
141	187	0.45240495248229984
141	15	0.44928173702874474
141	21	0.4490981444987072
141	125	0.4428093628512941
141	102	0.4425279472942201
22	34	0.8286147428660215
22	14	0.7084225317725371
22	186	0.6994331904886811
22	21	0.6991777045562799
22	188	0.6933507627218068
22	33	0.6867242974946242
22	118	0.6584543533714724
22	115	0.6470224779775965
22	125	0.6441121096499833
22	137	0.6367034608481438
22	24	0.6079418135864281
22	187	0.603452956581115
22	136	0.6022434666775759
22	62	0.5890956834757574
22	16	0.5827521275213259
22	15	0.5743364783433232
22	143	0.5684297712644658
22	75	0.5554577315970106
22	18	0.5494617805637686
22	152	0.5339827192090004
22	116	0.5296510318537563
22	122	0.520240905395658
22	44	0.5185540841327876
22	149	0.49019729310259624
22	104	0.46084215854594807
22	148	0.4571876856558556
22	85	0.4503824952208869
13	111	0.8356265238821275
13	114	0.7269742371029889
13	10	0.6571666168621936
13	37	0.5435566677475948
13	12	0.721458472483769
13	103	0.6336251939543053
13	113	0.6005327381136736
13	36	0.5858737771815735
13	3	0.5636931752461157
13	70	0.5489100487018033
13	102	0.5430491960034958
13	32	0.5315836473966266
13	2	0.5240160019375456
13	7	0.5179031033894766
13	9	0.5100741568653735
13	108	0.5073390695016694
13	139	0.49680110358275664
13	135	0.485327580423579
13	8	0.4843331592961858
13	38	0.47399462698254463
13	142	0.46118864304889395
13	39	0.45075707903724727
111	12	0.7646014289348992
111	113	0.6583297189887561
111	103	0.64820109298347
111	114	0.5961544359394816
111	10	0.5910901587477514
111	3	0.5679557614163726
111	8	0.5575631316738777
111	108	0.5239797306257526
111	102	0.5216616935788431
111	9	0.4976592522720666
111	36	0.4909566272397812
111	37	0.4672371380008832
111	70	0.45247652924606246
38	142	0.8352943175117744
38	98	0.6896982419943934
38	39	0.7108401017062547
38	36	0.6726733960173246
38	70	0.6669449313520482
38	32	0.6622608329930152
38	139	0.6321265253070337
38	199	0.6072983999420258
38	114	0.58393960055863
38	35	0.5695591004514546
38	176	0.5656548651557833
38	143	0.5306000679095758
38	135	0.5258416135347508
38	7	0.5157924450881076
38	10	0.5066035193024819
38	24	0.5005801671508289
38	52	0.47996592324148235
38	27	0.46655679178682957
38	45	0.46018818021099694
38	60	0.4591549807825253
38	31	0.44949721028390377
38	110	0.4437012751473574
142	39	0.7495555666971009
142	143	0.6924357411613121
142	139	0.6521036202098116
142	114	0.6279655718362229
142	24	0.6123546406759734
142	176	0.6093582888338422
142	199	0.6073425812695061
142	70	0.6054330570071091
142	35	0.6034656733182182
142	36	0.5940424847412009
142	52	0.5850193494076515
142	98	0.576770679587631
142	135	0.5612046902404321
142	32	0.5497409558910902
142	10	0.5480990432697063
142	7	0.5322576840859027
142	110	0.5226145503650007
142	62	0.4951800189373196
142	113	0.4900073431748598
142	0	0.48936877052955924
142	149	0.46628293341232935
142	15	0.4646692704369096
142	130	0.45875240642813075
142	104	0.45583405390985693
142	188	0.4521663211743723
142	45	0.4476280393740811
142	33	0.4456347452257534
142	125	0.44479287145098667
142	116	0.44472869642343554
98	199	0.831630366815777
98	70	0.6948691194373448
98	176	0.6528960765714491
98	79	0.6483344352305255
98	32	0.6345997726925752
98	181	0.6313934527409822
98	197	0.6072289645519485
98	95	0.5932718752566505
98	7	0.5704704624291915
98	135	0.5658928301346837
98	114	0.559235432368884
98	139	0.5103478402124918
98	36	0.5085188620442517
98	147	0.469337238026051
98	41	0.4585313050890059
98	61	0.4570373865120137
199	176	0.7896118737653683
199	181	0.7254524227761376
199	70	0.7244560969452563
199	197	0.686285467386936
199	114	0.64839819355384
199	32	0.6417891230107389
199	79	0.6391468254008987
199	135	0.6302615869888039
199	95	0.6277898986695338
199	139	0.6197567244004816
199	166	0.5901720306359756
199	7	0.5487493279293104
199	147	0.5403430570997432
199	145	0.5311458800140849
199	36	0.5235733620926017
199	61	0.49282898801741276
199	101	0.44514575245893584
34	24	0.7164049751385603
34	33	0.7151174863637574
34	21	0.6950035559419954
34	188	0.6921962198233576
34	186	0.6865445962324345
34	62	0.6804813756001747
34	14	0.6765313323836771
34	125	0.6641988650472481
34	143	0.6474815191554953
34	137	0.6255429342036978
34	115	0.6246168363827641
34	136	0.6241653359565463
34	15	0.6212695328610324
34	118	0.6038533863479983
34	187	0.5891022131000485
34	75	0.5764235610076044
34	18	0.5669930403522598
34	149	0.5602517289523956
34	44	0.5588917084206306
34	39	0.5491126387969855
34	16	0.5473220288040123
34	122	0.5404704899925366
34	116	0.5314688506216207
34	104	0.5055323104474365
34	52	0.5052642643269516
34	152	0.5005501897707514
34	35	0.5001303804144583
34	110	0.4906302048646587
34	130	0.47871814913848143
34	135	0.46347662363915443
34	148	0.4621092927463371
34	100	0.444391702615145
95	197	0.8259320328762048
95	99	0.5367150410354505
95	181	0.5877554860036251
95	79	0.5743498809415624
95	176	0.5695455882489145
95	70	0.5472029431634129
95	106	0.49865919574035394
95	90	0.4829542001058199
95	93	0.4743124501280585
197	176	0.6075634315605049
197	181	0.6048880056486725
197	106	0.5757286993886843
197	79	0.5626210948310798
197	99	0.529075212162238
197	109	0.516151993682891
197	101	0.5137711982653965
197	70	0.5112938394313153
197	114	0.5009023481650685
197	135	0.46346091970520165
197	7	0.4566654817425927
24	143	0.8046272381208529
24	52	0.6256159722452316
24	33	0.7612285361158845
24	39	0.7509543395049901
24	62	0.7123358357886407
24	35	0.6856819214816697
24	15	0.6840518855773199
24	188	0.6820354452314623
24	21	0.6700974639995734
24	186	0.6657328688864496
24	125	0.6650418671259738
24	14	0.6472259085703786
24	136	0.6456600307984908
24	75	0.6191466076705654
24	115	0.6080426688555127
24	104	0.5999570027085505
24	137	0.5765971463168029
24	44	0.5762499236601042
24	122	0.57299466360682
24	187	0.5636658846306218
24	130	0.5564112241670864
24	116	0.5515456451296036
24	113	0.5444719304793193
24	149	0.5393794295985509
24	18	0.5390531765512127
24	135	0.5333247226854329
24	16	0.5235951378785938
24	118	0.5211957018552765
24	110	0.5164600334768847
24	36	0.49248820864988124
24	17	0.4826167561149355
24	100	0.47217834569489847
24	165	0.46916568135233244
24	7	0.4677060201712428
24	114	0.46568796171200105
24	27	0.45588158552872593
24	120	0.4477879508834471
24	134	0.4445281200304504
33	44	0.7193516285493476
33	136	0.7601034339624295
33	125	0.732828604355685
33	21	0.7226789435792353
33	15	0.6983691942178991
33	62	0.6897768813084427
33	143	0.6770624393385432
33	16	0.6729306446036476
33	14	0.6702131512899387
33	149	0.6679541409335649
33	188	0.6436379154839199
33	115	0.6376538657600874
33	118	0.636156100370058
33	18	0.6320904989773247
33	120	0.6282925169268208
33	186	0.6240493428518117
33	52	0.6179303104713526
33	137	0.6097102308865852
33	17	0.6041836703734565
33	122	0.5946633594628139
33	75	0.5910316005145412
33	39	0.5854598707554302
33	116	0.5663073438312988
33	117	0.558630349704009
33	187	0.5580935288397594
33	155	0.5494129122616409
33	51	0.5451399575435426
33	130	0.5355892268666018
33	35	0.5316912516395942
33	148	0.5163793693009092
33	104	0.5108062130682429
33	20	0.500070388446075
33	76	0.49008332873162186
33	165	0.48786910584144966
33	110	0.4606058385296977
33	152	0.45632508856762516
33	150	0.44940145084817784
39	143	0.8159906769108054
39	35	0.7344954810479257
39	36	0.6263882861139024
39	62	0.5986625314607819
39	135	0.5941589527210339
39	113	0.5776975323830024
39	104	0.5730080969951826
39	188	0.5712457014680417
39	186	0.5554439021092102
39	15	0.5546828071172851
39	110	0.5535324861963279
39	114	0.5520394678218888
39	32	0.5382297328793331
39	125	0.5372203236486291
39	52	0.5287366906812604
39	136	0.527395359323246
39	75	0.5242263380646119
39	139	0.5216471360454138
39	7	0.5035121232563115
39	10	0.5013217247129365
39	149	0.4932301565768196
39	14	0.49305609031039266
39	21	0.48841754138965965
39	70	0.4856867933148946
39	102	0.4809811946020826
39	27	0.47449068705163777
39	116	0.473343091284656
39	12	0.4632253257629222
39	165	0.46142480187833496
39	130	0.45693453521414473
39	44	0.45572313668806164
39	147	0.4457789873952102
143	188	0.6622889025929761
143	15	0.6575130384916062
143	125	0.6354411884593735
143	186	0.6330442735530946
143	62	0.6250496405743933
143	75	0.6198306270962308
143	136	0.610482403135808
143	21	0.6052366503987945
143	14	0.5907126741701227
143	35	0.5893502818170905
143	113	0.5751936238844142
143	149	0.5701465833108816
143	110	0.5680302736487485
143	115	0.5676033957299107
143	104	0.5635976527077982
143	52	0.5620535602086052
143	130	0.5547243453538119
143	187	0.5543781088994338
143	135	0.5508912564953952
143	137	0.5465230306171904
143	116	0.5461021050942031
143	122	0.5417787799310808
143	44	0.5397693023071225
143	16	0.5294207625026223
143	165	0.5147200593782987
143	36	0.5084298875872226
143	114	0.504854561100887
143	118	0.49462881815973775
143	18	0.4941074540948617
143	10	0.46368859825100034
143	120	0.44514575245893584
56	163	0.8139758814713579
56	162	0.787911534607053
56	161	0.7504131120011568
56	58	0.6425236667524157
56	57	0.6097353604110769
56	101	0.4645516498692256
56	99	0.45176049935991125
163	161	0.7076146225099804
163	162	0.7033653641617442
163	58	0.6127794785274684
163	57	0.4630132352213898
85	160	0.8097147064290703
85	66	0.6626704646137076
85	88	0.6018354356671388
85	158	0.5792544862449096
85	193	0.5482599280961972
85	170	0.523028745133638
85	115	0.519445463799125
85	110	0.4957232788143787
85	125	0.4684478788496464
85	14	0.46531980784055244
85	186	0.46468495194055565
85	104	0.4578834674354076
85	65	0.457076941449443
85	118	0.450183183881455
85	188	0.443789615045011
160	193	0.6828155162756011
160	158	0.6142823044056573
160	170	0.6156751377891075
160	88	0.6076706678185182
160	66	0.5251032573578165
160	115	0.46448106965966807
160	57	0.44865097800563086
160	73	0.4431630186655403
160	14	0.4430022831134954
70	176	0.8073949301175962
70	32	0.6443753371511969
70	139	0.6322165791759429
70	114	0.5775042830001964
70	36	0.5581899157339527
70	12	0.5384214883721304
70	61	0.5253422239078515
70	181	0.506194561314136
70	9	0.49962779944740143
70	103	0.495972143376097
70	166	0.4881205199881856
70	135	0.4848840704886866
70	7	0.4776228282118401
70	79	0.4606137169160242
70	0	0.45727468901625884
176	139	0.6556470416328674
176	114	0.5782968596192758
176	166	0.5773909687800521
176	181	0.5706053597267073
176	135	0.5143744960731896
176	32	0.5092524869543688
176	36	0.49704208563639635
176	7	0.44582706297495134
176	12	0.44472869642343554
186	188	0.7960371382618491
186	14	0.7694589167155094
186	75	0.7039560520754549
186	187	0.6768511648445431
186	137	0.6548424193139826
186	21	0.6542365466945257
186	115	0.6536756522054166
186	136	0.621312512683546
186	15	0.6161034072315449
186	125	0.6123671409587605
186	118	0.6018481913957677
186	62	0.56485188876686
186	122	0.563577181631105
186	18	0.5585340316732392
186	152	0.5472589862250585
186	149	0.5437539106445918
186	116	0.535375249237768
186	44	0.5259573622908771
186	148	0.5166506578244201
186	113	0.5110205136507556
186	16	0.4922836685084053
186	110	0.4879833950372023
186	135	0.4720229214974112
186	147	0.4666897764471224
186	130	0.46637683778467887
186	36	0.4606058385296977
186	35	0.4460433712540303
188	187	0.7772554555066459
188	75	0.7430745834321204
188	148	0.5672372572939486
188	14	0.7547277117861046
188	15	0.7247837958057617
188	115	0.7153275227662088
188	137	0.7076795231403935
188	21	0.672618641284073
188	116	0.647626687574592
188	125	0.6463767027268713
188	136	0.619750565346285
188	118	0.6133474578414985
188	18	0.5743096722231225
188	62	0.5712793844233791
188	113	0.563720464630955
188	147	0.5575011074597499
188	122	0.5463406634376341
188	16	0.5291184155559079
188	135	0.5285925879423152
188	110	0.5217926977101989
188	114	0.5203430068746092
188	149	0.5056588538751389
188	36	0.4950894379454253
188	76	0.4855568841723739
188	104	0.4833451489513335
188	152	0.48090432519602094
188	44	0.47726768705044087
188	130	0.46628293341232935
188	35	0.4610390419850257
188	185	0.4505100309267024
188	7	0.44885063368252637
188	134	0.4462596274386324
188	52	0.44545841781327505
125	21	0.7701108063563346
125	136	0.689519932634286
125	115	0.6743780456351917
125	15	0.6584543533714724
125	44	0.6277656628672219
125	14	0.6252141273066965
125	149	0.6236462056735301
125	137	0.6110216075750263
125	118	0.6070837514872058
125	17	0.5968630308558394
125	52	0.5940489558380226
125	122	0.5803962260764645
125	62	0.5743096722231225
125	18	0.5697955141646299
125	16	0.5667758749121572
125	120	0.5524286888151478
125	116	0.5482179620526749
125	75	0.5334964362407971
125	148	0.5270271146989831
125	130	0.5189633821644539
125	155	0.5141538363659548
125	51	0.5132263222327451
125	110	0.5060234749732665
125	113	0.5038554224678502
125	187	0.48672529405030657
125	53	0.4840116169228276
125	152	0.4569820065624416
125	35	0.4566021628984625
125	135	0.4520310680239397
125	20	0.4472761332657715
125	76	0.4460674022917853
90	194	0.7914870203930049
90	88	0.6968136976364134
90	94	0.6837271855886121
90	93	0.6560858177875235
90	92	0.6666116873636779
90	78	0.6385727230578244
90	193	0.6220548588557233
90	87	0.620286117486535
90	73	0.6139895710036342
90	74	0.5639319156361158
90	82	0.5235661033452519
90	196	0.46715114774141114
90	4	0.4568395847085973
194	196	0.6360787042657382
194	193	0.5907582463832027
194	92	0.5281528863944924
194	94	0.5258994903477024
194	73	0.4971926604990012
194	93	0.48609930358832276
194	88	0.4838737730192242
194	195	0.46549215523932197
194	87	0.46309964888170874
194	74	0.452222007604974
194	78	0.4499838276736675
8	107	0.7901384096830795
8	6	0.6584486889555298
8	4	0.6389870951795864
8	105	0.5716093755573914
8	10	0.5506265239364375
8	2	0.5124082319142401
8	1	0.5062391859827224
8	108	0.46289538422568666
107	4	0.788706528399007
107	6	0.685326765370939
107	105	0.621895440660262
107	2	0.5428658447513651
107	10	0.5229996868884509
107	1	0.5058969942528366
107	102	0.4803429545689728
58	161	0.78908417243487
58	59	0.39065265765222634
58	162	0.5933755499717237
58	57	0.4804737198994575
161	162	0.7259068761705828
161	57	0.5700993361241635
161	101	0.5074875758447868
4	6	0.6693971372576801
4	105	0.5219964330053223
4	1	0.4715175901903771
162	57	0.6282864644036615
162	101	0.4893611653102775
162	73	0.48153443602052143
162	100	0.47607760133293603
162	99	0.4616451578054424
162	193	0.4511952203012998
162	88	0.44415091571686466
171	175	0.7863518035374277
171	172	0.6368283119803655
171	174	0.5565907039011635
171	180	0.5938159479158637
171	183	0.5930190856720245
171	182	0.5588710788729986
171	67	0.5135577151085553
171	169	0.5113676935159313
171	189	0.4814422557439754
171	145	0.45731423310503955
171	69	0.4558182094591044
171	170	0.45113150417170844
175	180	0.607178460259874
175	182	0.5986047840639213
175	145	0.6049831135936041
175	172	0.5753006783983757
175	183	0.5714477703372539
175	174	0.5242843505712719
175	169	0.5104217909463846
175	92	0.4982984667021273
175	196	0.4946439248569364
175	69	0.4940016266796039
175	67	0.47945780476448774
175	167	0.47660330914296806
175	40	0.47153314346694497
175	189	0.46108628725816
175	166	0.4609681691742962
6	105	0.7848203914259533
6	1	0.67721405479861
6	108	0.6053126875076177
6	9	0.5429998372973317
6	3	0.474010133417415
105	1	0.534447218517222
105	108	0.4996353031305308
105	3	0.4700776441073261
105	102	0.4452419687499295
113	12	0.6844985701406927
113	114	0.6292961817489283
113	10	0.6098295852110809
113	36	0.609534289893118
113	110	0.5851640363028779
113	7	0.5470347845372282
113	135	0.5250308268977997
113	103	0.5143818502241393
113	15	0.49587411554388017
113	14	0.48930792669116857
113	109	0.48409584304119696
113	21	0.47688921294843667
113	75	0.46489662370979556
113	52	0.45889451301341055
113	104	0.4585628944712904
113	187	0.45227769051011935
113	137	0.4500237025042244
113	9	0.44427131718910823
115	14	0.7006774000676912
115	15	0.6798687832366723
115	118	0.678770193077777
115	116	0.6777712884717868
115	136	0.6764065827426077
115	21	0.6653540736366966
115	18	0.6495269455317597
115	16	0.6389456746424971
115	75	0.6180724675551389
115	187	0.601886456739197
115	137	0.5872250533644042
115	120	0.5847759283550271
115	62	0.5754812882045992
115	122	0.5734780716134815
115	148	0.542174286316661
115	66	0.5167019710154106
115	44	0.5147127087078587
115	152	0.498283432579538
115	149	0.4966203167513695
115	52	0.47841746973272
115	150	0.46968803906322726
115	117	0.466869663285229
115	110	0.46089729048270295
115	104	0.452969455193799
115	130	0.45062160958823544
115	146	0.44803575712129184
14	75	0.7191730437285766
14	15	0.6996119243512595
14	21	0.6839561006412074
14	187	0.6731439826992975
14	118	0.6623281969098836
14	116	0.5959287789034625
14	136	0.5952060436657556
14	18	0.5898982500602786
14	137	0.5890826239963793
14	122	0.5890173219835583
14	16	0.568612502865791
14	62	0.5586647453498771
14	148	0.5460319240127521
14	152	0.523870905286944
14	44	0.5222219276232273
14	130	0.5188756954631756
14	76	0.5076880115931782
14	149	0.49371430704833635
14	147	0.48849368250106673
14	134	0.4834294459904597
14	104	0.476193595566354
14	135	0.4733508507111062
14	52	0.46258103489280467
14	110	0.46042461561410886
14	66	0.45963624371773554
14	185	0.45909973663776826
14	150	0.4443836774193355
187	75	0.6669449313520482
187	118	0.5785430688412903
187	137	0.5743364783433232
187	116	0.5575838050286964
187	15	0.5485885665818063
187	21	0.5429434227526693
187	148	0.5332889434943575
187	147	0.5223455549705939
187	18	0.5207585521791946
187	76	0.5169218426483271
187	136	0.5019578285500508
187	122	0.4861451246998742
187	146	0.4860458422465901
187	16	0.46157433532575204
187	185	0.4564596785857747
187	62	0.45199128372910896
136	44	0.712773952031288
136	149	0.7101468233353729
136	15	0.6703343125761332
136	21	0.6391763990225587
136	118	0.6196273682302805
136	18	0.6059522288123077
136	16	0.6054837306177215
136	116	0.5814297881765728
136	120	0.5798920171986602
136	62	0.5742828648712922
136	122	0.5698968054673763
136	52	0.5677321688540488
136	75	0.5546897303487177
136	117	0.5531925291411762
136	137	0.5434580237807846
136	152	0.5330957028909808
136	17	0.5282610360050409
136	148	0.5153445897597259
136	155	0.5135503524860118
136	51	0.5009922343822432
136	150	0.48346009723656475
136	104	0.47224050715545063
136	20	0.4638063389934392
136	76	0.4588392521305619
136	110	0.45101998987813946
136	35	0.44995990191404367
136	130	0.44353260230589164
21	15	0.6489137219260118
21	137	0.6199414605282703
21	118	0.6050338307734343
21	122	0.6029758573434668
21	44	0.5981618472891833
21	18	0.5942236463908761
21	62	0.5824548696078928
21	75	0.5550565517048047
21	16	0.5542949835804053
21	149	0.5531925291411762
21	52	0.5352325592926368
21	116	0.5292192128068587
21	130	0.5259862964362586
21	17	0.5103182578053352
21	148	0.4989521609630142
21	51	0.49136635783227406
21	120	0.4804583368515469
21	152	0.4799813157479732
21	155	0.4782632316318052
21	76	0.4494732713933586
21	110	0.4429781703237274
137	62	0.5954384565712418
137	15	0.5705514045019752
137	75	0.5465580952878291
137	122	0.5382723500282917
137	118	0.5359884678213773
137	18	0.49782474790919895
137	116	0.49506679101561135
137	16	0.4920260220858857
137	110	0.4852434856490669
137	149	0.48243263533611297
137	44	0.47491674804293743
137	130	0.4616923695225787
137	135	0.4537083250888488
137	148	0.45156945966228146
12	103	0.6531484438103548
12	9	0.5588435717334076
12	114	0.5208314294368394
12	10	0.5181957532983502
12	36	0.49808044259728296
12	3	0.4770514378022629
12	102	0.4759770595956892
12	7	0.4553268882199414
7	135	0.7645183392989421
7	114	0.6513097362967146
7	10	0.6356617359591953
7	110	0.6205567514643299
7	36	0.5602448677339537
7	79	0.5223819117770829
7	147	0.5192994133459957
7	104	0.5119213583788974
7	32	0.4979977273197445
7	31	0.48154979836430806
135	114	0.7067297868604963
135	147	0.6974664719625021
135	104	0.6151843533232905
135	110	0.6066289092446717
135	32	0.5892850113460589
135	181	0.5783301372941371
135	36	0.5731155530178828
135	75	0.5505777453262217
135	139	0.5433664123700659
135	166	0.5273159507619526
135	79	0.5094080093200023
135	77	0.5003852927231226
135	10	0.4999428895752516
135	31	0.4842030269463422
135	35	0.48234055895579336
135	185	0.4750329078794927
135	134	0.46632206151135885
135	148	0.4572667799815053
135	62	0.45257990761332567
135	15	0.4462436102487797
86	189	0.7622233981554813
86	49	0.7315389452847847
86	47	0.6116729121594676
86	84	0.7420652572571683
86	67	0.5898460859943047
86	42	0.5772842997795402
86	68	0.5578869347723934
86	91	0.5560382926147572
86	40	0.5271209997807047
86	65	0.5186491209416658
86	69	0.5103700262252673
86	146	0.49668058381773206
86	80	0.4916166417432165
86	94	0.47716729279992876
86	82	0.47554381449103467
86	27	0.472209427012239
86	92	0.46563314049445775
86	76	0.45634884126485575
86	180	0.45485115185277547
86	81	0.44794783375279945
86	157	0.4471641340847792
86	64	0.44395021094422693
189	84	0.7595962802951564
189	146	0.7269129352102812
189	49	0.6314956699606515
189	91	0.6142760777949035
189	42	0.5971269056214288
189	68	0.5955223589719127
189	65	0.5933755499717237
189	67	0.5882396375204637
189	180	0.5759225425936954
189	69	0.572557910876229
189	40	0.5656956658453994
189	76	0.5653555754730936
189	167	0.552907933617777
189	172	0.5430209914880246
189	150	0.5119508752353826
189	27	0.5110057363390348
189	169	0.49799020729965937
189	77	0.4882652368529964
189	55	0.47966571030294536
189	157	0.46448106965966807
189	47	0.4550811235360929
189	158	0.4499838276736675
189	64	0.4451698074954608
189	82	0.44433552474666305
189	94	0.44301032056766065
68	69	0.7620138105510068
68	67	0.7373194492589721
68	91	0.6625246138453496
68	84	0.6496830091404351
68	40	0.6461437636494689
68	42	0.5672915141832255
68	172	0.5629285728398418
68	65	0.5606084063692015
68	27	0.5487283613589022
68	41	0.5041090631091892
68	81	0.4653824837053876
68	63	0.4584049359722524
69	67	0.7540253190081064
69	40	0.7540123753407658
69	91	0.7147655081703297
69	172	0.6309301940316467
69	41	0.6671447497720543
69	27	0.6173736551265998
69	84	0.593777103574727
69	65	0.5846113950262684
69	63	0.5217781429106967
69	61	0.5197666679857122
69	64	0.5130126768054533
69	81	0.4961003145456855
69	145	0.4706383536810976
69	180	0.4426485646392131
84	91	0.7238520840705948
84	82	0.6336850420733368
84	42	0.6043995131376246
84	55	0.5965603813516565
84	65	0.6750753176085059
84	49	0.6648689384923907
84	74	0.6133973597844904
84	146	0.596991766391106
84	40	0.5944306144710894
84	94	0.5932524340561781
84	76	0.5872250533644042
84	67	0.5748053860759149
84	78	0.5691333181960572
84	81	0.5647224958364135
84	27	0.5326875678036083
84	167	0.5296006671016247
84	185	0.4986892487011506
84	92	0.47207732330511
84	63	0.4718596945040333
84	180	0.469991946705448
84	75	0.4651787700833388
84	158	0.4641829992761034
84	73	0.45453384996778395
84	93	0.4478998718994984
51	155	0.7544305907079222
51	53	0.6078094112670924
51	17	0.5892980660557063
51	47	0.5879845290978408
51	153	0.5445774544078433
51	154	0.5261164850237914
51	16	0.5066927162244647
51	48	0.5026083376608158
51	52	0.4942661677669904
51	149	0.4929046962448966
51	44	0.4907516804480196
51	130	0.4816266056445685
51	120	0.4784020472506611
51	50	0.4738085268331428
51	117	0.45617463971668093
51	15	0.4432755166005601
155	154	0.641683251571512
155	17	0.5745307858812798
155	153	0.5693158337070465
155	47	0.5611498838362879
155	53	0.554987356641877
155	48	0.5251104999854762
155	130	0.5217999749960325
155	149	0.5164966959818093
155	44	0.5089709809682998
155	120	0.5081183914877379
155	52	0.5024588456638416
155	179	0.5007674985773907
155	16	0.4951045355248988
155	117	0.4893915857407937
155	20	0.4606137169160242
155	18	0.4550811235360929
155	157	0.454589386129225
155	15	0.44645981818642916
120	117	0.6255855410605816
120	16	0.6551792861534855
120	18	0.5858146663923527
120	20	0.5842821840650602
120	17	0.5775242773178797
120	15	0.5700318336013792
120	116	0.5450415548943989
120	44	0.5253349837143381
120	118	0.5037957296847949
120	53	0.47195297103341777
120	52	0.452293599264027
67	65	0.7286015566288147
67	40	0.7493057050937352
67	91	0.6501624174654255
67	27	0.6389693439745422
67	41	0.6223306531241414
67	63	0.582322704948691
67	64	0.5732498453356667
67	172	0.5647837906861786
67	66	0.5567356303849885
67	169	0.5337038647931185
67	130	0.4702178571033646
67	81	0.46703387405383556
67	50	0.46679927738335003
67	60	0.4599753325231975
67	54	0.45916287251332605
67	134	0.45094829468091013
67	92	0.44337193228941746
40	27	0.7418989561174574
40	41	0.7301366609623786
40	91	0.62803824546836
40	65	0.6275596094023848
40	81	0.5975835539596139
40	63	0.594934769365238
40	61	0.5757554402314391
40	55	0.5724570756010762
40	64	0.5636999977076997
40	145	0.5402014359206984
40	172	0.5339040797200689
40	32	0.49838866514477465
40	94	0.48912536659523875
40	31	0.4641437716585374
40	169	0.45504147757546937
9	108	0.7207864974584132
9	0	0.5855584476087322
9	3	0.6210300054115047
9	103	0.5845258186858081
9	109	0.5773243029641332
9	106	0.5267598328956821
9	5	0.5116704162935144
9	10	0.4502629138019773
173	174	0.7508322149069886
173	50	0.6652593212475102
173	156	0.48797577627796257
173	80	0.46392406335434694
173	154	0.4432594463217633
174	50	0.5258199084744303
3	108	0.7464678463724553
3	103	0.7309666641899345
3	0	0.5805951335031881
3	1	0.5148817549828405
3	102	0.46865860246990315
108	103	0.6243240187861286
108	1	0.5098595760674699
108	0	0.508867240781199
88	193	0.7446023084043515
88	66	0.6251105680606016
88	73	0.5648382697661324
88	93	0.5382368359286488
88	94	0.5106214202205864
88	78	0.4962510764806482
88	74	0.47562119661896757
88	92	0.46177104990529555
88	170	0.44472067422389305
193	170	0.6289940935648137
193	73	0.5840384440815265
193	93	0.5727326509936542
193	74	0.5373270241981521
193	66	0.5233119993041363
193	185	0.5167386210221808
193	196	0.5140287656436755
193	190	0.513020044947588
193	195	0.501576231342263
193	57	0.500280339333174
193	145	0.4571560459004569
79	181	0.7434236963436105
79	32	0.5829039991531489
79	36	0.5701803289925312
79	41	0.555098065055684
79	114	0.5477071540602657
79	93	0.5401235312267985
79	61	0.5294567472328507
79	81	0.49468924315515306
79	145	0.4885317502673496
79	196	0.4879148235272741
79	147	0.45658633246460373
79	139	0.45035060842213376
181	139	0.6056483859505275
181	166	0.6028867510058288
181	196	0.6005902774423765
181	145	0.5757554402314391
181	147	0.5556789616132948
181	114	0.5222364731564716
181	32	0.506863646674336
181	93	0.4793345760781145
181	36	0.4457789873952102
181	74	0.4445040478669198
75	185	0.6717799750916387
75	76	0.6344086032768392
75	15	0.6964173580435978
75	147	0.653698559932104
75	18	0.6365607329520945
75	116	0.5714208318236792
75	122	0.5252480954587161
75	77	0.5240522713487133
75	148	0.520612774892118
75	62	0.5162400186846848
75	16	0.5051674459250275
75	118	0.5028848186301902
75	146	0.5016884860883972
75	74	0.4980278066510943
75	44	0.48140384415164017
75	114	0.4779855286891066
75	36	0.4673231194216839
75	150	0.46554698564635244
75	110	0.4634530676290516
75	73	0.45916287251332605
75	134	0.4486030539776226
75	104	0.4428977897292488
27	130	0.6285103571099041
27	41	0.6400332119427623
27	65	0.5609922880132348
27	55	0.5436341631901184
27	53	0.5353181769260813
27	32	0.526239418272993
27	35	0.5004527549950931
27	61	0.4879605385364162
27	31	0.48109648484691786
27	64	0.47725996485803657
27	91	0.476270915850108
27	62	0.4687990552605724
27	134	0.44668397877514493
27	60	0.44550651053569873
27	42	0.4438458268531145
44	149	0.7364053824998397
44	18	0.6090312703547474
44	15	0.5702478145836536
44	148	0.5609785821064026
44	118	0.549664194912592
44	16	0.5478891325288106
44	17	0.5339326769666726
44	152	0.5336180400747677
44	62	0.5204450934788626
44	52	0.5121131963369654
44	122	0.4827318099450442
44	116	0.481849304919229
44	164	0.46968024509516065
44	43	0.4623845074728954
44	45	0.4573616836245268
44	117	0.44363702253250265
149	118	0.6045518193366348
149	52	0.6044629794243659
149	15	0.5683079190310578
149	152	0.5546689604240067
149	164	0.5508285666932742
149	45	0.5424919299664871
149	148	0.5411638563378579
149	16	0.540158943598967
149	43	0.5367506369284147
149	17	0.5100297660456002
149	18	0.5043327914831744
149	62	0.49248063405893405
149	116	0.4915863086236397
149	122	0.48682449057661525
149	117	0.4675341272497251
149	35	0.45834174446182907
149	165	0.44706012228818587
35	62	0.7165850300505078
35	32	0.5675559459977433
35	60	0.5377181123984617
35	165	0.5254797731307956
35	52	0.5158291420493557
35	2	0.5106435978538049
35	31	0.5062168739872757
35	30	0.5046980689188227
35	104	0.5007075576232106
35	36	0.4817341234079709
35	102	0.45599248252737207
35	61	0.45576275160649116
35	114	0.45176049935991125
32	61	0.7324950956315283
32	114	0.6883799285735637
32	30	0.5587679207583794
32	36	0.6591561629479163
32	139	0.6027466963675279
32	166	0.5968372800601692
32	41	0.5632154118028292
32	31	0.5402439254879896
32	147	0.4583654418213359
32	145	0.44429539555808284
61	166	0.6272564298276986
61	36	0.5708952846678506
61	114	0.5450977868186553
61	41	0.5116777981895941
61	31	0.5044669960170287
61	63	0.5030342249732002
61	81	0.4971098480298044
61	172	0.4928971257579773
61	147	0.48144993784053414
61	134	0.47330429305054783
49	146	0.6173489005245013
49	47	0.5847759283550271
49	42	0.5629217416871688
49	82	0.5339970163054222
49	157	0.5278932574108478
49	91	0.49785483413089104
49	76	0.4926472578247877
49	94	0.4723725846644571
103	102	0.5739677862308641
103	0	0.5237983455585336
103	114	0.45130671246015414
41	145	0.6861584835323116
41	93	0.6268498709486331
41	91	0.5782502676413215
41	65	0.5386983701145864
41	63	0.5284989048213401
41	196	0.4996653171132277
41	81	0.4682683314933351
41	130	0.4544545064636941
41	55	0.44751608427944767
15	116	0.6808248708207073
15	18	0.6638019016074125
15	16	0.6345818538575869
15	52	0.616903108609732
15	118	0.5649472131561806
15	62	0.5594278338412255
15	122	0.5561488142078795
15	117	0.5475391279268904
15	77	0.5078141836925226
15	130	0.5053759620640617
15	17	0.5040344719439805
15	76	0.48637419016060424
15	148	0.4758610344369515
15	104	0.4724269633561661
15	185	0.46437911004999166
65	169	0.6923368269276411
65	63	0.6696674832229133
65	91	0.6672557185406988
65	66	0.6018545691449283
65	55	0.5890760941412924
65	64	0.5134546315114609
65	167	0.5111165588141799
65	146	0.4783866244734737
65	76	0.4771518464250269
65	81	0.4696334797492892
65	159	0.4616923695225787
114	36	0.7106421628957512
114	110	0.6505201922754743
114	139	0.6468364036456222
114	10	0.6425588951945268
114	147	0.5767573327220078
114	166	0.5705581491744414
114	2	0.5106879510817884
114	104	0.49652237255465237
114	134	0.4813884789969285
114	106	0.46542948754147695
114	102	0.4604009750123743
114	109	0.4425761961540259
146	42	0.5948636989262523
146	167	0.5342400202199503
146	150	0.5278716172068795
146	20	0.5109909587252593
146	157	0.5068859390126645
146	76	0.5037211069393066
146	91	0.4685337356494903
146	180	0.46056644550942205
146	18	0.4438056759180075
89	179	0.7256607925154713
89	192	0.6027212278966991
89	87	0.5699170616499859
89	191	0.5659404118211127
89	178	0.4693138460199857
89	195	0.4548194268584001
89	72	0.44476078450806183
179	195	0.5792943527137018
179	178	0.5511558782400284
179	191	0.5999378008150998
179	192	0.5545374015155528
179	180	0.44254403053218955
20	18	0.5371634096568136
20	157	0.5332245361419886
20	150	0.5297661372637752
20	16	0.49341174884034006
20	53	0.48470812675917463
20	42	0.4438458268531145
91	180	0.5939389367359665
91	81	0.572961078788878
91	93	0.5616018894995204
91	63	0.5458494173308319
91	94	0.5309879270675889
91	55	0.5279942359665917
91	167	0.4999053857824369
91	145	0.48752613788803467
91	82	0.48111185562246467
91	54	0.47847915670959046
91	74	0.45830224741444053
91	185	0.4547797689921271
91	169	0.4509164282807022
91	76	0.4428977897292488
62	130	0.5266948026458181
62	104	0.5237330353034765
62	16	0.5020775050715561
62	150	0.4854651706874925
62	52	0.4852129035051064
62	116	0.484302541847408
62	118	0.47363789784431415
62	165	0.46256531437164333
62	100	0.45743285452089066
62	18	0.4529297133601072
62	17	0.4461154624378006
36	139	0.6699431636237967
36	110	0.5380166058459417
36	10	0.49753134445636565
36	37	0.49110840465256606
36	147	0.484180060189871
36	166	0.47239589025842005
118	18	0.662036209265563
118	16	0.650445198881556
118	152	0.5658996277492642
118	116	0.5455966302387293
118	148	0.5315262514498236
118	122	0.5076805890266662
118	52	0.46563314049445775
145	196	0.7072349644328884
145	166	0.6216684874058489
145	93	0.5952189581073304
145	190	0.5472099488144674
145	167	0.5365868800017122
145	180	0.5102812780980075
145	63	0.5059937167612372
145	130	0.48035833983408655
145	55	0.4765260205310535
145	195	0.4745991600475156
145	172	0.4734749915436409
145	144	0.46052705067479455
196	93	0.664668028666671
196	180	0.5407960391914423
196	190	0.5364373275026056
196	195	0.5290392072388084
196	191	0.48187233922367056
196	166	0.4677528939205202
196	167	0.4541608727955551
74	78	0.7067948501735336
74	185	0.6823668981740435
74	73	0.6700423633686035
74	167	0.601395174976735
74	82	0.5932329921636809
74	93	0.5717036247954992
74	81	0.5710435633283765
74	147	0.5461161403907233
74	94	0.5121943431735929
74	87	0.5092450802976053
74	55	0.5071756777123145
74	76	0.4837359051018716
74	190	0.4678934993820928
78	81	0.6473653505771725
78	92	0.6418890902456049
78	94	0.640245691671253
78	82	0.5732498453356667
78	73	0.5523731005550805
78	93	0.5395779391658689
78	167	0.5253060221795779
78	87	0.512629429245764
78	185	0.5043477043014606
78	147	0.44640376928071773
92	94	0.7057624399053322
92	81	0.5317414610797029
92	93	0.5256317692673597
92	50	0.4625102902569801
94	93	0.6278201917107815
94	82	0.5958191400858603
94	87	0.5846311415654448
94	81	0.5375901453523201
94	73	0.4759925283652063
94	180	0.46113352991726886
18	16	0.6975794335420658
18	122	0.5496432584891735
18	116	0.5356106208482457
18	76	0.505070614805797
18	148	0.49977035660462116
18	117	0.4893991906623336
18	52	0.4472521346219398
18	130	0.4446966071971495
16	117	0.6150724622563882
16	116	0.5784033414046188
16	52	0.5475461298975856
16	122	0.5001678729569984
16	148	0.46750287019159786
16	17	0.4623058837809949
147	185	0.6488905648856873
147	77	0.5911617214611264
147	76	0.5677660519014182
147	166	0.5227235729224289
147	167	0.4854575274147069
147	148	0.4627067885901128
169	64	0.6348684733494432
169	159	0.5032358758537271
169	55	0.47637915187450713
169	180	0.45704529764412993
17	119	0.6919565459047269
17	154	0.6447026960273926
17	43	0.581409929648146
17	52	0.5561764415331267
17	48	0.5325872861719194
17	53	0.5136828681213425
17	117	0.49656004489604055
17	47	0.4798581674217556
17	45	0.4587603018542061
17	165	0.447476096917016
119	154	0.514800911758827
119	43	0.5031089168725434
119	48	0.486923674547981
109	106	0.6322405906565924
109	0	0.5027652719148233
109	110	0.4466679691636602
104	134	0.5269404401273726
104	110	0.5516430492439605
104	52	0.504452085605596
104	10	0.49507434006696255
104	2	0.4875642528721441
104	66	0.4591155210414702
104	30	0.4531681373585873
182	183	0.687363142128056
182	167	0.4900529354025916
182	166	0.4810734281289815
182	134	0.4699140322867895
183	166	0.47531936470062636
183	167	0.47070063129934947
183	180	0.46433204761623054
87	191	0.6849978227652279
87	82	0.6585506370297874
87	83	0.5717103563066687
87	93	0.6136592646405405
87	192	0.5543919620440819
87	190	0.5305354031006326
87	195	0.4587445109296143
87	73	0.4473641227829665
191	192	0.6214475677884015
191	195	0.5490218305248923
191	190	0.5181957532983502
191	178	0.4804352617253582
191	180	0.4744441942127943
191	82	0.4491220935017346
185	73	0.5718449703665218
185	167	0.5454772240308811
185	76	0.5408243401649846
185	77	0.5104143962126872
185	93	0.49738836305527395
185	190	0.4911159927406488
185	55	0.4891405815739112
185	82	0.4521185871423265
116	148	0.4992224892210086
116	77	0.44653187591762233
1	102	0.5027503272229247
1	2	0.5015238400129809
1	0	0.46647073164685876
73	167	0.4901896959992174
73	82	0.47482380825685294
73	57	0.45475597340663027
73	93	0.4505100309267024
139	166	0.6293807323835302
63	167	0.6031921958224483
63	81	0.613441019967277
63	66	0.5273231701027642
63	55	0.46090516618328004
76	77	0.6653094869469811
76	148	0.5043626168189002
76	167	0.484180060189871
76	55	0.4834064567779343
76	134	0.4693294407638857
76	42	0.46520227801662595
77	148	0.5521924047791421
77	31	0.503064102634745
50	66	0.5431479021584301
50	53	0.4903264324640641
50	47	0.47376199518157897
93	190	0.5639319156361158
93	82	0.49423593913115077
93	195	0.4876480992958743
93	81	0.4542243695205312
93	83	0.4521424544820881
66	170	0.6225328041054351
66	134	0.4597782041853936
66	195	0.44817162164497293
66	158	0.44585109980035365
66	100	0.4455546006871168
66	130	0.4429781703237274
122	130	0.4970044372425305
122	52	0.4556597490634053
82	168	0.4921397002541791
82	42	0.4647319947026217
10	110	0.6554075223682551
10	2	0.5942107082719539
10	31	0.5237910891675931
10	52	0.4996878268129276
110	148	0.484998795259322
60	80	0.6484271716034798
60	45	0.6231938085721529
60	31	0.5460880694910913
60	165	0.5248134898824878
60	164	0.5021298575040452
60	48	0.456404261695847
80	45	0.489680520426855
80	31	0.4890873278461969
80	164	0.48809766750281053
80	43	0.4813807963086223
80	48	0.46588372259762983
81	97	0.49060742606932434
81	167	0.5182323260087915
154	48	0.5530328938870025
154	153	0.6080867868655458
154	47	0.5204159273955175
154	43	0.5064994425191767
154	164	0.49270026690422175
43	45	0.6434621624826784
43	52	0.5092080458822467
43	164	0.49937262960956624
43	48	0.4607476383787475
43	156	0.4537321492272376
45	164	0.6310445464692229
45	52	0.5230795941370939
45	165	0.5129463601243063
45	156	0.4802660238093149
45	48	0.4672058698382389
172	166	0.5143156601419957
172	31	0.48458570798114237
172	180	0.4596599054271589
172	144	0.44542635457005847
106	5	0.5220255331866561
106	0	0.5649472131561806
106	101	0.4986291415806384
164	165	0.5313683874267341
164	48	0.47065392352534097
166	167	0.5474060759151229
166	134	0.4943568465028716
166	130	0.44564275928677827
170	158	0.5682943783549709
130	144	0.4939562675916402
130	53	0.554364255447587
130	134	0.5256969001979264
130	52	0.4796349128798087
57	99	0.5362663690973763
57	101	0.4914573795571223
47	153	0.6260418089471987
47	157	0.5123934830070155
47	42	0.48035064723848125
47	48	0.4433317603324121
153	150	0.45756727244798867
52	156	0.5329310466415917
52	117	0.4631703444193693
117	184	0.45240495248229984
192	178	0.5024812713790473
192	190	0.44689207769230566
53	157	0.5548697074072835
180	167	0.5527482259628617
180	195	0.5259211928970766
180	168	0.46799503304313933
167	55	0.48157284132516187
55	190	0.48828046864542096
2	102	0.5926104862031557
2	30	0.5438032119858913
2	31	0.5162766925501837
2	0	0.5088598302021765
102	0	0.47870273241220446
71	177	0.5884292576653098
177	97	0.4412162067746849
0	5	0.5025784416654361
0	101	0.48755663002398497
99	101	0.5776442286747562
101	100	0.5423790077650019
83	190	0.5452523993234124
30	31	0.5424354713158648
30	100	0.4491061275714211
30	134	0.4463236933388873
48	46	0.4694619842664179
48	165	0.44837138480815386
178	72	0.5071831054029623
31	134	0.45233336988959716
54	159	0.5386273858843105
59	151	0.40302053471836985
