23	25	0.9369169087814806
23	22	0.8893274127098444
23	29	0.8467341445537611
23	128	0.8283952372564316
23	28	0.8336546070121552
23	133	0.8245284615950843
23	26	0.8137733166072876
23	123	0.7909260323467862
23	132	0.785319156311037
23	24	0.7732256303121299
23	126	0.762642094367171
23	129	0.7429984409865484
23	39	0.7021253006564732
23	124	0.6810072309492671
23	19	0.6533548182356362
23	130	0.6499545448409275
23	136	0.6497639094598363
23	121	0.6282077746815214
23	20	0.5998929937090088
23	143	0.5904587028443434
23	27	0.5788623183613633
23	127	0.525508727362507
23	33	0.5084373025400165
23	77	0.49496109644853936
23	15	0.47396361323080344
23	76	0.45349387866005353
23	138	0.45343032889047313
23	75	0.44550651053569873
23	34	0.4319569190427347
23	21	0.42093678927989137
23	188	0.41467174859707384
23	131	0.4019646552901354
23	69	0.38881226302118327
23	43	0.38206040422968635
23	187	0.3620385795644424
23	120	0.35801743466463787
23	18	0.3423746238797008
23	40	0.3234182639511866
23	125	0.3227107168248173
23	117	0.3133537411962917
23	144	0.312307262338578
23	37	0.30371767740967076
25	22	0.8737934041884772
25	28	0.823694277851706
25	29	0.7945671659935903
25	128	0.7770574415910063
25	26	0.771207233126757
25	24	0.7674524962890185
25	132	0.7674113914679618
25	133	0.7469677723701537
25	123	0.7191826993923569
25	27	0.6839188445738946
25	124	0.6731221070231478
25	39	0.6684080387796156
25	126	0.6672057862597027
25	130	0.6648354601992326
25	129	0.6620699104102971
25	19	0.6485314770247117
25	20	0.623615651450297
25	121	0.6048499576377936
25	136	0.5930709494805381
25	143	0.534889978774441
25	15	0.5161226495922894
25	77	0.5001453776564966
25	21	0.4837129247811628
25	127	0.48013522455855706
25	33	0.4706072131132746
25	75	0.44154633162318985
25	76	0.4234677615441082
25	40	0.416128047573972
25	34	0.41441502092772325
25	69	0.4056304767253564
25	188	0.40322153314061565
25	138	0.3962141112001679
25	17	0.39545512781688213
25	43	0.3873173095113006
25	131	0.3689525039816379
25	42	0.364937283390656
25	187	0.36306347636612873
25	125	0.35608045012733625
25	144	0.33924580495765033
25	18	0.3334634689547211
25	120	0.33261883962931116
25	53	0.3298233239339099
25	37	0.3276648612105745
9	108	0.919980503552939
9	6	0.8510641096679439
9	12	0.8328291971399351
9	109	0.7641857265719753
9	112	0.8422309014401546
9	3	0.8248803104304767
9	103	0.8242721703413975
9	11	0.7880252663445667
9	70	0.7862372812721045
9	176	0.7558831018641163
9	13	0.7328841549387282
9	102	0.7234996271024777
9	111	0.7150197509904661
9	105	0.6964585559773067
9	1	0.6882588988063658
9	7	0.6763469061477974
9	113	0.648148904758174
9	114	0.6157806872419817
9	2	0.5889324178654648
9	139	0.5874412164906556
9	110	0.5804625362497018
9	95	0.578662808195759
9	0	0.5770909119866418
9	10	0.5636999977076997
9	8	0.5491615301893178
9	106	0.5216325782082254
9	36	0.5125630771885373
9	5	0.5099779733219345
9	78	0.4944324038982196
9	197	0.48664898048737376
9	135	0.47569083424083725
9	107	0.46901749026708933
9	32	0.4360232852134183
9	37	0.4059646080605356
9	4	0.3835368984826114
9	43	0.38171874009436535
9	98	0.36503262984848
9	199	0.3524425423730942
9	141	0.3375899704727369
9	61	0.3307231526163454
9	31	0.3272273994966018
9	198	0.32048721453695783
9	96	0.3167495350708566
9	79	0.31174762625985863
9	77	0.30099193530141855
9	35	0.29824304528760737
108	103	0.8759516561258408
108	112	0.8502626331462498
108	111	0.8043802965686855
108	105	0.7785584926184229
108	6	0.8356265238821275
108	12	0.8260273601363143
108	102	0.779933204335335
108	3	0.7733462389685888
108	109	0.7618879813039355
108	113	0.7339423741420052
108	13	0.7229463670058882
108	176	0.7078990982198694
108	70	0.6912783812680087
108	11	0.687315661318918
108	114	0.6605619804265005
108	1	0.6257376779464572
108	110	0.6167606193672163
108	139	0.5678676895012453
108	8	0.5671083774456154
108	0	0.5507589040672783
108	7	0.540385537485292
108	106	0.5354251835003119
108	107	0.5074950003707117
108	135	0.49922999695259057
108	95	0.4913284289453372
108	2	0.48561802055840664
108	10	0.4576858591365687
108	5	0.45147392428306493
108	197	0.4269984052286496
108	36	0.42573836221138717
108	4	0.4116863343858038
108	141	0.3673186446497719
108	78	0.34364519923147696
108	199	0.3357989648812735
108	37	0.3216263059835078
108	198	0.3088647943325482
108	32	0.30747104458501506
108	98	0.29970003052467115
51	155	0.9047136143547703
51	157	0.867602247718966
51	53	0.8433029500738807
51	179	0.7537706527102088
51	89	0.7466095039712967
51	47	0.7221243061035834
51	180	0.7108697828212958
51	50	0.6585223205444956
51	178	0.5983223738817302
51	72	0.5930320520855168
51	49	0.5893698614582664
51	41	0.5875001555279519
51	174	0.5762298852329313
51	94	0.573075259318581
51	91	0.5648791258451993
51	40	0.551622178200179
51	67	0.5392659686348095
51	48	0.5067224461215448
51	192	0.4995602629251208
51	17	0.482793165175437
51	27	0.4814422557439754
51	195	0.48115796617429213
51	125	0.46430851541594825
51	21	0.4482914849158092
51	193	0.41968531494694544
51	130	0.40434305909955054
51	194	0.39600333673208293
51	68	0.3955141792490641
51	153	0.3765297982029641
51	173	0.37481205630913833
51	42	0.37108432579305733
51	14	0.3591154364035904
51	191	0.3542715815222692
51	87	0.35131226743148114
51	122	0.3478625641492018
51	119	0.34706242869405834
51	154	0.34479116700785173
51	196	0.34451799091224633
51	115	0.3365085653475582
51	150	0.3110161628457311
155	179	0.7927536710926497
155	47	0.7364557262039542
155	178	0.621748239638001
155	157	0.8654849203401804
155	53	0.7538095147560077
155	180	0.7443036292833911
155	89	0.6976615656438024
155	50	0.6773385530631767
155	174	0.6650585983716086
155	67	0.6240920803540582
155	72	0.5933755499717237
155	41	0.5423437155573468
155	195	0.5322075130936705
155	49	0.5226290876936853
155	91	0.5118401807904933
155	173	0.5015612627664245
155	40	0.49713996270293603
155	125	0.48145761986312247
155	48	0.4795887145293428
155	153	0.47871814913848143
155	94	0.47731401865692435
155	193	0.46600898563640214
155	154	0.4614326727135388
155	192	0.4452740385623299
155	122	0.4139428011241814
155	194	0.41188563813672513
155	17	0.4079087646466158
155	21	0.401746642162186
155	68	0.3986223967526079
155	196	0.3961888204682166
155	27	0.39156745308106194
155	119	0.3911525027830195
155	191	0.3797093579109057
155	42	0.3714809144225347
155	130	0.3583138185712131
155	14	0.32803079268276564
155	66	0.31621863077398343
155	87	0.3148139299600902
155	115	0.31418316652928263
155	145	0.3109348663651635
155	164	0.30900952358524136
22	26	0.829459025476211
22	24	0.8050147275100382
22	123	0.7967686224583799
22	28	0.7888576575171622
22	29	0.763268942359885
22	128	0.7414985603602006
22	39	0.7255187366701641
22	133	0.7027230887802337
22	126	0.6999130204941858
22	132	0.6824417035855704
22	129	0.6711484690871508
22	143	0.6158241423589585
22	127	0.6128294361831753
22	136	0.6034084455839237
22	33	0.5715555120766546
22	124	0.5486095377542021
22	34	0.5405695873245262
22	138	0.5237040065470498
22	19	0.5152270728782495
22	130	0.5053238385606215
22	27	0.48245565276554625
22	76	0.46375139535211063
22	20	0.46232947165193805
22	77	0.45771747950383795
22	121	0.4573774998856566
22	131	0.44329158659441686
22	15	0.4432514110755142
22	188	0.42655676036204104
22	75	0.41346206797310137
22	43	0.3852413876359978
22	187	0.37436502094155194
22	141	0.3578430574776531
22	69	0.3533267694136779
22	37	0.34656098737820745
22	21	0.3370139226920005
22	116	0.3345296043601706
22	36	0.32158147743667814
22	140	0.3194280146902821
22	18	0.3153453575827509
22	144	0.31185595981671366
22	120	0.2982703765756363
28	29	0.8859338666630419
28	26	0.8666346398545396
28	132	0.8439084411799265
28	133	0.8173893439336174
28	128	0.796073767833328
28	39	0.7463039703894143
28	129	0.7446513168043144
28	24	0.7384855273712794
28	126	0.7341406828388246
28	123	0.7170274617862034
28	130	0.6396315941199433
28	143	0.6386793112830192
28	124	0.6127919684006099
28	19	0.5939195192938063
28	27	0.5899830061672239
28	136	0.5785031501806085
28	121	0.5555614429614023
28	127	0.5465300437046321
28	131	0.5161006407292005
28	20	0.5149552408767796
28	77	0.4855568841723739
28	76	0.4713853754960226
28	15	0.4671589654029423
28	75	0.4449693292272959
28	188	0.4387485784061278
28	138	0.43534273381143584
28	21	0.43373660758971544
28	33	0.42694934363003917
28	187	0.379135812145307
28	34	0.3682093366756635
28	125	0.3546388133503005
28	116	0.3402895831332107
28	69	0.33938738323707923
28	144	0.3313553458220452
28	141	0.3224150522771196
28	186	0.3217249237112468
28	37	0.30834003091192624
28	43	0.305949084430969
29	133	0.8698346842987176
29	26	0.8597277228788405
29	132	0.8254228223501647
29	128	0.803637801527719
29	126	0.780676340181956
29	129	0.755844521573355
29	123	0.7456475608767672
29	24	0.7073948702239476
29	39	0.6832262977061719
29	124	0.6178746727854576
29	130	0.5997649526693118
29	136	0.5957159303192753
29	143	0.5906475644705699
29	19	0.5804757973606286
29	121	0.5636863527076162
29	127	0.5422378274498494
29	20	0.537334136956624
29	27	0.520663800396221
29	76	0.5158658371177165
29	77	0.4873202848646634
29	75	0.48463926853264083
29	138	0.4500874985006863
29	131	0.4300434591471132
29	33	0.4063320272110705
29	188	0.39873173411005536
29	69	0.3889989885512194
29	187	0.38253855859135916
29	15	0.3759718152661727
29	21	0.34047525249231636
29	144	0.3223702491281931
29	34	0.3041170364671091
103	3	0.82697803782785
103	113	0.7420562703407124
103	102	0.7997794680836848
103	112	0.7918975659180228
103	12	0.7887821048788789
103	111	0.7705986704859538
103	6	0.7397604143848513
103	176	0.6991674814025763
103	109	0.6982718480131604
103	13	0.6800085809158329
103	105	0.674884776935585
103	114	0.6571552540720965
103	70	0.6538760541975672
103	1	0.6459631530247455
103	11	0.6223551606963831
103	110	0.6052493240173223
103	106	0.5765504169296368
103	0	0.5708480972820176
103	8	0.5278644036532439
103	139	0.5273448276683699
103	7	0.5148670568959193
103	135	0.5123049832156057
103	95	0.5008349264104118
103	5	0.4838661143204482
103	2	0.47769229410464537
103	197	0.46549215523932197
103	107	0.43293250874329553
103	141	0.41779685418595897
103	36	0.4154580835670357
103	10	0.41038990042295853
103	4	0.3522148176045279
103	98	0.3485743466610538
103	78	0.3459977294165426
103	32	0.3347072104636639
103	43	0.3257711608234482
103	199	0.3257622220628209
103	37	0.32250465424132524
103	104	0.31375048262017496
133	129	0.7761445937449973
133	132	0.7965128680225904
133	26	0.7965128680225904
133	128	0.7709234123713795
133	126	0.7548438923503017
133	123	0.7068098630863906
133	24	0.6559377091622275
133	39	0.6296765422810161
133	130	0.6159668970806346
133	143	0.6040503114156076
133	124	0.6004687982310419
133	136	0.5454912729695729
133	19	0.5453156392037817
133	121	0.5417929092930516
133	76	0.5011644860905996
133	127	0.4991248818891343
133	27	0.49144979482340595
133	20	0.4857708407415439
133	138	0.47180527831673663
133	75	0.46394760626057957
133	188	0.4127986093679878
133	77	0.40908347894961733
133	131	0.3862628218351382
133	33	0.3621949764228913
133	69	0.35780817904458273
133	187	0.3367125048163181
133	57	0.33230752575228867
133	15	0.33034903935016147
157	53	0.8599883669515376
157	180	0.7123949400549525
157	179	0.69452246297144
157	47	0.6808248708207073
157	89	0.6710220508364727
157	174	0.6561370743867725
157	50	0.6277111278616735
157	41	0.5808271046070965
157	40	0.5406686696583297
157	49	0.5330455943931699
157	67	0.5222073817861399
157	94	0.5139478258803217
157	91	0.5099557753083243
157	72	0.5063432996672629
157	130	0.4964470222602376
157	178	0.49162422483671225
157	27	0.48936877052955924
157	195	0.4888210045126841
157	17	0.4757063084582207
157	48	0.4660324703768314
157	192	0.43819123498375734
157	125	0.4235252070950159
157	150	0.4179866884721984
157	173	0.3828629038428651
157	42	0.37398662427055906
157	153	0.37190321846437707
157	68	0.35801743466463787
157	119	0.3519520064259369
157	21	0.3505406389501571
157	154	0.34388329228821884
157	191	0.3374216134037389
157	193	0.3367125048163181
157	194	0.32941330213034814
157	14	0.31961657484503764
157	115	0.31836801606497156
157	145	0.30203738740011643
157	122	0.29975464033611415
157	20	0.29800615364126715
11	70	0.8674538106623322
11	7	0.7464058498882804
11	112	0.7800898371404411
11	176	0.7575115254690914
11	12	0.7221243061035834
11	3	0.7164487810660353
11	13	0.7098740865180038
11	10	0.698748085886839
11	6	0.6808731508368303
11	78	0.663824275694739
11	1	0.6610464508557137
11	32	0.6560630351336527
11	2	0.6480213079064481
11	95	0.6401276594680456
11	102	0.6135719780191476
11	36	0.5998865923866471
11	114	0.593550456418775
11	111	0.5895460470725217
11	139	0.5495734654244376
11	109	0.5335465110793592
11	0	0.53317443726051
11	61	0.531167416192537
11	197	0.5287799155606494
11	110	0.524994608815509
11	79	0.5038703449117381
11	8	0.5001978656408819
11	37	0.45626966307832467
11	105	0.4558895072124118
11	96	0.4558498980717146
11	81	0.4502788589245543
11	98	0.44805174225725825
11	35	0.44239927114193295
11	43	0.4348319934767438
11	5	0.42594302713543136
11	198	0.40765865091512676
11	113	0.3953285780248342
11	77	0.39526107866499227
11	199	0.3891687113019419
11	107	0.37994040583485433
11	38	0.3678029880978935
11	135	0.3633846616230244
11	80	0.36250770895978524
11	181	0.3513736265008
11	31	0.35100542682334285
11	62	0.33406771728327406
11	142	0.32455495524983036
11	166	0.303790296090864
11	106	0.301355653033532
70	176	0.8484798138440285
70	95	0.6915132685743374
70	32	0.6886797067673056
70	112	0.7517251537586246
70	3	0.7325785058013478
70	7	0.6879587902817389
70	12	0.684269974336962
70	6	0.6570643409983046
70	13	0.6360191600902607
70	10	0.6275535476749775
70	197	0.6261390906665331
70	78	0.6229735725600636
70	1	0.6210791487084331
70	109	0.6127045328595246
70	61	0.6120607958839159
70	139	0.6113223126036792
70	2	0.6008714912909375
70	98	0.5993293833327226
70	102	0.5851574604338924
70	0	0.5730954065146139
70	79	0.572174644695694
70	199	0.5712389646460727
70	114	0.5537821330812064
70	36	0.5504453272877876
70	198	0.5295934718321846
70	96	0.5279293228943206
70	111	0.5112569095567573
70	81	0.4980729234011045
70	38	0.494621264699054
70	35	0.4822024243989299
70	5	0.47604666673916146
70	105	0.46580542371437145
70	110	0.45706111969141805
70	113	0.4283792737332651
70	8	0.4212576333577229
70	181	0.41752441952422586
70	135	0.41714453684509806
70	62	0.4065407295770242
70	37	0.4065073400486662
70	166	0.3997572705913869
70	142	0.391474314827482
70	106	0.38754678154000577
70	80	0.3847473556423978
70	107	0.38365629799330514
70	31	0.38253855859135916
70	60	0.3554341069665468
70	43	0.3444474843808203
70	45	0.3402011598245912
70	77	0.337793742239866
70	15	0.31806244478598683
26	24	0.8089903153408743
26	39	0.8025015512697492
26	123	0.7661753101588356
26	128	0.7607445018162601
26	126	0.73114823063729
26	129	0.7222965344579944
26	143	0.7041073538809932
26	132	0.6994740516591849
26	124	0.6018099232886474
26	136	0.6005199507514816
26	127	0.5901655136277717
26	138	0.5504035053100951
26	19	0.539755129172114
26	76	0.5371420656487238
26	131	0.5369214706192141
26	33	0.5054429725783126
26	121	0.49878691254341234
26	77	0.49565539252703317
26	130	0.4934344448497621
26	20	0.46464574763493377
26	34	0.45834174446182907
26	75	0.45037452362890457
26	188	0.4291954150410331
26	15	0.4274725377221894
26	187	0.42518145321498885
26	27	0.40911678443290067
26	36	0.38053064625314587
26	37	0.37329831127762353
26	141	0.3662800949579262
26	144	0.34824926125661404
26	43	0.3388121258826226
26	69	0.33035794801585344
26	30	0.3273256174060427
26	110	0.32277342545366977
26	21	0.3182422006051183
26	137	0.30067361043058094
53	27	0.6517241147569591
53	47	0.61963968931608
53	41	0.6008651017180353
53	17	0.5920392331694967
53	89	0.5887495032974233
53	40	0.5874936070538074
53	49	0.5744905896331247
53	179	0.5591254616129063
53	130	0.5554508168915183
53	180	0.5473850651724455
53	21	0.5050333686815289
53	94	0.5008873660782271
53	50	0.4898477492659832
53	48	0.48843277020700254
53	125	0.4866031887841719
53	72	0.4715875776247532
53	20	0.45879188283408295
53	178	0.45777281236049744
53	91	0.45753564658151963
53	42	0.4470361178488384
53	174	0.4454103225199855
53	121	0.4372615802142019
53	67	0.3981512755306602
53	150	0.3665744435131111
53	19	0.36138670663412603
53	14	0.3573110529242252
53	15	0.35498845625770076
53	195	0.3482580484505328
53	192	0.3390334087205242
53	115	0.33468945092311614
53	124	0.33313457160738436
53	119	0.33058064552528654
53	68	0.3248769966778355
123	128	0.8599883669515376
123	127	0.692274341370445
123	136	0.6890790450768453
123	126	0.7768989196342072
123	124	0.7122668680391561
123	143	0.7100228784608636
123	129	0.7013131568873165
123	39	0.6925190171735737
123	24	0.6913305910786425
123	138	0.6243484269573539
123	132	0.6169650478439337
123	19	0.6094525825857076
123	33	0.6018290576876706
123	130	0.5595583576608675
123	121	0.5425695526097629
123	77	0.5074430271067426
123	20	0.5042880512232633
123	34	0.48667950680392486
123	76	0.48329150071358906
123	131	0.4573854079077128
123	15	0.45048611938217686
123	43	0.4419568079398878
123	75	0.43794880658955593
123	187	0.43752844645915173
123	188	0.43471845760657857
123	144	0.4167810343584353
123	137	0.4058894379679327
123	141	0.3939355403510663
123	18	0.38676468001505954
123	120	0.3722822991264159
123	37	0.3595247542556105
123	140	0.33973241587029307
123	117	0.3329656468593611
123	27	0.32671833893141033
123	36	0.3181972637950286
123	110	0.30746198994160756
128	126	0.8512845114650655
128	130	0.7529230150897853
128	124	0.7128182249874712
128	132	0.7507231316871977
128	129	0.7500896411155844
128	143	0.6594783843454375
128	39	0.638939757120439
128	136	0.6311889524633518
128	19	0.6295135675651431
128	24	0.6257680996125525
128	127	0.6167544232656175
128	121	0.6103632001759559
128	20	0.5384001849590045
128	27	0.49273055616514405
128	15	0.47871814913848143
128	138	0.47418843628576285
128	77	0.4545973195780602
128	76	0.43806194776980345
128	131	0.4348076655252705
128	188	0.42329540445769526
128	33	0.4143984555866184
128	144	0.4118109038466499
128	120	0.40755024929576256
128	75	0.40280274254521603
128	187	0.3797778214953397
128	21	0.3686155446337195
128	117	0.3619516836120727
128	125	0.35407917836728414
128	69	0.3437333869983573
128	43	0.33902455812704024
128	141	0.3337389691220416
128	18	0.33136424782889556
128	34	0.31852077690277086
128	116	0.2978876940495042
19	121	0.8559778671318812
19	20	0.8556031957347012
19	124	0.8112586995582519
19	17	0.6313513569189708
19	136	0.6056547178125045
19	15	0.5479101267086837
19	130	0.4881966901057087
19	132	0.47835577803372836
19	77	0.47732174033334346
19	120	0.47345947496806107
19	187	0.4636807482857627
19	18	0.4578913708265214
19	39	0.45780442954363165
19	129	0.457076941449443
19	24	0.452882020783596
19	126	0.44376552320093965
19	43	0.44097457632088843
19	131	0.4367518944204483
19	33	0.4350995590481859
19	27	0.4268185004117316
19	21	0.4255827877278755
19	143	0.413495229389378
19	75	0.4077753782718826
19	188	0.3922615035184451
19	127	0.37085148243524413
19	42	0.36568251518896966
19	125	0.35135609564611275
19	76	0.3502072884831369
19	16	0.34091721551796994
19	117	0.3383163163098471
121	120	0.6677934970132378
121	20	0.8444257282212648
121	124	0.8025727380953344
121	136	0.6697832914820775
121	130	0.5690859902019905
121	17	0.5303054337667447
121	132	0.48309220405071224
121	117	0.4766805903880322
121	15	0.4744054481583557
121	129	0.4729705524380881
121	126	0.43419926051447416
121	187	0.4334930141338324
121	27	0.4324041900077016
121	21	0.42267959332021776
121	24	0.4127488322966869
121	188	0.4075419102338339
121	125	0.4071916082656945
121	77	0.39249839414939336
121	119	0.3923376526120643
121	143	0.3869942675666836
121	39	0.38176145381927135
121	131	0.34549586771877383
121	76	0.32640566389489184
121	115	0.3245996877279369
121	18	0.31640761943452667
121	75	0.31262309026416923
121	43	0.30813188307629774
20	124	0.8099212233289411
20	17	0.6270380227444784
20	15	0.575929225687455
20	136	0.538740956982009
20	120	0.4994777100392306
20	21	0.46949316789863316
20	187	0.4665959071123228
20	130	0.46435557916091663
20	77	0.4601487679622377
20	132	0.4295461405487657
20	27	0.42929330495437995
20	188	0.4287874318749256
20	43	0.42391902767565637
20	24	0.4139676603561869
20	129	0.38988973817438277
20	18	0.384781433896812
20	75	0.3803852534564214
20	39	0.3802997194972255
20	125	0.37260097539519627
20	33	0.3696174979481477
20	126	0.36806237575762885
20	131	0.3562812712208465
20	40	0.35588832960328776
20	42	0.34029842513311814
20	117	0.33228973419987906
20	150	0.32118692407899463
20	143	0.31845787738440967
20	119	0.3162816297838069
20	14	0.3127042919915608
20	76	0.30387198788813774
20	115	0.30273698008922123
20	49	0.3018374439658011
179	180	0.8536349520860131
179	89	0.8259638138789109
179	174	0.7837812381961085
179	192	0.5950575054878016
179	50	0.8031769041052467
179	193	0.6836419735257406
179	173	0.6603195386937863
179	195	0.6572234263324436
179	194	0.6481373065478829
179	91	0.6266312803034648
179	178	0.619904518799081
179	47	0.6057243632322122
179	87	0.5987844221976966
179	196	0.5935439794017738
179	191	0.5824879059619994
179	67	0.5737129174817399
179	94	0.5588917084206306
179	72	0.5232902146255959
179	175	0.47109754085089744
179	66	0.4639554537503575
179	153	0.40970777532100094
179	88	0.399311873380138
179	41	0.3852669350129304
179	154	0.3654226037938258
179	68	0.36289850985507954
179	164	0.361577959348098
179	93	0.35154015733020716
179	54	0.34879395150053777
179	90	0.34434171729792284
179	48	0.3442183113201515
179	190	0.3324142701001417
179	177	0.32369581030982014
179	122	0.3224419334731264
179	49	0.3199846431421994
179	168	0.31078129393245946
179	82	0.3045253613318594
180	50	0.8364393544494191
180	91	0.8199942785182761
180	195	0.7396426755642692
180	193	0.7387672745921415
180	89	0.8077427625902975
180	174	0.7454521324976916
180	94	0.7108499956925887
180	194	0.7089402131963596
180	196	0.6256707435801343
180	173	0.606622589192668
180	47	0.578602941636194
180	175	0.5775042830001964
180	67	0.5548558648615132
180	87	0.5482039727579715
180	191	0.5470628140416689
180	192	0.5428094185669695
180	178	0.5343829224693839
180	66	0.5303126214900968
180	88	0.5207221107038479
180	72	0.5132410540563713
180	90	0.5060011564271786
180	41	0.5030491639542718
180	68	0.4791651057694745
180	93	0.4486429908467973
180	153	0.37857910860728133
180	64	0.3667821747959346
180	54	0.3496193228586061
180	49	0.32435811510038287
180	40	0.3237495225279138
180	164	0.3041987103859616
110	114	0.852546010183915
110	100	0.46607161015160614
110	102	0.8263447766361016
110	111	0.7365701133821334
110	141	0.6744707214323158
110	13	0.653578281001902
110	36	0.6503817330261376
110	1	0.6270683629591313
110	112	0.6204091512481584
110	8	0.6010184302750333
110	2	0.5903870487534405
110	6	0.5869432605303914
110	135	0.585236365782447
110	10	0.5792478415640184
110	3	0.5761831262085759
110	107	0.5664567703305079
110	12	0.5604918231630449
110	7	0.543866593909661
110	37	0.5404704899925366
110	104	0.5207002449077716
110	139	0.5025410699808585
110	0	0.4987643758577127
110	176	0.49298039700935997
110	4	0.43494551552442245
110	109	0.43293250874329553
110	140	0.4317291357971482
110	105	0.3919737806458741
110	181	0.38617773844572006
110	134	0.3807871758884123
110	166	0.3807444250181648
110	197	0.3805734052609176
110	95	0.3693670900716679
110	32	0.3676905689982233
110	30	0.3584358380184792
110	113	0.357459339813372
110	78	0.3363755443363322
110	5	0.31976920024235855
110	142	0.307851289312506
114	102	0.8292405002239442
114	141	0.7191199326125725
114	111	0.7433252695814881
114	112	0.7059029439621215
114	13	0.6924877908314697
114	135	0.6591957470421039
114	176	0.6347550406838979
114	36	0.6245741447496804
114	2	0.6125358648088682
114	139	0.6035292523993395
114	1	0.5995023724939714
114	8	0.5884946289193284
114	3	0.5821905095009113
114	12	0.5775176126222986
114	37	0.5737397510054687
114	6	0.5693631433852833
114	0	0.551858676246149
114	10	0.547420082693534
114	107	0.5432818365027607
114	109	0.537056682737446
114	166	0.5043402479299232
114	7	0.49775704952937494
114	181	0.4787258573909172
114	140	0.4761703980451794
114	104	0.4473241286213199
114	105	0.4372615802142019
114	197	0.4331437530155092
114	32	0.42345955475880614
114	4	0.41764826277102524
114	95	0.4028781373073367
114	113	0.40001769848821034
114	142	0.39248147511636994
114	100	0.38948262874011735
114	134	0.3893638598052448
114	5	0.3884387161292453
114	30	0.36137801260622454
114	78	0.35936801056252654
114	106	0.34612976539861573
114	101	0.3427718134860671
114	35	0.33905110972745256
114	31	0.30222821771084335
126	129	0.7349050727748722
126	132	0.7348636777289945
126	39	0.5885992069229384
126	24	0.5871464278158703
126	143	0.563249550261431
126	130	0.5613416847213468
126	127	0.5541910613799748
126	124	0.5329382064484299
126	136	0.5099705740595327
126	138	0.4758765054152269
126	76	0.4346454629632496
126	77	0.4010587640059967
126	33	0.3886849318423311
126	75	0.3730314794127798
126	144	0.368148825584203
126	27	0.367872163739261
126	34	0.32892289554724014
126	69	0.3174780804736717
126	131	0.3099227964880503
126	188	0.3096877511097508
6	1	0.7739885406174654
6	12	0.8087828938827835
6	105	0.758579195692816
6	13	0.7466095039712967
6	112	0.7333882921010918
6	3	0.725291318659421
6	111	0.7203297413495391
6	102	0.7193371522399101
6	8	0.6937036962763051
6	7	0.6579045576603982
6	109	0.6305990192439024
6	10	0.6234934155024235
6	176	0.5997201310475059
6	2	0.5891479183159972
6	113	0.5636863527076162
6	107	0.523762062843663
6	0	0.5052493700159782
6	139	0.4999278882831146
6	36	0.4961078533530641
6	4	0.49475721555844365
6	78	0.4552872534463922
6	95	0.43128154408685315
6	106	0.42756243289002244
6	135	0.41583034150736087
6	31	0.37231675484889765
6	5	0.36546592631827
6	98	0.362742204805773
6	32	0.3464817943149684
6	197	0.3221999839911726
6	199	0.3203436411047802
6	37	0.31184693232995797
6	43	0.3070907016368814
6	104	0.3014920245836163
6	81	0.30101012326902515
112	176	0.8223068028582236
112	12	0.8203870231315925
112	3	0.7554713080665016
112	102	0.7356171286274893
112	109	0.7260345771246742
112	111	0.7216022906535476
112	13	0.7075047634693006
112	113	0.6370006705576229
112	139	0.6324206380518673
112	7	0.6195164647156677
112	1	0.6013632578248448
112	105	0.5979627276273898
112	95	0.552519009258901
112	10	0.5400881169418728
112	197	0.520576325826425
112	0	0.5193213228482402
112	36	0.5103330491598822
112	135	0.5091117475765446
112	8	0.5042955081212728
112	2	0.5007600062207481
112	106	0.5000628891125074
112	5	0.4963189095890804
112	78	0.4795887145293428
112	107	0.4581205376822062
112	141	0.4078420736352722
112	198	0.4065741180194638
112	32	0.3973852554382674
112	96	0.3846025113596604
112	37	0.37510425447491597
112	43	0.3706358451528913
112	4	0.3592460847804337
112	98	0.3578168987464528
112	35	0.35402669957632144
112	181	0.347642797132485
112	199	0.3471327905539587
112	142	0.32660221083320046
112	61	0.3069820141960586
176	139	0.6986764337222077
176	109	0.7523767824412056
176	197	0.6849288154827726
176	3	0.6821370493174729
176	95	0.6504740439955864
176	102	0.6271411717122352
176	199	0.6256707435801343
176	12	0.6114976423962848
176	198	0.6091256238711629
176	7	0.6008267626681132
176	135	0.5906345416076415
176	98	0.5525815311967186
176	106	0.5467894740489883
176	78	0.5435355310184624
176	5	0.5340184613774649
176	111	0.5300106714742665
176	1	0.526152644144775
176	96	0.5189999150668599
176	181	0.5094524381708067
176	105	0.4995752715660385
176	13	0.4993275906415388
176	0	0.48070443013882
176	32	0.4784406029024333
176	166	0.4766419506863873
176	113	0.47525743662578607
176	142	0.46287181206245237
176	2	0.4619283888717756
176	10	0.4499838276736675
176	61	0.4387485784061278
176	107	0.43666287288787253
176	38	0.43176167963325823
176	36	0.4292117307268927
176	182	0.40529623694550554
176	35	0.4026686939150393
176	79	0.3997320644653662
176	141	0.38040235946746065
176	147	0.36083016221345793
176	81	0.34442985714077934
176	43	0.34347762577655044
176	44	0.3357989648812735
176	15	0.33423650233242325
176	37	0.33339236288878105
176	148	0.32718275265470453
176	101	0.3174780804736717
176	8	0.29899903037748105
176	31	0.2984525726609595
176	62	0.298252155771295
132	129	0.7217891612063562
132	130	0.7157130669743866
132	27	0.6891000513006216
132	24	0.5828445759723891
132	39	0.5783101709201596
132	136	0.5104291856045937
132	143	0.5100519617951111
132	127	0.4777617540247094
132	124	0.4645516498692256
132	21	0.4263849546153973
132	125	0.4075585882897197
132	69	0.37650405115280394
132	75	0.37497535270340104
132	76	0.37434782379617215
132	40	0.36540527434076386
132	144	0.33130193254209506
132	138	0.3178736765612888
132	41	0.31429131712381625
132	188	0.30034612065962046
132	131	0.29958170252923877
132	42	0.2990081363460522
50	66	0.6629171745196893
50	89	0.7967686224583799
50	193	0.7213721516938187
50	91	0.713481637919599
50	195	0.7107807318802685
50	174	0.7096904891548307
50	94	0.7028799704802
50	194	0.6727609882695872
50	173	0.6658163805084512
50	67	0.6202738124312344
50	196	0.6193377347986169
50	87	0.6073993803136777
50	47	0.590211131069825
50	88	0.5674813745151623
50	93	0.5486724471296485
50	68	0.536301989061326
50	192	0.50913397139396
50	90	0.5019279064157465
50	178	0.49551960178179033
50	175	0.49104010850593827
50	191	0.4852052577836259
50	41	0.4851364429515694
50	72	0.42724367551086534
50	64	0.4208051304586992
50	153	0.36253376632122597
50	170	0.3569707972899389
50	54	0.3477394993275507
50	49	0.33258326456771176
50	40	0.32968963483459673
50	92	0.31667755966859357
50	48	0.30684614363416085
50	82	0.30538701288672276
91	94	0.8338679964494856
91	90	0.7220908068562372
91	93	0.6651478204065034
91	89	0.7518599442243321
91	195	0.6757713856024193
91	193	0.643468022009429
91	194	0.628867159849808
91	88	0.6249765175364628
91	92	0.6151159783933589
91	66	0.597519260728167
91	68	0.592714286410038
91	41	0.5428658447513651
91	87	0.5390602707296996
91	64	0.5060234749732665
91	175	0.5010970879765935
91	174	0.47221719715811783
91	196	0.4597782041853936
91	192	0.44785990171916207
91	72	0.43716451884446667
91	47	0.4013775931101213
91	191	0.3981092009150025
91	178	0.3891262830906836
91	85	0.37395221839568926
91	69	0.3594986317153349
91	67	0.35560882786298503
91	27	0.32247777425882596
91	40	0.32144698314705056
91	54	0.31659658298180904
94	89	0.7007130319026559
94	90	0.667294550613296
94	93	0.6598568262086663
94	41	0.6256403158222402
94	92	0.587120216837405
94	88	0.5822367814098464
94	68	0.5716026428916894
94	193	0.5605123982845582
94	195	0.5574321843659914
94	194	0.5529912432279049
94	66	0.5417010629669022
94	87	0.5022195959691154
94	69	0.4769201154260807
94	64	0.46696350195362785
94	47	0.43410999444107673
94	196	0.41776383580263216
94	192	0.4133211197172914
94	40	0.41093859461099946
94	175	0.41077235505607423
94	72	0.39879060337714095
94	178	0.3957587860608866
94	174	0.3931495748765627
94	27	0.3514086874709853
94	49	0.3453109214557451
94	67	0.3428335875276297
94	85	0.33529314185733555
94	191	0.3063931514503894
12	13	0.8293341849728139
12	3	0.8066277190432283
12	111	0.7743090954556575
12	102	0.7086316872855584
12	1	0.6785274469869524
12	113	0.6782629548233705
12	8	0.6696012924487041
12	105	0.625567281435974
12	7	0.6001745758606907
12	10	0.5809132412863359
12	109	0.5646543831398937
12	2	0.5483788168928297
12	0	0.538322066556342
12	36	0.4992224892210086
12	95	0.45031872047454063
12	139	0.43486442975805106
12	5	0.3963911294881636
12	78	0.3962056810229858
12	107	0.3899830126327909
12	32	0.3828970399599432
12	106	0.36890930948234774
12	4	0.36700717575144176
12	37	0.35881053545674985
12	197	0.3428247628460635
12	43	0.3358433260891734
12	135	0.32059488494904037
12	77	0.2979150316928416
24	39	0.8315686783696045
24	143	0.6878534332463092
24	129	0.6262788989929944
24	33	0.5912072565240868
24	34	0.5911031708424079
24	127	0.5674678150634779
24	136	0.5667622994561218
24	138	0.551169802630494
24	77	0.5200147706189785
24	37	0.5116335056799872
24	124	0.5067298784075095
24	15	0.5014639597035645
24	75	0.4685883671873298
24	27	0.450765047181887
24	131	0.44869091272475686
24	130	0.44488110465679137
24	76	0.4421177285497335
24	188	0.42726002462799667
24	187	0.39578408700998446
24	43	0.375808661026387
24	141	0.3707824828540656
24	32	0.3686673908417934
24	142	0.3686155446337195
24	36	0.36599433359325606
24	30	0.3251631924948162
24	18	0.30856624507582725
24	144	0.30541421480067205
39	143	0.7840895943598267
39	129	0.6080678796068448
39	33	0.5958578386755108
39	138	0.5716632341121339
39	127	0.5710098669038592
39	37	0.5657228647664782
39	136	0.5576664915317853
39	34	0.5472589862250585
39	77	0.5215161045756526
39	131	0.5208970124784585
39	124	0.5148450091979653
39	15	0.4981481119922112
39	36	0.47820924132469395
39	141	0.47276868991643267
39	142	0.47213949239715364
39	130	0.44857110319231236
39	188	0.4456107026141185
39	32	0.4346535737612113
39	75	0.4283711087863101
39	30	0.4145144072076377
39	76	0.4052628070051494
39	140	0.38600755195267644
39	187	0.3627248363179127
39	144	0.35957699764564494
39	27	0.3589586397712268
39	2	0.35718019659002564
39	137	0.3547349750429463
39	43	0.35309045362292857
39	134	0.35238123596290244
39	10	0.3335790082203476
39	62	0.3088647943325482
39	186	0.2978876940495042
39	35	0.29782390431493466
193	194	0.8299264401612405
193	88	0.7146432087519434
193	89	0.633415665806296
193	195	0.63226460092279
193	87	0.6291632863629095
193	66	0.6195904031405777
193	173	0.6192082696004032
193	196	0.5981554252267247
193	90	0.5768040454045403
193	93	0.5149846331153322
193	191	0.4987643758577127
193	174	0.4805275582389301
193	175	0.4800736645808282
193	190	0.4791959212108872
193	170	0.442753086716242
193	178	0.43667905925721956
193	192	0.4221455744032374
193	67	0.38553940361663563
193	64	0.3695915961737868
193	47	0.36924618430686434
193	72	0.3635669175456703
193	68	0.3633239034664841
193	85	0.3377583059455703
193	82	0.3293865572597614
193	153	0.30601253073311324
193	159	0.3038901410141103
193	83	0.30329097141091615
194	88	0.7006010343649502
194	90	0.6714945453436169
194	89	0.627892887250491
194	87	0.6049957933488269
194	175	0.5922794916609888
194	195	0.5719930102724115
194	196	0.55835511536403
194	173	0.5245888363920581
194	174	0.49495354627603916
194	66	0.4904023867385348
194	191	0.48850890983073864
194	192	0.48574027908011014
194	190	0.4539227189841704
194	85	0.4350509164759596
194	93	0.43264806634937886
194	170	0.41628513426725194
194	178	0.40502040752704677
194	92	0.36760408545404627
194	64	0.3462001789835269
194	72	0.32129454060585155
194	54	0.31466977995013085
194	68	0.31302905318728924
194	183	0.3109348663651635
102	111	0.8294902226609341
102	13	0.7286484671879153
102	1	0.7256607925154713
102	3	0.693620683034075
102	8	0.641965521058818
102	135	0.6278625987735134
102	105	0.6183134241664415
102	107	0.5873757213617035
102	0	0.5744503906137902
102	109	0.5718180500175708
102	2	0.5641364752610267
102	141	0.5588573254569288
102	113	0.5466352308173549
102	139	0.5460459608422183
102	36	0.5377181123984617
102	7	0.5358815517719594
102	10	0.5017633132004505
102	4	0.4879833950372023
102	104	0.4616451578054424
102	197	0.42712922386794644
102	95	0.42177569726299985
102	37	0.4201548051991041
102	106	0.4145309706264444
102	181	0.3938257088043273
102	5	0.3909492037692065
102	100	0.3763581402161704
102	166	0.3520571375595194
102	32	0.34549586771877383
102	78	0.3347338493286673
102	140	0.33087454987626347
102	98	0.31358819254234344
102	134	0.3134890062523373
102	43	0.30881051717442587
102	96	0.29898992435445604
102	30	0.298252155771295
111	105	0.7329072981314169
111	13	0.7289532192252001
111	3	0.6550993752097489
111	113	0.653767275924558
111	8	0.6400627288725275
111	1	0.5910055726333353
111	107	0.5730282465004252
111	109	0.572167918495449
111	4	0.49886202995799117
111	2	0.490903498102669
111	0	0.4831688625393834
111	135	0.47582235570290343
111	7	0.4621092927463371
111	141	0.4516570246648844
111	139	0.4502788589245543
111	36	0.42724367551086534
111	10	0.4225892415039436
111	106	0.3964501290360569
111	95	0.3634974899987764
111	5	0.34289535860431325
111	104	0.32955593251185666
111	37	0.3250558760400984
13	8	0.8055771247108662
13	0	0.630074691676071
13	1	0.730304700950218
13	3	0.7084623805153906
13	10	0.7058828753541244
13	36	0.6840306020742568
13	2	0.6793198687670952
13	7	0.6459514982420772
13	37	0.5364373275026056
13	32	0.518290838403328
13	105	0.4681355977174072
13	113	0.457076941449443
13	78	0.4556439014351233
13	95	0.43093960375199913
13	109	0.4225810272859019
13	139	0.4166074975227714
13	107	0.3819408336561693
13	79	0.3804878856182317
13	4	0.371325743701038
13	141	0.36500662702835707
13	61	0.35724998838019034
13	81	0.3552855746718394
13	5	0.35456887286119554
13	35	0.34719435397571097
13	31	0.3469216932529276
13	30	0.3430277152116078
13	135	0.3233824474627958
13	77	0.3187094586272799
13	197	0.3167585317396797
13	80	0.3024008528353165
13	104	0.2981610484891466
3	1	0.7126263344823417
3	7	0.6335892814422289
3	113	0.6277596037264597
3	109	0.6200214915140484
3	2	0.5900416758565136
3	0	0.5848417282183517
3	95	0.5385705929940813
3	10	0.5377110037679214
3	8	0.5295790810646696
3	36	0.513874236335221
3	105	0.509171009581018
3	5	0.5011644860905996
3	139	0.49403942386562066
3	32	0.4880900498589595
3	78	0.48179555561906784
3	106	0.4726133772799461
3	197	0.45201515452180296
3	37	0.4035229578351365
3	135	0.38982189717912163
3	61	0.3830506395461976
3	98	0.37779069059957676
3	43	0.3763581402161704
3	141	0.3558533953661248
3	35	0.34879395150053777
3	107	0.3373684435280743
3	79	0.3203436411047802
3	81	0.3059581483548151
3	77	0.3024826204448806
89	87	0.677830752907043
89	54	0.36905616427762994
89	195	0.6377132017310566
89	174	0.6197690422798492
89	47	0.5874674123877864
89	192	0.581621718235387
89	191	0.5506056192781897
89	90	0.5417010629669022
89	88	0.5394857814677906
89	178	0.5257982027293218
89	72	0.5257186091386239
89	93	0.49856902966454925
89	66	0.4927229839618436
89	196	0.49012131871722237
89	41	0.463892671793294
89	67	0.4594784823125748
89	173	0.4573063244319504
89	68	0.41282349697901627
89	175	0.37497535270340104
89	48	0.35353679004679045
89	40	0.3378823287859429
89	153	0.32825387333355044
89	49	0.3261107905605975
89	64	0.3224419334731264
89	92	0.3064384569181246
7	78	0.8120775660096895
7	10	0.7375566655029
7	1	0.7284185401221555
7	36	0.6827140881536101
7	2	0.6795728944847996
7	95	0.5840054981646782
7	43	0.5673525472973538
7	32	0.560635834482718
7	37	0.5294423535693801
7	139	0.5281600969016955
7	35	0.5225055107132003
7	0	0.5014639597035645
7	8	0.49827591540587324
7	197	0.4812271270101923
7	79	0.47253570994998145
7	61	0.4693606293734011
7	77	0.4689004786468189
7	31	0.45800991300759447
7	81	0.45372420791983803
7	109	0.43956379156037556
7	5	0.4263849546153973
7	98	0.42633586160727627
7	96	0.41806096151947814
7	38	0.4038745093070975
7	181	0.39501635770342713
7	135	0.3941974009491722
7	44	0.3893214391901936
7	80	0.3853606036757008
7	62	0.37126539392903235
7	105	0.36705044024413425
7	107	0.3595334616438157
7	142	0.3548923143523176
7	100	0.32815572235650753
7	45	0.3160746225647115
7	4	0.31494905740650186
7	198	0.3086657682533456
7	187	0.3034816423272709
7	106	0.30280964635483587
78	61	0.6279534584992775
78	10	0.6196520100964981
78	95	0.6158675937295974
78	35	0.6028167283301786
78	79	0.6027466963675279
78	36	0.6008651017180353
78	32	0.5862151841366323
78	81	0.5855584476087322
78	1	0.566606159591151
78	43	0.5579007098620529
78	80	0.5577491669688567
78	2	0.5437961691669262
78	96	0.5319064086378904
78	98	0.5257113729011419
78	197	0.5040120931280637
78	62	0.49756896664848754
78	37	0.4904935220348311
78	38	0.489072111825645
78	44	0.4571718659228043
78	181	0.4548114954294372
78	77	0.44657991118763535
78	139	0.4376578084194882
78	45	0.4124252212442005
78	0	0.39288745858152696
78	198	0.3775163296985127
78	31	0.3762379642478261
78	34	0.3635408826888217
78	5	0.36180394605655597
78	60	0.348143810156084
78	199	0.34574242099056124
78	99	0.32696842748205196
78	142	0.3207115185469726
78	109	0.3144355052267318
124	15	0.6204829568512491
124	136	0.6007309029493801
124	17	0.5600733122872186
124	130	0.5475251237554679
124	129	0.54431009364269
124	120	0.5180055446537266
124	77	0.5175151554594852
124	143	0.507472726566865
124	187	0.504526634654038
124	43	0.4781783880976781
124	131	0.47514130879272487
124	188	0.46348447549695604
124	33	0.4535097653820011
124	18	0.4487468183213008
124	144	0.41956996717723344
124	21	0.4148952963449763
124	117	0.39788196904816847
124	127	0.38523287171245857
124	75	0.3803253803681538
124	138	0.3702907423801985
124	76	0.36711100786604123
124	27	0.366548474532211
124	119	0.3605082926664631
124	150	0.35852298726944976
124	125	0.34609455714374926
124	149	0.3277005661721341
124	115	0.3080323236804931
195	196	0.8085060186118138
195	174	0.6347072713751889
195	93	0.6284861575122889
195	175	0.5740817704744707
195	66	0.56980226745687
195	87	0.5369926383312685
195	191	0.5316625588528642
195	173	0.5166579885075234
195	68	0.5062689342557799
195	41	0.5051599978288865
195	170	0.48703810198978303
195	192	0.47522647082237623
195	72	0.44514575245893584
195	67	0.4408295673561595
195	178	0.4111131167366861
195	88	0.40492008763539755
195	190	0.4043932482833048
195	90	0.39772203587117855
195	47	0.390432313746651
195	145	0.36435637151793304
195	183	0.33224525428427804
195	92	0.3275577407104865
195	64	0.3205051601808348
195	153	0.31805345639458626
195	172	0.3171633228275491
196	175	0.6879482558827382
196	174	0.5985534478206215
196	173	0.5616361187042181
196	170	0.5593178975221378
196	191	0.5287294862680489
196	87	0.5221710158641222
196	93	0.5141023393043416
196	183	0.48802148771804904
196	190	0.47783892470817113
196	66	0.4672840380534323
196	192	0.45921811259969747
196	67	0.4068995984132764
196	172	0.39542138267343724
196	178	0.3838865322565405
196	72	0.3629592896380059
196	68	0.36194299367083216
196	185	0.35706677642424645
196	83	0.34109395855509717
196	165	0.3245996877279369
196	41	0.3170913684078661
196	47	0.30083732873657176
8	1	0.6599640846641751
8	10	0.6439950706562568
8	2	0.5822500012625104
8	36	0.5451399575435426
8	4	0.5076657436675436
8	37	0.4853658023530234
8	0	0.47199960533639795
8	105	0.4054884380663595
8	107	0.379324172759041
8	104	0.36315897289223475
8	113	0.3600557903183294
8	134	0.3528365827664739
8	141	0.3447030520649047
8	32	0.3309279801374112
8	31	0.33046484741267446
8	135	0.30170110367031966
35	62	0.8032478740761544
35	34	0.6179426735611884
35	61	0.6864124094178065
35	36	0.6542765830787994
35	32	0.6143383404600744
35	37	0.5497270000400216
35	140	0.5347543253747258
35	38	0.5175883694766918
35	44	0.5150507612246962
35	33	0.5020027094985978
35	98	0.4990272618896939
35	142	0.49699690733921315
35	139	0.4727842195649086
35	45	0.4722249672306131
35	10	0.46327244979097726
35	166	0.44865097800563086
35	43	0.4346779057320491
35	2	0.42933408944183665
35	60	0.420426512596806
35	95	0.4109053488856806
35	81	0.4089752286014388
35	1	0.4089169351843272
35	141	0.40829215348352044
35	30	0.4035648154517011
35	79	0.39591058274275653
35	18	0.38436390301616136
35	197	0.38071877371469026
35	137	0.3616127293003701
35	31	0.35980335961747767
35	80	0.355635033854251
35	96	0.34878516804210796
35	199	0.3118288771875356
35	0	0.308647673632774
35	134	0.30799611859091625
62	61	0.6939785460448302
62	32	0.6623338100863017
62	34	0.6060344891784151
62	60	0.5679557614163726
62	33	0.5175005117466429
62	37	0.5145215647171147
62	36	0.5111830441433403
62	45	0.5058895535328826
62	38	0.4477479756909077
62	166	0.44591519485781334
62	44	0.4436289906349481
62	142	0.43181049327976784
62	98	0.4218003601087627
62	79	0.4070080689280916
62	140	0.40112589400143284
62	81	0.37749060496455084
62	30	0.37386619920543357
62	2	0.36604629534099803
62	43	0.3557835239082737
62	31	0.34809108130146676
62	137	0.3365617699923921
62	18	0.32381218414501095
62	17	0.32005645009012884
62	10	0.3200115711785392
62	49	0.31585858294063235
62	139	0.30408981083388004
62	134	0.3012192691539893
62	141	0.29877136346921956
80	81	0.795303321199988
80	96	0.6195103026839935
80	61	0.6149605464111418
80	60	0.6124983754422391
80	98	0.5826002151724283
80	63	0.5557135216976313
80	92	0.5158071240997509
80	183	0.49018209882135777
80	74	0.4783017939236902
80	79	0.47523421238360025
80	95	0.3658817419776531
80	181	0.36158665193046036
80	198	0.3608127660560383
80	182	0.3518731522477244
80	84	0.344870465261521
80	86	0.34236579605330775
80	38	0.31991283251783664
80	10	0.3053326075635657
80	32	0.3037267549378247
80	175	0.2989534997178461
81	61	0.7938286673672839
81	98	0.74416087141222
81	96	0.7435399773790161
81	79	0.653308965640574
81	60	0.6945431679381634
81	63	0.5855913027119974
81	32	0.5592079415246973
81	92	0.5493989491991762
81	74	0.5165333565931765
81	183	0.5153959973019262
81	95	0.5019279064157465
81	198	0.4164256644575791
81	181	0.40982426817375384
81	197	0.3952526409448447
81	36	0.36643593568216587
81	1	0.3613171526515422
81	85	0.3603081683089878
81	93	0.3580784607813025
81	38	0.3529416390793478
81	10	0.34600653224179717
81	2	0.32537780027846236
81	199	0.32461758031263044
61	32	0.7696220396904334
61	60	0.7535676207891291
61	98	0.6982564751983448
61	79	0.6262971318926428
61	96	0.565804454144083
61	36	0.5348257253374932
61	95	0.5292120134985108
61	38	0.4803429545689728
61	166	0.45499390004132023
61	63	0.4386678248948535
61	197	0.4368732736350557
61	183	0.42348417490619406
61	199	0.4181022219085986
61	2	0.41012375983971044
61	37	0.4051290764057631
61	10	0.3878866518324713
61	1	0.3861862470804046
61	198	0.3647032187228526
61	0	0.3514612770781578
61	181	0.3488817827146851
61	92	0.3332856966780049
61	45	0.33227194241099006
95	197	0.790175974844141
95	96	0.6644335123198424
95	79	0.6266373535977928
95	198	0.6058383084467327
95	98	0.5557757250097758
95	38	0.5393014272894512
95	32	0.5184005360652354
95	181	0.5162326836843877
95	5	0.4866642437942101
95	109	0.48574027908011014
95	0	0.46438695353398945
95	36	0.45885504131648003
95	139	0.4548114954294372
95	43	0.44281740201437736
95	1	0.42022891469110285
95	199	0.4176895404054445
95	10	0.41749964901319153
95	99	0.3620472688136528
95	142	0.3605256932164183
95	2	0.35885409742517116
95	77	0.3571104008112279
95	106	0.35596692800028956
95	101	0.34396264681733757
95	37	0.32627163843250995
95	166	0.3253867415422401
95	135	0.317298227522512
95	105	0.31197331202028716
95	100	0.30997703235106244
95	182	0.3078331846493641
197	181	0.6421300979473004
197	198	0.6591561629479163
197	96	0.602103241483397
197	98	0.5717440127079796
197	79	0.5452945599333333
197	166	0.5434016490598103
197	199	0.5344900791130042
197	38	0.5178372404459035
197	109	0.5112642956827194
197	139	0.4926699764493935
197	142	0.49102493076464593
197	32	0.47968880759475985
197	182	0.46177104990529555
197	5	0.4597782041853936
197	135	0.44488110465679137
197	101	0.43462113014632664
197	36	0.39439164326877857
197	0	0.3839632664069163
197	43	0.37140333165517786
197	106	0.3702389681440029
197	147	0.3672234823336553
197	1	0.36704178747263133
197	100	0.3664792211243148
197	140	0.34950520804989155
197	10	0.3466401755014598
197	141	0.3302510401430809
197	99	0.3210075447665683
197	2	0.3122711633206822
197	131	0.3058312483743888
197	52	0.30577685934157106
197	148	0.30206465035557367
33	34	0.7890086912899185
33	137	0.5531717094548926
33	44	0.5408526399140853
33	138	0.5382084232726163
33	18	0.5360811144924814
33	136	0.5068710775291083
33	143	0.5009697638410903
33	37	0.48832616223772496
33	43	0.46645508339974157
33	127	0.45682375861212265
33	15	0.44141751662991824
33	77	0.40741681614889935
33	140	0.4073500930512792
33	36	0.39777254369676435
33	142	0.38115476616155375
33	45	0.37332413043959234
33	144	0.36595969116020594
33	129	0.36502396230504947
33	30	0.36472922818514036
33	131	0.36445176458206924
33	17	0.3641221924886516
33	141	0.36126498452573846
33	42	0.3586711266545808
33	75	0.3510141947444701
33	31	0.3416593741909102
33	187	0.3415268770707674
33	134	0.32970746081194724
33	188	0.32205658665272646
33	32	0.30408981083388004
34	44	0.5655732554678019
34	127	0.4921018093960592
34	138	0.49123739201330086
34	137	0.4873202848646634
34	140	0.4768583092918054
34	37	0.474591412454373
34	36	0.46645508339974157
34	143	0.46144054347610586
34	43	0.4499678772390243
34	18	0.44389400562293907
34	136	0.41038158458753515
34	142	0.39905967816800775
34	30	0.38375010289710526
34	141	0.3697815291786895
34	129	0.3673186446497719
34	45	0.36243821989183206
34	38	0.358949928253007
34	32	0.3564471420850786
34	134	0.327691640019494
34	131	0.3035088790460705
34	31	0.3035088790460705
34	15	0.3019919480431045
143	138	0.6374639397971283
143	131	0.604297951120483
143	127	0.6645842878565729
143	129	0.6595913870914735
143	136	0.6025238056082889
143	130	0.5205544554762063
143	141	0.42997825189403654
143	15	0.41792066329426686
143	142	0.4157889863912057
143	137	0.4156318212684957
143	144	0.4150360229396862
143	188	0.4070914999752853
143	140	0.3771732853465461
143	76	0.37394361676613996
143	77	0.37245456747557903
143	75	0.354175383692722
143	187	0.3204782416287479
143	134	0.3133988309614457
143	37	0.30160111294347375
174	173	0.7113937318189625
174	67	0.5952189581073304
174	191	0.549000872928825
174	47	0.5413971714176271
174	164	0.5387977351892898
174	192	0.495330963336146
174	178	0.47216280459593996
174	175	0.4683932380970553
174	153	0.4300353084858297
174	72	0.41137068956367573
174	154	0.39763785080501535
174	87	0.39570818236034044
174	165	0.38937234373005797
174	66	0.35733722250804056
174	41	0.327923700971868
174	156	0.323454079512893
174	150	0.31896099497261776
174	145	0.31155802303221153
174	48	0.3062028533292019
174	68	0.3051149663393314
174	177	0.30463422906949505
174	49	0.3001823492101228
105	107	0.6096599681602884
105	113	0.6717854621714281
105	109	0.667067054012158
105	4	0.5462915557280833
105	1	0.5225709365555558
105	106	0.5113233819714933
105	135	0.4296113775158947
105	139	0.400974845453868
105	199	0.3627856249228641
105	0	0.35533799988384696
105	2	0.34971587344126154
105	5	0.29909008761255834
129	127	0.6170827113342586
129	136	0.5917858737597534
129	130	0.5844599818809675
129	138	0.46950096362368554
129	27	0.4602039446026791
129	131	0.45156945966228146
129	188	0.4005719427357701
129	76	0.3961635291350638
129	144	0.37568842720224305
129	75	0.3376697110208221
129	141	0.33583445396677397
129	77	0.3211062062395342
129	187	0.3065290636884948
129	15	0.30636596750342593
129	120	0.30460701288117936
1	2	0.7593042479723386
1	10	0.7032895645904191
1	36	0.6137901664539565
1	0	0.5625254032438591
1	107	0.5328164793536109
1	32	0.5277417615897704
1	4	0.5152931785084276
1	37	0.48987055040637995
1	139	0.442431441888019
1	109	0.42276172404458506
1	113	0.4047946740605724
1	43	0.3931495748765627
1	98	0.3921599630297386
1	135	0.3892705322720862
1	104	0.36070838383930487
1	31	0.35661299048363815
1	5	0.34839863522872716
1	181	0.3445444298595959
1	79	0.3373684435280743
1	141	0.3332234707812692
1	100	0.30722654967335744
1	30	0.30158293209843545
32	36	0.6815270296959898
32	2	0.6753419233221121
32	79	0.6200522692273837
32	10	0.6086222058832471
32	37	0.6062622194753615
32	166	0.5512115739599781
32	98	0.5251974055843903
32	0	0.4922230535781778
32	30	0.49028085632390994
32	60	0.47641780409900214
32	38	0.46973480133410817
32	96	0.3845513853254343
32	142	0.38127442072199774
32	140	0.350777439272526
32	31	0.33401441228927314
32	77	0.3315511763428529
32	141	0.331114969340983
32	181	0.32758452162510454
32	139	0.31056445816642075
32	134	0.30722654967335744
88	90	0.7680273016556558
88	64	0.5420542472565081
88	82	0.4097160966822959
88	66	0.6092451135758447
88	87	0.5660627474186011
88	93	0.5266008591779751
88	85	0.4705059981709966
88	92	0.4245176559576004
88	68	0.3775249044803492
88	173	0.35059326511886396
88	175	0.34582166012072724
90	92	0.650427890912527
90	93	0.5793607906700584
90	87	0.543176101160021
90	85	0.5224255374379703
90	66	0.4712531396097851
90	64	0.46122800739291786
90	175	0.39916897017609165
90	68	0.3323520035986519
90	55	0.32601248534182004
90	74	0.3240986010709495
90	63	0.3060850374644038
90	69	0.3051240353602333
90	192	0.30065541841358645
109	106	0.7094819644601017
109	139	0.6897506700117665
109	113	0.6339303400681626
109	135	0.6118356089059492
109	5	0.5237112638501782
109	199	0.4370350878429942
109	107	0.41574762955551464
109	141	0.3915505194498573
109	148	0.386892234576407
109	0	0.38456842759900034
109	147	0.3838353732104246
109	16	0.38045367593883944
109	2	0.37328970476178797
109	118	0.36445176458206924
109	142	0.34683372566755943
109	198	0.3465521883928936
109	181	0.3421715685815634
109	15	0.33487591423884366
109	101	0.32045132255904746
109	4	0.31914063628724526
109	36	0.31611962669508936
109	10	0.30185562173921243
2	10	0.7400319465486055
2	36	0.6694743970628948
2	37	0.6258289372338762
2	0	0.5116335056799872
2	31	0.497275463910468
2	30	0.46916568135233244
2	135	0.4338015551403853
2	139	0.4238780121734292
2	107	0.41210980776126666
2	104	0.40209879456845454
2	141	0.39482222879176454
2	4	0.38214580395136843
2	134	0.37386619920543357
2	79	0.3737887764346662
2	77	0.33059845973623964
2	140	0.329734199337171
2	5	0.32789692672708853
2	166	0.32044234942079447
2	181	0.3015556604196515
2	43	0.301110153176146
2	100	0.30029153214349075
60	98	0.5987138572563999
60	183	0.5859197479303894
60	92	0.5195184776472243
60	63	0.4996803236546783
60	175	0.45610336536782675
60	79	0.4325667812677981
60	199	0.3892535627709199
60	45	0.36676486525223534
60	96	0.34221571375714815
60	165	0.33066080761937916
60	65	0.3201910782061429
60	74	0.31953576644870496
60	86	0.3170553898289822
130	27	0.7142074679968065
130	136	0.5385563940068127
130	40	0.49060742606932434
130	125	0.4758765054152269
130	41	0.4542243695205312
130	21	0.44071676669431886
130	144	0.39746946058767424
130	127	0.3943071944152958
130	69	0.3843553803395029
130	42	0.37862194168938657
130	15	0.36874515585327894
130	138	0.34668416676840247
130	120	0.3287534411106959
130	117	0.32630737983875274
130	188	0.3228450889882959
130	17	0.3185297623192969
130	115	0.3018192659729192
98	96	0.7276242662380829
98	199	0.6774143156261498
98	198	0.5612594917235794
98	183	0.5283187087898422
98	79	0.5023168004342945
98	63	0.48940679550943716
98	181	0.48818145667713714
98	166	0.47323445160151706
98	38	0.4674481675268862
98	182	0.4536209643660776
98	92	0.42872213832823947
98	97	0.3316223803594763
98	0	0.32027184886895016
98	74	0.3136783559591745
98	36	0.30969679201671996
96	198	0.731882748678839
96	181	0.5442186027214247
96	79	0.5384356902652137
96	182	0.4838661143204482
96	38	0.4706928468535513
96	199	0.46139331781116216
96	183	0.4305812477605339
96	63	0.4194958078832447
96	74	0.38716430149135966
96	166	0.3224060917628892
96	92	0.3150931792773026
96	185	0.3016829240317449
113	106	0.5216034616225805
113	0	0.3931749375797682
113	135	0.36727539000473136
113	5	0.3620385795644424
113	139	0.34759883914415757
36	37	0.7404658967331402
36	10	0.7328980410578797
36	141	0.6020458659226173
36	30	0.5413406178400896
36	139	0.5307150123211425
36	0	0.5162766925501837
36	140	0.508889472065747
36	38	0.4714242643707962
36	142	0.4454183385807268
36	79	0.40688290962312923
36	43	0.39904286300633973
36	166	0.3970567914155679
36	134	0.388820751238421
36	100	0.387172802496483
36	31	0.3818127081367371
36	77	0.37791070263844584
36	5	0.3555302065343987
36	181	0.3431159453834339
36	135	0.337651991317831
36	137	0.3339344507922283
36	127	0.32763808187518123
36	107	0.3259588613413947
37	141	0.6334276413464708
37	10	0.5505289629559628
37	0	0.4767733181571735
37	30	0.45122707664127276
37	142	0.4499279998964087
37	140	0.4417556171696927
37	77	0.3944085322401933
37	134	0.3926421952047222
37	166	0.37292817308705023
37	43	0.3706876017460755
37	104	0.36275957304162393
37	139	0.3354972691690394
37	15	0.3279058515338785
37	127	0.32141111581241083
37	138	0.31960759636389036
37	137	0.31828713598515185
37	5	0.3167495350708566
37	107	0.30035521855437297
37	31	0.29817015946187264
10	79	0.5107027348871206
10	31	0.4972152441458921
10	139	0.47349826585601124
10	0	0.4719296528914788
10	181	0.38956745576416035
10	30	0.3881414853544689
10	140	0.368917948509691
10	107	0.36159534444996067
10	43	0.35598439362686696
10	4	0.35469126611285434
10	134	0.3512772037511377
10	104	0.34515237473667887
10	141	0.34379511482810876
10	38	0.33122180864058864
10	77	0.3193112742965739
10	100	0.3142642802398613
10	142	0.30629347453531386
10	135	0.30154656975040167
47	67	0.6494749121629311
47	49	0.6054710626752794
47	41	0.5464949775008584
47	40	0.5382865551329095
47	48	0.5110426790519786
47	178	0.49324529090777636
47	72	0.489209045294003
47	173	0.451394303559093
47	125	0.43488875622851425
47	153	0.4305649556244529
47	17	0.42093678927989137
47	42	0.4140836619411674
47	68	0.4123920244790956
47	154	0.38087267274518455
47	21	0.373539267629542
47	27	0.36002097542382155
47	14	0.3587843975254114
47	192	0.3313998552663257
47	82	0.32555661449705997
47	119	0.31360622567815144
47	122	0.3081499840595982
47	145	0.30733521908816136
198	199	0.6874844552865863
198	182	0.629634294897285
198	181	0.5908233430067821
198	183	0.46751068456572875
198	97	0.46150350696164616
198	38	0.4462916609606013
198	79	0.42403386183176883
198	139	0.3972926220439515
198	166	0.3668514104311354
198	177	0.3654485974984764
198	135	0.34887299986902676
198	101	0.3452052258324073
198	52	0.33871474955609554
198	185	0.31796356933610936
198	142	0.31683050303832994
198	156	0.3043166759290495
175	183	0.730005902105913
175	170	0.570976168555188
175	172	0.5118697009712662
175	92	0.5563628938262838
175	165	0.5470277769694496
175	167	0.4329243830136882
175	87	0.4074835348972033
175	68	0.402132326691484
175	192	0.39799138308018067
175	93	0.39690515831716383
175	173	0.39628155021264777
175	185	0.3728851260555276
175	191	0.3653966095192476
175	66	0.3643910607897256
175	199	0.35330051432956666
175	64	0.33624250990092447
175	169	0.3319694458277256
175	182	0.32279134168432616
175	190	0.3110251955071023
175	178	0.30994087533319126
175	85	0.3000731584105221
175	164	0.29833414767883204
183	182	0.5810656050817182
183	199	0.5705918713823097
183	181	0.5067819023002033
183	92	0.4974259923602385
183	185	0.45971511354467565
183	170	0.458175844698613
183	165	0.45070130001344416
183	63	0.43458057404137196
183	166	0.4241158778821392
183	167	0.4080337985612722
183	172	0.3403780004241288
183	97	0.3389006435175782
183	177	0.33523100990353616
183	74	0.32935981186060526
183	79	0.3097329550845978
140	141	0.7272664406067328
140	166	0.668485483829142
140	137	0.6496772299830127
140	142	0.6187641332622886
140	134	0.5632290674170045
140	144	0.5295790810646696
140	127	0.4879224428813477
140	30	0.48486112353174954
140	139	0.4699607818167735
140	146	0.46398684298128995
140	135	0.4510996443821695
140	138	0.4465398819747104
140	100	0.4286241896102027
140	181	0.4033303910451793
140	149	0.3989924159109581
140	136	0.3633239034664841
140	31	0.33848455848652126
140	38	0.32086402473143827
140	104	0.3178017582265066
140	145	0.31155802303221153
140	131	0.3051240353602333
140	165	0.2996181121250538
140	182	0.2984161351835097
141	142	0.6578818705996533
141	166	0.5914933906243434
141	135	0.5732901270270193
141	139	0.5614718009897098
141	134	0.5358459092688577
141	30	0.4756753597290133
141	137	0.47213949239715364
141	144	0.46428498256008477
141	104	0.4629346697095636
141	100	0.43378531867530434
141	146	0.4145144072076377
141	127	0.41235882661876627
141	101	0.41080560515262055
141	138	0.3732810981816976
141	136	0.3697556310427773
141	0	0.36250770895978524
141	107	0.3579215303013146
141	148	0.33794433580649896
141	5	0.3147328473659202
141	149	0.3104198830288988
141	188	0.30192833063794006
4	107	0.7157813458052202
4	135	0.39243917637174697
4	139	0.3420656139973959
107	135	0.44534619146338417
107	139	0.38840475098697597
107	104	0.3582876699539159
27	42	0.5779439979478114
27	40	0.612735761560571
27	41	0.5985085245745602
27	21	0.5311889516846413
27	125	0.45846022474206427
27	49	0.40303728607231676
27	69	0.394957278724522
27	17	0.3828116977068191
27	136	0.35740700532176484
27	68	0.34122650000945537
27	72	0.3072718295701191
21	125	0.7121584623539613
21	40	0.5643682258135323
21	17	0.4451297154109802
21	49	0.415590457899476
21	120	0.3965849728487205
21	42	0.39609608264096574
21	119	0.37622079521875035
21	48	0.3691770896855477
21	122	0.36525796376388014
21	15	0.36402677301397496
21	41	0.35224985489977345
21	115	0.3285393631418877
21	178	0.3027278965585135
125	40	0.5913763537624394
125	119	0.5039524129770311
125	120	0.48288518913472983
125	115	0.43581269158335934
125	48	0.406841186459449
125	72	0.3898558182057163
125	41	0.3679586275653239
125	17	0.3610649857606587
125	49	0.3564907885789038
125	42	0.35475245818085593
125	178	0.3521885389851964
125	154	0.3354795202182997
125	67	0.3209178464718641
125	144	0.3208550542398792
125	145	0.3127494020875057
125	117	0.3070635305275407
173	168	0.40425103927112654
173	67	0.6106580202580222
173	164	0.5452945599333333
173	154	0.5150360666190615
173	153	0.5137417560941174
173	66	0.5130421489203923
173	170	0.4110715665823677
173	191	0.4102984224794895
173	172	0.38951656034274496
173	145	0.36954842527344073
173	156	0.36096932243320357
173	87	0.3570493262332877
173	152	0.353571790021344
173	171	0.347044837618545
173	165	0.33626024860112275
173	178	0.3327789156909601
173	192	0.329974822255693
173	82	0.32808433537682535
106	5	0.5751668571767852
106	139	0.5444860013324322
106	135	0.47535806735586494
106	0	0.43093960375199913
106	199	0.37279902717703883
106	101	0.35834868251980195
106	147	0.3254582695576203
106	148	0.32462652651785473
106	156	0.30966966912782157
106	16	0.30510589726308746
40	41	0.7038803772037429
40	49	0.6525057691821232
40	42	0.5455123458028487
40	48	0.5105696697673637
40	69	0.4846163144555326
40	68	0.4832991649698014
40	67	0.43898272351625645
40	17	0.43815083467655885
40	145	0.4355129183581915
40	144	0.4038661404194906
40	72	0.38547980685257177
40	178	0.31583157568405873
41	68	0.6262241961831517
41	49	0.5510096536061838
41	93	0.5344829358712713
41	67	0.5291040147294686
41	42	0.51853215074173
41	145	0.4794192978307249
41	69	0.4620542391154623
41	72	0.4500157276816642
41	66	0.3621515348962595
41	178	0.3502336088522542
139	135	0.6798472715141748
139	142	0.6516435716136639
139	181	0.5235733620926017
139	38	0.4959495226905371
139	31	0.4885317502673496
139	44	0.48118870506312883
139	199	0.46123588004385874
139	5	0.46005417116589864
139	166	0.45103592135380355
139	45	0.43609617188552346
139	0	0.42009716060804586
139	156	0.4052043020015438
139	101	0.39352150121576157
139	149	0.38070167252017073
139	43	0.3695829621213559
139	182	0.3652752953696659
139	100	0.36086495377504707
139	148	0.3505669523112454
139	134	0.3386350726187538
139	30	0.32808433537682535
139	137	0.31549844411643113
139	147	0.29937233042159145
92	93	0.6967982637936592
92	63	0.6589185816643598
92	69	0.5678338122250222
92	85	0.5599978126688027
92	86	0.5181664937654286
92	68	0.49910986425217735
92	74	0.4634687717085695
92	64	0.46206210413792265
92	66	0.4016124575963374
92	55	0.3441125253005428
92	87	0.32944004647233327
93	55	0.4332006183455016
93	66	0.6485720336681188
93	68	0.605901600606442
93	87	0.5668776810223491
93	85	0.476000262639521
93	63	0.43915223966206157
93	69	0.4378922307962408
93	64	0.4253370925789214
93	86	0.3896437944352056
93	74	0.3733413428929461
93	83	0.36456449197902147
93	170	0.3605952929068341
93	190	0.33131973720470814
93	72	0.3016829240317449
127	138	0.5675491671567882
127	136	0.5420613089901596
127	131	0.489680520426855
127	144	0.44214186418702556
127	137	0.43333870550299125
127	188	0.3574331728481597
127	142	0.32608398074574807
127	75	0.32119589243978713
127	134	0.3118198495318716
127	187	0.3042713056707034
136	138	0.5171855986051889
136	120	0.5132042239302438
136	144	0.4227042332666081
136	149	0.41352838970870587
136	188	0.39510075057720395
136	76	0.38876133233164833
136	117	0.38127442072199774
136	137	0.3800174112773945
136	131	0.3681747592910379
136	118	0.3497860873813464
136	186	0.3494964295581151
136	77	0.34509071235830047
136	15	0.34276298838097863
136	75	0.3406785741853114
136	119	0.33202283254151826
136	187	0.3254046238952326
199	177	0.589989525329286
199	182	0.6297127513600983
199	181	0.527373703356566
199	97	0.5207731282379873
199	156	0.4977344820547989
199	167	0.45430373393755474
199	38	0.4457789873952102
199	166	0.42600851070692075
199	52	0.3856245362709784
199	164	0.3772933626489634
199	135	0.36169095801525464
199	45	0.35853170185088157
199	79	0.35304668649369925
199	142	0.3474229919122383
199	165	0.2995725999939345
147	148	0.6861373154899185
147	188	0.5473500457344973
147	135	0.5463406634376341
147	142	0.46265177363835175
147	116	0.4602748807740715
147	186	0.42945643239796527
147	15	0.4235826492398753
147	187	0.3899830126327909
147	149	0.35735466858554393
147	166	0.35365928562638466
147	131	0.3339788744395907
147	115	0.33248542826791333
147	101	0.3022191311023371
148	135	0.597519260728167
148	149	0.5955481724817966
148	188	0.4498881207595594
148	116	0.42419788697594285
148	119	0.423689318471558
148	186	0.3976799441750647
148	142	0.39413827672916985
148	15	0.385326543262492
148	115	0.3806674693498792
148	131	0.3556000924083058
148	120	0.34157987754817276
148	164	0.3292349930099705
148	182	0.3122440884654326
148	187	0.31183790478689816
148	156	0.31020299339552504
148	154	0.3078241322341938
148	166	0.29880779246073735
44	45	0.6816983590156558
44	43	0.5904912698088557
44	18	0.4999653909509776
44	149	0.47451393247837576
44	31	0.41832499819815394
44	142	0.4110632563465355
44	156	0.39493195816207394
44	17	0.385326543262492
44	14	0.37242872885902045
44	16	0.3523374438181354
44	15	0.317244267185197
44	131	0.3139307834308088
44	137	0.3033272915537404
44	38	0.29830681753214483
45	31	0.5478121479646002
45	164	0.5070419663972872
45	14	0.42943196506756287
45	165	0.4287874318749256
45	43	0.4108554782485583
45	17	0.4038410333510826
45	156	0.39087295680182366
45	18	0.36639264865385385
45	49	0.3562987323695382
45	171	0.3367391032883019
45	149	0.32828064055178835
45	150	0.31962555326879166
45	48	0.31565151422948073
45	38	0.31475086611719166
45	52	0.30288230909988845
45	142	0.2994451587738348
45	137	0.2976872030707224
164	165	0.6810608502127173
164	156	0.5975385495043904
164	177	0.5667351476207542
164	154	0.5551049836786602
164	171	0.5441974875933201
164	149	0.5246323234164014
164	152	0.4836746227645157
164	67	0.4091084581642699
164	167	0.4024089255410654
164	122	0.3921768871082653
164	31	0.35964665199242934
164	150	0.3350268415260152
164	97	0.3248591074628614
164	119	0.31685749133477076
164	135	0.3082676350122495
164	189	0.3082495354793578
164	182	0.30340900865256526
164	146	0.30091918124131223
164	14	0.3007736626128408
165	171	0.6482416796158366
165	167	0.5372558924093795
165	137	0.5167825985304882
165	172	0.4559053503630996
165	169	0.4361042700514961
165	156	0.426033065895556
165	177	0.41226752685603346
165	65	0.3638359111398348
165	134	0.35061957737298266
165	31	0.3259499238040552
165	97	0.32565495239304587
165	189	0.3223971311908801
165	145	0.3098504788663568
165	146	0.3030185422554999
165	67	0.2981246040549471
135	142	0.5421672258079484
135	181	0.4980729234011045
135	104	0.47888771364296334
135	149	0.4770977817912408
135	31	0.4717042101470058
135	166	0.4549304592881692
135	134	0.4304997842742328
135	100	0.4177803451322399
135	182	0.40980762715597396
135	0	0.37851913956807076
135	131	0.36220366453941355
135	101	0.3478449841941667
135	5	0.3476691711919825
135	30	0.32246881414908074
135	156	0.3190328542495348
17	49	0.679427559037611
17	14	0.6226062929641129
17	16	0.44346030432533856
17	48	0.626236352896016
17	15	0.6003728740084833
17	42	0.45782023770097446
17	43	0.4181352289778492
17	150	0.39526951631843826
17	18	0.3853606036757008
17	120	0.37890459935273585
17	119	0.361925613599636
17	115	0.35135609564611275
17	188	0.34983874525772807
17	46	0.33463617087495745
17	77	0.32836986080466674
17	149	0.3234182639511866
17	187	0.32102548373451906
17	117	0.3166325731901605
49	48	0.6395665936901911
49	67	0.5105548832441285
49	14	0.5049961206761598
49	42	0.504041931398893
49	68	0.4777617540247094
49	72	0.39287054565973406
49	178	0.3573982826882643
49	46	0.3542540915654171
49	69	0.3327344520415053
181	182	0.6793144834853532
181	79	0.5547589584387806
181	166	0.5402651692387083
181	38	0.49609277566350607
181	100	0.42633586160727627
181	101	0.4205170649788979
181	142	0.3639747228066656
181	167	0.3610215033718936
181	0	0.35339678025011356
181	31	0.32831632935597316
182	167	0.43589369478265266
182	185	0.4191166840482927
182	177	0.3998244839716892
182	38	0.36499795929509726
182	170	0.3406608953026755
182	166	0.33657950439651485
182	156	0.32753988647499294
182	101	0.3150121125126454
182	172	0.31354310871321833
182	97	0.3084938603393508
87	191	0.6717196123481718
87	83	0.5865891796302773
87	190	0.5844468135964509
87	192	0.4817725190948303
87	66	0.47636369046912624
87	55	0.38702827645769045
87	178	0.3539392299703568
87	54	0.3494086412656656
87	85	0.31796356933610936
87	82	0.31604761940368004
87	72	0.31539038473803066
87	170	0.3075344255297371
191	190	0.5119361169582475
191	83	0.4952932300398159
191	192	0.4282322939858881
191	170	0.3296094150275044
191	153	0.3184309195894601
191	178	0.30881051717442587
75	76	0.6701305208337801
75	77	0.5634952904020134
75	187	0.4874956445628042
75	15	0.438595140676923
75	73	0.42670399793495223
75	186	0.40913343676577735
75	184	0.4044768915106247
75	188	0.37690735476449766
75	74	0.371325743701038
75	69	0.35898477395063433
75	43	0.31446253888110504
75	138	0.30262797409122055
76	77	0.6168535517197267
76	187	0.5426683316651678
76	63	0.47263667604746845
76	69	0.4676357046145193
76	74	0.39903445532485493
76	73	0.3946111791124723
76	84	0.39353840389928957
76	188	0.3725923636779779
76	15	0.3606213917555346
76	138	0.32246881414908074
76	57	0.32015517863943577
76	43	0.30469773157429236
166	142	0.5603546380034085
166	134	0.4036401549046816
166	38	0.3574331728481597
166	30	0.3573023296049415
166	137	0.3509966588406636
166	101	0.3432747444347956
166	100	0.3078784458892022
166	104	0.30684614363416085
120	117	0.6601503117436589
120	119	0.6042789060556337
120	149	0.5070493954440616
120	115	0.4534859351910105
120	15	0.35898477395063433
120	154	0.34852163580320694
120	188	0.3190687825125402
120	131	0.30927180887693606
120	144	0.30457072385633494
120	186	0.29861653054226844
120	187	0.29861653054226844
83	190	0.6631133182891086
83	55	0.36858962066964035
83	170	0.34267473400285975
190	158	0.36083016221345793
190	170	0.46156646579809896
190	185	0.38225681383187615
190	55	0.36960886408718363
66	68	0.5909274816058683
66	170	0.5380805511813054
66	67	0.5009622735106091
66	64	0.48401927421331203
66	172	0.3721789258020543
66	86	0.3288515488916858
117	115	0.47612400101453994
117	119	0.41670666514777915
117	149	0.39321720742218386
117	116	0.37959809571492686
117	15	0.3481086578310822
117	188	0.3467985369247229
63	86	0.6000849976675298
63	74	0.5329883229594855
63	69	0.46624380348878075
63	65	0.415093963413251
63	84	0.37308312910762215
63	185	0.36593370866982416
63	64	0.32134834575763954
63	73	0.305296336240642
142	38	0.6183875412879118
142	134	0.4778543579599176
142	131	0.446379747248776
142	156	0.4306464134987895
142	137	0.42373034197053344
142	31	0.4232461539468696
142	149	0.4127488322966869
142	30	0.3958852847979783
142	52	0.3882009379721641
142	101	0.3823251221210881
142	188	0.3709118537103895
142	15	0.35759888748222324
142	144	0.33214739326813764
142	43	0.32493066292789713
142	5	0.30967871014678416
142	138	0.30408981083388004
142	100	0.3019919480431045
79	38	0.5810722286708564
79	0	0.36006449388527
79	31	0.3147148283878035
137	138	0.639170484449445
137	134	0.6002641390016014
137	144	0.5627167713448186
137	146	0.5560175676265324
137	145	0.495330963336146
137	171	0.42509952765875497
137	30	0.39974886861655357
137	149	0.3768043972068257
137	31	0.37060996599303797
137	131	0.3081680848197873
137	172	0.30047348621235603
67	68	0.48901124476674945
67	145	0.4580494234487321
67	72	0.40734175235828674
67	178	0.40238378322584883
67	154	0.39745262009324683
67	153	0.39021192510125696
67	48	0.38457694863747577
67	42	0.35875825903139397
67	119	0.30359966452638193
171	189	0.5011569977114919
171	65	0.474010133417415
171	172	0.41225092600942986
171	169	0.3791186868947344
171	167	0.371325743701038
171	156	0.3628377269841097
171	146	0.3515752136179521
171	170	0.3486797617621298
171	134	0.33194275167327314
171	154	0.32401805231293984
171	177	0.3036632110828472
48	14	0.4731180359655341
48	178	0.3943578645266456
48	46	0.3776620921839342
48	72	0.3708601070950389
48	42	0.30040070720833173
138	134	0.47049821189330504
138	144	0.44868292592427267
138	146	0.3783563504428714
138	131	0.3673791984836247
138	30	0.3300282881940847
138	188	0.31619163034452386
15	77	0.6391468254008987
15	187	0.5857883929296458
15	43	0.5957288326161587
15	188	0.5565147765061004
15	18	0.5232684292630618
15	116	0.45424817960273445
15	131	0.4460593920173283
15	16	0.43211958763141955
15	115	0.41472971022838967
15	14	0.3811633133394178
15	149	0.3641568885844458
15	186	0.3156965317250294
77	43	0.6094274392707915
77	187	0.5852166404842493
77	18	0.406298630896942
77	188	0.3927521477655917
77	31	0.3267451363225565
0	5	0.5343400550014464
0	30	0.4194463652428151
0	104	0.3650152946983415
0	31	0.35061957737298266
0	100	0.30367228894182313
145	146	0.6297429235026228
145	144	0.5990986440142047
145	172	0.4437574924436979
145	153	0.3526527128125761
145	154	0.33314346179133975
145	134	0.3316490808917387
145	42	0.3007736626128408
146	144	0.602428252213475
146	154	0.43082559612637933
146	134	0.4166405544996027
146	149	0.39856351809684293
146	172	0.37899880286950466
146	189	0.3341210201404204
146	150	0.3307944005068331
146	153	0.32507376269736177
146	30	0.3149220329384329
68	86	0.5195184776472243
68	69	0.4661890185307504
68	64	0.42634404394972286
68	72	0.3857266867895216
68	42	0.3716446832282785
68	178	0.3045979407078682
68	172	0.29924487241129905
187	188	0.6244948503839473
187	43	0.5762232056032479
187	186	0.42265495274893145
187	131	0.4163016682633323
187	116	0.40255138719358974
187	18	0.32218206013226736
188	116	0.6226430332758216
188	186	0.5248424721060955
188	43	0.42103552175853326
188	131	0.4061149317668737
188	134	0.318592658632126
116	186	0.5285565574962753
116	115	0.3619516836120727
14	46	0.556197161220383
14	152	0.44637173976182
14	122	0.34256882076491213
14	115	0.33457400811460547
14	150	0.3322630464278686
14	16	0.31413810137449105
14	154	0.3135972091385232
178	72	0.5943400756227709
178	192	0.40812548037199736
178	177	0.32072048995941865
178	82	0.30880147078584513
178	154	0.3078241322341938
178	122	0.3055683495632038
119	149	0.6191897718232239
119	115	0.6122296210075572
119	154	0.575099935019227
119	152	0.409549656501847
119	153	0.38430424290377113
119	118	0.3174600962061135
119	168	0.3136873719897828
149	150	0.43573978266703245
149	154	0.5432677394526665
149	156	0.469103288325577
149	152	0.42885272094223714
149	115	0.4269984052286496
149	131	0.41941340209991435
149	118	0.3638706155719381
149	31	0.33969703211404734
149	144	0.3383605926643455
149	122	0.30552301747145166
149	153	0.29910829840601233
38	52	0.453740090462573
38	31	0.3956238375195859
38	30	0.3316935805981445
38	101	0.3179366021038223
115	186	0.38350278198133203
115	118	0.37200661640892896
115	154	0.3668946806395458
115	152	0.30700012932569504
115	16	0.3003006303661264
52	156	0.6111155968491613
52	97	0.475404508113718
52	131	0.38893109205547827
52	122	0.3666177238786694
52	167	0.33693414232694535
52	31	0.317298227522512
156	177	0.4628089497599636
156	97	0.4456748148165924
156	122	0.42703111156448725
156	131	0.3731864215601787
156	167	0.3618126370041576
156	154	0.3549272759138039
156	31	0.3284055472652939
43	18	0.5365370329130683
43	131	0.39117791247642697
43	16	0.35326550668499357
43	31	0.3147598754077574
43	100	0.30599440349555174
144	134	0.4321765149957055
144	150	0.3755424119831277
144	172	0.35827023723008855
144	42	0.3410144271717919
134	104	0.5910706400289105
134	30	0.5750932423800904
134	31	0.45907605948871566
134	100	0.36390531899382234
134	167	0.3382454710269395
86	65	0.5931552176734057
86	84	0.4898325481334096
86	69	0.5433382216396888
86	64	0.46315463480920593
86	172	0.36763003118499643
152	154	0.5980590850703983
152	151	0.5022943697613221
152	59	0.30574966407674004
152	46	0.4009916297027308
152	153	0.3203436411047802
152	177	0.30994087533319126
152	168	0.2978421302248103
154	153	0.5779240181793448
154	168	0.3984289259755032
154	122	0.3363755443363322
154	46	0.29793325651692804
192	72	0.39628155021264777
161	163	0.5947732321875322
161	184	0.4572035050996061
161	58	0.4217263696990771
161	56	0.5144553875724825
161	73	0.39527795390518133
161	162	0.35480490610603604
163	56	0.5883377249842154
163	99	0.37587736038883895
163	162	0.37041153998443155
163	101	0.31400289741660814
72	42	0.3610910744403413
65	84	0.40949139599618206
65	172	0.40263517905832413
65	189	0.3781421185653169
65	169	0.33726209731924484
65	64	0.3177747879081042
65	30	0.30035521855437297
104	100	0.321142081410898
104	30	0.308539101218393
177	97	0.5851048507114869
177	71	0.45573105981618073
177	122	0.4161941923676964
177	167	0.35515450186351627
56	162	0.5064027865745029
56	57	0.45760680315311697
56	99	0.426033065895556
56	73	0.3687537960915186
56	58	0.36206464712331793
56	30	0.3251453070005395
56	101	0.2985072272458981
97	122	0.49384285810873607
97	46	0.3669466027940847
97	167	0.3143183534979287
153	186	0.3647552370782496
153	168	0.30344532593072504
30	31	0.4268512128919308
30	100	0.3875552795819928
30	99	0.3192573908456965
170	172	0.5006551053489471
170	185	0.4022580625449477
170	167	0.38071022314998354
69	84	0.30678273309116516
69	64	0.3043076019878287
85	160	0.4632253257629222
85	55	0.3502862479311864
85	64	0.3164796085096109
46	151	0.4696568627516799
46	122	0.31866453669741607
31	167	0.4253370925789214
64	82	0.3337211966374068
64	84	0.31828713598515185
64	172	0.30317292486099645
167	185	0.4036150423618358
167	189	0.39417206239725544
167	172	0.3350712286332074
167	169	0.3164886068877065
167	159	0.30252804497105273
18	16	0.43506713094887645
74	185	0.48244030788662146
74	73	0.43057310172756824
74	55	0.33975010738779526
74	184	0.3182422006051183
74	84	0.30064632232304506
162	73	0.4279300977900319
162	57	0.3587234068308089
189	169	0.47312579752205297
189	159	0.37052369797083606
100	101	0.49195022731747945
100	99	0.3669725630140174
101	99	0.4844403110245996
16	118	0.4868626397437547
185	184	0.44037828119294997
185	158	0.31109745477521267
57	73	0.402844629199108
184	73	0.4537321492272376
73	58	0.3969557050910848
55	158	0.34730867810549065
82	168	0.33256547668195247
168	159	0.31611962669508936
