19	121	0.9170734673967683
19	20	0.8603005486449904
19	124	0.7548094734160469
19	23	0.7129264238571654
19	17	0.7057172660920182
19	119	0.6783385419563392
19	123	0.674792196123206
19	120	0.6732588106729968
19	29	0.6730127109714188
19	128	0.672733617716285
19	133	0.6592070561123462
19	25	0.643737478728643
19	131	0.6392710219097858
19	132	0.6288248411603103
19	117	0.6150600283861116
19	28	0.6125108722039541
19	136	0.6092451135758447
19	22	0.6069448140830769
19	118	0.6064139844592943
19	15	0.6058066594908504
19	143	0.5979434540643582
19	129	0.5918053670980599
19	125	0.5826992930616575
19	115	0.5796862253837721
19	18	0.5762298852329313
19	16	0.5695523443886641
19	26	0.5692617608858814
19	126	0.5666468956538188
19	21	0.5646680062945965
19	14	0.5583688800016201
19	24	0.5417081285282116
19	33	0.5105696697673637
19	53	0.4965675791398465
19	130	0.49521775784035293
19	27	0.4690798897331468
19	39	0.45921811259969747
121	20	0.7777695718812938
121	124	0.7531697801118823
121	23	0.7269978116689935
121	123	0.7103301810000299
121	119	0.7098244751182554
121	29	0.7027534583153446
121	133	0.6948536044067165
121	128	0.6848969618226982
121	120	0.6725584025693971
121	131	0.657138209326909
121	132	0.6562452628845654
121	25	0.6538245310161095
121	136	0.6435617641821587
121	28	0.640481665407919
121	126	0.6390403447114211
121	118	0.6377487996812771
121	22	0.6291512031396828
121	117	0.6226307868102574
121	17	0.6206735704597494
121	143	0.6028994814036366
121	129	0.5973134707523006
121	125	0.5960577373098328
121	21	0.5932848356725083
121	15	0.5882069378522865
121	16	0.5669998255027101
121	115	0.5667012060953672
121	24	0.5567011271526654
121	26	0.5417434551865198
121	27	0.5174931897765486
121	130	0.5136755067844189
121	18	0.5117516129954924
121	53	0.5003103275163411
121	39	0.49608523670652677
121	116	0.49458349627480674
121	33	0.4886763908184302
121	14	0.47822466749558346
121	138	0.4781475336903719
22	23	0.9087150837041802
22	24	0.7569142456301134
22	34	0.7276477935284709
22	25	0.8249122650418436
22	126	0.8068721272068384
22	128	0.782698942313703
22	123	0.7725411235868245
22	138	0.7099088103071712
22	28	0.7088108643758539
22	29	0.7035674181696508
22	133	0.6799386882547529
22	132	0.6792767844644734
22	143	0.6719006738177488
22	27	0.6702241674289109
22	33	0.6641206201904651
22	39	0.658720496783857
22	131	0.6206612750207432
22	21	0.618319601013344
22	130	0.6145188589311804
22	129	0.6135096212505401
22	26	0.6112095688933823
22	20	0.6078031055515702
22	124	0.5833395786475526
22	125	0.5827125021383947
22	36	0.5808072250644686
22	15	0.5772242898064983
22	136	0.5668912538623597
22	53	0.5379810779836507
22	141	0.5216689722316473
22	16	0.513918390969926
22	120	0.5111904310245333
22	18	0.5032732125968992
22	114	0.49459105010909865
22	150	0.4939638276263538
22	118	0.48181091293193584
22	75	0.48179555561906784
22	43	0.46211715726000974
22	116	0.46009358776715686
22	11	0.45976243196030214
23	25	0.8693959000474516
23	29	0.8225333404881996
23	126	0.8320308418417124
23	128	0.8247524392565454
23	133	0.7789913530768601
23	123	0.7580820222630158
23	28	0.7445042675170994
23	132	0.7397694693414664
23	20	0.7233995367559177
23	124	0.7208585596904123
23	24	0.7042938714296401
23	21	0.6958865245098624
23	27	0.6721529285973652
23	125	0.6669449313520482
23	131	0.6615078750572169
23	26	0.6486705130430198
23	129	0.6477021565778808
23	143	0.6463999900110915
23	34	0.6393538010591578
23	130	0.6213616279030959
23	138	0.6151719222061152
23	53	0.6104573100736479
23	33	0.6098107416300353
23	15	0.6034593149880368
23	39	0.5989126982771894
23	136	0.5802304169659843
23	16	0.5686260363083152
23	120	0.5628124327848865
23	118	0.5405271188758723
23	117	0.5336251925544736
23	18	0.5286574379458469
23	36	0.5121943431735929
23	17	0.5022046403093483
23	116	0.4908731369562875
23	119	0.4833298212538245
23	150	0.47949630985205
23	115	0.4767578642657536
23	43	0.4717897301744377
23	11	0.46729185447318505
23	141	0.4617081061803851
23	75	0.4610232929797744
28	132	0.9079102353182584
28	131	0.8320000668134153
28	29	0.7708828415345883
28	25	0.7481500676479114
28	143	0.7446379516732562
28	26	0.7435668050802581
28	128	0.7433386933084462
28	133	0.727520725821299
28	39	0.6977539423433918
28	125	0.6938852235083739
28	27	0.6769811931198525
28	126	0.6766506218054722
28	21	0.6744271119396684
28	24	0.6633149712034122
28	129	0.6426234736170506
28	130	0.6387917944920275
28	20	0.6190170927624147
28	53	0.5858146663923527
28	123	0.5850719671338137
28	138	0.5847759283550271
28	16	0.5590842175062273
28	34	0.5488821001778317
28	124	0.5411638563378579
28	33	0.5218363602860148
28	15	0.5076657436675436
28	136	0.49616062291026947
28	120	0.49441729301683596
28	141	0.4862520302316336
28	142	0.4859083535203644
28	117	0.4826934605194685
28	118	0.480012099874386
28	150	0.4733120528442818
28	52	0.4693606293734011
28	36	0.4613618325818448
28	18	0.45591327183010005
132	133	0.8058577801762088
132	125	0.731957035601864
132	131	0.782698942313703
132	29	0.7743491368975481
132	128	0.7717739560363702
132	25	0.7562771771854594
132	143	0.7192792407538732
132	126	0.7124097145426715
132	27	0.7089004186375583
132	130	0.7044651802499499
132	21	0.6709945634438986
132	53	0.6494806939487642
132	26	0.6401158545853228
132	20	0.6326665923599799
132	24	0.6279292309125802
132	129	0.6142262621549455
132	39	0.6109652057399751
132	123	0.5763701396739881
132	138	0.5737062089083691
132	124	0.5708278729621783
132	33	0.5577284991470366
132	150	0.5405766651314781
132	136	0.5381444903235756
132	16	0.5364586942085521
132	117	0.5090080274525163
132	120	0.5000928859967554
132	34	0.4834830848931807
132	15	0.47463789691012337
132	142	0.4604088552855153
132	118	0.4573854079077128
126	128	0.8852651565930697
126	123	0.783047340926663
126	25	0.7968781442047267
126	133	0.7772950398254896
126	29	0.727694842973629
126	138	0.720680777994345
126	27	0.7117689073129626
126	130	0.7113542160534793
126	124	0.6604717856353879
126	24	0.6396611367462892
126	143	0.6331701003629387
126	33	0.6327025749730115
126	34	0.6310746346588669
126	125	0.6202122825751426
126	21	0.5995472123955605
126	20	0.5892001482326217
126	150	0.5863070658413932
126	53	0.5859394485255639
126	36	0.5749593734319363
126	136	0.570254562719472
126	129	0.5642319127280565
126	39	0.5634543406341007
126	131	0.5601899752187564
126	75	0.5363661001825775
126	141	0.5195476810623956
126	26	0.5183347195150944
126	42	0.5083928116922585
126	116	0.503900188897243
126	120	0.4900529354025916
126	82	0.48786148596691925
126	15	0.48535815811554206
126	11	0.47064613863985877
126	95	0.46471631407341596
126	76	0.46195985317693083
126	77	0.46008570459198217
128	25	0.8394475676469136
128	33	0.6958246303081981
128	123	0.7827376775183436
128	133	0.7759855045351498
128	130	0.7724201414876498
128	27	0.7480311703348868
128	124	0.7384855273712794
128	29	0.7366295780686595
128	138	0.7316272546559817
128	20	0.7246176126988914
128	125	0.7204403817817986
128	143	0.6959380951154622
128	24	0.6823027678731509
128	53	0.6781711511469598
128	136	0.6556527428650551
128	129	0.6411005213943711
128	21	0.6410475092248304
128	131	0.6378674398408724
128	34	0.6247631793558157
128	120	0.5852297907600061
128	150	0.5804426440059863
128	26	0.5690859902019905
128	39	0.5612526418073042
128	15	0.5540524715672782
128	75	0.535375249237768
128	42	0.5346115025393057
128	141	0.527611881299434
128	36	0.5167312911723295
128	117	0.5159905861908474
128	18	0.5157117051105805
128	116	0.5056960683903903
128	118	0.49677850758608755
128	16	0.4960400013938716
128	115	0.49375211842405475
128	17	0.4789647766080278
128	43	0.4715486964501602
128	76	0.4685727585422086
128	77	0.45664965246526545
25	27	0.820485088532859
25	20	0.7459005388664159
25	53	0.7303606946481064
25	29	0.7281555652773962
25	133	0.7252439199714856
25	130	0.6874106170629768
25	24	0.6870464924275477
25	21	0.6865974582547832
25	34	0.6654655195963449
25	33	0.6647684955997978
25	125	0.651373069278041
25	39	0.6310987038434958
25	143	0.6223490339177135
25	124	0.6173612779783758
25	123	0.6160661808599761
25	138	0.582322704948691
25	131	0.5599428980127684
25	40	0.5556927858774883
25	129	0.5536919942970915
25	36	0.5430703485860044
25	26	0.5407889637567388
25	82	0.5373768119022461
25	76	0.5349756404009572
25	42	0.5334892823871066
25	75	0.5191679419968028
25	77	0.5120394185515398
25	150	0.5067967655916222
25	136	0.4966052492364949
25	141	0.4809504477269346
25	15	0.4613697039981232
25	47	0.45888661881892556
13	111	0.8688087141364378
13	114	0.8067324992013722
13	10	0.7955237115835917
13	1	0.7753880398021629
13	110	0.7828925577091361
13	102	0.7363092491410459
13	2	0.716307608406737
13	12	0.6653039132770333
13	113	0.6572745484715348
13	8	0.6535209937148599
13	7	0.6210422916935476
13	104	0.5929737008026302
13	0	0.5852100652309328
13	6	0.58165480308206
13	103	0.5590085961237221
13	32	0.546277524264057
13	134	0.5279725989612679
13	140	0.5108209944574862
13	141	0.5077844980993542
13	36	0.5004152767053178
13	112	0.49226851522341863
13	107	0.4854957430365257
13	34	0.47736806884384375
111	8	0.7660513890607366
111	113	0.681189506649154
111	110	0.7581075398011732
111	10	0.7490863524507643
111	102	0.7255850370942065
111	1	0.6946673735809844
111	12	0.6718238696657506
111	114	0.6663282202996833
111	6	0.6577684173845361
111	107	0.6011589425998803
111	2	0.5951027170640449
111	7	0.5669794698205299
111	4	0.5654644253176713
111	104	0.5381444903235756
111	103	0.523203069071571
111	105	0.47995822687741746
111	0	0.46768258231002824
20	124	0.810573870679804
20	17	0.7103153177522812
20	53	0.6807014616743672
20	29	0.6394779420002218
20	119	0.6334994882157322
20	125	0.6333258395832225
20	133	0.6278504828502309
20	33	0.6122171173566333
20	120	0.6082695214693543
20	21	0.601899211239524
20	123	0.597519260728167
20	115	0.5947796945971181
20	131	0.5829039991531489
20	117	0.5826068209038358
20	18	0.5802171501587654
20	129	0.5767039421803187
20	136	0.5739476690550609
20	130	0.5693023159635012
20	15	0.5600733122872186
20	118	0.553678125640005
20	27	0.55188649371214
20	143	0.549768866672584
20	14	0.5488331873077863
20	49	0.5424213558875434
20	24	0.5390318935568535
20	16	0.5276696089189058
20	26	0.5259718295157534
20	48	0.5139993340614204
20	155	0.5116851800101311
20	42	0.5096153207192914
20	47	0.4944852896296023
20	51	0.49320745452052694
20	116	0.4844785759769661
10	110	0.8541766412912377
10	2	0.7741889339192027
10	8	0.7033400994150231
10	1	0.6947656736811014
10	102	0.6843763147028844
10	104	0.6785975888649217
10	114	0.6653986555801148
10	7	0.6609563585132769
10	113	0.633331828529102
10	107	0.5979241798098444
10	12	0.5745240866990305
10	4	0.5708548385680331
10	6	0.5504244166442388
10	135	0.5032881467680475
10	103	0.47822466749558346
110	104	0.7695812683611156
110	114	0.736913022236582
110	102	0.7246888443533056
110	1	0.7116652809705617
110	2	0.7055264689413122
110	8	0.6695019863409399
110	107	0.636649942998273
110	113	0.6278080747224999
110	7	0.6209931447341109
110	135	0.5748522561037278
110	134	0.5257909673287785
110	12	0.5232684292630618
110	6	0.5068339225019606
110	140	0.5038106533316785
110	4	0.49205633790496617
110	103	0.4776151094106339
110	30	0.469890656533191
110	0	0.4697425947896634
110	148	0.45936803207496457
29	133	0.8489273371277848
29	131	0.7088606195648405
29	125	0.7004890022970635
29	26	0.6957472480195247
29	24	0.6744271119396684
29	21	0.6732041347346883
29	143	0.6582560544272044
29	129	0.6491510122829317
29	123	0.6469701523585418
29	27	0.6335653382505378
29	124	0.6325346327388505
29	53	0.6123858908088414
29	130	0.6060218345810758
29	16	0.6037834919859686
29	39	0.587401920336622
29	15	0.5723293260573458
29	117	0.567982857850898
29	136	0.5492593016976764
29	120	0.5403005739596273
29	138	0.5293919733467255
29	118	0.5236459453855425
29	33	0.5210281601148783
29	17	0.519898027364526
29	18	0.5087486624667101
29	119	0.5082815726977739
29	115	0.5010970879765935
29	43	0.48898841839181106
29	34	0.4844632702184736
29	11	0.4650141961794466
29	116	0.46159794347282646
29	155	0.46134608953139333
29	52	0.457962498089486
133	131	0.7012623373378464
133	124	0.6443811849177639
133	123	0.6406644619111882
133	125	0.6379682601791616
133	130	0.6312671541119266
133	27	0.6302314475224433
133	143	0.6243728339094734
133	129	0.6148610448574489
133	24	0.6083262191023641
133	21	0.6047548255280973
133	26	0.5971912457251518
133	53	0.5912527878183104
133	138	0.5770775725110958
133	33	0.5703355343461943
133	136	0.5618893550707486
133	39	0.5524356370022014
133	16	0.5428658447513651
133	117	0.530276682110997
133	120	0.5238418823078042
133	119	0.5042209357568216
133	15	0.4959947633885133
133	150	0.4870533577189227
133	34	0.4861985792849601
133	17	0.4806813621086344
133	118	0.47830950616074147
133	18	0.4649123009866125
133	36	0.46018818021099694
131	26	0.7484888814353452
131	129	0.7096011366477948
131	143	0.7062539611795215
131	123	0.6258471870354728
131	16	0.6161034072315449
131	39	0.6113411008100075
131	24	0.6051732777037566
131	125	0.6023071931201646
131	120	0.5808072250644686
131	138	0.5782902038533643
131	118	0.5693699016029136
131	21	0.56661294912728
131	124	0.5580040132360146
131	17	0.547896130665453
131	136	0.5456176996233735
131	15	0.5431056013585625
131	117	0.5404350944535816
131	142	0.5389751355400058
131	18	0.5329954821558034
131	130	0.5074875758447868
131	115	0.486595556573667
131	141	0.47612400101453994
131	34	0.47500193354149883
131	33	0.46992961575637493
131	52	0.46421438005915683
131	27	0.4613854466127824
131	114	0.46107841322749726
12	113	0.8315995251576949
12	112	0.7396789077172828
12	108	0.651977154677681
12	103	0.6231448757745315
12	9	0.6226185400396883
12	6	0.6162460828274247
12	176	0.6096222678978798
12	109	0.5863726863962495
12	8	0.5026980184345384
12	0	0.5020475877435834
12	1	0.47023343486020097
12	102	0.4612673699213899
12	70	0.45965201826319146
12	114	0.4592496767688895
113	103	0.6310806520689475
113	112	0.6960721451005333
113	108	0.5861364163850816
113	114	0.5510375085267011
113	109	0.5442960189590329
113	104	0.5273376085559732
113	9	0.5234281727041769
113	6	0.5206710894503389
113	0	0.4952630420571048
113	102	0.4893231380973629
113	8	0.45936803207496457
27	130	0.8179858400529356
27	53	0.7558402345503599
27	24	0.687167905676567
27	21	0.6761135397015167
27	125	0.6751134149402329
27	40	0.6649247297122827
27	143	0.6490005501209838
27	39	0.6422652418411074
27	33	0.6081687103486811
27	150	0.5744637905948103
27	34	0.5719728252061599
27	138	0.5688222366340185
27	82	0.5607661012226399
27	42	0.550298938280569
27	36	0.5223600979210872
27	51	0.5187295266939085
27	76	0.4957459062307891
27	26	0.4949912963911315
27	141	0.49167730440347035
27	144	0.4889503729453197
27	47	0.48797577627796257
27	123	0.4861069406258694
27	136	0.48158052216415775
27	75	0.48060446386972355
27	38	0.4688458675905288
27	68	0.46183398897988337
27	124	0.45591327183010005
81	96	0.8199287458952353
81	61	0.7882904313572673
81	78	0.7746292534061424
81	80	0.7151272583636075
81	93	0.7065795951189995
81	74	0.6020076120943101
81	98	0.8003552952206492
81	97	0.6548252835351748
81	91	0.6418714505540538
81	198	0.6279292309125802
81	63	0.6240493428518117
81	183	0.6099803090388635
81	94	0.6039423293805115
81	199	0.585374423476372
81	68	0.5742225438265339
81	92	0.5706862833280802
81	69	0.5669998255027101
81	86	0.5363945920275429
81	37	0.5229052391949114
81	84	0.5210281601148783
81	90	0.5187879978415779
81	182	0.5048843653738836
81	65	0.49676344321412846
81	181	0.48558745295913147
81	185	0.4764409945498231
96	98	0.8051906323366375
96	198	0.7731049656880673
96	97	0.7497658109350476
96	199	0.6787755857514229
96	78	0.6615134990933257
96	93	0.6394779420002218
96	61	0.6086725697517748
96	94	0.558637228986903
96	91	0.546137192760642
96	74	0.5328522837296895
96	80	0.5280519312963873
96	183	0.4954667877272511
96	95	0.4787721053556637
96	90	0.4744441942127943
96	38	0.47352153950717024
96	181	0.47065392352534097
96	88	0.47016333264708726
96	87	0.4695399411509115
1	102	0.8195350985468683
1	2	0.7049333411912411
1	8	0.6285345554907741
1	6	0.6154577605125112
1	114	0.6050972203443015
1	103	0.5979691519947379
1	104	0.587447765580355
1	7	0.57691080308602
1	0	0.5519838451714583
1	134	0.4863283824150482
1	30	0.4672215040656526
1	107	0.4620542391154623
102	2	0.6506989714955315
102	114	0.6086473884305876
102	8	0.6017907881986956
102	134	0.5548281788482889
102	104	0.5516708762277719
102	7	0.5344543621407492
102	103	0.5332460059463572
102	6	0.5096893461690831
102	0	0.5085781723166495
130	150	0.6700974639995734
130	125	0.7186077038353895
130	53	0.7011759277445744
130	143	0.6750426598868265
130	138	0.6570416097428091
130	21	0.636191817331679
130	24	0.6232366207678495
130	136	0.6162460828274247
130	33	0.6079796366118082
130	42	0.5985470304445092
130	124	0.5744570906427888
130	141	0.5598948436527404
130	123	0.5547797253680962
130	144	0.5543157659469474
130	155	0.5518099927254774
130	51	0.5439510934898389
130	129	0.5276551774709304
130	40	0.5246540659019475
130	39	0.5176835363690815
130	36	0.4989146076891276
130	34	0.4985239425805023
130	47	0.4914422100151391
130	18	0.4871067504303499
130	142	0.4838048420621004
130	120	0.4819721468471489
130	44	0.46924366604964224
130	26	0.4683698195347544
130	157	0.46790912074937274
130	117	0.4580257174012127
98	199	0.8150193193154273
98	38	0.6763252033661629
98	78	0.720377850390314
98	61	0.710770835924569
98	97	0.6914506462502115
98	198	0.6668949617514869
98	93	0.6306170892483571
98	94	0.5866875579435425
98	80	0.5731625588314249
98	91	0.551253342526573
98	68	0.5447954825663679
98	183	0.527048781629016
98	74	0.48904928723668256
98	63	0.4649985207977161
98	181	0.4636179459431841
98	69	0.4569028862024793
199	198	0.7394795778065586
199	38	0.6470399184964487
199	183	0.6205137059422721
199	97	0.6015611132257497
199	181	0.5456809036388593
199	182	0.5416304031436496
199	93	0.5169804635686949
199	78	0.5023392304312388
199	197	0.48926989687314193
199	61	0.4871982723218411
199	52	0.47067727774210955
199	70	0.4676669567038297
199	94	0.46412023421402465
199	11	0.45969934015936487
4	8	0.8138746237686825
4	105	0.7180026569513426
4	107	0.8050499198057385
4	6	0.5588091860795096
8	107	0.8120775660096895
8	6	0.6558408415888258
8	105	0.6464989475348893
8	2	0.5620330369886933
8	104	0.5532896785402147
8	7	0.49078963765601663
107	105	0.6793952550292345
107	104	0.6453041855860346
107	6	0.5121058188984434
107	148	0.4949459960287989
107	135	0.4757914113905276
107	2	0.4706383536810976
124	119	0.7158837383963159
124	17	0.7194625928321889
124	120	0.6923003782810032
124	123	0.6675718170723527
124	136	0.65270670596199
124	118	0.6284740572571973
124	115	0.626953060022029
124	117	0.6264004387159562
124	125	0.602982221506247
124	21	0.5842031448041655
124	53	0.5826728739845417
124	129	0.573135698828387
124	155	0.5716295730926854
124	18	0.5699913283935514
124	15	0.5685380634297256
124	154	0.5567287298921927
124	14	0.5563628938262838
124	33	0.5438877198388049
124	49	0.5188830031053843
124	116	0.5168119153542897
124	16	0.5057258386476428
124	48	0.5036987186495969
124	47	0.4826244268885819
124	150	0.4774375566336599
124	122	0.47480057165532774
124	152	0.47015554314605795
124	51	0.4650847317890124
124	143	0.46335883703843656
124	144	0.4602748807740715
124	138	0.45929702084833074
95	197	0.8104023161652112
95	99	0.4077837154302942
95	11	0.6643608973940368
95	181	0.610777154822634
95	36	0.5601076272204893
95	38	0.5583069367114927
95	79	0.512076308388749
95	139	0.491942647430452
95	198	0.48830331577625785
95	70	0.46440264028344064
95	114	0.4617553144100244
197	11	0.6941858460001374
197	181	0.6501277787843659
197	38	0.583623184913879
197	139	0.5728468760138686
197	198	0.5392588766744144
197	109	0.5339326769666726
197	112	0.533689561436751
197	142	0.528621410927914
197	70	0.5145289173548778
197	79	0.5126368013186552
197	106	0.4885545900344737
197	36	0.4873736593696399
197	114	0.46819025536056535
114	141	0.776581580014323
114	134	0.6033321322687825
114	32	0.7172266105928355
114	36	0.6997089146570412
114	140	0.6875951859745622
114	139	0.6754724413537592
114	2	0.6452808416831678
114	7	0.5676982838829754
114	138	0.5662937577575763
114	0	0.5654236089338853
114	142	0.5567977313625839
114	39	0.5441200595582621
114	70	0.5342042898855116
114	30	0.5286502326946229
114	104	0.5121058188984434
114	112	0.4998978847988868
114	24	0.4878233854790376
114	34	0.47258231122884886
114	166	0.4698984485242858
114	35	0.4672371380008832
114	11	0.46703387405383556
114	109	0.462518151062937
114	38	0.4567050536708922
40	68	0.7978251415834422
40	41	0.6737505628878296
40	67	0.6844773110903333
40	69	0.651850652861186
40	172	0.6139397272109189
40	53	0.6127982132223766
40	62	0.598957587645768
40	76	0.583504483329256
40	82	0.5652330958572096
40	61	0.5580522155596243
40	145	0.5494268750172495
40	77	0.5450064074514154
40	144	0.5375190418465408
40	35	0.533689561436751
40	94	0.530801207820383
40	91	0.52763352972785
40	86	0.5232829529140833
40	42	0.5185687060143775
40	180	0.5168265733116626
40	78	0.5076583208749338
40	51	0.5069899609604446
40	65	0.47323445160151706
40	63	0.4645594917504417
68	69	0.7947514242848038
68	86	0.6394542986769911
68	61	0.7288594801193289
68	67	0.7151565726860247
68	91	0.6699927664870402
68	65	0.6633093710337757
68	172	0.6393892733013808
68	41	0.6014717683100459
68	78	0.5941330731004274
68	82	0.5683079190310578
68	76	0.5682740667637021
68	63	0.5518725851326616
68	93	0.5476931535694366
68	37	0.5437186931029042
68	84	0.5198615411140428
68	64	0.5021074211978876
68	77	0.49556486805537137
68	94	0.49473455876323247
68	190	0.49213212223173053
68	62	0.47772316591762587
68	180	0.47052157050657056
68	90	0.46444185588220144
68	66	0.4625102902569801
69	61	0.7898752872883983
69	65	0.7449407480427217
69	67	0.7248407534655702
69	91	0.6482532751199974
69	63	0.6312912135756014
69	37	0.6274686755026033
69	41	0.6225634257976499
69	60	0.5919872715448308
69	93	0.5907126741701227
69	92	0.5794139354926817
69	172	0.5771242593283566
69	86	0.5668641078745695
69	62	0.5369499386211711
69	180	0.505070614805797
69	66	0.5003103275163411
69	94	0.4810273126965375
69	183	0.4769432915105846
69	64	0.47482380825685294
69	84	0.4735603274563726
69	145	0.4622508428709956
69	166	0.4579704007567979
61	37	0.7119662051392898
61	63	0.6879113832033379
61	78	0.6359000490148639
61	65	0.6043233434661387
61	166	0.5836825263547679
61	91	0.5551326574024565
61	60	0.5501873810865877
61	183	0.5498037534232343
61	41	0.5410082666467437
61	93	0.5340613494602062
61	97	0.5278066924825647
61	62	0.5106657748075416
61	32	0.5065068770646677
61	86	0.49929756316352397
61	80	0.4961530846265049
61	92	0.47678104499236457
61	181	0.4682605242090791
61	38	0.468252716851706
61	35	0.46035369184974584
61	67	0.45770166946493024
61	84	0.45593703579772066
9	112	0.7879873617397541
9	109	0.7809885806698397
9	108	0.7349786504480692
9	106	0.6965151956406674
9	11	0.5909990654707467
9	103	0.5384711936597418
9	176	0.5304851039797084
9	3	0.5269476634270354
9	0	0.4995602629251208
9	70	0.4753348459834839
112	11	0.713565088268845
112	109	0.7384491540923968
112	106	0.618338131095743
112	108	0.5906019831042467
112	103	0.5464669231580285
112	0	0.5454491252338832
112	142	0.5414890605331653
112	176	0.5403076546742677
112	70	0.536736398800495
112	139	0.4838431377794255
112	43	0.46607161015160614
112	15	0.46374354596927625
36	141	0.7842436274445227
36	32	0.7723394555990397
36	39	0.7140212525439024
36	139	0.6875371881734804
36	38	0.6755376845027687
36	24	0.5986432830198853
36	138	0.5945017415668925
36	33	0.5599703559557971
36	35	0.5580522155596243
36	30	0.5461442100639845
36	34	0.5357104503386274
36	140	0.5293631829715428
36	70	0.5102812780980075
36	166	0.5043700729648014
36	143	0.5041463558718017
36	142	0.5030192856915325
36	11	0.5019129448980212
36	77	0.501531324713822
36	134	0.4977720941379947
36	2	0.48748039745421756
36	62	0.46357869211326785
36	123	0.46173957862411247
36	42	0.46073976122631677
141	140	0.7425725848738968
141	139	0.7155569496866132
141	32	0.7583540896806558
141	138	0.6589468720474201
141	39	0.6405583308448382
141	142	0.638596411447836
141	35	0.6188381834772658
141	143	0.5839264201138421
141	134	0.5707739380561336
141	24	0.5707334836440645
141	33	0.567488154125585
141	38	0.555651312163076
141	150	0.5549804367131329
141	166	0.5468105043421397
141	34	0.5371989814749564
141	42	0.5302119864259395
141	137	0.48313820003278235
141	70	0.480312183151916
141	30	0.47884147232089147
141	2	0.4728540993486503
141	129	0.4716342326139803
141	77	0.46327244979097726
91	93	0.7834338749852192
91	180	0.7060985535036224
91	66	0.6045391288412404
91	94	0.7568800770951931
91	92	0.6536813792493974
91	86	0.6368996404932683
91	65	0.6318983123981524
91	80	0.6156999749424179
91	87	0.5929737008026302
91	63	0.5826926884078337
91	90	0.5767506591737263
91	84	0.5674067937220564
91	78	0.5515595609241244
91	194	0.550765870675205
91	97	0.5362806173121851
91	64	0.5075618177128931
91	196	0.47681195159632633
91	82	0.4744131975162998
91	183	0.4650925687144864
91	41	0.45705320870393157
93	94	0.7694181202789785
93	87	0.6572347873304655
93	97	0.6547852974330033
93	92	0.6428054182374966
93	90	0.6223735405748319
93	196	0.5772776323126778
93	180	0.5656888659227962
93	194	0.5563767028792326
93	66	0.5554439021092102
93	183	0.5424142980585337
93	41	0.5172588467223171
93	80	0.5153152123560097
93	198	0.5090524807445174
93	190	0.48770145142778015
93	89	0.4865802919298285
93	86	0.4788337651755428
93	88	0.4674090920030958
123	136	0.7576862034862534
123	138	0.7370729167093214
123	120	0.726672331264942
123	15	0.6774251376764278
123	24	0.6556071309142425
123	129	0.6498794558151181
123	143	0.6337628332893005
123	118	0.602332681547881
123	116	0.5798389167154987
123	18	0.5719997384738883
123	117	0.5704299872367562
123	125	0.55926292198319
123	16	0.5581830314553459
123	115	0.5560452007905163
123	33	0.5534908687069763
123	26	0.5423295981383351
123	34	0.5400314501075119
123	14	0.5368858838971607
123	39	0.5261381807246764
123	43	0.525327743444754
123	17	0.5223600979210872
123	21	0.5126589170838258
123	119	0.4899085508177763
123	150	0.47664967877406
123	75	0.47182859998001175
39	143	0.7818452324513049
39	24	0.7603524454956786
39	26	0.6441823185737804
39	38	0.6295860076127465
39	34	0.6261147720639073
39	138	0.6235667607297385
39	32	0.601886456739197
39	142	0.5724100132125076
39	129	0.5647497387611191
39	11	0.54127698921004
39	77	0.5399393560583756
39	21	0.5251901638695057
39	33	0.5099483758195182
39	52	0.5074281769245474
39	15	0.5050408180568722
39	125	0.48761761072793264
39	43	0.4834064567779343
39	75	0.4829005254244967
39	76	0.48166500651042937
39	70	0.4654138198877928
143	142	0.6968034084796066
143	26	0.741669580520006
143	24	0.7224495511544932
143	138	0.6745579263001799
143	129	0.6736467981718749
143	125	0.6721364819525129
143	21	0.6589808180464519
143	52	0.5985277778552371
143	136	0.5830822312884155
143	34	0.5782502676413215
143	11	0.5778241089447205
143	15	0.5775775921112477
143	16	0.5634543406341007
143	18	0.56331099464147
143	120	0.5537682664206446
143	118	0.5402085177065287
143	38	0.5362948652213556
143	33	0.5298956075275293
143	156	0.5085262760922191
143	53	0.4909186782287384
143	117	0.4851899661180796
143	43	0.47852541884320265
109	106	0.7199398026167815
109	0	0.6170517499326286
109	11	0.5942559903427755
109	108	0.5517126144008371
109	103	0.5486724471296485
109	3	0.533560817489105
109	142	0.5094524381708067
109	70	0.47976579376634965
109	18	0.46883806571842596
109	129	0.45882346265485324
120	136	0.7789913530768601
120	17	0.7493057050937352
120	115	0.7464102786382962
120	117	0.7455765108464549
120	15	0.7256560583169752
120	118	0.6932053403720189
120	18	0.6663059794387931
120	149	0.6077022036782945
120	119	0.6707360917903462
120	16	0.6650028249564625
120	14	0.6358643097836523
120	129	0.6318562612215812
120	125	0.5861758016460096
120	26	0.5543226932488643
120	154	0.5485606039448372
120	44	0.5282177782173382
120	155	0.523870905286944
120	156	0.5233265220431635
120	138	0.5078438680797344
120	24	0.5055620873286174
120	116	0.5035195879741428
120	21	0.49681616720635174
120	48	0.4952705891649182
120	122	0.49059983298853754
120	43	0.4803814171774784
120	49	0.47888771364296334
136	15	0.6704113966088532
136	138	0.6434211436839805
136	115	0.6302977518410794
136	117	0.6116353594064008
136	14	0.6044693256310703
136	18	0.6038533863479983
136	125	0.6037199435997531
136	150	0.5894612239624832
136	17	0.5836825263547679
136	129	0.5777241823896057
136	118	0.5712928570667432
136	24	0.5702410663708728
136	44	0.5613896255233962
136	16	0.5545720249690399
136	116	0.554495850836899
136	155	0.5540108886334556
136	21	0.5533035557972824
136	33	0.534025609582121
136	119	0.5322361826898487
136	149	0.5307509284468361
136	43	0.515997923690136
136	122	0.46497500717843954
136	26	0.461409059990019
136	146	0.45894977034612505
78	77	0.6725529258806121
78	80	0.6954582114062898
78	76	0.6600205256797781
78	86	0.6133037896239873
78	63	0.6007309029493801
78	84	0.5700925862182132
78	187	0.5633860848678254
78	75	0.5471468951948437
78	94	0.546158244440723
78	74	0.5181957532983502
78	38	0.49549696763559975
78	37	0.49505169268867116
84	86	0.7745092406641984
84	80	0.5861954932376084
84	63	0.555837922099435
84	65	0.5541425584397373
84	92	0.5389893255031087
86	65	0.567488154125585
86	94	0.5632154118028292
86	63	0.547357049775435
86	80	0.5384995949989384
86	76	0.5017109350104074
86	92	0.49004533688415014
182	183	0.7743090954556575
182	167	0.6903740084550103
182	80	0.6819498634687936
182	185	0.6207657765224178
182	60	0.5894612239624832
182	92	0.5732162751427483
182	198	0.5008499095478581
182	175	0.4775456368818663
182	63	0.4722871251687039
183	60	0.6470457318522727
183	196	0.6142075800277332
183	198	0.5896178103188031
183	185	0.5586509873221106
183	80	0.5516639195969513
183	97	0.5164600334768847
183	92	0.49384285810873607
183	94	0.4825784011360939
183	167	0.46700259829515917
2	7	0.6734337242067939
2	30	0.5919418010857268
2	104	0.6744652705030919
2	140	0.5072053880228422
2	24	0.5071533941883132
2	134	0.49579115904448834
2	138	0.48510585665277567
2	0	0.4803660323557882
2	135	0.4755128595790146
2	31	0.47500193354149883
41	145	0.7736675885641718
41	67	0.6268498709486331
41	62	0.5573701470114283
41	196	0.5524078437933791
41	172	0.5037882677485748
41	166	0.48644289676612124
41	180	0.4765414788427608
145	196	0.6665950181645782
145	166	0.6120607958839159
145	172	0.541891806253053
145	180	0.5345472222979113
145	181	0.5254652955584836
145	67	0.5223964539679146
145	139	0.5046757101845202
145	62	0.47815524740284887
145	175	0.4731102743355722
198	97	0.7354748472796002
198	181	0.6003408954279487
198	11	0.48904167889152783
198	38	0.4744829384289925
32	35	0.718118910240576
32	139	0.6083955077787984
32	140	0.5934338583487802
32	38	0.5881938574464433
32	70	0.5810126135975018
32	166	0.5807608367708464
32	34	0.554987356641877
32	62	0.5517265265111476
32	138	0.49036441053243124
32	134	0.4880595785399367
32	33	0.48765572125201817
32	24	0.47175863300958126
32	77	0.4706072131132746
32	79	0.46281680780235585
32	11	0.4624552625793109
32	142	0.45755936608990005
104	135	0.6515054634596278
104	7	0.5364017147977529
104	148	0.5109170661256505
104	149	0.47663422252504334
104	140	0.4599674482599973
94	87	0.6588506771391307
94	90	0.6262059605428858
94	85	0.3661935078974994
94	180	0.5895395226794738
94	92	0.5878667472785756
94	80	0.5691941629332545
94	89	0.5663005508329064
94	50	0.5485396311617842
94	97	0.5281456758111239
94	196	0.5170683858578147
94	66	0.5133883556582477
94	74	0.5036614033298026
94	88	0.5007075576232106
94	194	0.49987538139826826
94	191	0.4716342326139803
94	82	0.4689004786468189
94	63	0.46005417116589864
24	138	0.723008416485497
24	33	0.6844932554872393
24	34	0.6830396324375341
24	26	0.6751351832274575
24	129	0.6439892179150759
24	125	0.6173489005245013
24	21	0.5892850113460589
24	15	0.5715420454367854
24	18	0.5609031941213458
24	16	0.549000872928825
24	43	0.5432536420962303
24	142	0.5344114992542179
24	44	0.5266731245257462
24	53	0.5076137825366169
24	150	0.4690564904821588
24	52	0.45984917560866784
89	179	0.7601667631568958
89	87	0.6508949690144368
89	191	0.6238355993290728
89	180	0.6070016565972384
89	50	0.5775109478497376
89	195	0.5576664915317853
89	51	0.5504662372407378
89	196	0.5482109674436686
89	157	0.5215961822863233
89	192	0.5039524129770311
89	82	0.4599043715433498
89	190	0.45760680315311697
89	47	0.4574249469328829
179	191	0.6461379386294641
179	195	0.6063001648622989
179	196	0.6016185412968449
179	180	0.5714679734142711
179	173	0.5432747880160066
179	50	0.5204888403270207
179	87	0.5016810029642261
179	157	0.500362803948773
179	51	0.4608185294841298
21	125	0.7574902158475557
21	53	0.6469061905484326
21	26	0.5956707698590271
21	52	0.5442045260459617
21	129	0.54250604386347
21	51	0.5291904151162704
21	155	0.5268970987307711
21	16	0.5251394697354801
21	15	0.5146833052694018
21	115	0.5119287377063491
21	117	0.5072945117212554
21	47	0.49384285810873607
21	150	0.48999214516984635
21	118	0.4846010113666568
21	122	0.4666897764471224
21	142	0.4607948997689801
125	53	0.6673555651125386
125	155	0.6070521780629127
125	26	0.6047167678511491
125	115	0.5956578661786233
125	129	0.5891936197623029
125	15	0.5743833860900636
125	16	0.5697414850561388
125	117	0.5574735391443828
125	48	0.5483858096612144
125	51	0.5420189374398942
125	17	0.5415102638766371
125	138	0.5287438950182874
125	52	0.525834378590732
125	118	0.5167825985304882
125	150	0.512806338133464
125	119	0.5049216190222934
125	33	0.48865355462210003
125	122	0.48786910584144966
125	18	0.4854957430365257
125	156	0.4820258842335429
125	47	0.4681199805899476
125	142	0.46647073164685876
125	43	0.4586497592972112
53	51	0.7058377168423852
53	157	0.6348744427317607
53	47	0.5843743825287827
53	144	0.5727460903859186
53	33	0.5687748838602065
53	155	0.5605672618924121
53	42	0.5378958033157533
53	49	0.49511208420251374
53	150	0.4881205199881856
53	82	0.4761549326628577
76	77	0.7504000053012575
76	75	0.7031075803589393
76	187	0.5453507697885716
76	82	0.4875642528721441
76	186	0.47880293585606126
76	188	0.4568554105158749
77	75	0.6627938375536567
77	187	0.5182323260087915
77	43	0.5166506578244201
77	34	0.46406531096117143
97	80	0.46580542371437145
17	48	0.5806083915350545
17	119	0.7071499850367747
17	115	0.6999130204941858
17	14	0.6715439609138795
17	117	0.6654432327774232
17	15	0.6599471509067013
17	18	0.6436554870516353
17	16	0.6129855222869208
17	49	0.6102502455498765
17	154	0.6022498396672633
17	118	0.6012802642469269
17	129	0.5660355638844727
17	155	0.5645249478238255
17	149	0.5328809258569424
17	26	0.5269187697716327
17	46	0.5055397547806337
17	44	0.46709642206557767
17	156	0.46165302660659896
17	43	0.4612043890043652
26	129	0.6988248405083121
26	16	0.618338131095743
26	52	0.5997329376091854
26	15	0.5945276036590474
26	142	0.585637296624401
26	34	0.5430068887708089
26	18	0.5322146806071546
26	138	0.5284268321217858
26	118	0.5074504520848073
26	156	0.5025485444680258
26	117	0.48624439460487445
26	11	0.4860000153438524
26	43	0.47870273241220446
26	115	0.464967169159568
71	177	0.7464944123278453
71	176	0.47965031173909706
177	176	0.5982710105963425
115	15	0.7251917734733937
115	117	0.7069949700013022
115	119	0.7049836445434701
115	14	0.6688614393404279
115	16	0.6612265783750544
115	118	0.6285829486023357
115	116	0.611679170683671
115	154	0.5645998874441032
115	48	0.5637136424001195
115	129	0.5255811076163667
115	18	0.5233047378206225
115	155	0.5224473492428473
115	152	0.5063656078222752
115	49	0.4964620929176817
115	46	0.4782555189521058
115	156	0.4774221154186274
115	43	0.47702826481285787
117	16	0.6447085395740564
117	119	0.6392473680025265
117	118	0.6380156974779017
117	15	0.6209747133653182
117	14	0.5584514613711812
117	154	0.5441622941810161
117	155	0.5436623410532299
117	18	0.5362663690973763
117	129	0.5336394972848817
117	48	0.4963189095890804
117	116	0.48078900722384804
65	169	0.5929347964871133
65	64	0.5718113197379093
65	67	0.6226430332758216
65	92	0.6016185412968449
65	63	0.5818863431273905
65	37	0.5542187756562993
65	66	0.5509678689231103
65	60	0.5405837428619082
65	90	0.5030790410146165
65	172	0.4703268952479772
140	137	0.6140456394177976
140	35	0.5755080404402456
140	134	0.5686328029141465
140	138	0.5528801612908923
140	150	0.5435003016047438
140	139	0.5431267521031168
140	135	0.49651483786190564
140	142	0.4694230030791745
140	44	0.4650141961794466
140	166	0.45712440498789236
140	31	0.45636467603503156
138	34	0.7239901061600403
138	33	0.6625246138453496
138	150	0.5909470054010924
138	129	0.5715891773293792
138	18	0.5258994903477024
138	142	0.5060532319806518
138	15	0.5051451014108552
138	42	0.4801736971432297
138	44	0.46998415559313034
138	134	0.4630132352213898
108	6	0.7175566480506049
108	103	0.5894416475523396
108	105	0.5029595255589624
108	176	0.4801660027740779
52	156	0.7344954810479257
52	142	0.6934234527261547
52	38	0.6112283612346816
52	11	0.5374408191610145
52	122	0.5161079770926236
52	129	0.48760998840010805
52	15	0.4802737172178295
52	16	0.4738628104162454
156	142	0.7012572549908637
156	155	0.5107323015917761
156	129	0.5100223673114873
156	122	0.4833298212538245
156	149	0.48120407406382126
156	16	0.4712842558423599
156	15	0.47042813209704215
156	176	0.46655679178682957
139	166	0.7293981068481835
139	142	0.6609282007481406
139	38	0.6346356083157655
139	70	0.5799252024988575
139	11	0.5782369549548025
139	181	0.534997054089202
139	35	0.4910173417822086
139	79	0.4767192282478414
139	137	0.4735758421217531
139	134	0.4650690577193739
166	62	0.6122733813744694
166	35	0.5711446410569677
166	181	0.5265213585042698
166	137	0.4867176630282834
166	38	0.4863360172249622
166	70	0.48374356506055843
166	172	0.4740721562168014
87	191	0.7286109392875225
87	190	0.633780783288148
87	193	0.5635362374010194
87	192	0.5357461000993701
87	90	0.6216132667701355
87	194	0.5884554070901613
87	82	0.5660695431097927
87	83	0.5564388398144302
87	180	0.49906480954239196
87	88	0.4739093363355897
191	194	0.5500827783778547
191	192	0.5345615073305318
191	196	0.5302479292355167
191	193	0.529053609436764
191	190	0.5044669960170287
191	180	0.5020326286289887
34	33	0.657308626537651
34	18	0.4751955038416824
34	129	0.47479282597438
15	16	0.719095788418338
15	43	0.6846792250705389
15	14	0.6759615071891415
15	116	0.6458407627869956
15	118	0.6295739350315532
15	18	0.6208026541398738
15	129	0.6090564329782102
15	119	0.538378880857682
15	106	0.5329525258331633
15	142	0.5007674985773907
15	3	0.48770145142778015
15	11	0.47989665330529324
15	75	0.473451716570073
15	0	0.4561112850289057
67	172	0.6865023013881503
67	62	0.6118543782770607
67	50	0.5623818376006638
67	180	0.5251829220785551
67	171	0.519525778614808
67	42	0.49951523520290886
67	175	0.464339891537304
67	51	0.46186545677321567
106	5	0.4676513308053253
106	3	0.6014079413000515
106	103	0.555913932314178
106	0	0.5529148765075583
106	11	0.517361381356443
106	142	0.5172148987612923
106	70	0.4635080306336551
16	118	0.6680039832910183
16	18	0.6133225050334837
16	129	0.5999570027085505
16	14	0.5900873035293357
16	43	0.5715016436699376
16	119	0.548322871984774
16	116	0.5177713713629128
35	62	0.7186173757557418
35	37	0.5660695431097927
35	33	0.5293703806796457
35	137	0.4994852152219154
35	70	0.4605428088263632
62	33	0.5442960189590329
62	42	0.541517331504706
62	137	0.5195330795065313
62	37	0.47783892470817113
62	172	0.45642801222514184
105	6	0.6781441460367903
6	103	0.5598193220477422
119	118	0.5856044442146086
119	154	0.5790351711306593
119	48	0.523275691126572
119	14	0.5100297660456002
119	18	0.47220165679297715
119	155	0.4664316104816217
119	49	0.4622351162424395
119	152	0.4585076122918288
80	92	0.6604886986108778
80	63	0.642547152682299
80	60	0.5690386584370557
80	167	0.4970496150906226
11	38	0.6765096395824022
11	70	0.6427115203899253
11	142	0.6201815147848129
11	0	0.5014040745895046
11	129	0.49203360115253036
11	43	0.48408818649198465
11	181	0.4736766802829264
11	176	0.4624788463060147
37	63	0.5397480424898584
37	60	0.5190948917397108
129	142	0.5696671869896397
129	118	0.5616771912123107
129	18	0.5509957256854646
129	33	0.4690252904564431
129	43	0.4673934612821648
129	14	0.4624709851364913
195	196	0.7070699857622336
195	180	0.6577343755985346
195	175	0.5924742185564503
195	50	0.5794936434891911
195	173	0.5559346607594706
195	170	0.5438736359626416
196	180	0.6658386474573093
196	175	0.5759225425936954
196	170	0.5465721206194835
196	194	0.5249656329806096
196	50	0.4759461211731169
180	175	0.6434563028805199
180	172	0.5654576227793685
180	50	0.5565561926013423
180	194	0.5459476965976985
180	66	0.5128652980873007
180	189	0.48860026756021435
180	173	0.4861069406258694
180	171	0.471774181738718
180	193	0.46539815194242823
51	155	0.7025205597581093
51	157	0.6990754601527513
51	47	0.6658553468905969
51	144	0.607418311948484
51	153	0.5313899165126368
51	49	0.5284700766556253
51	154	0.5182103826099566
51	42	0.5033329474776131
51	82	0.4773371834650386
75	186	0.6611196368526622
75	73	0.5274458872472376
75	74	0.5226436247184679
75	187	0.5204086356849453
75	43	0.5075395459437347
75	116	0.4822638204961233
75	82	0.46752631309479303
155	154	0.6585563001030778
155	122	0.5477421539454219
155	153	0.6166738669896444
155	47	0.6086914549380072
155	157	0.6011908720364072
155	144	0.5745106881036
155	49	0.5542949835804053
155	146	0.5420118752469013
155	48	0.5252263716832649
155	46	0.5237112638501782
155	150	0.5133515330932509
155	14	0.501576231342263
155	118	0.4858472396990791
155	44	0.4750329078794927
155	152	0.4705293565644523
142	38	0.6884956603211319
142	70	0.5828775896202834
142	44	0.5158218028085358
142	31	0.4805583213782431
142	18	0.47680422505585723
157	144	0.644153066174589
157	47	0.6058193193032871
157	153	0.5977506804020942
157	146	0.5628260974743815
157	154	0.5263623295287735
157	49	0.5063879152995328
3	103	0.6964173580435978
3	0	0.6443753371511969
103	0	0.6201138189291178
33	42	0.690426343214625
33	18	0.5475741370135885
33	44	0.5461652615141188
33	150	0.5228035119329403
171	175	0.6932468953759244
171	174	0.6442408177192177
171	173	0.5969788942207989
171	170	0.5703557755212082
171	165	0.5487772822827022
171	172	0.5370993755688581
171	153	0.4971098480298044
171	50	0.46434773538553287
175	165	0.6726460195714625
175	172	0.6295739350315532
175	174	0.5869367055158282
175	170	0.5785098034831712
175	173	0.558774798504056
175	50	0.4641986898132994
118	18	0.6148175067709426
118	14	0.546565107991985
118	116	0.5384782941092437
118	122	0.5076360520449144
118	149	0.5054504178146956
118	43	0.4998453758141992
118	154	0.4582232478891364
42	72	0.383426016026484
42	150	0.5815290704271925
42	47	0.4968462935554855
42	168	0.4937369940977924
42	172	0.47670377332494196
42	144	0.47182859998001175
167	63	0.5359100643992675
167	185	0.46777632980855405
90	194	0.6903007276507434
90	92	0.6010759170815037
90	88	0.5370353352899228
90	193	0.5148523585062924
90	64	0.5087041906213576
90	190	0.49447017979420566
90	66	0.46294252658810675
90	74	0.4599674482599973
194	193	0.556197161220383
194	185	0.49713996270293603
194	92	0.49044036108232175
194	173	0.4819107282511427
194	190	0.4611020351016496
194	50	0.4583970372868979
161	162	0.6888216248457113
161	56	0.6571950225306912
161	58	0.6487400148204968
161	163	0.6429344962443074
162	174	0.43368789396872676
162	56	0.5854072893536193
162	163	0.5498386382558508
162	58	0.48199517759962646
38	70	0.6468015061312702
38	181	0.545926638019421
38	79	0.5015238400129809
135	148	0.6884325382592368
135	147	0.5488541504265977
135	149	0.5112938394313153
135	7	0.5064250929221488
135	31	0.48940679550943716
148	149	0.5362236226191353
148	164	0.5323006848180668
148	147	0.510222106641229
63	92	0.5582656377262266
63	60	0.5407535854353239
172	189	0.5532411057218419
172	144	0.5392163233057927
172	168	0.5373270241981521
172	150	0.4858854363941432
43	18	0.5651718467023092
43	116	0.5572529483593749
43	14	0.5338611815598908
43	0	0.4665646149979299
14	46	0.5530398353947964
14	18	0.5160566209584171
14	116	0.5058374663852696
14	154	0.5023616597521453
14	152	0.49622846409793964
14	49	0.4730171290476621
79	181	0.6755159379616834
7	30	0.46383773375817516
165	174	0.578602941636194
165	164	0.5642796258078978
165	45	0.5387267616654334
165	137	0.5204086356849453
165	170	0.5170244260769938
165	60	0.513852157996786
150	144	0.65133276752178
150	146	0.629229738655114
150	47	0.48930792669116857
18	44	0.5537821330812064
18	149	0.5226436247184679
18	122	0.4741031658523806
18	46	0.4676903950035113
18	49	0.45801781524059704
47	82	0.5871988460793672
47	153	0.6457125088300986
47	144	0.5984379232966824
47	49	0.5354608485391278
47	154	0.5346686353389838
47	146	0.5126146848732327
47	168	0.5000403906617868
47	48	0.46591504010828116
83	190	0.6629339904098497
190	88	0.5411779990183977
190	178	0.37019582118998134
190	82	0.5150654555275952
190	169	0.4819491154286508
190	193	0.477360347609717
190	66	0.47398687365485864
190	158	0.4737154608845487
190	64	0.458665551960309
190	192	0.4566654817425927
186	187	0.600641418290583
186	116	0.5205107127264966
186	188	0.4666584878369538
92	60	0.5174199659076537
92	50	0.5046235371715453
92	185	0.4814806654870589
92	66	0.46289538422568666
154	153	0.6541621836799884
154	49	0.6461088124002969
154	152	0.6256950844157725
154	46	0.6120107629075934
154	146	0.5792146170048813
154	149	0.5625527452354502
154	48	0.5397126079310698
154	122	0.46206210413792265
56	58	0.6412065273822014
56	163	0.5825209403918347
31	44	0.6547281680710204
44	149	0.5935051156851102
44	137	0.4971625479218132
44	46	0.4830002040871318
44	146	0.4644261698612487
153	146	0.5992717078357579
153	144	0.5780239100934869
153	174	0.4786410625550951
153	49	0.4730481786519908
144	146	0.6165747030715196
144	189	0.4984036971697059
144	168	0.48525113099956446
58	163	0.48004288281868107
60	45	0.6014207073162611
70	176	0.6265340972424555
149	164	0.6466269779274746
149	146	0.535689059565454
149	46	0.4993275906415388
149	49	0.4780241042588645
164	174	0.5285421447846079
49	46	0.5706188477632477
49	48	0.5437820832992034
49	146	0.5100593602273379
49	152	0.47424269465754826
116	188	0.4876480992958743
0	101	0.4880367242698822
174	173	0.579420578249106
174	170	0.503930031679701
50	173	0.6419302468839857
173	170	0.5890695642092731
152	46	0.497102319174388
137	127	0.4715798015365162
137	134	0.4712531396097851
46	151	0.5161446577738324
46	48	0.4800351871934325
187	188	0.6119106822562039
66	169	0.4645673335587979
134	30	0.4923063978764113
74	73	0.49468169029226305
169	158	0.5543711822119102
169	189	0.48338346689861106
169	64	0.4729239731849157
82	168	0.5847890889433778
82	159	0.5802901137881017
82	189	0.5504035053100951
73	184	0.5862873781743722
73	57	0.418555972312736
184	59	0.3714895344098151
168	189	0.4822254484905118
168	159	0.4793114685949096
159	54	0.32299736170779175
159	189	0.5329453661789539
193	160	0.39331019522478095
193	88	0.5070568244154986
158	55	0.5489449826309166
158	189	0.49993538896668155
101	100	0.42427168921187747
