19	121	0.88061493656679
19	20	0.5100075696168493
19	119	0.4803660323557882
19	117	0.4390230873386945
19	17	0.42884456005380184
19	116	0.42386160548572677
19	43	0.4165083199819136
19	115	0.41283179271237264
19	15	0.4112793002714736
19	186	0.40053836051295644
19	14	0.3947378139183939
19	148	0.3540092061505413
19	16	0.35400045934475743
19	124	0.3465081925515515
19	28	0.33500908626673864
19	48	0.32832525141055907
121	20	0.5449431372267199
121	119	0.5226218190673306
121	17	0.44321123377578636
121	124	0.4417556171696927
121	117	0.43991064295922616
121	14	0.40704978530070324
121	23	0.39726735698565624
121	43	0.394695603982423
121	120	0.3931157570082906
121	25	0.3878101902083381
121	15	0.3862628218351382
121	115	0.3836221851560188
121	116	0.380949614348175
121	29	0.362168911695712
121	53	0.3616822661873085
121	186	0.3406874135362883
121	48	0.34062553681470786
121	18	0.33783803626110204
121	16	0.3319160569871596
121	28	0.3306251806109678
121	51	0.3289139774206189
9	109	0.876833011235905
9	108	0.8201252792966128
9	11	0.6525000267824422
9	3	0.7914870203930049
9	103	0.7107658878412116
9	112	0.6983999297580908
9	106	0.6641597444377046
9	70	0.5782835480104733
9	12	0.5595858328236692
9	176	0.5223819117770829
9	0	0.4613224744109879
9	155	0.42678578681453005
9	120	0.4073917954969542
9	113	0.3976125939795426
9	14	0.3891008253714289
9	154	0.3826751365109729
9	7	0.3738145846037727
9	157	0.36197775305835034
9	20	0.34656098737820745
9	119	0.3402718989528659
9	6	0.3384402863271026
9	51	0.3371646057322658
9	13	0.3292349930099705
109	106	0.7021759991028558
109	108	0.7869236049146205
109	3	0.7507449516071211
109	103	0.7213002005760145
109	112	0.6776577408350873
109	11	0.5669998255027101
109	70	0.5421672258079484
109	176	0.5304851039797084
109	12	0.498283432579538
109	0	0.4230080745503299
109	113	0.3904238380874757
109	155	0.38516474196217426
109	120	0.37824495492299226
109	14	0.3597424201747735
109	154	0.35711912550168723
109	119	0.33794433580649896
109	157	0.3320762171282804
126	128	0.8694447217115258
126	133	0.6782359559395702
126	125	0.6148672642781631
126	132	0.5657228647664782
126	129	0.5312248426462477
126	124	0.518093339626596
126	123	0.5116704162935144
126	28	0.43372036999775604
126	25	0.42581204660408845
126	21	0.38916022579177795
126	29	0.38758927109124175
126	118	0.3772419025009807
126	131	0.36903888819916314
126	117	0.3527840512736833
126	130	0.3521622598105574
126	104	0.3432306355552675
126	23	0.34260412614523406
128	133	0.7082929921612895
128	125	0.6966335959849381
128	124	0.5570874536327999
128	132	0.6755648660264799
128	129	0.5885403842194026
128	25	0.5639591942525508
128	123	0.5297445564856045
128	28	0.5172441977050628
128	130	0.4943719585796206
128	21	0.4888894963615755
128	29	0.48414178077973086
128	118	0.4249028779055783
128	27	0.41713627690628863
128	23	0.41191054833554597
128	131	0.40647394943444326
128	117	0.3920838013911594
128	157	0.38873586609585276
128	104	0.38560751026532725
128	155	0.3567526348626095
128	53	0.35367678400480695
128	51	0.34997038027693395
128	120	0.32941330213034814
10	110	0.866759058132079
10	13	0.8614397142349486
10	114	0.7881389443207019
10	1	0.7073399107728519
10	102	0.6799225574243121
10	134	0.6783655338819584
10	32	0.668352712012345
10	2	0.665064175305126
10	24	0.6465978833092598
10	70	0.6462194820595657
10	127	0.6285345554907741
10	138	0.6122733813744694
10	112	0.6036118937323289
10	12	0.6000018044385825
10	113	0.5904065917012774
10	103	0.5631676147305105
10	140	0.5366367233458755
10	3	0.5024887464672052
10	7	0.4775301977311165
10	26	0.4619834506427129
10	150	0.454985970199731
10	108	0.4256564840410982
10	181	0.4237221374097956
10	100	0.42044297728930996
10	104	0.41310551348283214
10	146	0.39177063596593276
10	143	0.3876572509477906
10	176	0.3854883208729367
10	36	0.3714550540764372
10	141	0.3625598231158723
10	34	0.3607692745640677
10	139	0.3512772037511377
10	0	0.35065465951742303
10	35	0.3491452395826978
10	79	0.34396264681733757
10	145	0.3398031804977077
110	114	0.839919457890721
110	102	0.7238758851171725
110	13	0.8282696911300458
110	134	0.7138055083712156
110	127	0.6523794190777833
110	70	0.6502028258444829
110	32	0.6499545448409275
110	113	0.6305448051282622
110	1	0.6300867516417539
110	112	0.6233466921191874
110	138	0.60154835058766
110	24	0.5969080917896691
110	103	0.5859591484281494
110	2	0.5592079415246973
110	140	0.5426683316651678
110	12	0.5297085869976588
110	3	0.49586657441787074
110	150	0.46309179345817847
110	104	0.4552159063065586
110	181	0.45007952425235853
110	143	0.44679603804593626
110	26	0.44149802813333233
110	108	0.4274807103595483
110	7	0.4103316881416981
110	146	0.4000428977610251
110	100	0.39915215675920107
110	36	0.3868837313995209
110	139	0.3841167187974535
110	176	0.38085557389479396
110	136	0.3714205727184125
110	34	0.3598730009361474
110	141	0.34800319498260357
110	111	0.3353197689447619
35	37	0.8614655041750886
35	36	0.6554816733773016
35	140	0.6339961300358428
35	69	0.6119106822562039
35	141	0.5814033099847217
35	139	0.5746379623283503
35	32	0.5577973891967365
35	62	0.5475391279268904
35	137	0.5150507612246962
35	71	0.4818262699488339
35	34	0.452889969726349
35	176	0.4410309624798686
35	166	0.4351644118605505
35	167	0.43365541681292125
35	70	0.43173727186155525
35	63	0.42526337180487345
35	67	0.4191496571436983
35	66	0.40702475568089314
35	171	0.40163761851619884
35	114	0.39942113921108496
35	79	0.3979408857028504
35	33	0.39139810483513016
35	30	0.3847388359148954
35	142	0.38062471392224584
35	134	0.37840776006406507
35	138	0.37198938405917337
35	145	0.36727539000473136
35	61	0.3543765160583096
35	181	0.34799440601425513
35	1	0.34758125552097846
35	39	0.34729988430812825
35	146	0.3349913307695336
35	13	0.334396384184685
35	177	0.3308300230380485
37	36	0.5827455234832623
37	62	0.5822433913746644
37	69	0.5789952866488005
37	140	0.5668505344190211
37	141	0.562962727449577
37	71	0.5424848729031441
37	61	0.5284052088265097
37	139	0.5181957532983502
37	63	0.5087190148714615
37	167	0.4983586001958914
37	166	0.47212395056440315
37	177	0.4665333217155318
37	66	0.46066098570983555
37	137	0.44702811622597516
37	171	0.4461955569638103
37	67	0.4254026174177843
37	32	0.4232461539468696
37	165	0.41332941133954004
37	33	0.40184726926677233
37	174	0.3723856632150161
37	38	0.36967793318775927
37	34	0.362012511439313
37	142	0.35189943752878594
37	183	0.3510580334267878
37	199	0.34838106273846536
13	70	0.7173868160452167
13	114	0.7547578372201749
13	1	0.6914715215129839
13	12	0.6847323428693722
13	112	0.680465266918406
13	113	0.6572120650357494
13	32	0.632342625900809
13	103	0.6231020555743124
13	102	0.6222571230863129
13	134	0.6148423861364133
13	3	0.6076706678185182
13	127	0.6076643604165953
13	24	0.5555614429614023
13	2	0.5319781123809282
13	138	0.5311458800140849
13	108	0.5056290809080162
13	140	0.4917758710484107
13	176	0.4429058281091252
13	7	0.4371726076809394
13	26	0.4359665916244975
13	150	0.4326887062527404
13	139	0.42842009741872183
13	36	0.3928113483404441
13	104	0.3801542968359433
13	181	0.374029630166585
13	143	0.37388340355809063
13	111	0.3623947871779464
13	100	0.339192709139933
13	6	0.3368277609801869
13	146	0.3343430923720188
98	198	0.8427822479970493
98	199	0.8393884921733146
98	97	0.6938748528985231
98	96	0.7502251929060745
98	38	0.7214920356257788
98	80	0.6967828293056347
98	81	0.5958062399410929
98	185	0.5930450181914327
98	85	0.5859722813117685
98	182	0.5579075972916069
98	160	0.557232263939041
98	190	0.5436059841015043
98	88	0.5274170146046617
98	74	0.5220764555797669
98	87	0.5167532804946274
98	76	0.5146391978416567
98	193	0.49745609445656475
98	194	0.4899997442095882
98	187	0.4709963859325584
98	61	0.4626753519111792
98	75	0.4583101469687365
98	90	0.4513863410913239
98	73	0.44781992974868173
98	177	0.4473321275967778
98	95	0.4429862079915281
98	77	0.4414819264013336
98	183	0.4152098342590889
98	188	0.4147379901867244
98	197	0.41288156567409695
98	92	0.4105645171988122
98	142	0.4097160966822959
98	45	0.408200486640022
98	148	0.40787541968497637
98	184	0.40676608048718355
98	55	0.40328015035368414
98	83	0.4005719427357701
98	60	0.38758927109124175
98	191	0.37588594751866106
98	93	0.36858097922087374
98	195	0.3530204254744514
98	52	0.34555751051023725
98	50	0.3392812009686663
98	68	0.3372000580552619
198	96	0.8365894762561794
198	190	0.6935999268442864
198	199	0.782466403717559
198	81	0.7029052675784926
198	185	0.6774467808972636
198	38	0.6536183776475378
198	182	0.6444104226201545
198	97	0.6365785763243353
198	80	0.5967535814826178
198	85	0.592993151922309
198	193	0.586254563856959
198	160	0.5790883461289776
198	95	0.5775842561140087
198	183	0.5606701178947188
198	194	0.5473220288040123
198	197	0.5456668588385536
198	195	0.54128405936398
198	187	0.5068116285817377
198	88	0.5051153076718039
198	61	0.4872440292548312
198	75	0.4760157309672595
198	99	0.47500967723634724
198	87	0.4720384652379008
198	142	0.4683776257953134
198	93	0.4567683649971051
198	74	0.44698810703858166
198	148	0.4429862079915281
198	76	0.43906344938910646
198	55	0.4366143120835224
198	158	0.4245750391854778
198	83	0.42441107805768336
198	188	0.41310551348283214
198	73	0.4035731867723144
198	166	0.40134403673027813
198	77	0.3930227523867166
198	184	0.3887698209449124
198	174	0.3790929985319365
198	177	0.37572278101419826
198	172	0.3743220275952727
198	90	0.37016130247669343
198	191	0.34592730462164833
198	101	0.3454518353278906
198	50	0.3389714533059345
198	68	0.3370316510048226
198	60	0.33097250373426695
198	147	0.3300728415253042
114	134	0.8279869080209068
114	32	0.7518295131590899
114	127	0.7514379711844466
114	138	0.7349050727748722
114	140	0.7005297452263914
114	24	0.6950655871751338
114	70	0.6606972368698439
114	181	0.6570643409983046
114	102	0.6438721472607472
114	113	0.6280200780872043
114	143	0.6175963915299902
114	141	0.5896243337887168
114	36	0.5739476690550609
114	112	0.5709155066787232
114	26	0.5333104112379782
114	1	0.5274675409296775
114	34	0.4991023553212656
114	103	0.4945306173426149
114	2	0.4714087090408759
114	150	0.45052597159731245
114	139	0.4455546006871168
114	3	0.4422464445496714
114	145	0.4419487611625256
114	79	0.4370269978043183
114	12	0.43242858048979177
114	146	0.43051607753266063
114	176	0.4238534020375619
114	137	0.4222030982212845
114	31	0.4207310645800459
114	136	0.4131303934895245
114	100	0.4079421085201366
114	108	0.3492857273496656
114	0	0.33531089330847486
114	7	0.3291993283675325
199	38	0.7537231474931738
199	96	0.6445448917851773
199	142	0.6234995280239203
199	177	0.6189800823175212
199	97	0.5719189949761425
199	182	0.5220182582552524
199	71	0.5090006183065237
199	185	0.5020849842157937
199	80	0.49506679101561135
199	183	0.47479282597438
199	190	0.4385628347380681
199	187	0.4241732849782861
199	81	0.4221948807411518
199	160	0.4165248502605992
199	85	0.408775351563561
199	77	0.40048798516107575
199	87	0.3910169743470795
199	139	0.3833577751741854
199	148	0.3813598804449625
199	95	0.3808897713350776
199	191	0.3799232927990576
199	76	0.37535342343477296
199	61	0.3628377269841097
199	197	0.36202120087727147
199	176	0.3578430574776531
199	188	0.35676136210704973
199	174	0.3498738492805722
199	74	0.3495139864803056
199	193	0.347027246298834
199	75	0.3444034158253667
199	52	0.33901570747354476
199	194	0.335355270894665
96	95	0.7658860723053742
96	81	0.718709245133819
96	197	0.6653094869469811
96	99	0.6373333207413484
96	38	0.6320184381196604
96	190	0.5743565821252165
96	80	0.5271209997807047
96	185	0.5250525568344507
96	97	0.5181079710608139
96	182	0.5176762162936251
96	148	0.4786950239383641
96	101	0.4651082423467411
96	75	0.4651004055670628
96	85	0.44972858627139256
96	142	0.4452499863101243
96	61	0.42702293508527395
96	77	0.42626221738575
96	188	0.42360726625922546
96	88	0.4127737211405374
96	193	0.41229242761264173
96	160	0.4092499954650161
96	93	0.4064405577344096
96	194	0.4021658577357826
96	183	0.39813444588541164
96	68	0.3947546974262658
96	78	0.3915505194498573
96	195	0.3904238380874757
96	87	0.38495180943269736
96	83	0.38180416591356314
96	187	0.3786904712475185
96	147	0.3767443343314497
96	76	0.37157573076000594
96	52	0.3705064435991905
96	184	0.3633065434255167
96	172	0.35959441160806455
96	28	0.3553991598058847
96	55	0.3510755684688126
96	73	0.34489689691891384
88	90	0.8315686783696045
88	85	0.7626002534727578
88	193	0.7624746924946535
88	194	0.7414535390335274
88	160	0.7136043520165664
88	93	0.6627041153470259
88	80	0.6332120351979189
88	73	0.623866139833685
88	92	0.5900481943262593
88	185	0.5862873781743722
88	81	0.5854598707554302
88	74	0.5689913229012664
88	180	0.5533174327472201
88	184	0.5519977512946308
88	87	0.5359670859867006
88	182	0.5244438598728319
88	84	0.5199855866264164
88	60	0.5110131250326523
88	190	0.4749322369774649
88	76	0.46896288689291515
88	55	0.45894977034612505
88	50	0.44451207199276643
88	45	0.4324204503994076
88	97	0.43238792933475084
88	195	0.4218990052500079
88	68	0.419240327454986
88	91	0.41493668858092303
88	187	0.4134703584300067
88	75	0.39865604022354056
88	65	0.3960454949651726
88	161	0.3884387161292453
88	158	0.38639894158669164
88	4	0.3862202809619524
88	188	0.3818212502946809
88	172	0.37897311178018295
88	8	0.37153263338552944
88	61	0.36993690592675216
88	148	0.3469920629268562
88	94	0.3465785851658714
88	83	0.3446149310470502
90	92	0.7177021504614247
90	193	0.7399007361050617
90	194	0.7157618389641255
90	74	0.6851729399080929
90	93	0.6456425367659011
90	60	0.6434152835539569
90	80	0.6355663767962316
90	85	0.6256829141502498
90	160	0.5952641562314955
90	73	0.5946568956694872
90	180	0.5866154155400489
90	65	0.5595514886779879
90	185	0.553400687997065
90	87	0.5489659420679243
90	76	0.5489379959985035
90	84	0.5256317692673597
90	55	0.5251249850126055
90	81	0.5004002848642601
90	45	0.4994176658787272
90	182	0.48436377555866267
90	91	0.4811041702716659
90	184	0.46711987636488295
90	97	0.46158220478075795
90	187	0.4569820065624416
90	50	0.4523890457431969
90	68	0.4318837090070019
90	190	0.43165590805623927
90	61	0.41160327953061787
90	195	0.38375010289710526
90	158	0.3741844380728555
90	77	0.373418795752017
90	4	0.3731003451587349
90	75	0.3705323250607627
90	83	0.3702734845570704
90	188	0.3549097952571428
90	94	0.3507599000457191
149	154	0.8302995349373973
149	44	0.7994549170367877
149	136	0.789762431440011
149	49	0.7491785005774398
149	18	0.7065044753664861
149	155	0.6950914304684491
149	48	0.6864018325125217
149	153	0.6614010042333485
149	17	0.6578194750256469
149	157	0.6484793273578915
149	51	0.6382231787271467
149	144	0.597840650049759
149	135	0.5793873636971988
149	129	0.5645590124414451
149	119	0.550640459991587
149	46	0.5486025474401018
149	120	0.5427741497130298
149	14	0.5332245361419886
149	31	0.5332030656507157
149	143	0.5028773475240276
149	146	0.49750877024259244
149	39	0.4600384040176341
149	130	0.45769376433693093
149	7	0.44893846798742965
149	53	0.44162683175217077
149	122	0.43372036999775604
149	123	0.4297826032191754
149	33	0.4271864514006326
149	125	0.42432908705448547
149	21	0.4106809116566215
149	152	0.39185528422625976
149	47	0.3905763898258554
149	118	0.3865435503821119
149	127	0.38406557035791616
149	34	0.3782278161782602
149	70	0.37497535270340104
149	20	0.37278180663093835
149	26	0.36834763602828696
149	15	0.33953779331228934
149	145	0.334174320860457
149	27	0.3306519009556256
149	132	0.32952027632635345
154	48	0.7985509325940043
154	49	0.7850507171116585
154	155	0.7298423783479203
154	153	0.6881483598967943
154	17	0.7450608909610906
154	51	0.7107263006421031
154	18	0.7019173625832129
154	44	0.6931637807588733
154	136	0.6657440047331239
154	119	0.6463301245457529
154	46	0.645671693110384
154	14	0.6455142264853666
154	157	0.6234750774805952
154	120	0.6004432201278075
154	53	0.5239507122078899
154	152	0.5085633452009836
154	47	0.4900149420656608
154	129	0.4757217823811598
154	21	0.45680793222645605
154	144	0.4468760717998318
154	146	0.43830434642581817
154	125	0.43806194776980345
154	20	0.43023905398550905
154	118	0.4232789878987052
154	135	0.42021244639951094
154	7	0.4107806676826512
154	122	0.408342150109711
154	15	0.4047946740605724
154	123	0.4012433611263932
154	31	0.38196645699855125
154	179	0.34950520804989155
154	3	0.3442623862492525
154	89	0.3418801725448603
154	43	0.3383605926643455
134	127	0.7320916363071596
134	138	0.7219376243083896
134	32	0.7100179197505354
134	102	0.6275838555512014
134	140	0.6162770939101458
134	34	0.6077778819229483
134	2	0.6036309629674629
134	26	0.6007053374397846
134	24	0.5981233137620056
134	143	0.5902567447426849
134	181	0.5861364163850816
134	31	0.5668980401669516
134	1	0.5521715519272616
134	70	0.5312679092835053
134	136	0.500265344791505
134	123	0.49705714446999905
134	141	0.49656004489604055
134	30	0.49616816111923023
134	146	0.48260141434551934
134	100	0.48002749149430013
134	129	0.470708415671865
134	36	0.47045927940582394
134	113	0.4584918167315937
134	112	0.453080722751132
134	150	0.447476096917016
134	145	0.43850629661767515
134	104	0.43108616477223094
134	7	0.4259921402324676
134	79	0.42029478508925133
134	137	0.4130474577356754
134	130	0.4099407476596263
134	103	0.40112589400143284
134	12	0.38977101365574324
134	39	0.38786966082175517
134	33	0.3663753333984323
134	22	0.35167161332507973
134	176	0.34549586771877383
134	3	0.34236579605330775
95	197	0.827199184900554
95	99	0.6839667445766543
95	101	0.6193993730579468
95	81	0.5621493260837663
95	148	0.5068339225019606
95	38	0.46819025536056535
95	78	0.46413592591652963
95	142	0.44949721028390377
95	147	0.42740715410799346
95	182	0.408467130956798
95	190	0.3952357653044475
95	75	0.3910932111793025
95	188	0.3836477698821368
95	172	0.365327288667607
95	5	0.35057572330861636
95	156	0.32918149569408073
197	101	0.6874633601015435
197	99	0.6226124165400265
197	78	0.5161593295162207
197	81	0.4995827757740296
197	142	0.44757206358054347
197	148	0.4412403663026569
197	156	0.43688945632851345
197	38	0.43638766135704377
197	147	0.41181920793024723
197	106	0.38810751097951857
197	0	0.37940122031396933
197	176	0.3708083581767465
197	190	0.36651384833590955
197	182	0.36444309280135223
197	75	0.3592373753266399
197	11	0.35220605812645334
103	112	0.8266933294094176
103	108	0.8178534370723026
103	3	0.81142955989924
103	70	0.7195590536664136
103	12	0.6553333587223584
103	113	0.633888468947519
103	106	0.6330982034256442
103	176	0.611435031504518
103	102	0.5958578386755108
103	11	0.5337110163567971
103	1	0.5098003701956462
103	0	0.457907177391616
103	127	0.44847524395696475
103	32	0.4462596274386324
103	139	0.4283139521989863
103	24	0.404869924033365
103	100	0.39423118475281804
103	6	0.37190321846437707
103	7	0.3662454608948324
103	150	0.36443442095742734
103	36	0.3572848827793628
103	155	0.3338367135463777
103	26	0.33301010281310933
112	113	0.7842821206188729
112	70	0.7706798935046099
112	12	0.7578948227086355
112	108	0.8176546701055251
112	3	0.787949451160801
112	176	0.5957094790555407
112	102	0.5856964261137945
112	11	0.5693834178073004
112	106	0.5378318400899965
112	1	0.5198834330919544
112	32	0.4832761719789194
112	139	0.4776073905356951
112	127	0.4647555150998872
112	24	0.4233610679139973
112	0	0.4229998638739097
112	36	0.4135532592282981
112	150	0.39790721944492163
112	143	0.36148233679350833
112	26	0.3523549608612085
112	140	0.35086513171499034
112	7	0.350777439272526
112	157	0.34956665577411844
112	100	0.3483898490142066
112	138	0.3333656971361132
60	92	0.8259638138789109
60	74	0.7690098104979513
60	91	0.7140457603514729
60	65	0.6878007438567899
60	93	0.6743126146302899
60	76	0.665370792421675
60	61	0.6574789765516241
60	80	0.6527640996112758
60	193	0.6513212520592545
60	63	0.6398265405337399
60	45	0.6361858646940933
60	185	0.6127607431437335
60	169	0.6078976832359017
60	182	0.5755949766999293
60	194	0.5749192067431974
60	175	0.5518030376297794
60	195	0.5453577956756347
60	183	0.5406474389922838
60	160	0.5332603187676531
60	187	0.5302047976353296
60	55	0.5297733307040646
60	68	0.5239942393785426
60	81	0.5144921534094425
60	87	0.5110426790519786
60	97	0.5103256535203508
60	84	0.5057853755488579
60	73	0.5023018467274265
60	180	0.4982383284138635
60	62	0.4936991819753287
60	85	0.4924124593831375
60	86	0.49229882149500626
60	50	0.4804352617253582
60	69	0.474777334391828
60	196	0.46916568135233244
60	94	0.4467640225417619
60	165	0.4290567204024913
60	77	0.4108554782485583
60	172	0.40841714045551375
60	64	0.4063821196467804
60	174	0.4024759687471512
60	190	0.3967197995498208
60	158	0.39470404610290405
60	170	0.3914658473157258
60	184	0.38522435572330693
60	164	0.3799746311262137
60	189	0.3754049688622969
60	54	0.36614155261713416
60	82	0.3486358398752458
60	167	0.34480878926735237
60	188	0.3404840932282401
92	65	0.764227325410443
92	74	0.7489810048005326
92	93	0.6950914304684491
92	91	0.6762438074763658
92	80	0.6561029039932089
92	193	0.6401453662253901
92	45	0.6259931607785637
92	76	0.6025747603571582
92	180	0.5684026951450396
92	87	0.5656208624654461
92	97	0.5613827770680664
92	84	0.5599634915853544
92	194	0.5597094558355773
92	185	0.5569908946029146
92	61	0.5510305449116871
92	169	0.5287006678533644
92	73	0.5271859896079971
92	63	0.524523600722517
92	85	0.5176762162936251
92	55	0.5126441733159626
92	160	0.4989897123632188
92	68	0.4968462935554855
92	182	0.4911008164899514
92	187	0.4818185914773814
92	50	0.46949316789863316
92	81	0.46900188966887585
92	175	0.46200704745440574
92	86	0.44592320641847827
92	195	0.4426887668618178
92	64	0.440757054243093
92	94	0.42832211763559586
92	82	0.42523060520492945
92	184	0.408825324500556
92	69	0.3959358800865986
92	54	0.39211765167196294
92	189	0.39142350876253695
92	170	0.3903729827426292
92	183	0.38918568212413235
92	4	0.37587736038883895
92	190	0.37120504102013574
92	77	0.3632457812954611
92	158	0.35643841259961395
92	164	0.3450466659783251
92	83	0.34388329228821884
92	172	0.34124417117836936
92	196	0.3293419813008676
85	160	0.8243683191794298
85	193	0.7199494362116803
85	194	0.6071342649793189
85	185	0.6033830090400804
85	74	0.5654236089338853
85	93	0.5546828071172851
85	81	0.5424566438840996
85	80	0.5239797306257526
85	4	0.5153886535944177
85	182	0.5105105218625748
85	97	0.5064325282207468
85	190	0.5025784416654361
85	73	0.5019129448980212
85	195	0.49755391799626614
85	158	0.4493455864073616
85	184	0.4491141105724305
85	66	0.4469961090191352
85	61	0.4455305559327923
85	50	0.44484902085376066
85	76	0.4395153832633326
85	55	0.43015756104399366
85	87	0.4280199499015776
85	187	0.3902034477216425
85	38	0.3899151774565817
85	107	0.38640744851240005
85	8	0.3743822178294134
85	183	0.3731519917704574
85	163	0.35825280425643424
85	180	0.3543765160583096
85	161	0.3530817003207061
85	91	0.3497685342646905
85	75	0.349461314977408
85	162	0.3453725731911399
85	65	0.3433629576513479
85	68	0.3395200989103951
85	172	0.33208511435259463
160	193	0.7973885537559612
160	194	0.6886481622482099
160	185	0.6775008838178036
160	182	0.6084521916164383
160	74	0.5804956884496941
160	80	0.5766505467119164
160	195	0.5668844674808257
160	73	0.5456809036388593
160	93	0.5386131881205829
160	81	0.5320283004620754
160	190	0.508630064846151
160	158	0.4813807963086223
160	184	0.47753791734335516
160	183	0.47230266391935477
160	4	0.46964127415663076
160	187	0.4645359658882152
160	97	0.4614484141660354
160	76	0.45626966307832467
160	61	0.41938043785098056
160	55	0.4000512973842221
160	50	0.37285068727456705
160	87	0.3724373417953623
160	172	0.3702907423801985
160	174	0.3634974899987764
160	180	0.3590283296654097
160	161	0.3547786824225571
160	66	0.34789772332541913
160	75	0.3436628372697911
160	162	0.34346880551504916
160	45	0.34345116481027815
160	38	0.3422422001373763
160	91	0.3383251717005888
160	169	0.33211180567097776
160	188	0.3289407316244796
108	3	0.7758263165339067
108	12	0.6769541073798403
108	70	0.6133536958521972
108	106	0.6089683584322513
108	113	0.6059332438103012
108	11	0.5431267521031168
108	176	0.5182469545622955
108	102	0.448874589353203
108	1	0.41624379807255485
108	6	0.3805905084083995
108	0	0.3769674090391714
108	111	0.34640259631256354
108	127	0.34616497267856566
108	32	0.3406697347741067
108	7	0.33901570747354476
193	194	0.8195679320781608
193	158	0.5673118592471099
193	185	0.7820783538838978
193	195	0.7156594097216176
193	93	0.691053796818365
193	182	0.6855706389958477
193	74	0.670510483391253
193	190	0.660804284471232
193	80	0.6286736725690334
193	187	0.6256524871538455
193	81	0.6128044579676074
193	180	0.5872053980160457
193	183	0.5778773960252916
193	55	0.5609648758920183
193	73	0.5602448677339537
193	87	0.5468175142865318
193	76	0.5264779906187325
193	91	0.5210063038835624
193	97	0.5203721759936836
193	172	0.5198396484532726
193	169	0.5180201779072366
193	184	0.5171636226925288
193	61	0.49788491915432137
193	175	0.48608402929048716
193	50	0.4809811946020826
193	75	0.46435557916091663
193	4	0.4526355678497912
193	196	0.4514818859600766
193	68	0.44717213449137583
193	45	0.4389423579218774
193	188	0.4319894550093556
193	84	0.4164091325265753
193	65	0.4158716949038807
193	174	0.40268545093854524
193	83	0.3763753071779556
193	161	0.3537555236441609
193	77	0.35313421920680965
193	63	0.34622658307236814
193	191	0.34111163153276075
193	148	0.3284055472652939
194	185	0.783047340926663
194	182	0.7337393240029513
194	80	0.6720487553110368
194	184	0.6617552622616197
194	73	0.6598511802817223
194	195	0.6222203539491995
194	93	0.6190047562529088
194	187	0.6016951023849012
194	74	0.5904521892206809
194	190	0.5897221766061577
194	50	0.5782302984960733
194	81	0.5763834954692704
194	180	0.5662258227726944
194	188	0.5616635006838618
194	76	0.5462213953419004
194	84	0.5229778924066768
194	45	0.5216034616225805
194	87	0.5169731362188112
194	172	0.5133736268590923
194	75	0.49889958585495253
194	183	0.4742194415107292
194	158	0.4718596945040333
194	91	0.46679927738335003
194	55	0.4538750804368631
194	196	0.4535256518157601
194	148	0.45191966746685996
194	189	0.4500476265412413
194	164	0.4487867487399875
194	77	0.4403218547657522
194	68	0.43907959371308497
194	186	0.42957875959281855
194	175	0.42946458803466675
194	94	0.419190871958151
194	147	0.41786288764182306
194	162	0.41337086842261994
194	86	0.39795771842990924
194	161	0.3955732274115415
194	97	0.3884981525884955
194	174	0.3791957484770448
194	191	0.37183428137380253
194	61	0.3715067741922412
194	65	0.35359803935258444
194	169	0.33984740643619127
194	4	0.3313464437562001
194	163	0.32828064055178835
23	25	0.8140096230512005
23	22	0.6622776749760689
23	29	0.5311961300294866
23	27	0.5184005360652354
23	28	0.48603820461507563
23	26	0.40092449109207967
23	16	0.37845916735085583
23	21	0.3772676328661857
23	124	0.3605343933972969
23	20	0.3553554744577739
23	125	0.34090837773331906
23	33	0.3392723520559772
25	29	0.7066096385618241
25	27	0.6924461516720258
25	28	0.6233466921191874
25	22	0.6067426570689183
25	132	0.49575344855336256
25	133	0.46241595491393617
25	21	0.46206996908770054
25	130	0.452675323002164
25	26	0.44285759676182074
25	53	0.4407087089714917
25	125	0.438724353096722
25	131	0.40016888505202464
25	16	0.39032212501542063
25	157	0.36692064200258484
25	124	0.3586885536300255
25	51	0.3543765160583096
25	18	0.3541928747647732
25	20	0.353142972138132
25	129	0.35175048026556727
25	123	0.34297477420286154
25	117	0.330170853677404
115	116	0.8135705538363528
115	16	0.6095028655379607
115	15	0.7248407534655702
115	152	0.6306411815240942
115	43	0.5940424847412009
115	119	0.5824879059619994
115	14	0.5756150370662079
115	117	0.5534700589256941
115	120	0.5205252939466599
115	46	0.5118844606083486
115	17	0.4472681337893859
115	21	0.4423027520722132
115	118	0.438724353096722
115	75	0.43131410337433607
115	186	0.42688392425508
115	131	0.36825255697414094
115	28	0.36757813915082427
115	52	0.36243821989183206
115	122	0.3568573576857918
115	151	0.33905996014089473
116	15	0.7835883191236844
116	43	0.6996629750950489
116	152	0.5860838983944662
116	14	0.5717036247954992
116	16	0.547174919792489
116	119	0.5318418687469177
116	46	0.47803181915154247
116	120	0.47035025869666475
116	117	0.4673934612821648
116	186	0.4628010916448356
116	17	0.4532396519191988
116	75	0.4412806307612654
116	118	0.4020820281024332
116	151	0.37482065143614685
116	77	0.36549191907297923
116	21	0.3636016298047012
116	20	0.3538605020307939
116	148	0.34950520804989155
3	70	0.7582733472234804
3	12	0.6476673263093623
3	106	0.597557837589079
3	176	0.5735586008194522
3	11	0.5587816761728706
3	113	0.5464108107929124
3	1	0.48989335087661
3	0	0.4855186715190733
3	32	0.46118864304889395
3	102	0.4544941791172681
3	127	0.4225153110423769
3	24	0.4158882357809685
3	139	0.40050477721404815
3	7	0.38899050172033695
3	150	0.38826887986455133
3	36	0.38786966082175517
3	155	0.3501283240575392
3	100	0.3497334272946392
3	26	0.337855753450614
182	185	0.8064180065387196
182	187	0.7604368054976128
182	80	0.7283669012774029
182	81	0.6980001667877783
182	183	0.7417325636524864
182	195	0.6749065575691111
182	172	0.6705655212698883
182	175	0.6249338573655431
182	188	0.623285544417627
182	76	0.6070332330883074
182	190	0.5789620474636595
182	147	0.5652875343192477
182	93	0.5616566553042941
182	148	0.5613896255233962
182	74	0.5523036083209698
182	184	0.5419341860713046
182	73	0.5369428217353233
182	77	0.5155869071262938
182	174	0.5139772595805014
182	68	0.5092154529161893
182	38	0.5080071106519618
182	75	0.49665045088318405
182	61	0.4859618242165855
182	45	0.4793730870733085
182	196	0.4765955806132768
182	158	0.4704125580030638
182	169	0.46485742924229617
182	55	0.4599201411576781
182	142	0.4483474155927093
182	166	0.4349860557626751
182	99	0.4072917067734003
182	164	0.39173677480456665
182	180	0.3911186222641569
182	50	0.38594798047123235
182	87	0.3855904839970599
182	91	0.3800174112773945
182	97	0.3744080126783408
182	186	0.36972973233229983
182	63	0.33620703178479194
182	84	0.3287712794169045
185	195	0.766134009455205
185	80	0.7070099744264279
185	183	0.6893310433404901
185	74	0.6741053465810063
185	187	0.670207643109704
185	190	0.6640088165813719
185	81	0.6416891339598122
185	73	0.639401096777327
185	93	0.6315918543564375
185	184	0.6177200911884823
185	76	0.6134909127278708
185	75	0.5541910613799748
185	196	0.5538791911045835
185	97	0.5445915229625361
185	174	0.5414961283908664
185	61	0.5379384420258776
185	158	0.5367506369284147
185	172	0.5345543648524023
185	188	0.529787717355991
185	175	0.5203721759936836
185	55	0.49732062558972556
185	87	0.4874956445628042
185	169	0.4765260205310535
185	68	0.4720540086849033
185	50	0.47070063129934947
185	77	0.4685805629013387
185	45	0.4490821781381678
185	91	0.42824862618805415
185	99	0.41749964901319153
185	148	0.40677442586679474
185	186	0.38530099726354133
185	147	0.3817529112047355
185	166	0.3801371870516465
185	38	0.3743220275952727
185	84	0.37016130247669343
185	180	0.36583843465787685
185	63	0.35929834018905216
185	4	0.3487588172991968
185	83	0.345522286423101
185	65	0.33977664421324655
185	191	0.33816576550063215
185	162	0.33489367128235437
140	141	0.7998515271169433
140	137	0.7726620496208066
140	138	0.725229699024384
140	32	0.6422828663622874
140	146	0.6306532272061658
140	139	0.6177386435013407
140	127	0.6088110451012114
140	36	0.5875590883327729
140	34	0.5630105406730297
140	145	0.5585684326992765
140	70	0.5543296204739825
140	171	0.5443593526222956
140	167	0.5421460438224516
140	24	0.5347043408569422
140	181	0.5178006472688481
140	143	0.4983510837713767
140	26	0.4878310057253098
140	33	0.45118725603663395
140	176	0.44671599713996846
140	31	0.44173951998798044
140	136	0.4297499911819906
140	102	0.4166157618702712
140	39	0.3961888204682166
140	1	0.36995416873273956
140	79	0.36893522637315174
140	165	0.36097801941329244
140	123	0.358941216672247
140	113	0.3554865258443328
140	153	0.34974220412924173
140	71	0.34845135123015114
140	62	0.34122650000945537
140	166	0.3408907019832454
141	137	0.7151614581618512
141	36	0.6470689845232741
141	167	0.6343368947311906
141	166	0.5972362792256475
141	145	0.575340818760527
141	181	0.5719862819939644
141	138	0.5514621439152759
141	32	0.5486305082363102
141	142	0.525291540955777
141	139	0.5153299012092583
141	34	0.4864047271723773
141	171	0.4758300915969521
141	24	0.46405746449088714
141	39	0.4522140526164417
141	143	0.44944135186836454
141	146	0.43978159729716393
141	26	0.40178018560855
141	165	0.39600333673208293
141	127	0.3899066977619745
141	62	0.38376715748337964
141	33	0.3723512095451192
141	79	0.37009226198353934
141	174	0.36986785214840556
141	31	0.3647985839685145
141	70	0.36007319738953397
141	156	0.3567089977063864
141	176	0.35369428213568
141	183	0.32847691737379653
44	18	0.7255045276840195
44	136	0.748009147042789
44	49	0.6943360664977046
44	17	0.6928207380485181
44	31	0.6585959395276492
44	48	0.6444221171735756
44	155	0.6034211633953973
44	33	0.5894024926549672
44	39	0.5772242898064983
44	153	0.5746982404198631
44	46	0.5633178214102471
44	34	0.560635834482718
44	120	0.5287583034637876
44	51	0.522738107971797
44	14	0.5172441977050628
44	146	0.5101629303537597
44	129	0.4999578905674001
44	119	0.49927504176788173
44	144	0.489680520426855
44	123	0.4860229291293151
44	143	0.4732499724376913
44	152	0.45361302204984294
44	135	0.4527548279081026
44	26	0.4225728129984364
44	42	0.4214467996876601
44	157	0.40735843367632024
44	15	0.40666593063646495
44	47	0.4009160984629074
44	21	0.3861351942865587
44	7	0.38114621891853345
44	130	0.37428763175950003
44	67	0.37334994902323243
44	125	0.37227368503544994
44	78	0.3712740155170957
44	145	0.3650846337801784
44	122	0.36129976352758075
44	52	0.3442271264273495
44	127	0.33474272883144546
44	118	0.33437862048472
48	17	0.7685599438298344
48	49	0.6869778505718739
48	119	0.6782305559430648
48	46	0.6673611114410217
48	18	0.6561769364456322
48	51	0.6551621636138509
48	155	0.6363941619460165
48	14	0.6241592317421124
48	136	0.5866613254195706
48	120	0.5585821925716781
48	153	0.5265719509076612
48	152	0.5034598681266992
48	21	0.47614719986123677
48	125	0.4440866950379824
48	144	0.44337193228941746
48	15	0.43059753961601394
48	118	0.42142212789788097
48	20	0.40741681614889935
48	129	0.4070581283714654
48	47	0.4028530063274082
48	7	0.40206526136674986
48	157	0.39265065349257666
48	53	0.38798859236045724
48	31	0.38779319801141804
48	135	0.37889603500723945
48	146	0.37885321230627483
48	117	0.3742532348937971
48	33	0.3682698446478996
48	122	0.36427831695946483
48	43	0.36032557174405044
48	123	0.33524876218791144
136	31	0.683492807553756
136	18	0.631922339971732
136	146	0.6257072543767039
136	34	0.6109464037498386
136	143	0.6005455251687
136	17	0.596991766391106
136	123	0.5915649008838652
136	138	0.5889520122774808
136	49	0.5850390816321581
136	144	0.5769174747867829
136	155	0.5665857905211226
136	127	0.5593728681414976
136	26	0.5395141390594984
136	153	0.5205690357855852
136	129	0.5195914839093091
136	120	0.507316790950536
136	130	0.4833681399419586
136	33	0.48224079751481264
136	135	0.47940389454029675
136	39	0.478332642429235
136	7	0.45828644808862506
136	51	0.4550176891331242
136	145	0.45353359492456724
136	32	0.4515057705597651
136	14	0.44081345382824433
136	46	0.4262785832566653
136	70	0.42511591332727366
136	119	0.4229834423126823
136	157	0.4131138068869187
136	24	0.4030707879700398
136	137	0.3838097928036841
136	181	0.379606654735294
136	102	0.35260893023740314
136	150	0.33751908591754803
136	2	0.33204952510079416
183	195	0.7865425539436056
183	166	0.7323745754382591
183	175	0.7160153407836127
183	174	0.7070099744264279
183	196	0.6967056471860197
183	187	0.6847429655562695
183	169	0.6549623509148287
183	81	0.6146930915874014
183	167	0.6125358648088682
183	61	0.6083955077787984
183	172	0.5771242593283566
183	165	0.5557273451936275
183	190	0.5099705740595327
183	80	0.49225336164004974
183	63	0.4907440887828823
183	76	0.48834139284015854
183	93	0.4874194060468106
183	142	0.4833987935589145
183	55	0.4817110851079972
183	74	0.4731180359655341
183	158	0.46055856668764245
183	68	0.4295053651673973
183	69	0.4281751290752241
183	147	0.4086837281457422
183	38	0.39537076295672335
183	188	0.38558197076444745
183	97	0.37365972690745264
183	77	0.3524250265645437
183	62	0.34488808642722213
195	196	0.7775324165425952
195	174	0.6862113985548736
195	93	0.6698825297783795
195	175	0.6697943191412022
195	169	0.6322585984700947
195	61	0.5905303476279189
195	81	0.5895003747056922
195	187	0.5890565041144382
195	172	0.5803696998518196
195	166	0.5696942055458046
195	190	0.5670880254567212
195	158	0.5129389912261917
195	167	0.49893713987829863
195	74	0.49652237255465237
195	55	0.49059223983324707
195	80	0.47822466749558346
195	68	0.4666350206127536
195	76	0.4570373865120137
195	63	0.45473217717185344
195	91	0.4326887062527404
195	165	0.42450126012320055
195	97	0.41554081958750494
195	50	0.3905594406917848
195	188	0.37509566147470075
195	69	0.371325743701038
195	73	0.369272093737509
195	99	0.36512796864960645
195	66	0.34203912399209263
195	184	0.3383163163098471
195	94	0.3352665142342311
49	53	0.6572347873304655
49	51	0.7078891205012715
49	18	0.69965787034212
49	17	0.6538474309565013
49	155	0.6149481097876556
49	153	0.6033575712683691
49	157	0.5955094517557843
49	14	0.5662665846868761
49	46	0.5328451230070965
49	119	0.48681686052031675
49	144	0.4866337168834195
49	120	0.4657506101556827
49	20	0.4529138161226076
49	27	0.45153761568618367
49	33	0.44031379356361505
49	135	0.4361447598218563
49	47	0.43133038259678935
49	146	0.4312489836759731
49	31	0.4035731867723144
49	123	0.38458546961041157
49	125	0.3781249782649264
49	7	0.3769245134520692
49	42	0.37620362593129886
49	15	0.3748550312998476
49	152	0.3676646246026817
49	21	0.3579825612245855
49	43	0.3530029178192586
49	39	0.34524045867996833
49	122	0.3365085653475582
49	150	0.33578121998099775
49	129	0.3351067372481415
113	12	0.7273465149050943
113	102	0.615644089627119
113	70	0.5767973723951182
113	111	0.5313468576544281
113	105	0.4973432054186972
113	1	0.4622429795930652
113	176	0.4345319043888972
113	139	0.4323228838306131
113	32	0.39691358294667883
113	127	0.3870792878198521
113	36	0.38523287171245857
113	106	0.37349624340523907
113	6	0.3729109544670719
113	150	0.35464755563241734
113	11	0.3377140092311899
113	24	0.33232531706820917
15	14	0.6608718796345616
15	151	0.383426016026484
15	43	0.6649191509241498
15	120	0.6122483759098171
15	17	0.6090123975825779
15	119	0.5963606685538891
15	46	0.5939842414100778
15	152	0.5907712663232548
15	16	0.590354475635297
15	118	0.525204647223209
15	18	0.4809811946020826
15	117	0.4686429951413284
15	21	0.43425606175811915
15	186	0.41385164532457375
15	20	0.39609608264096574
15	122	0.3836818819341846
15	28	0.3783220760652894
15	155	0.37690735476449766
15	51	0.36843406484631697
15	75	0.3639747228066656
15	52	0.36222972851135354
15	131	0.3583399666263516
15	125	0.34522284237781964
31	34	0.7791485730680021
31	39	0.6466851615201142
31	26	0.6352742186970043
31	143	0.6225756739407605
31	138	0.6156813471921246
31	32	0.6059079294005993
31	181	0.5864973442503201
31	33	0.5816680364819138
31	24	0.5666672626464553
31	127	0.5617456392408
31	30	0.553019010641081
31	123	0.546137192760642
31	145	0.5448165781580432
31	144	0.5168339021767161
31	130	0.5144186198440355
31	79	0.511094395678449
31	42	0.5101333403985678
31	146	0.4996653171132277
31	7	0.4983360506975977
31	135	0.4898325481334096
31	18	0.47830950616074147
31	41	0.46579759342482535
31	129	0.4631703444193693
31	36	0.4504143808707602
31	155	0.4335092556691524
31	17	0.42694934363003917
31	22	0.42675307210037355
31	70	0.4213316593315328
31	2	0.40528787956203044
31	78	0.387121795478372
31	27	0.38092396773334075
31	100	0.3675089462113374
31	120	0.3674397492030872
31	51	0.34430645966104556
31	46	0.3408995398884105
31	137	0.3396793398753223
31	176	0.3336678777600775
34	26	0.7259352584868012
34	138	0.7248787197344985
34	33	0.6601841624967775
34	123	0.6284014493385601
34	32	0.6966696233423348
34	39	0.6533376240741802
34	22	0.6126420697170465
34	24	0.5935957933849145
34	145	0.5901915811990514
34	127	0.5772509616754283
34	143	0.5678067090189639
34	30	0.5648314601503793
34	146	0.5522619092957343
34	79	0.5495734654244376
34	181	0.5492732678286438
34	42	0.53047073211614
34	36	0.5234789924484211
34	41	0.5199345117181456
34	137	0.47199183313598786
34	144	0.436444329232541
34	2	0.4357802883265924
34	130	0.43524547152631715
34	18	0.41176938240276173
34	70	0.4116780292079921
34	129	0.3979493020998727
34	100	0.39762943193014283
34	1	0.3865180325636974
34	27	0.38409966957955116
34	7	0.383588071271801
34	102	0.3622471041779472
34	62	0.361125858467353
34	155	0.3525826599512474
34	150	0.35246881562292176
34	67	0.34119115694804697
34	135	0.3325565826503371
34	17	0.3285482837314484
84	86	0.7790699753209684
84	189	0.6944551638842289
84	94	0.6861002686197318
84	180	0.6420536946079656
84	91	0.6284619566979142
84	73	0.6274383603984766
84	68	0.6123858908088414
84	45	0.6113285754156941
84	184	0.5811119685892071
84	76	0.5628534259304804
84	50	0.5448728296978748
84	82	0.524907677660034
84	65	0.5138300789776404
84	80	0.5046011761804634
84	93	0.5041761887282553
84	74	0.48351373406469517
84	188	0.4460033180952434
84	172	0.43909573775351995
84	87	0.4229341759619586
84	77	0.3974020970035886
84	89	0.39144044438269043
84	164	0.3845939905178068
84	40	0.3794697026123639
84	187	0.37940122031396933
84	75	0.37628946978471955
84	186	0.3737887764346662
86	94	0.7474315495561661
86	189	0.7272570187992035
86	91	0.7133588800376947
86	68	0.5789221579011791
86	180	0.519408954030407
86	50	0.5031686649810527
86	93	0.5030267553699407
86	45	0.5030118159379764
86	40	0.4857784809713325
86	82	0.48455510032021243
86	67	0.46621249823633387
86	65	0.4487947346086893
86	172	0.44641978361123386
86	76	0.4415785325279262
86	175	0.43153384917748316
86	73	0.4193309894038763
86	62	0.40913343676577735
86	69	0.40894191848604045
86	184	0.40131886873832945
86	53	0.3888547034472862
86	63	0.3873173095113006
86	150	0.3768901958182348
86	89	0.3719721514530058
86	196	0.3712567722769507
86	66	0.36537061467477006
86	164	0.3621341578450839
86	169	0.35722381692633154
86	74	0.3491101151881088
196	175	0.7159178624193591
196	174	0.6982564751983448
196	165	0.6394542986769911
196	169	0.6030776747381229
196	167	0.5769241464105658
196	166	0.5434439305600773
196	171	0.5215452248062769
196	172	0.4883185468249446
196	93	0.480696740869349
196	61	0.45980974776537303
196	187	0.452889969726349
196	91	0.4466039278573549
196	63	0.44165098040446715
196	68	0.42396004143919513
196	94	0.4088336530850468
196	69	0.40528787956203044
196	76	0.40134403673027813
196	173	0.3942227389017925
196	62	0.3869517549722689
196	81	0.37934985586192543
196	170	0.3763753071779556
196	147	0.3560105916004217
196	50	0.35418412925972287
196	66	0.35295914759974384
196	67	0.3525038457583824
196	158	0.34261295233912226
196	190	0.33100812155077813
196	188	0.33089236019904633
73	184	0.7773741900040386
73	80	0.7062389247006694
73	76	0.6453391991808113
73	74	0.6444630457366823
73	75	0.5834055462927772
73	93	0.5186491209416658
73	188	0.49044036108232175
73	45	0.4894980478684773
73	68	0.48699233301913136
73	187	0.4839273818353685
73	81	0.44698810703858166
73	186	0.44137725821261253
73	77	0.4386193693871952
73	65	0.432534265266012
73	161	0.41275712864645797
73	94	0.403882878127105
73	50	0.4028781373073367
73	180	0.3998916930523604
73	172	0.39790721944492163
73	91	0.38299944203713226
73	87	0.3771132419394728
73	97	0.37614353139062373
73	190	0.37328970476178797
73	58	0.37258375189658594
73	55	0.331132776480598
184	80	0.6143445663058608
184	188	0.603929624153793
184	75	0.5800977350378899
184	186	0.5552779242892825
184	76	0.5175005117466429
184	50	0.5073539214923387
184	180	0.4750638810404027
184	74	0.46999973774453085
184	94	0.46895508611822556
184	45	0.4673074870935378
184	148	0.46044037565244733
184	68	0.43823971301563536
184	187	0.42994564658515505
184	161	0.42102729443299935
184	172	0.4133128280265003
184	81	0.4131718587968598
184	93	0.40669931500623013
184	77	0.4007314435970042
184	189	0.3951429445134707
184	190	0.38726630920805866
184	87	0.38041091237537406
184	162	0.37850200497313796
184	91	0.3653966095192476
184	99	0.35372052886781613
184	40	0.35306419353082397
184	58	0.34761642252285646
184	164	0.3297163737124632
70	176	0.7768196217002344
70	0	0.5463687232995882
70	139	0.697877075185712
70	32	0.6626143741114097
70	36	0.651090879802356
70	24	0.6296705071684937
70	127	0.6280200780872043
70	11	0.595289982039927
70	12	0.5662733780699579
70	1	0.545505321601725
70	102	0.5400314501075119
70	181	0.537490598303812
70	143	0.5372772327485985
70	26	0.5269404401273726
70	7	0.48809766750281053
70	138	0.47006206342067536
70	106	0.44238318534191023
70	71	0.40733341159734376
70	153	0.4001184919503339
70	145	0.39932027884685145
70	100	0.39199070764427885
70	39	0.3904407893396431
70	79	0.3842445795814259
70	156	0.3704891889718287
70	150	0.36767327279812323
70	155	0.3525563891093389
70	146	0.3464817943149684
70	129	0.34563676114593833
70	2	0.34159754389122615
176	139	0.7664642379289894
176	156	0.6213063729377833
176	36	0.6000338033703185
176	11	0.5656004599280507
176	0	0.539755129172114
176	71	0.5270198922367153
176	181	0.5037136442512514
176	106	0.4683932380970553
176	32	0.4562775812221418
176	102	0.4457629616304454
176	127	0.44308265445047457
176	177	0.4123920244790956
176	143	0.41181920793024723
176	142	0.4099573864948735
176	100	0.40163761851619884
176	24	0.39402001850189494
176	1	0.39129648315985033
176	12	0.3780307019789133
176	39	0.37364251921068864
176	145	0.34174769806015076
176	26	0.3409790783232136
176	7	0.3399712310676225
176	52	0.3371646057322658
71	177	0.775627192544398
71	139	0.6912627169171729
71	156	0.4052460916285241
71	97	0.3892875015090255
71	36	0.37157573076000594
71	191	0.3307142463649274
177	139	0.601784409681838
177	97	0.5853809968057365
177	191	0.49012131871722237
177	87	0.42340210531558997
177	170	0.3386350726187538
177	156	0.3338011709498322
177	38	0.33246763908082305
76	80	0.7737879921535749
76	68	0.7472593744054268
76	77	0.7421236657122805
76	187	0.685427514423669
76	74	0.6761678230793061
76	61	0.6445332003968169
76	45	0.6379089567460883
76	75	0.6056737129382478
76	188	0.590308870039212
76	81	0.586746576620928
76	63	0.5829304074545054
76	93	0.5791082854831936
76	172	0.5709559486223926
76	69	0.4879148235272741
76	91	0.4849758516404422
76	55	0.4812578632366209
76	186	0.4610232929797744
76	65	0.4545417839215135
76	169	0.44302639526235077
76	97	0.43706744729056834
76	38	0.4312164221417422
76	148	0.42156192645743923
76	175	0.4127737211405374
76	50	0.3982859030430598
76	87	0.39509231158989283
76	94	0.39221919614305967
76	166	0.3893553758143648
76	190	0.3866966448635338
76	180	0.37682155744642726
76	158	0.3620733361837707
76	62	0.35443772374981053
76	147	0.3324142701001417
80	45	0.6713847115794117
80	74	0.6806424262469918
80	81	0.6708735970038466
80	187	0.6525517056818134
80	77	0.6201199734794682
80	93	0.5929996354750794
80	188	0.5902762923057953
80	68	0.5795268518828185
80	75	0.5738873133709466
80	97	0.5396417330760167
80	87	0.5312248426462477
80	172	0.5175371204603781
80	190	0.49949272032962594
80	61	0.49695925669992735
80	55	0.4895360665209994
80	38	0.48021986180638526
80	65	0.4742349436821243
80	148	0.4572035050996061
80	180	0.4561112850289057
80	91	0.4477399804376068
80	50	0.42427168921187747
80	186	0.40000089863699
80	158	0.3872748094231973
80	175	0.3805391981848755
80	63	0.37689877532370225
80	169	0.3638879674091618
80	147	0.36210809179635783
80	164	0.36148233679350833
80	83	0.34047525249231636
80	58	0.3358788139828324
80	99	0.3352842660424856
80	191	0.3350445965473538
137	171	0.7419394161502971
137	146	0.7040972690822946
137	167	0.7089998965715332
137	165	0.6160599761971434
137	138	0.5365797592183011
137	62	0.535246829662025
137	166	0.47915740172454546
137	145	0.47770001216849795
137	32	0.4518162114696084
137	67	0.4460513816714098
137	33	0.42926883342147365
137	36	0.4270638167830142
137	139	0.4066075053759308
137	153	0.3650152946983415
137	169	0.3620733361837707
137	175	0.35969018392387286
137	123	0.35658680538825704
137	63	0.3550408941325028
137	47	0.3537905174301521
137	79	0.3531867358674143
137	168	0.3459977294165426
137	181	0.3390334087205242
51	155	0.7709639769532516
51	53	0.650992935249002
51	18	0.6354113767874195
51	157	0.6149356728582505
51	17	0.5783101709201596
51	153	0.5435003016047438
51	20	0.5361024926598228
51	144	0.50657378458498
51	27	0.4973356788839046
51	125	0.4860229291293151
51	119	0.48256305862628157
51	46	0.4823559057594473
51	21	0.4751567934603082
51	135	0.47234150951166126
51	14	0.46799503304313933
51	7	0.43290813134340356
51	120	0.42908119739734374
51	47	0.4205911470607733
51	130	0.4165083199819136
51	89	0.40840047641061067
51	124	0.4070748143092227
51	122	0.39767152563496616
51	118	0.39410448999576947
51	150	0.389262047554531
51	123	0.3799746311262137
51	33	0.3752932841682015
51	146	0.3746659292928019
51	29	0.3704891889718287
51	129	0.36943617346637175
51	132	0.3379000453768559
51	152	0.3352221336720807
51	39	0.3350268415260152
155	17	0.6150413770071212
155	18	0.6094651537834667
155	157	0.5973970824196162
155	153	0.5523036083209698
155	46	0.5438877198388049
155	21	0.5394361527372804
155	130	0.5372132096671732
155	129	0.5369001188152617
155	144	0.5355464368407766
155	125	0.5321716743818685
155	119	0.5293847758672372
155	120	0.5224691603640039
155	14	0.49906480954239196
155	135	0.49459105010909865
155	123	0.48353672016533444
155	53	0.4735448124971041
155	7	0.47027237797038784
155	118	0.47024901232403293
155	122	0.46059008153931424
155	27	0.452889969726349
155	132	0.43396390429490905
155	152	0.42326257106176124
155	143	0.4117942954742725
155	39	0.41108818684906606
155	20	0.4054132332006457
155	131	0.4044350707426711
155	146	0.4005971286966596
155	47	0.3914658473157258
155	33	0.38430424290377113
155	26	0.3684599922499288
155	52	0.36797591956703474
155	29	0.3583399666263516
155	117	0.35804358908921213
155	89	0.35608045012733625
155	127	0.3525213604556746
155	133	0.34468542834729005
155	16	0.32834309534397016
74	93	0.6061420408704207
74	65	0.6057370250387348
74	97	0.6013441066123815
74	61	0.595541719219622
74	55	0.5572460536294385
74	187	0.557073660407741
74	91	0.5538861232446043
74	63	0.5227163052837763
74	87	0.5039524129770311
74	81	0.4999428895752516
74	45	0.4951951147227919
74	190	0.47979658616673276
74	68	0.47939619278431567
74	169	0.46257317466858355
74	158	0.4348238842301079
74	50	0.42041004762741185
74	180	0.4160370912916158
74	77	0.4048030354394442
74	75	0.4038577714642853
74	69	0.4033890021120059
74	175	0.39472093014393755
74	4	0.3888886545999698
74	83	0.36253376632122597
74	172	0.36159534444996067
74	188	0.3606213917555346
74	64	0.3512859697636057
74	94	0.32851260102151747
17	119	0.744000187517196
17	14	0.7370500796919405
17	120	0.7263512484758635
17	46	0.6922639261015164
17	18	0.7102608137574181
17	152	0.5859657149084361
17	21	0.5367933494780295
17	118	0.508630064846151
17	117	0.47779262318302446
17	125	0.47070063129934947
17	129	0.46719805261496483
17	20	0.44374946161518175
17	123	0.4399509660035763
17	16	0.43849014223144483
17	43	0.42541080770907325
17	153	0.4177390712909433
17	132	0.38253855859135916
17	131	0.36913390347459313
17	122	0.3637231147594821
17	26	0.36200382193844066
17	157	0.3573459455779637
17	144	0.3553554744577739
17	53	0.353221745737979
17	7	0.3519081991658121
17	28	0.3489608255677287
17	135	0.33905110972745256
17	29	0.3382631827071459
17	52	0.33194275167327314
139	36	0.6545453038365263
139	156	0.5165186925758588
139	142	0.4200889253896937
139	181	0.3955141792490641
139	32	0.3850540221630994
139	143	0.364937283390656
139	127	0.35632492362597223
65	91	0.6187826468470384
65	45	0.5558793833689019
65	169	0.5266080860552692
65	93	0.470661708337544
65	180	0.4622980210119467
65	64	0.4513624532567196
65	170	0.45090049464951554
65	63	0.44522593341535427
65	97	0.4411437243533438
65	82	0.4057056657327194
65	87	0.4021826228533907
65	189	0.37929848907161645
65	175	0.37759350040418904
65	68	0.3672407851448535
65	4	0.362168911695712
65	94	0.35779945928031304
65	50	0.3558097261711194
65	54	0.34848649400654347
65	61	0.34428883047841424
65	69	0.34414778827794396
65	55	0.337324133654008
65	165	0.33605623914625954
127	138	0.763477572982676
127	143	0.7331895085319664
127	24	0.7092087084208695
127	26	0.7171003346907323
127	32	0.6339064141685237
127	129	0.6263032093736052
127	130	0.5948313911063567
127	181	0.5745039886904189
127	123	0.5610196989042396
127	102	0.5409021615286645
127	1	0.49886202995799117
127	2	0.4988319838914509
127	7	0.48574027908011014
127	144	0.46705733010599987
127	39	0.43131410337433607
127	150	0.4255500319986503
127	146	0.42323794528519537
127	145	0.4065991586386269
127	36	0.3987653740936728
127	100	0.38293117503138785
127	135	0.3782106771742322
127	0	0.34415660387060326
138	32	0.7212810109815405
138	24	0.6868299649281826
138	26	0.6291693278604893
138	146	0.6281290721056227
138	123	0.602103241483397
138	145	0.5664839347840875
138	143	0.5586165909076416
138	181	0.5318346972665107
138	2	0.49762915826227494
138	150	0.48948283988637104
138	102	0.47861022585539376
138	33	0.47023343486020097
138	79	0.46022759064609303
138	130	0.4499678772390243
138	1	0.44671599713996846
138	36	0.41981712437269064
138	7	0.4188775960458274
138	30	0.4093582165841301
138	144	0.40902519173110136
138	39	0.38511364189402597
138	100	0.3734101901358525
138	22	0.3722219991428283
138	41	0.361464950057407
138	167	0.35189943752878594
138	129	0.34708001952536544
187	188	0.6958865245098624
187	172	0.6911112613614026
187	77	0.624439946741896
187	175	0.5988485640783403
187	68	0.5799185655927734
187	81	0.5716632341121339
187	61	0.5573012093173549
187	75	0.5515178126195288
187	148	0.5508703605853548
187	169	0.5218436371161721
187	93	0.5215597844659743
187	147	0.5071385381289338
187	166	0.5015238400129809
187	45	0.4831918586415548
187	186	0.46868201291418105
187	55	0.46313106984825864
187	190	0.4405394803869665
187	180	0.4242224883474405
187	38	0.4235334133242498
187	63	0.4206487625804897
187	167	0.41091366041947036
187	158	0.3898473380482461
187	97	0.36249033707061973
187	165	0.3492945073138049
187	69	0.34465899231527
187	91	0.3379177617283131
187	142	0.33389891080622325
12	111	0.5860904634126298
12	1	0.6156254598123971
12	102	0.5821508448627776
12	6	0.5515665187062555
12	106	0.4500556010766903
12	2	0.43637956566362524
12	105	0.4223920811115309
12	32	0.3898812582814002
12	150	0.3783477819457315
12	11	0.3761006047811414
12	157	0.36034297492827894
12	8	0.3431247680676418
132	133	0.7574689046117763
132	28	0.7560245180269185
132	131	0.7305192901660805
132	125	0.6298153288926973
132	129	0.6239455362291279
132	21	0.6175902057448155
132	29	0.566653684728305
132	130	0.5363304836571036
132	118	0.5346186444065376
132	117	0.4765646657578364
132	120	0.44199704075979174
132	119	0.4253452834276593
132	52	0.41526776463081355
132	27	0.40949139599618206
132	122	0.40800879300260934
132	16	0.36687737274667814
132	123	0.3604995922973886
132	135	0.3578866541148898
132	18	0.34622658307236814
133	129	0.6568824574970084
133	29	0.5942948005480139
133	28	0.5684839198095898
133	125	0.5489030616858666
133	21	0.5131452917968687
133	131	0.5123861084400433
133	118	0.46754194133158994
133	117	0.42810979355265255
133	120	0.40466088279293894
133	130	0.3737457615332472
133	123	0.3684427073778732
133	122	0.3409967528680412
133	119	0.3377140092311899
133	104	0.33550614355508956
28	131	0.7286719199040198
28	21	0.6390640092040193
28	29	0.6270804985122969
28	125	0.5548004916061589
28	27	0.5150654555275952
28	118	0.4752032456972244
28	16	0.4740644036241416
28	130	0.4728463352219303
28	117	0.46581325393097
28	129	0.4389181377147538
28	52	0.40906682579922393
28	26	0.3854287213519768
28	122	0.3671888759487817
28	22	0.36043868795749207
28	119	0.3553205250615432
28	135	0.3463409944520423
28	4	0.3430277152116078
28	124	0.33171138006743456
38	142	0.700636673690411
38	81	0.5753207489258552
38	77	0.5217199206749273
38	148	0.5128358187151179
38	78	0.4611099089144753
38	61	0.4578439493941951
38	147	0.4231065972490132
38	188	0.4116281967051391
38	68	0.3925068535662959
38	166	0.360116713970666
38	75	0.3584619834498283
38	156	0.3547349750429463
38	97	0.35275778469330316
38	45	0.3507599000457191
38	172	0.3433805995677802
38	190	0.3284055472652939
148	188	0.7526153447458281
148	147	0.6478994769681949
148	186	0.6544995758065205
148	77	0.6202738124312344
148	43	0.5876507491967901
148	75	0.551218535579612
148	172	0.5464809504827549
148	78	0.48019677980732933
148	81	0.4783789129742079
148	68	0.4320057225710203
148	142	0.40573072751506434
148	99	0.4001016937120624
148	45	0.37781640853391196
148	164	0.37396081996090674
148	180	0.3582876699539159
148	161	0.3416240429531981
148	189	0.3327077731416709
188	186	0.6689111725402245
188	77	0.6456775241533816
188	75	0.6179488549915124
188	172	0.6083451169338115
188	147	0.5848285688613721
188	68	0.5519143099499912
188	45	0.5294999263942777
188	164	0.47904953734367584
188	180	0.4744364451489639
188	189	0.45950214837207515
188	81	0.45925756762999426
188	43	0.45591327183010005
188	50	0.42600032550456335
188	175	0.3786904712475185
188	94	0.3778678426535776
188	99	0.3727473647683989
188	161	0.36499795929509726
188	93	0.35845326836852415
188	78	0.34367165619802614
188	190	0.33335680843336196
62	63	0.7524418644723728
62	67	0.69592262468744
62	69	0.6359238736539543
62	167	0.6028994814036366
62	61	0.5730954065146139
62	171	0.5561211856534124
62	169	0.5022420288954437
62	166	0.4813270154194479
62	165	0.4749322369774649
62	79	0.4316965908370092
62	91	0.4297744503149961
62	93	0.42249066630564286
62	175	0.41834974801341906
62	68	0.4178793953160046
62	64	0.4091667406139676
62	66	0.39692200750931694
62	42	0.3839632664069163
62	146	0.3834516052668359
62	36	0.38069312182525306
62	32	0.37500972792718285
62	30	0.35529431236239967
62	33	0.3417565301150758
62	54	0.33904225925399534
63	61	0.7171003346907323
63	167	0.6389870951795864
63	69	0.6219383660157981
63	169	0.5962382274306687
63	93	0.578882265567448
63	166	0.5255304422374837
63	68	0.5216180200672803
63	67	0.5013965886124302
63	81	0.4911842821793919
63	55	0.48980214497473606
63	91	0.4875490071014939
63	175	0.472403658642951
63	64	0.4667836352686248
63	165	0.44706812362488535
63	54	0.4175079059191495
63	172	0.39904286300633973
63	171	0.3900169286337006
63	66	0.38226535259651867
63	77	0.3749495706088334
63	45	0.3578430574776531
63	97	0.3467017628481648
63	159	0.3406874135362883
32	36	0.7018006619813055
32	79	0.6589808180464519
32	24	0.7071999753914066
32	181	0.6263153641071513
32	26	0.5984250857019947
32	30	0.5880630364613552
32	1	0.566653684728305
32	143	0.5216689722316473
32	145	0.5202263182558764
32	102	0.5125188390825869
32	146	0.506254060269853
32	2	0.4944324038982196
32	39	0.4522697360252365
32	7	0.4474441057387142
32	150	0.4374556723964147
32	0	0.42347596825990447
32	42	0.4128981561133514
32	100	0.39538763646249125
32	41	0.3727215326974798
32	33	0.3569446198541129
32	22	0.32955593251185666
32	123	0.32899423844808573
39	143	0.7496300455028767
39	145	0.6628330850357063
39	41	0.6568483458263858
39	181	0.6158055191961357
39	36	0.6065657052741
39	26	0.5715959101490184
39	33	0.5585821925716781
39	24	0.5364373275026056
39	130	0.513020044947588
39	156	0.48955127346090205
39	144	0.4620935635009355
39	79	0.4486110414947897
39	78	0.4387485784061278
39	27	0.4166405544996027
39	30	0.4086504084966581
39	129	0.407800389543132
39	142	0.38587989483666685
39	22	0.3787932577993489
39	131	0.3746143506068916
39	42	0.3635408826888217
39	18	0.36264667500414854
39	135	0.35852298726944976
39	40	0.3503652024008793
39	123	0.3432394574522959
39	0	0.34263060454546024
39	100	0.34147387442118693
143	181	0.6592183648843918
143	24	0.6869620084023973
143	26	0.6350892900172088
143	130	0.6110278740626872
143	129	0.6057750086175956
143	145	0.557170206528611
143	36	0.4863360172249622
143	144	0.46042461561410886
143	123	0.4359746909204969
143	102	0.42712922386794644
143	131	0.3943831986831569
143	41	0.3621949764228913
143	146	0.35608918216337315
143	2	0.3520834189550917
143	1	0.3488817827146851
143	100	0.34886421696208614
143	7	0.34793288152310636
143	79	0.3432306355552675
143	156	0.33835173751329006
143	135	0.3297163737124632
143	0	0.32845907519828904
94	50	0.6270683629591313
94	91	0.6444805854190472
94	189	0.5898004383979865
94	180	0.5390815528062591
94	40	0.5344400748173367
94	68	0.529665421097018
94	93	0.48923186519438516
94	45	0.48735078502771173
94	82	0.4681512145524323
94	89	0.4409504097584993
94	53	0.41849823385829316
94	164	0.3985298716755698
94	173	0.3784163281073139
94	66	0.3724631802194519
94	67	0.3672494364551393
94	87	0.3440331800521307
94	179	0.3330278847801039
94	175	0.3286285663995988
68	172	0.7172557444984073
68	93	0.6333617721206141
68	61	0.6099865882407872
68	77	0.598957587645768
68	69	0.5969595853890002
68	81	0.5893176475432008
68	91	0.5485536130938504
68	45	0.4874499023451192
68	175	0.4795887145293428
68	75	0.4784483138114358
68	180	0.434848211758446
68	169	0.42847724764013617
68	55	0.4163926003202073
68	40	0.4151601769744449
68	186	0.413022575673429
68	50	0.4096578457213376
68	189	0.38575222294170763
68	99	0.37256652814128605
68	166	0.36170834148252134
68	67	0.35118077354954247
68	158	0.33581670954320203
119	14	0.7140702664091364
119	120	0.6559661955140251
119	46	0.618801159744448
119	152	0.6006478105510547
119	21	0.5185248394597323
119	117	0.5003927888312012
119	18	0.5003028305830717
119	118	0.4752109874791877
119	125	0.4673778302690032
119	43	0.4624867074028256
119	20	0.4322740967497184
119	16	0.423910824714303
119	122	0.4099407476596263
119	129	0.4095663017470808
119	29	0.3846791959868174
119	131	0.35661299048363815
119	153	0.3395200989103951
119	52	0.3323431081476309
77	45	0.6489137219260118
77	75	0.6341994228348947
77	186	0.575715328505432
77	147	0.573934257219645
77	78	0.5706997695174711
77	43	0.5536226479401253
77	81	0.5076805890266662
77	61	0.44360489451470303
77	172	0.44214186418702556
77	164	0.4236647035378504
77	50	0.41132084188403717
77	93	0.3753448323044509
77	87	0.366539818078323
77	99	0.35171542890842744
77	55	0.34356582505886746
77	189	0.3387058968029259
171	165	0.7356584239630041
171	67	0.6507508616329187
171	167	0.6331880728902636
171	146	0.5944694122219631
171	169	0.49904979070616895
171	47	0.478756689662631
171	179	0.4673621989636153
171	175	0.45376391373618785
171	170	0.44333979486629504
171	173	0.440297670946373
171	168	0.4393782125568473
171	153	0.42897512586882725
171	33	0.3981849340170672
171	174	0.38063326513796913
171	159	0.3751901809313191
171	166	0.3549185356164944
171	69	0.34561915031961477
169	175	0.7405652568018043
169	167	0.6821156611720607
169	165	0.6729689443038007
169	172	0.5301688525388182
169	93	0.5251177425370726
169	166	0.5159905861908474
169	61	0.5096005147238883
169	91	0.4994176658787272
169	69	0.4820565896833709
169	174	0.47771544807498884
169	170	0.4443836774193355
169	55	0.4374152398853425
169	64	0.41819298869227906
169	67	0.3565955338156345
169	54	0.3523724776573947
169	158	0.34561915031961477
169	159	0.3421627393651761
175	165	0.7208585596904123
175	172	0.6672057862597027
175	174	0.5927272600517368
175	167	0.5734914939175594
175	91	0.5190145276969422
175	69	0.4878310057253098
175	170	0.483988644606628
175	189	0.4748780244193235
175	166	0.4621800707526404
175	93	0.4506614556986749
175	180	0.43051607753266063
175	164	0.42176747617571353
175	147	0.4156814550420225
175	61	0.3982774893261549
175	45	0.3885321148281241
175	67	0.35224985489977345
175	173	0.3370227868782857
175	81	0.3346006496541832
14	152	0.6945431679381634
14	46	0.6707470939046579
14	120	0.6549109556966941
14	43	0.5318705539057296
14	18	0.5282754546582595
14	20	0.43646051941816616
14	16	0.4324529703390618
14	153	0.40331364441817985
14	21	0.39063570970979195
14	117	0.38365629799330514
14	118	0.35916769744366306
14	122	0.3586275581221331
14	125	0.3548223882515508
14	129	0.3450026180785179
14	157	0.3403868418222026
14	7	0.32897640307491205
14	11	0.3288247929279678
165	170	0.5923314256004262
165	167	0.6793844864411646
165	174	0.529053609436764
165	179	0.4620385088524974
165	67	0.43487253865206543
165	168	0.42111779120336484
165	164	0.4165248502605992
165	173	0.4164752585983421
165	166	0.4045019831594744
165	91	0.39387640168508187
165	69	0.349663210407827
165	189	0.33618042257146036
165	45	0.3302064926950017
165	146	0.32939547227535515
165	47	0.32924390902380934
166	167	0.7249831042714346
166	61	0.5858015298149097
166	142	0.5825143336598091
166	172	0.5395070497763135
166	81	0.48313053422094937
166	174	0.4495211485288298
166	69	0.4209203328969629
166	55	0.4102984224794895
166	147	0.3328055931704192
166	93	0.3318537673188375
131	21	0.5675220510234986
131	118	0.5282105683194669
131	130	0.5171196688214593
131	129	0.5144627408911946
131	29	0.48465457087990443
131	117	0.48284684711431636
131	125	0.480250636770592
131	52	0.47051378437541863
131	27	0.43189997839570793
131	16	0.4225235258157872
131	122	0.38118040749967347
131	135	0.3638359111398348
131	152	0.3368366264209197
131	46	0.3346006496541832
131	26	0.330518293931956
189	180	0.7012521725725998
189	164	0.634462377521526
189	91	0.5832208174903032
189	45	0.5797858113057521
189	82	0.5305641437781418
189	50	0.5205981954935431
189	89	0.47210063726494783
189	172	0.4581284389017384
189	179	0.4158055286440177
189	173	0.40160407048831503
189	53	0.39628997978857233
189	170	0.3858203164579841
189	147	0.38553940361663563
189	157	0.36767327279812323
189	186	0.35472623338096204
189	40	0.3528628476788252
189	150	0.3457248116252311
189	47	0.34230399957610014
120	46	0.5479031287254107
120	18	0.5392163233057927
120	152	0.5299099915879889
120	117	0.5097263560643949
120	118	0.5070716821323589
120	129	0.4866566121779317
120	16	0.4627225064932109
120	21	0.4303938712557642
120	43	0.42833028300225695
120	123	0.40346435433430705
120	125	0.4025765254614189
120	151	0.3753620145006009
120	157	0.34334531549261077
26	22	0.6841476469284646
26	24	0.6901593603815184
26	123	0.5809927405208273
26	129	0.5541564168066437
26	130	0.5421319221159895
26	2	0.5152417635481343
26	7	0.4813346986255085
26	33	0.46468495194055565
26	27	0.45904448894213706
26	181	0.4588629358007659
26	29	0.44689207769230566
26	36	0.4328024886271556
26	102	0.42573836221138717
26	1	0.42359906065562647
26	18	0.4225728129984364
26	145	0.42036888399257316
26	146	0.39446764154185066
26	144	0.3783649188751727
26	135	0.3763581402161704
26	30	0.3663407021263258
26	100	0.3582005038365961
26	150	0.3471327905539587
26	20	0.3406785741853114
26	104	0.3287534411106959
18	46	0.5190510579449272
18	118	0.5107766493836984
18	53	0.47220165679297715
18	153	0.46665066550189316
18	123	0.4651317522483815
18	21	0.44909016135428925
18	157	0.4438859760061787
18	129	0.44378158450159677
18	146	0.43863552150647633
18	144	0.4361042700514961
18	152	0.43402071984198737
18	135	0.431493159372715
18	33	0.42842009741872183
18	27	0.42639313653921534
18	125	0.4250421756248152
18	20	0.40939983702473765
18	7	0.399521989907199
18	42	0.37312616875365673
18	130	0.36313292914168965
18	16	0.3566304469026324
18	22	0.353204240926353
18	47	0.3462089804074169
18	43	0.3438039328469827
18	29	0.34354818568718704
18	122	0.3294935335703684
167	174	0.4464117764817207
167	61	0.44189243172951154
167	69	0.41441502092772325
167	146	0.38904142171520645
167	67	0.3735134532878036
167	172	0.35469126611285434
102	1	0.7234805646192366
102	100	0.5612252413732938
102	2	0.6299480436850059
102	111	0.4897413350833782
102	24	0.4647555150998872
102	150	0.45893398289904835
102	0	0.43337931550137887
102	104	0.41425763910137087
102	146	0.4041088107116372
102	7	0.391389636726751
102	181	0.3810350988304947
102	6	0.37549946278186097
102	105	0.3713516069286817
102	130	0.3555214705206175
102	106	0.35281907251599376
102	36	0.3487061141591777
102	123	0.3383605926643455
102	145	0.3314799685488854
1	2	0.6787324423124029
1	7	0.515880514615044
1	100	0.5044371748932966
1	24	0.5011120658606525
1	0	0.4752032456972244
1	6	0.45340649653818577
1	150	0.4150525777042608
1	111	0.40438488358847136
1	104	0.39215150089091977
1	30	0.3783306447569395
1	146	0.3435570054033279
1	36	0.34185367873470834
1	130	0.33313457160738436
87	191	0.7214728571026019
87	97	0.6259384257643352
87	190	0.6128918763646638
87	50	0.5890565041144382
87	83	0.5818598861802601
87	91	0.5786228978488642
87	45	0.5707065124967194
87	82	0.5413547566937185
87	89	0.5017034521114881
87	180	0.4959947633885133
87	93	0.4469320911717318
87	55	0.4341343405793842
87	54	0.43189184373648803
87	81	0.40113428494794584
87	75	0.3776706658649956
87	164	0.3424099345807795
87	192	0.3359941430513272
87	179	0.33218297991968393
191	192	0.44581905055693094
191	89	0.5399393560583756
191	82	0.4982683981572957
191	50	0.49557241217260073
191	190	0.49236700624209984
191	179	0.4693450352150255
191	83	0.466979140709328
191	97	0.4510279556518992
191	45	0.4405233617456263
191	164	0.4009832376119504
191	180	0.39354685514127696
191	170	0.3910762701247908
191	91	0.38433833478964213
191	52	0.34649059378814157
56	161	0.7207096139003953
56	163	0.7154007608875489
56	57	0.520751264035938
56	58	0.5474761067401647
56	162	0.5358672949999131
161	58	0.6483460283294018
161	163	0.6517758847312847
161	162	0.5395992044910604
161	57	0.43852245072055596
161	186	0.3750612888292082
161	75	0.3695829621213559
161	99	0.33115058338435344
161	93	0.3310259301053496
4	107	0.719385404174949
4	8	0.7152884560078362
4	6	0.5647701701469316
4	66	0.4473401265006721
4	104	0.3649026100533631
4	111	0.3389006435175782
107	111	0.5555061323845988
107	8	0.6291028672058501
107	6	0.5602105604885504
107	66	0.4865497617508491
107	105	0.4406603611430812
107	2	0.34561915031961477
107	104	0.33699619414018916
81	93	0.7145942767467957
81	61	0.6820407934714996
81	99	0.6047611682057495
81	190	0.6021478626207285
81	55	0.554308838568232
81	172	0.5272148719962205
81	147	0.4617159744003036
81	158	0.44193266739442516
81	75	0.4380296231342164
81	101	0.41780510860935827
81	78	0.4154332614202423
81	69	0.41227582717667666
81	97	0.40598966353748916
81	45	0.3786904712475185
81	91	0.3374216134037389
81	83	0.3362868562040587
81	142	0.3291012457579256
41	145	0.7178088124154798
41	40	0.6200276472093822
41	33	0.5726116826082154
41	181	0.4964018084922721
41	79	0.4873431600984284
41	27	0.4634923272819737
41	24	0.4593128016283001
41	173	0.45843652998950846
41	30	0.4376578084194882
41	42	0.43319249493806866
41	36	0.4195617275322362
41	144	0.37697598796255666
41	78	0.37640964032617713
41	0	0.37295400053542044
41	130	0.3723856632150161
41	101	0.3487676009414363
41	67	0.3444122296578829
41	22	0.3416858719854665
41	100	0.33341902810804463
145	181	0.594262458902515
145	33	0.5903349308413592
145	24	0.5652330958572096
145	146	0.5451750977070327
145	36	0.5150581084139878
145	144	0.4958137844417557
145	79	0.4811963896004525
145	130	0.4608185294841298
145	173	0.44233492623398746
145	40	0.39049164150769766
145	0	0.3878101902083381
145	2	0.37586018593553255
145	153	0.3728851260555276
145	27	0.3657778017484656
145	150	0.3635669175456703
145	30	0.3619169234696822
145	100	0.35757272351047475
145	7	0.35745061755399005
145	42	0.3477219176604641
145	135	0.3463761958809781
145	156	0.3339344507922283
172	93	0.5064994425191767
172	147	0.5026681260453902
172	61	0.46886147111526266
172	69	0.46364934769683874
172	180	0.4464678248869898
172	75	0.41664881857165437
172	186	0.3925660676251578
172	40	0.38357101393711185
172	91	0.37892172784902395
172	55	0.3718773675360807
172	45	0.3643650439306796
172	99	0.35840097656867315
172	142	0.3436099224275058
172	158	0.329930265689769
61	55	0.5765971463168029
61	93	0.6701911181260003
61	69	0.5728468760138686
61	97	0.5274675409296775
61	91	0.4371240736012658
61	190	0.4247143842526581
61	64	0.4201795089859043
61	158	0.41800319407677894
61	66	0.408592096489653
61	54	0.37993184934946495
61	174	0.36730134298240374
61	67	0.3325387944096408
61	45	0.3306340874514187
163	162	0.5578869347723934
163	58	0.4820872939490804
163	57	0.46133821789722135
163	99	0.369919642865317
163	101	0.3357989648812735
8	6	0.6177695624947385
8	111	0.46292681275827535
93	91	0.5992781165315539
93	55	0.5702275697144232
93	190	0.4831841933482395
93	64	0.4737309726108261
93	97	0.46947757622892555
93	69	0.4418843843831633
93	158	0.4417717140669667
93	45	0.4322740967497184
93	50	0.42802811785584177
93	180	0.4106476574628126
93	99	0.4023921640650353
93	54	0.3818127081367371
93	75	0.37789355883885495
93	57	0.33301010281310933
93	66	0.3284858383736403
91	64	0.4948553872323367
91	180	0.6199291469238873
91	50	0.6102565214579557
91	45	0.5834319311957813
91	82	0.5801773478896559
91	69	0.5516847892591481
91	179	0.5215161045756526
91	54	0.4947496633681022
91	89	0.4573063244319504
91	67	0.4302960948724806
91	170	0.4259593984467169
91	66	0.42384519851985547
91	97	0.419652359824275
91	159	0.406841186459449
91	47	0.386858221474096
91	164	0.37621221060732113
91	168	0.37413283775405703
91	55	0.3650499647455046
91	158	0.34169470446293576
91	174	0.3400862005288207
24	181	0.6220242055147173
24	36	0.5086374777630178
24	2	0.4869541901670203
24	79	0.4649044623846462
24	130	0.4630446593891412
24	7	0.4369137298384494
24	0	0.41028178923890957
24	100	0.39797455088902167
24	150	0.3945605209920783
24	146	0.3500230304152871
24	30	0.34039568316008667
24	144	0.33367676438789895
24	22	0.3335256836504177
174	173	0.527597448633085
174	66	0.4537559727170488
174	170	0.4350509164759596
174	190	0.40122658091643343
174	158	0.39837844950542994
174	50	0.3794269016630764
174	69	0.35689226330057083
174	142	0.3549360161490702
29	21	0.5103552356255692
29	129	0.49093385805672257
29	125	0.4464838380736269
29	27	0.4365819368004199
29	118	0.40263517905832413
29	130	0.39390174722698984
29	16	0.38161622050240424
29	135	0.37398662427055906
29	104	0.36933254684321026
29	20	0.3642956628592437
29	117	0.3627248363179127
29	122	0.3499089523208716
29	157	0.33657063722429786
29	53	0.33290340603731805
29	43	0.33245874439856177
29	22	0.32993917712056503
146	153	0.5524217405513261
146	150	0.5203211292384436
146	33	0.5063209908345054
146	123	0.47856396859199485
146	67	0.46382203652142306
146	7	0.45879188283408295
146	47	0.4451216967799226
146	42	0.44086179355959365
146	144	0.4274480193908846
146	79	0.38061616264142645
146	2	0.37827066255389336
146	157	0.3753018756854664
146	135	0.36807102102668404
146	30	0.3520483769709585
146	130	0.32828064055178835
106	5	0.4080504685936159
106	0	0.46039309466667133
106	11	0.4413611543481385
106	100	0.37183428137380253
106	6	0.3522323363755633
36	181	0.6580633336536459
36	79	0.5701938267264551
36	156	0.48313053422094937
36	30	0.4574961126205374
36	142	0.45236518509483636
36	0	0.38845569830458854
36	33	0.3730228709055139
36	100	0.3386793381836029
180	45	0.6072605272428637
180	50	0.5804028574401837
180	164	0.5701465833108816
180	170	0.5091487868950801
180	82	0.49886202995799117
180	89	0.43289187939169727
180	186	0.3939777802585434
180	179	0.3662974116089097
142	156	0.5102073130222324
142	147	0.48843277020700254
142	78	0.4773294619360484
142	181	0.3631155663260763
43	186	0.5741555131306877
43	152	0.52763352972785
43	75	0.477916088016954
43	46	0.4721861161343063
43	118	0.46430067120350205
43	16	0.4602748807740715
43	21	0.44475276259393814
43	122	0.4337528448999636
43	117	0.4279300977900319
43	78	0.38786966082175517
43	45	0.3709291020703703
43	125	0.35740700532176484
43	52	0.34244524431461243
125	21	0.6694964686330961
125	118	0.5501804081097665
125	129	0.5440215013805484
125	130	0.5132336881823625
125	123	0.47073176834971137
125	122	0.462187934612117
125	117	0.4481556386577615
125	52	0.4324529703390618
125	124	0.42757877655758103
125	27	0.42732541830235743
125	46	0.42503398219850047
125	135	0.40303728607231676
125	144	0.3940538078983298
125	16	0.38798859236045724
125	157	0.37558535957149985
125	53	0.3510668009785801
125	152	0.34820532436899954
67	66	0.5376470226529143
67	69	0.5607935222627425
67	47	0.49182135909572006
67	33	0.4863512866220061
67	42	0.47815524740284887
67	64	0.4731801263612382
67	79	0.4041673777796561
67	54	0.39874014420656356
67	173	0.36385326348215963
67	30	0.34892569602370527
67	159	0.3389714533059345
67	179	0.3314087569781845
152	46	0.6528157474896104
152	21	0.4777771887513528
152	117	0.47498644593110545
152	16	0.4420131333898508
152	118	0.4105728315324484
152	122	0.4099157888951831
152	186	0.3344230292891234
152	52	0.3311861964842475
97	190	0.5567770317282342
97	83	0.4933663548057512
97	55	0.46039309466667133
97	50	0.41340403285523947
97	54	0.40435978909806625
97	158	0.3895504908880353
97	45	0.38770823307326113
97	64	0.3751729961558075
97	66	0.34408607743042147
190	83	0.6089054388470145
190	55	0.5642932574241329
190	158	0.5106657748075416
190	99	0.44635572457344874
190	75	0.42743167348733196
190	50	0.3899066977619745
190	101	0.3467281565102641
27	130	0.6544709933559207
27	40	0.5925456010770472
27	53	0.5752872976618298
27	144	0.5306503584913561
27	135	0.5202919579944238
27	22	0.5085411039619403
27	157	0.4544783102722012
27	123	0.4494333718077868
27	42	0.43716451884446667
27	33	0.4330706353813364
27	21	0.42913014949658185
27	2	0.40912511063340345
27	150	0.4045438012209461
27	7	0.37800498890366013
27	20	0.3512947357144864
46	21	0.5237185210772921
46	122	0.4676513308053253
46	16	0.4591707641716553
46	118	0.4218168016591837
46	153	0.4202371487330933
46	117	0.39298893053037987
46	7	0.36614155261713416
46	129	0.3650412973286321
46	52	0.3646511980908543
46	47	0.3624121604523889
46	20	0.35724998838019034
53	157	0.6896825121788838
53	20	0.5375261525411157
53	124	0.5249004329027067
53	150	0.48518232017401464
53	40	0.41618592450934394
53	153	0.37881895297738183
53	89	0.3722822991264159
53	144	0.3670850506949372
53	21	0.3636970833105691
53	135	0.3469656747569215
53	173	0.3467369542756143
157	150	0.555955388513355
157	153	0.49922999695259057
157	124	0.46378279215541385
157	20	0.4512748589950923
157	144	0.4012685309363636
157	129	0.4009580609358006
157	135	0.3844320820707751
157	130	0.3731003451587349
157	122	0.36420893083292055
157	173	0.35916769744366306
157	89	0.3541229089898149
157	21	0.3383074608591867
157	104	0.33774944672238016
153	47	0.6569506727719946
153	179	0.5038181150423413
153	168	0.44881070613105206
153	173	0.42276172404458506
153	144	0.4193392309845298
153	33	0.3752331417417662
153	7	0.3630982032582728
153	20	0.3361005917111814
101	99	0.678705475283668
101	0	0.506224311394391
101	78	0.4458591119325993
101	30	0.3982438337883434
101	100	0.3849006995260028
101	147	0.3704287957624153
75	186	0.6867031605244556
75	99	0.4190589784710504
75	45	0.41821774182045035
75	50	0.38278609375665906
75	147	0.36189954302106886
75	16	0.3591589874267287
75	58	0.35899348521868263
75	117	0.34360110307498987
186	50	0.4100738507015381
186	45	0.40343086513326576
186	147	0.3876572509477906
186	16	0.35980335961747767
186	117	0.3539042403941486
22	33	0.5597643914016274
22	123	0.5471048559982926
22	2	0.35940284424710284
99	147	0.4365252773340853
99	78	0.4254599479934068
99	30	0.35576605542229384
130	144	0.6811466258439665
130	129	0.6120295258478766
130	123	0.5428870033070092
130	135	0.5159172070333004
130	2	0.45800991300759447
130	7	0.4412806307612654
130	21	0.40966616749174106
130	33	0.36849456122978336
130	181	0.36705044024413425
130	118	0.35097912269065373
130	100	0.34344234436701054
144	135	0.58121130626151
144	7	0.48518232017401464
144	33	0.47159535363964866
144	123	0.4229505983567007
144	129	0.41874566055505696
144	2	0.3399712310676225
144	20	0.32901207358655155
2	7	0.6060851045001707
2	104	0.5700655858247932
2	100	0.49741846664898254
2	150	0.46430851541594825
2	123	0.4342317187908092
2	135	0.42852623081568203
2	30	0.4087420349103395
2	129	0.36885747397977126
45	164	0.6528788644329263
45	50	0.570976168555188
45	82	0.5290968142019545
45	170	0.38910931134388665
45	89	0.37082560807204634
45	147	0.35881053545674985
21	118	0.5729812299105634
21	52	0.5142568193689641
21	122	0.500295333574787
21	117	0.5097855679730736
21	16	0.4964997682519463
21	129	0.4537321492272376
21	135	0.403832664193087
21	89	0.34204795405426663
78	147	0.6631805466264381
78	156	0.4716186812442786
78	42	0.45819954661967643
78	52	0.43014941136421064
78	30	0.4254026174177843
78	79	0.36046479019380334
78	181	0.3382366150969718
78	122	0.33625137928084686
147	164	0.44431144744747475
147	40	0.34654338934659346
147	162	0.3337211966374068
147	135	0.3330545572864541
33	123	0.4978924402229476
33	135	0.4517923352826545
33	173	0.42907303846907524
33	42	0.405722373655403
33	7	0.375954642233161
33	30	0.36268141399577514
33	181	0.3399446982101568
181	79	0.6259931607785637
181	30	0.48636655572200127
181	156	0.46949316789863316
181	100	0.46243167819821296
181	0	0.4493934704289543
79	30	0.6579896235039309
79	42	0.5135282641646505
79	0	0.46022759064609303
79	100	0.4072583416912215
79	69	0.37902449337461946
30	42	0.5461301753806509
30	57	0.4732499724376913
30	100	0.4792190320167151
30	0	0.41592131670964555
30	69	0.3713602278765077
30	7	0.3653099578215376
30	123	0.3507248208538621
30	40	0.3291547462436393
47	179	0.5758222869497845
47	168	0.553678125640005
47	82	0.4933285243905726
47	89	0.39834479718475474
47	173	0.3633673024651118
47	54	0.3393962313690905
47	159	0.33819233454853315
129	123	0.6362096747899972
129	118	0.47478508021987975
129	135	0.4109635281877505
129	7	0.3626727293423584
129	122	0.35605425364611126
129	104	0.3445356169378731
129	52	0.3385199751351294
164	50	0.525211888785961
164	173	0.4791728097405736
164	170	0.47565988492275285
164	89	0.4096994538915193
164	82	0.38877830949217446
164	179	0.3773705485024662
20	124	0.6528559138660459
20	150	0.5669116125453076
20	7	0.5026830723902284
124	150	0.5379526543176206
124	104	0.39216842510218736
124	7	0.33829860534860895
124	50	0.3325921584218533
11	0	0.4763250356667511
11	7	0.3526877377610575
58	57	0.3616822661873085
123	135	0.4032634029162015
123	150	0.3466929648387858
123	100	0.34536376598286567
123	7	0.3449409484657399
123	104	0.33951125161933265
123	118	0.33206731984487475
69	66	0.44940145084817784
69	54	0.3880905233964623
69	64	0.380060189802886
69	40	0.36189954302106886
69	42	0.344456297909767
82	89	0.6286797202251476
82	179	0.5485396311617842
82	50	0.47608533479729354
82	54	0.40233349677438224
82	168	0.37771353329887847
82	159	0.35306419353082397
82	170	0.3515752136179521
89	50	0.5939518813129877
89	179	0.5885011656215774
89	192	0.40896690117475804
89	173	0.40875036417578303
89	122	0.37971791608644434
50	173	0.45195149763602205
50	66	0.42163592934832195
50	170	0.40395819446506154
50	179	0.3925576086731256
50	162	0.3305450163967014
105	111	0.6224164242888031
105	6	0.5039598732590891
111	6	0.5468245241542611
156	52	0.47312579752205297
156	0	0.37365112309121906
40	150	0.49279870263686565
40	42	0.48654212902041893
40	173	0.4137687692134424
16	117	0.6076138984415812
16	118	0.4951951147227919
16	151	0.3610475929935414
16	52	0.3327077731416709
83	55	0.5167825985304882
117	118	0.5241973299864964
117	52	0.34468542834729005
117	151	0.3412883480453595
7	135	0.5768440818444938
7	150	0.4639005197927781
7	104	0.426458589417832
7	100	0.3830506395461976
7	0	0.3587756847565907
170	179	0.5067075813236483
170	173	0.4426566052261034
170	168	0.339192709139933
179	168	0.5644840677442082
179	173	0.5221201003830308
179	159	0.3752159576110206
179	192	0.34663137706507385
179	54	0.3293241505062343
135	104	0.4863054775397427
135	122	0.38409966957955116
135	150	0.3714550540764372
135	118	0.3544814416700092
135	100	0.33865277902458313
55	158	0.44495328903862924
55	64	0.35827023723008855
55	54	0.33697846534939807
118	52	0.38945717934430485
118	122	0.3810692907994812
104	100	0.3761778715156844
104	66	0.3438303865398011
104	150	0.3319783437610572
150	100	0.36613289318179415
150	42	0.3368898178110734
168	159	0.39651755308110626
168	54	0.3960454949651726
100	0	0.49254880269155116
162	57	0.40726668306368147
42	57	0.4189600467478306
66	64	0.3449057073498316
52	122	0.4718985610084592
54	64	0.5017558308271316
54	159	0.4900149420656608
54	72	0.33956433446453704
64	159	0.4264749519397012
72	178	0.440990687007259
151	59	0.37754205384979056
