19	121	0.938007364694436
19	20	0.7538570056516174
19	120	0.755458429881552
19	119	0.7347854721459964
19	15	0.6692370530187247
19	124	0.6628162651322064
19	17	0.6402574932292193
19	136	0.6322165791759429
19	18	0.6081939149683113
19	117	0.5847890889433778
19	14	0.5720333783267202
121	119	0.7664229815097724
121	120	0.7600231962492535
121	20	0.7479254435076759
121	124	0.7054913109369128
121	15	0.6582787217890275
121	136	0.6385371882037297
121	17	0.637339258765886
121	18	0.6225573016117146
121	14	0.5778773960252916
121	117	0.5748053860759149
23	25	0.8700049519330151
23	29	0.7069899683848174
23	18	0.6472956349893876
23	123	0.5988100798717756
25	29	0.7004737225212387
25	18	0.6189245614955131
25	123	0.617899401409826
25	128	0.5783501029752973
38	142	0.8613106978664187
38	70	0.7462508019820407
38	181	0.6852153806250573
38	98	0.6620025054433569
38	176	0.6545795967164241
38	199	0.6506297751909287
38	139	0.6469352652270104
38	31	0.6270440909396088
38	11	0.6265583948345114
38	156	0.6060471434689931
38	79	0.6007884208538761
38	81	0.5823491403436117
38	36	0.5751936238844142
142	139	0.7774928691336652
142	181	0.7100377541693583
142	156	0.6392177989173278
142	176	0.65589212711267
142	70	0.6542708638198514
142	31	0.6287885650325258
142	79	0.6053823784875426
142	165	0.6027721636103032
142	199	0.5887364356631064
142	143	0.5886710928754237
142	36	0.5764035285848463
142	39	0.5713130654545338
32	114	0.860248563107846
32	37	0.6723611953596568
32	13	0.7456608808702513
32	7	0.739719663764211
32	140	0.7224638928430355
32	2	0.7141437740833328
32	135	0.7070199770229091
32	134	0.7002189650349776
32	110	0.6982411017394655
32	102	0.6733626746745813
32	141	0.6673722038759057
32	1	0.6566606835728432
32	30	0.6508661512896295
32	10	0.6420184272262003
32	36	0.6396493199225128
32	31	0.6043741244747016
32	112	0.5900025634226375
32	12	0.5894090186635191
32	0	0.58742156875989
32	9	0.5765504169296368
32	108	0.5674474753088534
114	110	0.8017884251304985
114	135	0.779933204335335
114	13	0.7490161248924709
114	134	0.7244133294541625
114	2	0.7235282187586551
114	7	0.7411742577607162
114	141	0.7242849935172604
114	140	0.6998109818591639
114	102	0.6939474411230409
114	10	0.6919565459047269
114	36	0.6535095353588803
114	37	0.6351071895239812
114	104	0.6327865237796426
114	12	0.6136842009207087
114	30	0.6035165371970314
114	31	0.6014717683100459
114	111	0.5909795435214905
114	113	0.5822962683222274
114	79	0.5801441772151902
114	127	0.5737799989817954
114	112	0.5694307220984706
114	1	0.5693969337038546
9	108	0.8572821653519664
9	112	0.8500408395635891
9	0	0.6967776843328979
9	12	0.7548137760101586
9	3	0.7347624667853192
9	11	0.7284983293341659
9	109	0.6811573464834006
9	103	0.6809804185787487
9	13	0.6690271933879972
9	1	0.6587431396795163
9	7	0.6160351567813175
9	102	0.6129543088928054
9	70	0.5938742092378213
9	106	0.5763834954692704
9	135	0.5729879467971785
108	112	0.7490073452640575
108	12	0.6819712606604583
108	3	0.6643162050509435
108	103	0.6596535258949668
108	0	0.6440184808671606
108	1	0.6397911018534242
108	11	0.6303700733399257
108	13	0.625208036195664
108	102	0.5864186162060208
108	109	0.5715420454367854
70	176	0.8511192382598627
70	98	0.7618040631770231
70	11	0.756234369465025
70	97	0.469103288325577
70	199	0.7322540093379682
70	198	0.7206038700522326
70	95	0.7037996397253734
70	197	0.6868563772510856
70	81	0.6669893437389877
70	78	0.6307375384726329
70	181	0.6260904522431521
70	96	0.6242385805861905
70	139	0.6228756581727444
70	79	0.6069953410690143
70	148	0.6049514128630968
70	135	0.5943659454027195
70	156	0.5935893169061298
70	112	0.5839527806955582
70	147	0.581582013879247
70	182	0.5766638960408963
70	12	0.5693901757940566
176	199	0.7386809601239238
176	11	0.7182060739142717
176	197	0.6861743588015827
176	139	0.6831089756716678
176	181	0.6365190957665123
176	98	0.6332300061320857
176	156	0.6220671196582354
176	112	0.6191157738421474
176	95	0.618801159744448
176	198	0.611247152886809
176	148	0.5979820004989412
176	147	0.5976735515751179
176	135	0.5884096447888303
112	12	0.8095079887679627
112	11	0.7441564091330388
112	109	0.6920555601522899
112	106	0.5834451231854803
112	13	0.7228079069013674
112	3	0.7051043436539594
112	103	0.6814413370071727
112	7	0.6668172193381526
112	0	0.6554930801032793
112	102	0.5995215900554977
112	135	0.585834370681354
112	1	0.5839857296909938
112	113	0.5773309698921353
95	197	0.8408301432194738
95	198	0.739719663764211
95	96	0.6863277860440118
95	78	0.6718842170014976
95	98	0.6493014236636659
95	11	0.6396079586582842
95	81	0.6273534679874194
95	199	0.6107834242970125
197	99	0.50050522144982
197	198	0.7135110932957522
197	78	0.6728102506254326
197	199	0.6561769364456322
197	11	0.6548652659717666
197	181	0.6243789354570197
197	96	0.6194363523486048
197	81	0.6077148174856171
197	98	0.601771652417812
20	124	0.8379051442124507
20	119	0.6686790330418133
20	15	0.6359715192960858
20	120	0.6278625987735134
20	136	0.608137202849626
20	17	0.6055217326042183
124	157	0.6705380032531955
124	119	0.714084969203806
124	17	0.640292896089702
124	136	0.6399977891332417
124	120	0.6392414543366987
124	15	0.6383476229930106
124	128	0.6348684733494432
124	132	0.6304966096373136
124	150	0.6177881129739647
124	133	0.6145188589311804
124	53	0.6086725697517748
124	118	0.5994319021874817
124	18	0.5893633349881374
124	115	0.5886710928754237
124	14	0.5870153606120293
124	51	0.5845916477944363
124	155	0.5836099970803855
124	16	0.5784499209888433
28	132	0.822144830515255
28	188	0.5671015935262612
28	131	0.7547104958231368
28	29	0.7468926161722071
28	133	0.704414803820292
28	18	0.6551450404011205
28	15	0.628328830468636
28	128	0.6171755840761434
28	125	0.6084081047236405
28	118	0.6065530635598373
28	120	0.5939583534861727
28	14	0.5907126741701227
28	116	0.5747518157111754
28	129	0.5704367332945712
132	131	0.771328776823569
132	133	0.7633106812261107
132	18	0.707204974038004
132	125	0.6770841022099764
132	120	0.6887533005078808
132	29	0.6868088337636823
132	15	0.6792283090265551
132	14	0.6683139788746262
132	128	0.6594840351907771
132	118	0.6292418199017946
132	119	0.6154142738169348
132	17	0.578602941636194
132	116	0.5737196259781352
132	115	0.5722217259422262
132	157	0.5672236923021803
12	13	0.8202561941535007
12	113	0.7655551347882272
12	3	0.7628930057452539
12	102	0.7209354088960787
12	111	0.7152689209519305
12	103	0.6982820961985641
12	1	0.688406234321821
12	7	0.6879271862150668
12	11	0.6637795263318975
12	8	0.6626199834961531
12	10	0.657972611678467
12	0	0.645852420430597
12	79	0.6335294211875027
12	6	0.62803824546836
12	110	0.5991563381765709
12	135	0.5988934588241173
12	104	0.5881349918116602
12	109	0.5747919939465964
13	7	0.7814562103934444
13	10	0.7618040631770231
13	111	0.7550546176338457
13	110	0.7109192457201502
13	102	0.6996017133452797
13	8	0.6994331904886811
13	2	0.6863701000542274
13	3	0.6730838217552315
13	113	0.6685131392626517
13	103	0.6466967973356559
13	135	0.6441706178402252
13	1	0.6222080969600475
13	104	0.6219015730827333
13	37	0.6116666535587003
13	79	0.592993151922309
13	0	0.5877358493527245
13	134	0.5725444671735109
96	198	0.8184155517784406
96	98	0.7288829174580952
96	78	0.7278030307139265
96	81	0.6563705000756432
96	75	0.6110153410107856
96	80	0.6052176393957052
96	199	0.5665790006772328
198	98	0.7451854325715855
198	199	0.7353876105078506
198	78	0.725210736798969
198	81	0.6977128888969877
198	182	0.6801322068941785
198	148	0.6255368472052466
198	11	0.5840516219095144
1	102	0.8169574481832885
1	30	0.661153410762452
1	3	0.7014604932760247
1	0	0.6211589961509131
1	110	0.5897547870322969
1	103	0.5890238525310361
1	2	0.5763701396739881
1	6	0.5636590617844589
102	110	0.7247220804927619
102	111	0.665142244585646
102	3	0.663852241633042
102	30	0.624750985784061
102	135	0.6195349503525956
102	2	0.6178808550561462
102	7	0.6156254598123971
102	104	0.6147864058432304
102	6	0.6071973999443971
102	113	0.6024601052640361
102	8	0.6016951023849012
102	103	0.5960512901196662
102	10	0.5829436111433685
102	134	0.5680776856760438
102	37	0.5662122348524672
8	10	0.8050147275100382
8	4	0.6908238512691594
8	111	0.7291499823983041
8	110	0.6937088839921353
8	107	0.6761243969643289
8	2	0.6447728136145046
8	6	0.6242690959434474
8	104	0.6168039899383851
8	7	0.5864186162060208
8	79	0.5837550463162526
10	110	0.7338177907373433
10	7	0.6960463700250483
10	111	0.695669849577611
10	2	0.6614066296832576
10	79	0.6581030185109434
10	113	0.6119544699527272
10	104	0.6105137677401781
10	4	0.6090690138301884
10	135	0.5957094790555407
10	31	0.5914088665014594
10	107	0.576523712729129
90	194	0.8049795295478186
90	88	0.7302767004206905
90	73	0.6386200986276929
90	193	0.6455142264853666
90	94	0.6202615070706301
90	92	0.5939259918514103
194	193	0.7114776878876801
194	88	0.6769053484270051
194	73	0.6089746499693218
194	91	0.6019438495724722
194	94	0.5956772215839353
110	104	0.7011200046764714
110	111	0.7322957489530183
110	2	0.676211244496403
110	113	0.608477382440549
110	7	0.6071279510611423
110	135	0.6058762846628812
18	120	0.7995992196179786
18	14	0.740013851904267
18	16	0.6687177320149006
18	119	0.7363870736760358
18	15	0.7362176659176263
18	17	0.7350751948859596
18	29	0.683386225469155
18	149	0.6813449103938205
18	44	0.6710770200884605
18	118	0.6408766506199943
18	116	0.6209747133653182
18	152	0.6069637622778357
18	115	0.6034656733182182
18	136	0.6034084455839237
18	125	0.601746136968513
18	133	0.5821706775282182
18	123	0.5814827408655119
18	131	0.5743699842615941
18	117	0.5664771437861016
18	157	0.5641501101079321
120	119	0.7764624759548159
120	17	0.7401269258575859
120	14	0.728957905463081
120	15	0.7106916581498763
120	136	0.6697832914820775
120	149	0.615234074733072
120	16	0.6093834355199285
120	116	0.6053823784875426
120	118	0.6034656733182182
120	117	0.5954126378345392
120	152	0.5946310397274269
120	115	0.5868383710635929
120	29	0.5707537111964415
120	133	0.5705446597525449
140	141	0.795376808035601
140	144	0.676401157964566
140	134	0.6401689741772808
140	127	0.6158055191961357
140	135	0.5870284687174624
140	35	0.5713669511020721
141	36	0.7883661390594926
141	139	0.7488844028444461
141	127	0.6508200390284468
141	31	0.7076246079995817
141	134	0.6675163785847151
141	135	0.6584203657568841
141	166	0.6011078515088215
141	35	0.5891152721178353
141	137	0.5794870015795304
141	37	0.566327722364847
22	26	0.7949355361946585
22	33	0.663824275694739
22	34	0.6308820374338526
22	137	0.6129293367999404
22	39	0.5681792701805538
22	27	0.5640887508738803
26	39	0.6026002358894352
26	29	0.5684703831350256
36	31	0.7334437442142351
36	139	0.6753854340341788
36	61	0.6617889857209508
36	135	0.653578281001902
36	134	0.6072794639374345
36	79	0.6050021331113719
36	7	0.6022817034642693
36	37	0.5988485640783403
36	166	0.5722957031380779
36	30	0.5675288301722413
36	35	0.5670201804924023
4	107	0.7882525685531219
87	191	0.7871139056427088
87	83	0.7140555629845237
87	89	0.6948949763843062
87	190	0.6908029401950749
87	93	0.6277050680362359
87	179	0.5839593706485751
191	83	0.6832849454991403
191	190	0.6747976426413737
191	89	0.6733408107773655
191	179	0.6489773975885182
191	93	0.6280443011099502
191	91	0.5683079190310578
166	167	0.7838583634993375
166	183	0.7601287673732192
166	139	0.7436428039018769
166	61	0.7021810685559218
166	35	0.6256829141502498
166	175	0.6190541004581986
166	181	0.5885403842194026
167	61	0.7134374501265602
167	183	0.7256276516831008
167	63	0.6553561796516915
167	182	0.6255124984499063
167	175	0.6046787074124068
51	155	0.7819618205114095
51	89	0.6498852323445066
51	72	0.23971338331935904
51	157	0.6664671988211681
51	179	0.6316219079938062
51	53	0.6209439928912438
51	125	0.6153832095975132
51	154	0.5873036678327048
51	47	0.5667351476207542
51	21	0.5647701701469316
155	157	0.6915080504442598
155	125	0.6676106196098792
155	154	0.6479284873417676
155	179	0.597847075876914
155	21	0.5907582463832027
155	150	0.5904977829709984
155	149	0.5753742669454072
155	27	0.5752136981068625
155	123	0.5734378028538522
155	164	0.5671626460304646
155	153	0.5669794698205299
98	199	0.7818452324513049
98	81	0.7662578925820325
98	78	0.7590458195006354
98	148	0.6897349423659301
98	182	0.6608662471137509
98	11	0.5701263349783462
199	81	0.7570679528368447
199	182	0.7229034028409943
199	78	0.706744802532382
199	148	0.706469414032734
199	181	0.6872154047630991
199	147	0.6222142254927558
199	183	0.5959803659552138
7	135	0.6890107668517951
7	31	0.661434755816604
7	2	0.6611984384741328
7	79	0.6343189658888887
7	37	0.6258106867469916
7	0	0.6040185542954252
7	134	0.6028740203010177
7	30	0.574483889989012
91	180	0.7803637094364054
91	54	0.5219164012406202
91	179	0.645625042055605
91	89	0.6324386390344332
91	93	0.6284680070155798
91	94	0.5913438391006357
91	50	0.5843875525064779
180	179	0.6779874802810254
180	89	0.577610911355252
135	134	0.6772411229382403
135	31	0.6629171745196893
135	79	0.6471503593931185
135	37	0.5901133747929176
135	181	0.5888083038435861
135	147	0.5864251772996109
135	104	0.5844138915383148
135	11	0.5808138516556537
135	30	0.5781770440549684
135	139	0.5748991223596248
135	2	0.5655188428545567
17	119	0.7796588616641306
17	44	0.7033400994150231
17	14	0.7194722401649202
17	15	0.6589977900393637
17	149	0.6423357358507618
17	136	0.6399564590836361
17	152	0.614332114537792
17	154	0.6083577151049032
17	16	0.6007372941348086
119	15	0.6696785139844114
119	14	0.6601559537220723
119	152	0.6474699036514334
119	149	0.6399623636031544
119	136	0.6283893469540892
119	44	0.6180415672789914
119	16	0.6072037130192393
119	115	0.5987523483766716
119	154	0.5761430440426396
119	118	0.5672576042045148
139	181	0.6781927539165234
139	31	0.664170922125905
139	79	0.5759626400015632
139	35	0.5644704404356167
131	133	0.6251227526438198
131	143	0.598514942411609
126	128	0.7687645230034772
126	123	0.6272806911938115
126	133	0.5999314000303477
126	29	0.5661239058696177
126	118	0.5652194854724036
128	123	0.714231962506711
128	29	0.7072999348907639
128	129	0.624683915692466
128	133	0.7002189650349776
128	118	0.641965521058818
128	125	0.6170579423657968
128	157	0.5907582463832027
145	195	0.7678631976242928
145	175	0.7412283322373793
145	165	0.6445332003968169
145	41	0.6077841879450842
145	183	0.6466502522675261
145	172	0.6416067736536403
145	182	0.619467166324484
145	174	0.5778241089447205
145	156	0.577544270942743
145	171	0.5764102061360789
195	93	0.7037744055340477
195	174	0.6403341959890573
195	196	0.6235362015522339
195	175	0.6140331803057357
195	179	0.609314279183371
195	67	0.5979306046381806
195	182	0.5732297034508381
195	41	0.5713265373282236
89	179	0.766299174302856
89	93	0.6529993352436168
89	192	0.4256155423418976
179	93	0.6167234416111705
179	47	0.565858840907759
81	66	0.4888894963615755
81	78	0.7164439140197243
81	182	0.6855441384425225
81	61	0.6523794190777833
81	183	0.6121858568896891
81	181	0.6018545691449283
81	60	0.5870677911870257
113	111	0.7489239256741224
113	6	0.6527526214808219
113	3	0.5957868891474857
113	104	0.5842294924558803
113	103	0.565858840907759
83	190	0.765265231744924
190	196	0.5755615412165526
133	29	0.7541029687155888
133	14	0.5861758016460096
133	15	0.5850259268927799
3	103	0.7314459615274701
3	0	0.6233283486091191
3	111	0.602020363677477
3	6	0.5859066138155005
183	182	0.7566023043210891
183	60	0.6179303104713526
183	175	0.6826286545862534
183	61	0.6287099573651173
183	187	0.5809066158497872
78	80	0.6748357662104167
78	148	0.6601559537220723
78	182	0.6262545873943467
61	63	0.7568459044221851
61	35	0.5832999943659762
182	148	0.7554670154030451
182	175	0.7551878531261158
182	187	0.6393419763736148
182	196	0.6282440946119998
182	181	0.5972684437064697
182	147	0.5893307014835465
11	0	0.6147926261817402
11	79	0.6014079413000515
11	109	0.5854072893536193
148	187	0.6519426577808645
148	147	0.6497812433278024
148	43	0.5855781609015609
148	175	0.5692212030377927
175	172	0.7524201720942487
175	170	0.5633997366363868
175	196	0.5975642667969681
175	187	0.5727460903859186
175	174	0.5711918047372102
175	165	0.5673389849217211
175	41	0.5650289077749725
44	149	0.7551663677495345
44	136	0.6424532017191802
44	14	0.6281472353794141
44	157	0.5952641562314955
44	154	0.5923119509499012
149	136	0.7455409794739044
149	154	0.6620305921477995
149	150	0.6956337247762775
149	157	0.6357689918342537
149	152	0.6271715054585698
149	14	0.6160475666421299
149	125	0.5925001769132641
149	130	0.5731961321033073
111	6	0.7484536981771286
111	104	0.605718032213906
29	14	0.6026257101936171
29	123	0.5950510463837148
29	118	0.5911422052804434
29	15	0.589709131897216
29	125	0.5739543748573046
172	171	0.7465209759035818
172	67	0.564572637750027
6	105	0.6825485436659621
171	67	0.6650251352127071
39	143	0.745820674314995
39	24	0.6253359335330808
39	137	0.6096913829388068
39	31	0.603446598097453
39	37	0.5863923710621465
39	138	0.5808403572506361
143	138	0.616308103081784
143	137	0.610338101292637
143	130	0.5791282241445989
143	127	0.5772576294502109
136	150	0.7143593057591308
136	14	0.5687545886599656
62	165	0.7448784326846871
62	35	0.5903219005941283
165	164	0.6172189188048025
165	156	0.6387799554399095
165	137	0.6133911223094399
165	45	0.6130666681575325
165	35	0.5693901757940566
14	15	0.7402354374925995
14	116	0.6487400148204968
14	115	0.6396611367462892
14	118	0.5978085197614886
14	152	0.5831746258611209
15	116	0.7277607006939647
15	115	0.6970605513741209
15	16	0.6504913501634072
15	118	0.615432911430981
15	117	0.5805885043717905
45	164	0.7373103219237833
45	122	0.38748729340184407
45	33	0.6073993803136777
45	189	0.581158328324915
45	154	0.5684297712644658
164	33	0.5934856827887804
31	79	0.6605450703553006
31	134	0.6506067073547707
31	24	0.5848614666766178
31	35	0.5774376302708834
31	30	0.5758022337425626
31	37	0.5751668571767852
88	94	0.703572468063002
88	85	0.6209501371386683
88	55	0.46018818021099694
88	193	0.6812859713742612
116	115	0.6981693504150351
116	118	0.5808337309673542
116	186	0.5783767228057954
116	188	0.5658656389070131
134	2	0.6497696874909124
134	30	0.6146744266711164
2	30	0.6064266295475184
2	104	0.6002257566414684
2	37	0.5795733404008047
52	156	0.7154007608875489
150	157	0.6411711947715591
150	130	0.5716699660851173
150	154	0.5655324464694603
123	125	0.6300927815106142
123	21	0.6096034167324083
123	118	0.5915974024709002
123	129	0.5824350468717772
123	27	0.5812642792717136
193	196	0.6980565699912998
193	185	0.6278504828502309
193	93	0.5724974117893791
181	79	0.6835833794179402
181	147	0.5800181111013757
27	130	0.7073898742636309
27	33	0.6706865786229905
27	34	0.6614066296832576
27	125	0.6191219407605526
130	137	0.6903373698234735
130	138	0.6176582451794419
130	33	0.578576332274921
130	125	0.5755816027375154
93	94	0.6638019016074125
93	196	0.6101498206031889
93	67	0.6053823784875426
93	41	0.5817408146775046
94	92	0.6541049727539122
94	80	0.5852429407279294
94	50	0.575340818760527
152	154	0.7006315825722261
152	151	0.3677683987505515
152	115	0.5886384185965102
154	46	0.6551050836204392
154	153	0.6288067034385781
154	157	0.6057686782128584
154	125	0.5862217476157349
115	186	0.5828709870446435
115	16	0.5820450589473305
115	118	0.5808072250644686
196	185	0.6101121561925928
173	174	0.6966335959849381
173	50	0.6648075595812467
157	53	0.6797719712714557
157	125	0.635059455990185
137	138	0.6908395338163338
137	33	0.6155323004164168
137	127	0.5903870487534405
138	34	0.5823887911268528
138	127	0.5760962780131452
40	69	0.6882220560532364
40	53	0.6004048506691686
40	76	0.5723898424628323
69	68	0.6495905336104376
69	76	0.5782236419603646
16	118	0.6854063062773155
16	117	0.670339819058315
125	21	0.6673555651125386
125	129	0.6029376707550496
144	146	0.6356974906449254
80	75	0.6263882861139024
80	92	0.6046279558645806
37	24	0.6476208817402566
37	35	0.608231719598421
68	76	0.6714945453436169
68	65	0.6352861470787879
76	77	0.6400450189413754
76	75	0.5881088273068875
76	187	0.5728670310611892
33	34	0.6192760889038341
24	35	0.6688890696351111
46	49	0.5736995002580226
187	77	0.5772109534101532
77	43	0.6123858908088414
73	58	0.5517473941009438
73	184	0.5392234157251159
73	75	0.5729207744672264
153	47	0.6217789101408342
153	189	0.5926299502414614
153	168	0.4628639545292263
85	160	0.47442869601160426
60	74	0.5836759331692004
5	106	0.5942171773698554
189	86	0.5564733576449257
189	169	0.43633099001935816
49	48	0.5711176886892743
49	42	0.5017333832566554
162	163	0.5586165909076416
162	57	0.42286027174761026
163	56	0.5576733815742037
56	58	0.5066258195497808
56	100	0.484302541847408
86	84	0.5553401711567382
84	82	0.5503268245098646
161	184	0.5533035557972824
54	64	0.5069156610758141
54	159	0.48145761986312247
99	101	0.48942200498033284
97	177	0.4296113775158947
55	158	0.34078464242167206
59	151	0.43005976025937226
177	71	0.329796587172116
72	178	0.4035899292108346
